# c0 + a0 * ((face-area-avg - E_T) + (face-area-avg + S))
# Property Label: $ln_{D}$; Unit of the Property: Unitless
# RMSE: 0.456831105024675; Max AE: 2.42657356349087
# Coefficients
# Task   a0                      c0
# all ,  6.721701693727988e-01, -1.555725586218443e+01, 
# Feature Rung, Units, and Expressions
# 0;  2; Unitless;                                         31|0|sub|31|9|add|add; ((face-area-avg - E_T) + (face-area-avg + S)); $\left(\left(face-area-avg - E_{T}\right) + \left(face-area-avg + S\right)\right)$; ((face_sub_area_sub_avg - E_T) + (face_sub_area_sub_avg + S)); ((newdata$face_sub_area_sub_avg - newdata$E_T) + (newdata$face_sub_area_sub_avg + newdata$S)); face-area-avg,E_T,face-area-avg,S
# Number of Samples Per Task
# Task, n_samples               
# all , 1041                  

# Sample ID , Property Value        ,  Property Value (EST) ,  Feature 0 Value      
s1          , -2.244947812336508e+01, -2.166086517253107e+01, -9.080452522970353e+00
s2          , -2.298888400764099e+01, -2.279342832271135e+01, -1.076538768044257e+01
s3          , -1.755271246623431e+01, -1.794498922201428e+01, -3.552275106254481e+00
s4          , -1.917258847351942e+01, -1.895238378722079e+01, -5.050994643520633e+00
s5          , -2.000094091703784e+01, -2.027297360514352e+01, -7.015660554170855e+00
s6          , -2.179532463031582e+01, -2.114112650584526e+01, -8.307227690379561e+00
s7          , -2.156980503382011e+01, -2.096100874398759e+01, -8.039263162846693e+00
s8          , -2.070680399014268e+01, -2.086925372614181e+01, -7.902757524800611e+00
s9          , -2.311678210871720e+01, -2.283577596967907e+01, -1.082838905851210e+01
s10         , -1.955558688693647e+01, -1.957161174559075e+01, -5.972231536475515e+00
s11         , -1.929232032084748e+01, -1.950340038216747e+01, -5.870752228807162e+00
s12         , -1.972420304545977e+01, -1.866031334124022e+01, -4.616476036047905e+00
s13         , -1.649771434553038e+01, -1.717663713948159e+01, -2.409183494126499e+00
s14         , -1.814284237715737e+01, -1.833127818802325e+01, -4.126964349559367e+00
s15         , -2.140988745272463e+01, -2.157463450289686e+01, -8.952165559990924e+00
s16         , -2.271802967642396e+01, -2.226301165002867e+01, -9.976276980725535e+00
s17         , -1.845283706311921e+01, -1.867763129635874e+01, -4.642240278359758e+00
s18         , -2.106370881996578e+01, -2.108562543281766e+01, -8.224657716946503e+00
s19         , -2.166440903696862e+01, -2.237303339578156e+01, -1.013995836791883e+01
s20         , -1.957524373940041e+01, -1.928681902634997e+01, -5.548540137753504e+00
s21         , -2.230012329283520e+01, -2.238361894716125e+01, -1.015570668860014e+01
s22         , -1.709175230426198e+01, -1.655915249306791e+01, -1.490540158630292e+00
s23         , -2.271630669020732e+01, -2.328700281852889e+01, -1.149968759184461e+01
s24         , -1.997593461761007e+01, -2.024467522201759e+01, -6.973560525911148e+00
s25         , -2.228124530569044e+01, -2.262759203639713e+01, -1.051866996836534e+01
s26         , -1.806502239865187e+01, -1.768166794793794e+01, -3.160527173849144e+00
s27         , -2.017409009594002e+01, -2.026328160861190e+01, -7.001241591572951e+00
s28         , -1.658938425028538e+01, -1.721760678358086e+01, -2.470134791827637e+00
s29         , -2.262132344831001e+01, -2.330326135495292e+01, -1.152387571735931e+01
s30         , -1.697997334312175e+01, -1.762793389066729e+01, -3.080586022457688e+00
s31         , -1.964904728113367e+01, -1.932151051890257e+01, -5.600151313216655e+00
s32         , -2.151059652715050e+01, -2.170829706351910e+01, -9.151017824956734e+00
s33         , -2.289264810431292e+01, -2.358265990524801e+01, -1.193954211111760e+01
s34         , -2.302504917991390e+01, -2.242866378049794e+01, -1.022272072074430e+01
s35         , -2.244061385591441e+01, -2.228864066463498e+01, -1.001440574003990e+01
s36         , -2.239655424600443e+01, -2.118192974391096e+01, -8.367931422745093e+00
s37         , -2.226102540809307e+01, -2.168280623227026e+01, -9.113094643580466e+00
s38         , -2.102436377352775e+01, -2.096395306789652e+01, -8.043643488012972e+00
s39         , -2.141661104833067e+01, -2.005405259523036e+01, -6.689967716421994e+00
s40         , -1.990275935468409e+01, -1.937709555241523e+01, -5.682846196217076e+00
s41         , -1.952311408648237e+01, -1.900401754428500e+01, -5.127811139427303e+00
s42         , -1.862175379272403e+01, -1.925612614827518e+01, -5.502877775046396e+00
s43         , -2.257821044890805e+01, -2.197159599653876e+01, -9.542732520158619e+00
s44         , -1.984867902879579e+01, -1.978957386427799e+01, -6.296497814002565e+00
s45         , -1.928264199244582e+01, -1.972236887270275e+01, -6.196515704356210e+00
s46         , -2.007096062658339e+01, -2.020168273824891e+01, -6.909599812199627e+00
s47         , -1.842882744186564e+01, -1.908033249514791e+01, -5.241346304092696e+00
s48         , -1.712958329507449e+01, -1.669015582853152e+01, -1.685436245116619e+00
s49         , -2.142142340445580e+01, -2.198780543037672e+01, -9.566847594847339e+00
s50         , -2.022197746600499e+01, -2.025718863788842e+01, -6.992176966272538e+00
s51         , -2.208446385448407e+01, -2.257689612252459e+01, -1.044324871913043e+01
s52         , -2.030062191637932e+01, -1.982975299342889e+01, -6.356273047985940e+00
s53         , -1.881589086732163e+01, -1.843504330038439e+01, -4.281337627471949e+00
s54         , -2.389190768082197e+01, -2.466181111082726e+01, -1.354501533017789e+01
s55         , -1.989931101552115e+01, -1.973849707624539e+01, -6.220509931231371e+00
s56         , -2.293632659980805e+01, -2.314839718343880e+01, -1.129348142351759e+01
s57         , -2.165250835772914e+01, -2.182852283960298e+01, -9.329879936906835e+00
s58         , -2.493828100106786e+01, -2.474871512342553e+01, -1.367430403794570e+01
s59         , -2.019609135900962e+01, -1.998448482033254e+01, -6.586470450301523e+00
s60         , -1.686951544328429e+01, -1.730424412611483e+01, -2.599026769605857e+00
s61         , -1.698686520707895e+01, -1.776439296814470e+01, -3.283598717300627e+00
s62         , -1.961666852236879e+01, -2.002471615255389e+01, -6.646323347758857e+00
s63         , -2.363642228074260e+01, -2.319225459697330e+01, -1.135872890924790e+01
s64         , -2.123215125329894e+01, -2.151413857463137e+01, -8.862164647986836e+00
s65         , -2.229595939650926e+01, -2.191865320034302e+01, -9.463968542511203e+00
s66         , -2.209517036440609e+01, -2.196869971179935e+01, -9.538423663753818e+00
s67         , -2.100952424313996e+01, -2.050100708070774e+01, -7.354910175701962e+00
s68         , -2.306714632630091e+01, -2.311773965389196e+01, -1.124787164946968e+01
s69         , -2.116954741071400e+01, -2.150951096881009e+01, -8.855280073169125e+00
s70         , -2.268552320802911e+01, -2.145983001334120e+01, -8.781368796333899e+00
s71         , -1.844586653395837e+01, -1.920461114302419e+01, -5.426237948409860e+00
s72         , -2.185924535832699e+01, -2.168249165740401e+01, -9.112626644730497e+00
s73         , -1.814705961150877e+01, -1.887277049790548e+01, -4.932552479701320e+00
s74         , -2.269683109870329e+01, -2.360003095358312e+01, -1.196538534119030e+01
s75         , -2.162544692540680e+01, -2.105695338459930e+01, -8.182001780213827e+00
s76         , -1.799713371423827e+01, -1.873942376133797e+01, -4.734170072026279e+00
s77         , -1.808839931225978e+01, -1.799069442468717e+01, -3.620271582080739e+00
s78         , -1.710463489071706e+01, -1.750374237627594e+01, -2.895824008238536e+00
s79         , -2.130172009097587e+01, -2.123541666225540e+01, -8.447504900982528e+00
s80         , -2.075517304342145e+01, -2.101698536404456e+01, -8.122540616395693e+00
s81         , -1.679587307458704e+01, -1.771011439619048e+01, -3.202847481337766e+00
s82         , -1.961963418382102e+01, -1.953640409374666e+01, -5.919852461282497e+00
s83         , -1.732943596118787e+01, -1.776338434404095e+01, -3.282098168556121e+00
s84         , -2.091958911511147e+01, -2.139944824326807e+01, -8.691537719585181e+00
s85         , -1.931803893900067e+01, -1.913823843810367e+01, -5.327494047021831e+00
s86         , -2.124992178205270e+01, -2.019188268666712e+01, -6.895020094103929e+00
s87         , -2.000999990609716e+01, -1.982758642399736e+01, -6.353049802548625e+00
s88         , -1.933594922663024e+01, -1.977315533478328e+01, -6.272071663835815e+00
s89         , -2.128477820873118e+01, -2.107843777139476e+01, -8.213964500034486e+00
s90         , -2.009844325702736e+01, -2.039507898749977e+01, -7.197318991155928e+00
s91         , -2.185233402642529e+01, -2.226145123709599e+01, -9.973955525528963e+00
s92         , -1.852873985612102e+01, -1.820587830910835e+01, -3.940404629076816e+00
s93         , -2.244477787769646e+01, -2.181338426341168e+01, -9.307357996956089e+00
s94         , -2.069748145715988e+01, -2.078406055473607e+01, -7.776014067135351e+00
s95         , -1.839144268754908e+01, -1.794544181144545e+01, -3.552948431926746e+00
s96         , -2.061908691885885e+01, -2.066299427447012e+01, -7.595901521559407e+00
s97         , -2.336181657728519e+01, -2.383359093577916e+01, -1.231285684890981e+01
s98         , -1.913590175727989e+01, -1.871069761953133e+01, -4.691433659261271e+00
s99         , -1.764848235022367e+01, -1.764190447530837e+01, -3.101370319764603e+00
s100        , -2.003395952271198e+01, -1.943762115766975e+01, -5.772891259226940e+00
s101        , -2.047737186068138e+01, -2.025942808286829e+01, -6.995508630011734e+00
s102        , -1.813404261594337e+01, -1.780589548332095e+01, -3.345342777164189e+00
s103        , -2.094885731266024e+01, -2.072559472878052e+01, -7.689033375906384e+00
s104        , -1.695125455205811e+01, -1.668280837212957e+01, -1.674505298257127e+00
s105        , -2.089913046364001e+01, -2.138963313056666e+01, -8.676935594783107e+00
s106        , -2.193421435204462e+01, -2.226943492503812e+01, -9.985833005824720e+00
s107        , -1.938858975045087e+01, -1.955835883630256e+01, -5.952514938072235e+00
s108        , -2.184761912256448e+01, -2.200508648917535e+01, -9.592556945821297e+00
s109        , -1.765266017099491e+01, -1.855535707869203e+01, -4.460330661958906e+00
s110        , -2.222643790681205e+01, -2.117368796202379e+01, -8.355669971311059e+00
s111        , -2.198367498730207e+01, -2.170313148474811e+01, -9.143332897826134e+00
s112        , -2.341727175416096e+01, -2.269760042530161e+01, -1.062282274409742e+01
s113        , -2.064750776227555e+01, -2.021327388375755e+01, -6.926844173875861e+00
s114        , -2.335281852671257e+01, -2.309953951672517e+01, -1.122079496859915e+01
s115        , -2.467653405274963e+01, -2.474679895854967e+01, -1.367145332399977e+01
s116        , -2.119630992652875e+01, -2.054338614133817e+01, -7.417958288458845e+00
s117        , -1.681518237222159e+01, -1.733692978891441e+01, -2.647653835026027e+00
s118        , -1.725426000439147e+01, -1.756697771672139e+01, -2.989900394437665e+00
s119        , -2.026224064054247e+01, -2.021413426867247e+01, -6.928124184435870e+00
s120        , -2.061376236446881e+01, -2.034511093823788e+01, -7.122980599571965e+00
s121        , -2.090204853596659e+01, -2.139703372584850e+01, -8.687945597337588e+00
s122        , -1.679179791839329e+01, -1.766240240654061e+01, -3.131865471388725e+00
s123        , -1.729435756680531e+01, -1.740617529294730e+01, -2.750671652816868e+00
s124        , -1.927065840811719e+01, -1.962957731300445e+01, -6.058467983814129e+00
s125        , -2.074667074869674e+01, -2.069067896899413e+01, -7.637088553929278e+00
s126        , -1.981090987888966e+01, -1.937247413654580e+01, -5.675970830305283e+00
s127        , -1.791042209268825e+01, -1.752729226942155e+01, -2.930859620080079e+00
s128        , -2.199486439730610e+01, -2.201514483235628e+01, -9.607520929108924e+00
s129        , -1.847106084369403e+01, -1.818153899704156e+01, -3.904194584097423e+00
s130        , -2.183307419908922e+01, -2.068704692189461e+01, -7.631685090245504e+00
s131        , -1.937195493711046e+01, -1.969382096667360e+01, -6.154044456255763e+00
s132        , -1.756898825137140e+01, -1.801761091642365e+01, -3.660315744947409e+00
s133        , -1.952720456066259e+01, -1.960231345121989e+01, -6.017907032098581e+00
s134        , -1.792604080418195e+01, -1.849078107808943e+01, -4.364259750834042e+00
s135        , -2.163690184151209e+01, -2.162112892790950e+01, -9.021336176497190e+00
s136        , -2.266590946104735e+01, -2.247145257939087e+01, -1.028637840869681e+01
s137        , -1.871948299194560e+01, -1.848115197260892e+01, -4.349934352416701e+00
s138        , -2.098569970792443e+01, -2.077241717681270e+01, -7.758691998329130e+00
s139        , -1.946420871832499e+01, -1.982410141336742e+01, -6.347865087741667e+00
s140        , -1.890485827097119e+01, -1.964645689401733e+01, -6.083580048856574e+00
s141        , -2.048387804329865e+01, -2.116849382398551e+01, -8.347942556029999e+00
s142        , -1.712146112463541e+01, -1.715492596519190e+01, -2.376883378353818e+00
s143        , -2.146398341435241e+01, -2.177037319353910e+01, -9.243369632353856e+00
s144        , -2.296743054539722e+01, -2.173954085570435e+01, -9.197499792781052e+00
s145        , -2.169591974109321e+01, -2.181933105686096e+01, -9.316205151620556e+00
s146        , -2.268369172314783e+01, -2.257562215205901e+01, -1.044135340969298e+01
s147        , -2.121406114253308e+01, -2.179696284545218e+01, -9.282927549566821e+00
s148        , -2.139826235530006e+01, -2.081202520478388e+01, -7.817617594518765e+00
s149        , -1.818204101397333e+01, -1.846902883052436e+01, -4.331898529589473e+00
s150        , -2.236615053154114e+01, -2.173699291745468e+01, -9.193709177895464e+00
s151        , -2.007280490017163e+01, -1.990748810307917e+01, -6.471921009160434e+00
s152        , -2.043501428229088e+01, -2.044060889525630e+01, -7.265054677491147e+00
s153        , -2.294208833005412e+01, -2.233260970991959e+01, -1.007981930239070e+01
s154        , -1.941555486932839e+01, -1.995298834345052e+01, -6.539612558777711e+00
s155        , -2.030625886040805e+01, -2.071443109087723e+01, -7.672425025205969e+00
s156        , -1.755225478861601e+01, -1.758965905254809e+01, -3.023643837482549e+00
s157        , -1.981494689568535e+01, -1.932157642271711e+01, -5.600249359541145e+00
s158        , -2.120666701656112e+01, -2.118936426776630e+01, -8.378991901466238e+00
s159        , -2.199339551508707e+01, -2.167142359450389e+01, -9.096160482731001e+00
s160        , -1.822712376873660e+01, -1.820621223022605e+01, -3.940901409703080e+00
s161        , -1.850131544535105e+01, -1.960474280892964e+01, -6.021521232520509e+00
s162        , -2.165239460618542e+01, -2.094410731899306e+01, -8.014118600108507e+00
s163        , -2.054863013411503e+01, -2.049163183353458e+01, -7.340962446986316e+00
s164        , -2.244259094688993e+01, -2.302368947878815e+01, -1.110795146349716e+01
s165        , -2.169401378729562e+01, -2.092245157115043e+01, -7.981900943286813e+00
s166        , -1.893544650248816e+01, -1.905236012591537e+01, -5.199731292735327e+00
s167        , -1.990371422830687e+01, -2.035703191088560e+01, -7.140715651186710e+00
s168        , -2.358382467591309e+01, -2.429935934052219e+01, -1.300578912404728e+01
s169        , -2.234616115486217e+01, -2.305213409183938e+01, -1.115026904072284e+01
s170        , -1.980105726485419e+01, -1.987059568805886e+01, -6.417035480612308e+00
s171        , -2.225344967355102e+01, -2.196009431888083e+01, -9.525621261459563e+00
s172        , -2.076076397080535e+01, -2.089685147971809e+01, -7.943815213513618e+00
s173        , -2.167162181633835e+01, -2.151838858245791e+01, -8.868487463280029e+00
s174        , -2.217746151284670e+01, -2.202553194819368e+01, -9.622974033561755e+00
s175        , -1.912249737452136e+01, -1.952881284984738e+01, -5.908558827251747e+00
s176        , -2.262880123350610e+01, -2.257014842888676e+01, -1.043321005043419e+01
s177        , -1.998504477748202e+01, -2.025618637778776e+01, -6.990685885373184e+00
s178        , -1.778030448780716e+01, -1.860346436120471e+01, -4.531900756415146e+00
s179        , -2.322340610724453e+01, -2.321290281552984e+01, -1.138944764610558e+01
s180        , -1.682543251402466e+01, -1.683181678202417e+01, -1.896187867172141e+00
s181        , -1.586682207916231e+01, -1.622720148995127e+01, -9.966905082859672e-01
s182        , -2.348293513803748e+01, -2.321247407485420e+01, -1.138880980066826e+01
s183        , -2.155098810628208e+01, -2.142961077740543e+01, -8.736411079802135e+00
s184        , -2.324937775466465e+01, -2.303940576056594e+01, -1.113133286673983e+01
s185        , -2.378592453308165e+01, -2.386608360258649e+01, -1.236119679062076e+01
s186        , -2.071202883303041e+01, -2.111840400084597e+01, -8.273422999194747e+00
s187        , -2.027503475690737e+01, -2.020527847091223e+01, -6.914949250224637e+00
s188        , -2.214013663755619e+01, -2.231253740324531e+01, -1.004995736029796e+01
s189        , -2.074030596943589e+01, -2.046693731815610e+01, -7.304223959466828e+00
s190        , -1.914542963593283e+01, -1.915328845338443e+01, -5.349884233267083e+00
s191        , -1.679323473828856e+01, -1.685150503755107e+01, -1.925478449265764e+00
s192        , -1.690928184419942e+01, -1.729271352737004e+01, -2.581872484470654e+00
s193        , -2.273712334380998e+01, -2.296307010443337e+01, -1.101776689846158e+01
s194        , -2.090019731082972e+01, -2.129229501378265e+01, -8.532123877127095e+00
s195        , -1.910778599576077e+01, -1.913578123589811e+01, -5.323838421828214e+00
s196        , -1.918378235513936e+01, -1.929432812546192e+01, -5.559711563463974e+00
s197        , -2.010118773573690e+01, -2.063112548453368e+01, -7.548489733014598e+00
s198        , -2.040069724820686e+01, -2.050808616169492e+01, -7.365441855490410e+00
s199        , -2.033728659050214e+01, -1.971375578270507e+01, -6.183701850974827e+00
s200        , -1.788348829912646e+01, -1.796691216304782e+01, -3.584890271330901e+00
s201        , -1.891783601993355e+01, -1.971154734663217e+01, -6.180416319760380e+00
s202        , -2.174492495952721e+01, -2.174009816910842e+01, -9.198328918245799e+00
s203        , -2.185008698942601e+01, -2.175661045223314e+01, -9.222894547422898e+00
s204        , -2.086349108831322e+01, -2.114452790100600e+01, -8.312288008905622e+00
s205        , -2.088054945703831e+01, -2.115191096856903e+01, -8.323271935148455e+00
s206        , -2.114956534802060e+01, -2.109135508322971e+01, -8.233181823896082e+00
s207        , -1.936064601068155e+01, -1.916372623417869e+01, -5.365412712913841e+00
s208        , -2.173553987268506e+01, -2.163444273219880e+01, -9.041143369520535e+00
s209        , -1.958079034508013e+01, -1.974525077683561e+01, -6.230557536581843e+00
s210        , -2.077095411669474e+01, -2.125266940518144e+01, -8.473172125908821e+00
s211        , -2.106003856984427e+01, -2.084503059221167e+01, -7.866720320185084e+00
s212        , -1.921431398034701e+01, -1.889884377707056e+01, -4.971342179621212e+00
s213        , -1.891211086691480e+01, -1.852383600264998e+01, -4.413436173809479e+00
s214        , -1.797391097043976e+01, -1.767873092387908e+01, -3.156157708804895e+00
s215        , -2.046416066581664e+01, -2.065416390818839e+01, -7.582764422229388e+00
s216        , -2.054695205981560e+01, -2.002518708435862e+01, -6.647023961719712e+00
s217        , -2.064527960557822e+01, -2.053304951288507e+01, -7.402580295021938e+00
s218        , -2.267569057486860e+01, -2.263632275002936e+01, -1.053165881260455e+01
s219        , -1.969996813819463e+01, -2.022840363141259e+01, -6.949352979449835e+00
s220        , -2.056541179285701e+01, -2.138180443806528e+01, -8.665288704072850e+00
s221        , -2.147236245537334e+01, -2.157773798078937e+01, -8.956782661483839e+00
s222        , -1.817717386569833e+01, -1.821473252527842e+01, -3.953577210327087e+00
s223        , -2.049263974761081e+01, -2.066096889234006e+01, -7.592888323083279e+00
s224        , -2.147370851727396e+01, -2.113488250536508e+01, -8.297938375315187e+00
s225        , -2.297636192643720e+01, -2.238136555927614e+01, -1.015235428174279e+01
s226        , -2.349615644619751e+01, -2.256966710721078e+01, -1.043249397926960e+01
s227        , -1.994214785348108e+01, -2.046239222769213e+01, -7.297462144273196e+00
s228        , -1.935600154849446e+01, -1.980274738476843e+01, -6.316096304222282e+00
s229        , -1.931982821700711e+01, -1.951489083362757e+01, -5.887846786083960e+00
s230        , -1.663964761443124e+01, -1.723250596363291e+01, -2.492300577711827e+00
s231        , -1.912412961575534e+01, -1.937822615807188e+01, -5.684528219175206e+00
s232        , -2.205202611453251e+01, -2.227170090573611e+01, -9.989204147242845e+00
s233        , -2.108987100746543e+01, -2.066660165409291e+01, -7.601268286981563e+00
s234        , -2.119865480781422e+01, -2.119279749155505e+01, -8.384099572031195e+00
s235        , -1.634470488909293e+01, -1.585256096894005e+01, -4.393308721676394e-01
s236        , -2.035495556536669e+01, -2.097279865967615e+01, -8.056803238597993e+00
s237        , -2.057488800817375e+01, -2.006319400035056e+01, -6.703567553988027e+00
s238        , -2.181497599002021e+01, -2.079669602767978e+01, -7.794812094062824e+00
s239        , -1.938605784207409e+01, -1.891766877137787e+01, -4.999348472023149e+00
s240        , -1.879589433372550e+01, -1.859303621263255e+01, -4.516386606803463e+00
s241        , -1.732119998261703e+01, -1.688393254565765e+01, -1.973721453171808e+00
s242        , -2.017650413285683e+01, -2.037253452225963e+01, -7.163779173015571e+00
s243        , -1.996072124442394e+01, -2.012142648051925e+01, -6.790201092371662e+00
s244        , -2.121993688931675e+01, -2.108709984373513e+01, -8.226851225353538e+00
s245        , -2.152256201120388e+01, -2.173910155104361e+01, -9.196846231107596e+00
s246        , -1.806013829922115e+01, -1.812735044262434e+01, -3.823577268890210e+00
s247        , -1.662499542985015e+01, -1.702472361503018e+01, -2.183178932523946e+00
s248        , -2.087245838906029e+01, -2.061646348104738e+01, -7.526676799096405e+00
s249        , -2.031192930505803e+01, -1.976965497940321e+01, -6.266864120360122e+00
s250        , -1.829082894515480e+01, -1.831657148787950e+01, -4.105084919596758e+00
s251        , -2.316191337748571e+01, -2.297114767395099e+01, -1.102978404811457e+01
s252        , -1.836403387539604e+01, -1.859307703873020e+01, -4.516447344544451e+00
s253        , -1.948978591890307e+01, -2.022135511417722e+01, -6.938866769920564e+00
s254        , -1.974328758235917e+01, -2.018505050233291e+01, -6.884855727035116e+00
s255        , -2.045692599174058e+01, -2.034238460283250e+01, -7.118924579936468e+00
s256        , -1.776850461240055e+01, -1.755728586502747e+01, -2.975481647317472e+00
s257        , -2.163660994039700e+01, -2.152468400598450e+01, -8.877853281362182e+00
s258        , -1.860059101905129e+01, -1.903459002557278e+01, -5.173294385606324e+00
s259        , -2.094542362420654e+01, -2.121534258200349e+01, -8.417640320305516e+00
s260        , -1.742875942837962e+01, -1.713782731594821e+01, -2.351445401450372e+00
s261        , -2.065616574581777e+01, -2.050615996822099e+01, -7.362576221813565e+00
s262        , -2.014040040752147e+01, -1.923575925169975e+01, -5.472577566106117e+00
s263        , -1.686996628366655e+01, -1.662890636351827e+01, -1.594314282548117e+00
s264        , -2.074271161967796e+01, -2.013140387943341e+01, -6.805044653375665e+00
s265        , -2.059536695716665e+01, -2.048817123243013e+01, -7.335814046682154e+00
s266        , -2.198651133619990e+01, -2.172308995128242e+01, -9.173025477835951e+00
s267        , -1.899333543245141e+01, -1.912323638809875e+01, -5.305175219605085e+00
s268        , -1.857298059991068e+01, -1.822453685084816e+01, -3.968163286913747e+00
s269        , -2.106917022960664e+01, -2.125556055785927e+01, -8.477473347250625e+00
s270        , -1.920756052964929e+01, -2.001660081447652e+01, -6.634250009120604e+00
s271        , -1.965184309682283e+01, -2.020889177210150e+01, -6.920324825270822e+00
s272        , -2.112049940018463e+01, -2.090679700199926e+01, -7.958611351060822e+00
s273        , -1.945398506004425e+01, -1.920293185271735e+01, -5.423739637143808e+00
s274        , -2.135203005648119e+01, -2.166400705374593e+01, -9.085126757796623e+00
s275        , -2.088724638081418e+01, -2.072833323025953e+01, -7.693107495234771e+00
s276        , -1.839432489855567e+01, -1.895327750489570e+01, -5.052324243844523e+00
s277        , -2.199306195501885e+01, -1.956648839152798e+01, -5.964609427824739e+00
s278        , -2.276883612887764e+01, -2.243481107264104e+01, -1.023186616102593e+01
s279        , -2.262380984036664e+01, -2.305754822676919e+01, -1.115832374945064e+01
s280        , -1.620731240668889e+01, -1.670217882249012e+01, -1.703323075723546e+00
s281        , -2.072632910940930e+01, -1.975248612268298e+01, -6.241321694494593e+00
s282        , -1.840721485531197e+01, -1.868442910815298e+01, -4.652353508764776e+00
s283        , -1.945843055355910e+01, -1.967398834504061e+01, -6.124539098034504e+00
s284        , -2.290375248734285e+01, -2.350726631946736e+01, -1.182737767833565e+01
s285        , -2.162506652538119e+01, -2.127808304417131e+01, -8.510980466932917e+00
s286        , -2.308167299949378e+01, -2.404946173692026e+01, -1.263401183462203e+01
s287        , -1.888746545864790e+01, -1.822665707608525e+01, -3.971317585235346e+00
s288        , -2.031934863671701e+01, -2.070081353629099e+01, -7.652165937244739e+00
s289        , -2.410980627565496e+01, -2.449729053172492e+01, -1.330025502006795e+01
s290        , -2.087284446952964e+01, -2.097414315222341e+01, -8.058803465041411e+00
s291        , -2.204275686911580e+01, -2.046189916793696e+01, -7.296728610150974e+00
s292        , -1.820983264392220e+01, -1.818591813231543e+01, -3.910709504683613e+00
s293        , -1.668568749246811e+01, -1.683335275658985e+01, -1.898472964957879e+00
s294        , -2.280852590517532e+01, -2.345080297953436e+01, -1.174337612261995e+01
s295        , -1.673628435422914e+01, -1.715503624273364e+01, -2.377047440293434e+00
s296        , -2.103716924286631e+01, -2.036480582517049e+01, -7.152281047330593e+00
s297        , -2.124288787488653e+01, -2.090959116467587e+01, -7.962768278582930e+00
s298        , -2.177880180045448e+01, -2.125514760761032e+01, -8.476858993523308e+00
s299        , -1.893486515270964e+01, -1.892425244523279e+01, -5.009143125453046e+00
s300        , -1.774017522269403e+01, -1.724448383744878e+01, -2.510120282247430e+00
s301        , -2.283171483494903e+01, -2.303659196135326e+01, -1.112714672557961e+01
s302        , -1.721456897049112e+01, -1.777956239268409e+01, -3.306166550909714e+00
s303        , -2.130552121943375e+01, -2.042341291735713e+01, -7.239471902945814e+00
s304        , -2.313677054561944e+01, -2.309409046416188e+01, -1.121268831226185e+01
s305        , -1.858159986173835e+01, -1.905791983822284e+01, -5.208002579621885e+00
s306        , -2.163460095493751e+01, -2.165641687853264e+01, -9.073834713669795e+00
s307        , -1.987289536762319e+01, -2.012799489914837e+01, -6.799973050319827e+00
s308        , -2.028550026196297e+01, -1.917848813647068e+01, -5.387374268133941e+00
s309        , -2.129242792516701e+01, -2.122751922865633e+01, -8.435755742869132e+00
s310        , -1.894855963686166e+01, -1.905219161451722e+01, -5.199480595209856e+00
s311        , -2.010039836844276e+01, -2.057103417094175e+01, -7.459090773748065e+00
s312        , -1.830057188159682e+01, -1.893189350290561e+01, -5.020510868356521e+00
s313        , -1.990312271450173e+01, -1.929058488117179e+01, -5.554142669661953e+00
s314        , -1.980645538479249e+01, -1.979805521945485e+01, -6.309115683053156e+00
s315        , -1.914671781515828e+01, -1.956990108386029e+01, -5.969686553362017e+00
s316        , -2.257620253811652e+01, -2.223261593431814e+01, -9.931056711966972e+00
s317        , -1.647333233405121e+01, -1.633308219052208e+01, -1.154211185928671e+00
s318        , -2.027102701488289e+01, -1.980454066343448e+01, -6.318764198079769e+00
s319        , -1.996146248057647e+01, -1.987944191967082e+01, -6.430196183087714e+00
s320        , -2.548773082504399e+01, -2.482370124892855e+01, -1.378586228453225e+01
s321        , -1.727661852750149e+01, -1.772904779902021e+01, -3.231015055104689e+00
s322        , -2.011073789818953e+01, -2.072802018347397e+01, -7.692641769738716e+00
s323        , -2.178223238748198e+01, -2.157307904987803e+01, -8.949851483749946e+00
s324        , -1.879130547869734e+01, -1.901892180878830e+01, -5.149984489543694e+00
s325        , -2.032679436678044e+01, -2.015340186433101e+01, -6.837771462597392e+00
s326        , -2.071891083121713e+01, -2.035047398367681e+01, -7.130959301518733e+00
s327        , -1.834375983430116e+01, -1.911328587997801e+01, -5.290371664532073e+00
s328        , -2.099505369246730e+01, -2.104162996832413e+01, -8.159204850249704e+00
s329        , -2.140321290954873e+01, -2.040260126347879e+01, -7.208510020335401e+00
s330        , -2.114112529442132e+01, -2.152974064244615e+01, -8.885376133003099e+00
s331        , -1.934637322166436e+01, -1.979518746047268e+01, -6.304849264945307e+00
s332        , -1.962462779654497e+01, -2.036417995075338e+01, -7.151349922377970e+00
s333        , -2.293624249800790e+01, -2.328772198953875e+01, -1.150075751586479e+01
s334        , -1.807355423930957e+01, -1.818584143824834e+01, -3.910595405500731e+00
s335        , -1.850164643907080e+01, -1.873887234880696e+01, -4.733349725399585e+00
s336        , -2.151296308555482e+01, -2.133386521129465e+01, -8.593968629254059e+00
s337        , -1.775953587894473e+01, -1.625706512240832e+01, -1.041119186941728e+00
s338        , -2.118082550420247e+01, -2.124001307489497e+01, -8.454343069126555e+00
s339        , -1.761381998690202e+01, -1.851351507041072e+01, -4.398081531920360e+00
s340        , -1.906967392812366e+01, -1.920054208048575e+01, -5.420184328770303e+00
s341        , -2.371082699534004e+01, -2.392146826452170e+01, -1.244359357711740e+01
s342        , -1.901967676945428e+01, -1.936813634809040e+01, -5.669517422146090e+00
s343        , -1.943128604912865e+01, -1.869960433502006e+01, -4.674929974604121e+00
s344        , -2.171448714042025e+01, -2.208160887276331e+01, -9.706400711990463e+00
s345        , -1.896311499883081e+01, -1.877834706769707e+01, -4.792076995202326e+00
s346        , -2.211462969107367e+01, -2.183711674482725e+01, -9.342665248745796e+00
s347        , -1.640817037109120e+01, -1.684926815953076e+01, -1.922150604439802e+00
s348        , -2.058778590237884e+01, -2.066174384257231e+01, -7.594041230884843e+00
s349        , -1.918353701640313e+01, -1.897235650792804e+01, -5.080708429727308e+00
s350        , -2.047073332015930e+01, -2.102351394416504e+01, -8.132253305857306e+00
s351        , -2.167714580870165e+01, -2.219503898889598e+01, -9.875152794872253e+00
s352        , -2.086238589025425e+01, -2.089776925008867e+01, -7.945180597477970e+00
s353        , -1.920058764071421e+01, -1.978808433036050e+01, -6.294281806828549e+00
s354        , -2.053223705409261e+01, -2.063875666009687e+01, -7.559842774120707e+00
s355        , -1.704257081119439e+01, -1.788325215132874e+01, -3.460427723703794e+00
s356        , -2.127143545968418e+01, -2.096865483266962e+01, -8.050638390475680e+00
s357        , -1.906625211198675e+01, -1.925677882607358e+01, -5.503848775885383e+00
s358        , -2.032987192881253e+01, -2.018626094443891e+01, -6.886656524156378e+00
s359        , -2.136102912880764e+01, -2.154554174236322e+01, -8.908883721761200e+00
s360        , -1.881386071055488e+01, -1.858170963693183e+01, -4.499535850526538e+00
s361        , -2.182643688719446e+01, -2.114807497596132e+01, -8.317565057957989e+00
s362        , -2.091897008712596e+01, -2.127725156039216e+01, -8.509743453127435e+00
s363        , -1.798497754334610e+01, -1.884409573268908e+01, -4.889892500840375e+00
s364        , -1.789393844733154e+01, -1.751657403869799e+01, -2.914913909883563e+00
s365        , -2.184332997178521e+01, -2.054963035742802e+01, -7.427247924289723e+00
s366        , -2.293131491804218e+01, -2.260129965507380e+01, -1.047955430610995e+01
s367        , -2.320311495695380e+01, -2.251377728931197e+01, -1.034934566289764e+01
s368        , -1.944159222026194e+01, -1.998304425032444e+01, -6.584327287641630e+00
s369        , -2.221834550731525e+01, -2.252482385903485e+01, -1.036577984909960e+01
s370        , -1.739352775780219e+01, -1.812397180727434e+01, -3.818550810555769e+00
s371        , -2.131349702655302e+01, -2.093622823778407e+01, -8.002396745185454e+00
s372        , -2.230067528571091e+01, -2.201685821942286e+01, -9.610069966755409e+00
s373        , -1.609460498694387e+01, -1.623507419814902e+01, -1.008402881962264e+00
s374        , -1.846307154319872e+01, -1.876216090452231e+01, -4.767996540709879e+00
s375        , -2.092466765927065e+01, -2.115651651408950e+01, -8.330123690448406e+00
s376        , -2.335896110191541e+01, -2.415901091051784e+01, -1.279699016747455e+01
s377        , -2.209438728501526e+01, -2.250143375614009e+01, -1.033098196017129e+01
s378        , -2.111108779470583e+01, -2.176945459505858e+01, -9.242003016395001e+00
s379        , -1.875225846070942e+01, -1.834192913927855e+01, -4.142809966845887e+00
s380        , -1.834869608623442e+01, -1.836253170253316e+01, -4.173460781465991e+00
s381        , -2.068155326614140e+01, -2.044710100720370e+01, -7.274713112576801e+00
s382        , -1.804666933121612e+01, -1.812210512457576e+01, -3.815773712160697e+00
s383        , -2.062194236740874e+01, -2.100013969060746e+01, -8.097478996281227e+00
s384        , -1.800916137079852e+01, -1.848563366928938e+01, -4.356601855505458e+00
s385        , -2.216424509641620e+01, -2.175522161499595e+01, -9.220828348563639e+00
s386        , -2.182057698940036e+01, -2.192641204353237e+01, -9.475511517107329e+00
s387        , -1.799817167842237e+01, -1.756772947140304e+01, -2.991018793789346e+00
s388        , -2.351217009702901e+01, -2.416383801116104e+01, -1.280417153443063e+01
s389        , -2.149803565649794e+01, -2.173199016324354e+01, -9.186266487875757e+00
s390        , -2.025125341850577e+01, -2.017988841732659e+01, -6.877175997642890e+00
s391        , -1.925641978436478e+01, -1.929687534089974e+01, -5.563501103008999e+00
s392        , -1.954014294555121e+01, -2.042560885521311e+01, -7.242738840331667e+00
s393        , -2.007195889273447e+01, -2.016723382960710e+01, -6.858349533309754e+00
s394        , -1.933645012315517e+01, -1.907769632308778e+01, -5.237424422134453e+00
s395        , -2.191328817199827e+01, -2.070577722205072e+01, -7.659550504406304e+00
s396        , -1.985518647713905e+01, -1.888081692617638e+01, -4.944523299945256e+00
s397        , -1.859895904181181e+01, -1.888277875370623e+01, -4.947441947066534e+00
s398        , -2.089338265909714e+01, -2.119318976475077e+01, -8.384683164123784e+00
s399        , -1.650074457052408e+01, -1.689827404528346e+01, -1.995057567565566e+00
s400        , -1.659170957499870e+01, -1.713131699826017e+01, -2.341759881347460e+00
s401        , -1.654426837808786e+01, -1.700400243058687e+01, -2.152351642966236e+00
s402        , -1.877939202276407e+01, -1.868065904512821e+01, -4.646744716234922e+00
s403        , -2.106694758002669e+01, -2.097835060650504e+01, -8.065062972638358e+00
s404        , -2.165676773412189e+01, -2.162947552103222e+01, -9.033753557545960e+00
s405        , -2.212611753855641e+01, -2.191268810231313e+01, -9.455094155783428e+00
s406        , -1.885653015374473e+01, -1.905547654627070e+01, -5.204367648969686e+00
s407        , -1.790225292709843e+01, -1.749838527579321e+01, -2.887854150713131e+00
s408        , -1.653237145459570e+01, -1.704115442303064e+01, -2.207623349650938e+00
s409        , -1.984138826084547e+01, -1.997851390171078e+01, -6.577587404171514e+00
s410        , -1.632163885458830e+01, -1.726785747400995e+01, -2.544893673906538e+00
s411        , -1.826950002229553e+01, -1.835726876429679e+01, -4.165631010857039e+00
s412        , -2.254085603631221e+01, -2.278355547024879e+01, -1.075069965512932e+01
s413        , -1.907038707751166e+01, -1.943310602374031e+01, -5.766174010924102e+00
s414        , -1.996831080241482e+01, -2.024808246309650e+01, -6.978629541517853e+00
s415        , -2.069762370804266e+01, -2.012547615478327e+01, -6.796225867716565e+00
s416        , -1.735494379178349e+01, -1.796950401399507e+01, -3.588746215949323e+00
s417        , -1.714858900796163e+01, -1.689004197698062e+01, -1.982810567210704e+00
s418        , -2.014294405560549e+01, -2.022025986054616e+01, -6.937237340825122e+00
s419        , -1.771416578387462e+01, -1.799387592579490e+01, -3.625004760154821e+00
s420        , -2.335906844703241e+01, -2.346613267182592e+01, -1.176618238952981e+01
s421        , -2.045819521600993e+01, -2.007809923792130e+01, -6.725742351754858e+00
s422        , -1.913624718404630e+01, -1.908898067453132e+01, -5.254212360602589e+00
s423        , -2.001718266940652e+01, -2.030325884995841e+01, -7.060716473333644e+00
s424        , -2.199980092896302e+01, -2.149506802372435e+01, -8.833793036487297e+00
s425        , -1.799669141475633e+01, -1.835068228756806e+01, -4.155832187539915e+00
s426        , -2.179879403652462e+01, -2.155853242518060e+01, -8.928210200991153e+00
s427        , -1.855895626610580e+01, -1.917561095282061e+01, -5.383093828773239e+00
s428        , -2.201089453299450e+01, -2.237974971641558e+01, -1.014995036241672e+01
s429        , -2.010895188317044e+01, -2.037457982145925e+01, -7.166822002484675e+00
s430        , -2.197039083997888e+01, -2.113311615092926e+01, -8.295310537133265e+00
s431        , -2.053790779896415e+01, -2.047251464816996e+01, -7.312521456541218e+00
s432        , -2.056150222449639e+01, -1.969176030516678e+01, -6.150978771997953e+00
s433        , -1.961788415450921e+01, -1.964960079506906e+01, -6.088257288631525e+00
s434        , -2.169585176655818e+01, -2.146161853472390e+01, -8.784029612692906e+00
s435        , -1.969212203292086e+01, -1.989157272776168e+01, -6.448243410774388e+00
s436        , -1.841763911968392e+01, -1.841061000176193e+01, -4.244987756954408e+00
s437        , -2.085473352476042e+01, -1.990165855935383e+01, -6.463248289080073e+00
s438        , -2.075193174001312e+01, -2.112743058913599e+01, -8.286852021637738e+00
s439        , -1.747889033992054e+01, -1.731814407039756e+01, -2.619705973944385e+00
s440        , -2.292628299240021e+01, -2.290884806384148e+01, -1.093709976525261e+01
s441        , -1.928590410708185e+01, -1.924337922775801e+01, -5.483913945501479e+00
s442        , -2.265396374356312e+01, -2.254299082237403e+01, -1.039280717665287e+01
s443        , -1.939450551490213e+01, -1.897287176202125e+01, -5.081474982776946e+00
s444        , -2.014197468633274e+01, -2.028124722058848e+01, -7.027969364977922e+00
s445        , -2.136890748153691e+01, -2.152730072654242e+01, -8.881746224960610e+00
s446        , -1.984877428373165e+01, -1.996819157196677e+01, -6.562230683188721e+00
s447        , -2.124129540469972e+01, -2.072976778352299e+01, -7.695241706672329e+00
s448        , -1.996883442559681e+01, -2.025399928174197e+01, -6.987432102111972e+00
s449        , -2.213132573342666e+01, -2.196774446376228e+01, -9.537002523571484e+00
s450        , -2.393776981346641e+01, -2.271534615603992e+01, -1.064922339611515e+01
s451        , -1.778758837631850e+01, -1.789700539096308e+01, -3.480888672822051e+00
s452        , -2.093231028730361e+01, -2.093714065210185e+01, -8.003754160850942e+00
s453        , -1.913112365245808e+01, -1.911390652162461e+01, -5.291295004595176e+00
s454        , -1.694745233262931e+01, -1.736539207619302e+01, -2.689997706526846e+00
s455        , -1.959305905778561e+01, -1.946334947637558e+01, -5.811167755087855e+00
s456        , -1.690137029519855e+01, -1.735001159141725e+01, -2.667115874698273e+00
s457        , -1.744399185749123e+01, -1.734469995180454e+01, -2.659213650150487e+00
s458        , -2.020627098912283e+01, -2.019429806214781e+01, -6.898613492904931e+00
s459        , -1.884232545378780e+01, -1.882786169962202e+01, -4.865740829423281e+00
s460        , -2.233016805188693e+01, -2.248460850319282e+01, -1.030595071999744e+01
s461        , -1.623645396367353e+01, -1.624703540611147e+01, -1.026197792399321e+00
s462        , -2.313545884021418e+01, -2.276916651424670e+01, -1.072929293900635e+01
s463        , -2.090493117250811e+01, -2.048315296807359e+01, -7.328348281932101e+00
s464        , -1.633431188033305e+01, -1.673258569861869e+01, -1.748559948042567e+00
s465        , -1.999082968954132e+01, -2.054047485637391e+01, -7.413627115941965e+00
s466        , -1.900684695054017e+01, -1.821193686539486e+01, -3.949418055382478e+00
s467        , -1.783078222536251e+01, -1.795001706592237e+01, -3.559755122680651e+00
s468        , -1.945030486126850e+01, -1.848558504355025e+01, -4.356529514093498e+00
s469        , -2.270314762369042e+01, -2.256977960719909e+01, -1.043266134758411e+01
s470        , -2.119907484802825e+01, -2.120882511262780e+01, -8.407944160504535e+00
s471        , -1.972012875359749e+01, -1.995459700474729e+01, -6.542005793958420e+00
s472        , -1.766462305551830e+01, -1.784194865371462e+01, -3.398979745950395e+00
s473        , -2.127822401317911e+01, -2.142702759742544e+01, -8.732568035142187e+00
s474        , -1.654177405306909e+01, -1.676522628349445e+01, -1.797119950201274e+00
s475        , -2.297159509003216e+01, -2.361356032472545e+01, -1.198551323701013e+01
s476        , -2.252587602064435e+01, -2.228371394122149e+01, -1.000707616244487e+01
s477        , -2.178946083596680e+01, -2.052006512246744e+01, -7.383263177111534e+00
s478        , -1.788602657411998e+01, -1.771211566827390e+01, -3.205824810851343e+00
s479        , -1.952938513246325e+01, -1.909018502304605e+01, -5.256004092175336e+00
s480        , -2.203955610850313e+01, -2.198905819618892e+01, -9.568711357729544e+00
s481        , -1.615402914764109e+01, -1.733404810311717e+01, -2.643366697737667e+00
s482        , -2.215324565636576e+01, -2.186733295992606e+01, -9.387618471122508e+00
s483        , -2.217560840271064e+01, -2.199716616236390e+01, -9.580773729052197e+00
s484        , -2.403070638423247e+01, -2.434884918392107e+01, -1.307941607991927e+01
s485        , -1.896886917982663e+01, -1.913711016741297e+01, -5.325815497835765e+00
s486        , -2.293847835350512e+01, -2.326017377837229e+01, -1.145977353231168e+01
s487        , -1.935879902533930e+01, -1.959356824698374e+01, -6.004896629919756e+00
s488        , -2.071941340396909e+01, -2.053093050628092e+01, -7.399427809683115e+00
s489        , -2.120929532988995e+01, -2.112189458221026e+01, -8.278616001686284e+00
s490        , -2.336106814107168e+01, -2.334039420413067e+01, -1.157911894425288e+01
s491        , -1.878377211600346e+01, -1.867087670735381e+01, -4.632191351298280e+00
s492        , -2.196689093989351e+01, -2.197528705531541e+01, -9.548223776606513e+00
s493        , -2.118321097196467e+01, -2.038585037241602e+01, -7.183589409713235e+00
s494        , -2.014379663919148e+01, -2.010252083843724e+01, -6.762074818782851e+00
s495        , -1.971897958689983e+01, -1.976706597606280e+01, -6.263012412179114e+00
s496        , -2.171934681583978e+01, -2.163902660111298e+01, -9.047962876132168e+00
s497        , -1.930074135275753e+01, -1.924959008250521e+01, -5.493153949045512e+00
s498        , -2.146882601091719e+01, -2.174772668494846e+01, -9.209678002432556e+00
s499        , -1.852368794388046e+01, -1.839577904641135e+01, -4.222923470221146e+00
s500        , -2.050589701281523e+01, -2.035017071275003e+01, -7.130508119748695e+00
s501        , -2.141899489528082e+01, -2.101271876053120e+01, -8.116193111392100e+00
s502        , -1.777920620854658e+01, -1.794159573672816e+01, -3.547226555395280e+00
s503        , -2.264989988763092e+01, -2.284529080388991e+01, -1.084254445344687e+01
s504        , -1.994570445298742e+01, -2.009026243568283e+01, -6.743837766153984e+00
s505        , -2.256898602446125e+01, -2.248347248141867e+01, -1.030426063938108e+01
s506        , -2.050664132584332e+01, -2.026656308643705e+01, -7.006123506859680e+00
s507        , -2.255451727781655e+01, -2.136187954175400e+01, -8.635646067105082e+00
s508        , -2.063695726234980e+01, -2.089508590206045e+01, -7.941188530958978e+00
s509        , -2.049565878814769e+01, -2.041765323765397e+01, -7.230903120864126e+00
s510        , -1.886667658587990e+01, -1.890432635244881e+01, -4.979498708470703e+00
s511        , -2.270091090950000e+01, -2.303761470250071e+01, -1.112866827651129e+01
s512        , -2.052865138648571e+01, -2.072232103737150e+01, -7.684163044615010e+00
s513        , -1.872228566034903e+01, -1.904655824825880e+01, -5.191099731977455e+00
s514        , -2.338235400416073e+01, -2.345881523505981e+01, -1.175529610343809e+01
s515        , -2.063189590001077e+01, -2.075981716308418e+01, -7.739946724732294e+00
s516        , -2.353360034901451e+01, -2.331250459090382e+01, -1.153762705053663e+01
s517        , -2.274108402549141e+01, -2.261013729275144e+01, -1.049270222323024e+01
s518        , -2.095244706423326e+01, -2.132259955225861e+01, -8.577208499826495e+00
s519        , -2.165153402286209e+01, -2.076491747383696e+01, -7.747534551424379e+00
s520        , -1.917430642162448e+01, -1.992690151921262e+01, -6.500802707602308e+00
s521        , -2.048146586988528e+01, -1.941135292892083e+01, -5.733811529203466e+00
s522        , -1.837039701152461e+01, -1.891006591498517e+01, -4.988037561871042e+00
s523        , -2.237538522976599e+01, -2.238244489089645e+01, -1.015396002336819e+01
s524        , -2.219430447580721e+01, -2.174933489030495e+01, -9.212070559302479e+00
s525        , -2.096151325596525e+01, -2.060766358440858e+01, -7.513585030018042e+00
s526        , -2.193172581512368e+01, -2.187416149478060e+01, -9.397777408792876e+00
s527        , -2.063376120076111e+01, -2.057238913026023e+01, -7.461106571800741e+00
s528        , -1.776721144005281e+01, -1.748890510332748e+01, -2.873750322697997e+00
s529        , -2.226349149791107e+01, -2.284228825105043e+01, -1.083807750002304e+01
s530        , -2.300566448791293e+01, -2.308654056558734e+01, -1.120145618843585e+01
s531        , -1.846679125419261e+01, -1.792830653294036e+01, -3.527455960993271e+00
s532        , -1.859817726729017e+01, -1.930247483569506e+01, -5.571831575038939e+00
s533        , -2.134099683522431e+01, -2.212477299100857e+01, -9.770616769489024e+00
s534        , -2.286936511308830e+01, -2.312366657764262e+01, -1.125668924361580e+01
s535        , -1.777040539985326e+01, -1.836672685054095e+01, -4.179701980791618e+00
s536        , -1.995222678224889e+01, -2.009356207282082e+01, -6.748746697386486e+00
s537        , -2.015268820600640e+01, -2.070691314225085e+01, -7.661240433909118e+00
s538        , -1.740140208992538e+01, -1.823574446558628e+01, -3.984837062765143e+00
s539        , -1.924950405987826e+01, -1.991479543705287e+01, -6.482792265140911e+00
s540        , -2.157643164881004e+01, -2.120038057327702e+01, -8.395381063039704e+00
s541        , -1.586673793577160e+01, -1.663013852441130e+01, -1.596147391110768e+00
s542        , -2.009907109345192e+01, -2.017838400379060e+01, -6.874937853785060e+00
s543        , -1.879069098033760e+01, -1.863872376948810e+01, -4.584356830620713e+00
s544        , -2.248614661420541e+01, -2.163591851017379e+01, -9.043338911724321e+00
s545        , -1.987972862262733e+01, -1.985455461636580e+01, -6.393170881402215e+00
s546        , -2.126472237694319e+01, -2.089094100029312e+01, -7.935022083895129e+00
s547        , -1.738356621674509e+01, -1.729050479622083e+01, -2.578586514265720e+00
s548        , -1.943625792183643e+01, -1.973249400647247e+01, -6.211579053238786e+00
s549        , -2.233202963006129e+01, -2.259776243923397e+01, -1.047429192464615e+01
s550        , -2.412763530103872e+01, -2.411406587295875e+01, -1.273012460335553e+01
s551        , -1.731823103856605e+01, -1.748833451645643e+01, -2.872901450050795e+00
s552        , -2.060923402045430e+01, -2.127960976416744e+01, -8.513251796524280e+00
s553        , -1.992869680942914e+01, -1.994910952780776e+01, -6.533841972965510e+00
s554        , -1.812921854031919e+01, -1.800976368362890e+01, -3.648641271499605e+00
s555        , -2.102602816640752e+01, -1.983871667041846e+01, -6.369608476123032e+00
s556        , -1.941820686683750e+01, -1.940055831712378e+01, -5.717752185470435e+00
s557        , -2.190718211184164e+01, -2.151140830369542e+01, -8.858102773389668e+00
s558        , -1.909304407213536e+01, -1.902991997818748e+01, -5.166346669688411e+00
s559        , -2.023025085829861e+01, -2.050845220519951e+01, -7.365986425186108e+00
s560        , -2.107002513254548e+01, -2.125111094395542e+01, -8.470853574302355e+00
s561        , -2.121559386756793e+01, -2.089237875504327e+01, -7.937161058243694e+00
s562        , -1.764234380631898e+01, -1.812769735596544e+01, -3.824093378287655e+00
s563        , -1.646928563220792e+01, -1.756457521195546e+01, -2.986326143637195e+00
s564        , -1.863449571719480e+01, -1.814508609554390e+01, -3.849962927950477e+00
s565        , -2.028655126138008e+01, -2.048302716237280e+01, -7.328161118462914e+00
s566        , -1.821002786093300e+01, -1.835095565925560e+01, -4.156238887658422e+00
s567        , -2.066943738863287e+01, -2.119054392675798e+01, -8.380746901978645e+00
s568        , -2.062629415098700e+01, -2.083921962289039e+01, -7.858075233589369e+00
s569        , -2.065075063553067e+01, -2.112686450386729e+01, -8.286009846107657e+00
s570        , -2.031634942577389e+01, -2.047126257817365e+01, -7.310658728837193e+00
s571        , -2.047206271335130e+01, -2.035477440548797e+01, -7.137357118629795e+00
s572        , -2.393038589894997e+01, -2.406507098929057e+01, -1.265723400823451e+01
s573        , -1.926109501090367e+01, -1.885646025819699e+01, -4.908287434253510e+00
s574        , -2.085894290369713e+01, -2.132571176816788e+01, -8.581838601028650e+00
s575        , -2.021973442813006e+01, -2.081734627274744e+01, -7.825533845798595e+00
s576        , -1.844714179521902e+01, -1.853860352571558e+01, -4.435406091158495e+00
s577        , -1.949977509463960e+01, -1.929493292020104e+01, -5.560611327789559e+00
s578        , -2.108198153892643e+01, -2.081122387358299e+01, -7.816425439261957e+00
s579        , -2.029210259566103e+01, -2.058342767569038e+01, -7.477528820113918e+00
s580        , -2.195204710511243e+01, -2.213755496746897e+01, -9.789632752409421e+00
s581        , -2.000078291173359e+01, -2.054502923674249e+01, -7.420402751898590e+00
s582        , -2.354247422413414e+01, -2.309819333501083e+01, -1.121879222915060e+01
s583        , -1.881717670098672e+01, -1.934736177335108e+01, -5.638610702856975e+00
s584        , -2.079214981383572e+01, -2.071798689323206e+01, -7.677715058172105e+00
s585        , -2.214462266832296e+01, -2.239420713915876e+01, -1.017145893777744e+01
s586        , -1.671124709479596e+01, -1.681375185707905e+01, -1.869312344026004e+00
s587        , -1.722924462132460e+01, -1.685984073233320e+01, -1.937879616651561e+00
s588        , -2.306180681354529e+01, -2.250014235696097e+01, -1.032906072171417e+01
s589        , -2.054966159202169e+01, -2.103580978182232e+01, -8.150546051083944e+00
s590        , -2.302597507766974e+01, -2.315659363190389e+01, -1.130567543158066e+01
s591        , -2.031576031139625e+01, -2.055812794534779e+01, -7.439889943092344e+00
s592        , -1.675983730084032e+01, -1.609083898450288e+01, -7.938214854377410e-01
s593        , -1.833051427645905e+01, -1.851466975607800e+01, -4.399799379155930e+00
s594        , -1.700453572465554e+01, -1.733976810717664e+01, -2.651876453630001e+00
s595        , -2.121342929627275e+01, -2.086474754538877e+01, -7.896053596303975e+00
s596        , -1.895402289388661e+01, -1.874342199484346e+01, -4.740118318002769e+00
s597        , -2.389559541191659e+01, -2.388523759001689e+01, -1.238969253218018e+01
s598        , -1.923753651242740e+01, -1.931965409551334e+01, -5.597389477785957e+00
s599        , -2.358158831573873e+01, -2.345579552863228e+01, -1.175080363030386e+01
s600        , -1.942143232536245e+01, -1.938786483236913e+01, -5.698867853298281e+00
s601        , -2.073803555561576e+01, -2.044906791075158e+01, -7.277639311384048e+00
s602        , -1.821856306700227e+01, -1.774798958399287e+01, -3.259195099140758e+00
s603        , -1.722454836479658e+01, -1.760476722095802e+01, -3.046120539214226e+00
s604        , -1.805154515236764e+01, -1.769695609653263e+01, -3.183271635432376e+00
s605        , -2.021935755598555e+01, -1.956939250734877e+01, -5.968929934674228e+00
s606        , -1.827906736534894e+01, -1.904996363571247e+01, -5.196165989911583e+00
s607        , -2.237721630921111e+01, -2.237425832369870e+01, -1.014178071584939e+01
s608        , -2.098562136420296e+01, -2.118689181796616e+01, -8.375313592143986e+00
s609        , -1.946776205882490e+01, -1.971479919580881e+01, -6.185254155958428e+00
s610        , -2.069261977150295e+01, -2.018647605089534e+01, -6.886976542012324e+00
s611        , -2.170289912291919e+01, -2.096065102855103e+01, -8.038730982971927e+00
s612        , -1.930046031145336e+01, -1.922052952653384e+01, -5.449920022139057e+00
s613        , -2.385958137896088e+01, -2.393367284456522e+01, -1.246175055670324e+01
s614        , -1.933674081040147e+01, -1.956706252895262e+01, -5.965463582696231e+00
s615        , -1.973716697922491e+01, -1.979981535096079e+01, -6.311734263267125e+00
s616        , -1.815004309366292e+01, -1.782506595710529e+01, -3.373863045777461e+00
s617        , -1.832352306169715e+01, -1.784952257821952e+01, -3.410247613597623e+00
s618        , -1.700993990522181e+01, -1.715761713169961e+01, -2.380887076569426e+00
s619        , -2.331208521979489e+01, -2.278360704294882e+01, -1.075077638078954e+01
s620        , -2.294394567846179e+01, -2.339965957246143e+01, -1.166728912946961e+01
s621        , -2.117716243218820e+01, -2.158116196077459e+01, -8.961876579871223e+00
s622        , -2.002792552777272e+01, -1.929596306573493e+01, -5.562143894363966e+00
s623        , -1.988853831837967e+01, -1.985921039293312e+01, -6.400097366360131e+00
s624        , -2.364575476956619e+01, -2.316838715666751e+01, -1.132322087661971e+01
s625        , -2.144171537166414e+01, -2.086240319222101e+01, -7.892565858712251e+00
s626        , -2.037069722396305e+01, -2.035512524124957e+01, -7.137879063484818e+00
s627        , -1.998545144661707e+01, -2.020865128298009e+01, -6.919967045154467e+00
s628        , -2.158119065398551e+01, -2.156277863928876e+01, -8.934527372299298e+00
s629        , -1.843917864187274e+01, -1.781783518331925e+01, -3.363105689804958e+00
s630        , -1.962256463480217e+01, -2.003797262345821e+01, -6.666045244844376e+00
s631        , -2.101091990223662e+01, -2.067954337234397e+01, -7.620521920720082e+00
s632        , -2.022844039713042e+01, -1.995662064092194e+01, -6.545016394944382e+00
s633        , -2.473876586737651e+01, -2.470337465333466e+01, -1.360685018153136e+01
s634        , -2.051539403555230e+01, -2.060653637478222e+01, -7.511908059397030e+00
s635        , -2.382235458298951e+01, -2.396899319730479e+01, -1.251429729910410e+01
s636        , -1.910586081968059e+01, -1.920857915845456e+01, -5.432141238396785e+00
s637        , -1.917066616024459e+01, -1.926400186589893e+01, -5.514594625901442e+00
s638        , -2.192001400012589e+01, -2.168240212651506e+01, -9.112493447970177e+00
s639        , -2.010078758798683e+01, -1.966391358583846e+01, -6.109550692328330e+00
s640        , -1.983289623130970e+01, -1.975869252430060e+01, -6.250555073035336e+00
s641        , -2.307886864739055e+01, -2.291206950457826e+01, -1.094189236225195e+01
s642        , -2.260273435105626e+01, -2.260771072361193e+01, -1.048909217141587e+01
s643        , -2.012782689900612e+01, -2.010862499590537e+01, -6.771156086810308e+00
s644        , -1.902512926743999e+01, -1.819256155392072e+01, -3.920593045947406e+00
s645        , -2.049081123370357e+01, -2.029333570588074e+01, -7.045953628253898e+00
s646        , -2.159630341817387e+01, -2.219909092084008e+01, -9.881180929009602e+00
s647        , -2.046804100673445e+01, -2.055180939696075e+01, -7.430489721727355e+00
s648        , -2.112203592795417e+01, -2.131884138046999e+01, -8.571617398108710e+00
s649        , -2.130712394597167e+01, -2.209387441348316e+01, -9.724648383902615e+00
s650        , -1.872664219670308e+01, -1.841183499737853e+01, -4.246810205602713e+00
s651        , -2.286060777226206e+01, -2.356622702071753e+01, -1.191509460469848e+01
s652        , -2.513277458672901e+01, -2.507739452142202e+01, -1.416328646080921e+01
s653        , -2.212366926194319e+01, -2.157922176522466e+01, -8.958990115046788e+00
s654        , -2.219498706816524e+01, -2.206885003591648e+01, -9.687419154301379e+00
s655        , -2.136195741190379e+01, -2.113659628323664e+01, -8.300487994369478e+00
s656        , -2.204727614381470e+01, -2.169188053684376e+01, -9.126594654421428e+00
s657        , -2.036339525797458e+01, -2.022228245982967e+01, -6.940246399208958e+00
s658        , -1.602366185676991e+01, -1.582461175080455e+01, -3.977503031257550e-01
s659        , -1.871169938684588e+01, -1.896294022537985e+01, -5.066699651924846e+00
s660        , -2.183022460938435e+01, -2.139037951751724e+01, -8.678046008461958e+00
s661        , -2.183692812512830e+01, -2.228402987866889e+01, -1.000754618843202e+01
s662        , -1.575332316936146e+01, -1.547616890485137e+01,  1.206345670006792e-01
s663        , -2.161244100467384e+01, -2.176040043041638e+01, -9.228532968102556e+00
s664        , -1.792030659393350e+01, -1.782223641539713e+01, -3.369653484215390e+00
s665        , -2.036353189911458e+01, -2.008335573869735e+01, -6.733562545234972e+00
s666        , -1.896012969757172e+01, -1.846081768036906e+01, -4.319682649549810e+00
s667        , -1.834472710605888e+01, -1.881732549794454e+01, -4.850065927207218e+00
s668        , -2.315183675604283e+01, -2.263616279396976e+01, -1.053142084301458e+01
s669        , -2.168824836514504e+01, -2.121253214373041e+01, -8.413459179277339e+00
s670        , -1.765957516951316e+01, -1.774804708139975e+01, -3.259280639097018e+00
s671        , -1.925271531654228e+01, -1.972050408332126e+01, -6.193741422684010e+00
s672        , -2.010246672918431e+01, -1.960319310551351e+01, -6.019215710069880e+00
s673        , -2.045224673553428e+01, -2.063732562151689e+01, -7.557713791542797e+00
s674        , -1.961862741224291e+01, -1.957657616263142e+01, -5.979617191577263e+00
s675        , -1.819835804307071e+01, -1.829561901025754e+01, -4.073913530896911e+00
s676        , -2.030955144796039e+01, -2.049730594414614e+01, -7.349403926346900e+00
s677        , -1.708028116046972e+01, -1.715896582810154e+01, -2.382893557165234e+00
s678        , -1.996975063415185e+01, -1.982151318950791e+01, -6.344014539208814e+00
s679        , -2.075675552323975e+01, -2.068279270683999e+01, -7.625356015781231e+00
s680        , -1.844365265503332e+01, -1.856486279572866e+01, -4.474472493104871e+00
s681        , -1.908965101407623e+01, -1.896866613845953e+01, -5.075218198775890e+00
s682        , -2.132701003782740e+01, -2.154397335973221e+01, -8.906550409896923e+00
s683        , -2.134055790648813e+01, -2.012090438728088e+01, -6.789424364599208e+00
s684        , -2.228765611405496e+01, -2.225801900573295e+01, -9.968849331414097e+00
s685        , -2.220524684044785e+01, -2.234843092971257e+01, -1.010335682386050e+01
s686        , -2.092862014660340e+01, -2.109881738738851e+01, -8.244283631888791e+00
s687        , -2.266843571203506e+01, -2.226405042859649e+01, -9.977822390824276e+00
s688        , -1.791243182954496e+01, -1.824165469071913e+01, -3.993629814068536e+00
s689        , -2.022924986754604e+01, -2.053507551657770e+01, -7.405594418208219e+00
s690        , -1.926971843911773e+01, -1.884397099890772e+01, -4.889706932085551e+00
s691        , -1.839442212707931e+01, -1.831059326354936e+01, -4.096191004629189e+00
s692        , -1.811967055159425e+01, -1.835011795908632e+01, -4.154992625614299e+00
s693        , -1.897178714286070e+01, -1.926291714209631e+01, -5.512980862226639e+00
s694        , -2.117746495604092e+01, -2.061376665195893e+01, -7.522664676554639e+00
s695        , -2.262578130233349e+01, -2.288009214856930e+01, -1.089431905795196e+01
s696        , -2.110358706695218e+01, -2.047074065464180e+01, -7.309882253540254e+00
s697        , -2.080079623838923e+01, -2.072667435019348e+01, -7.690639548661651e+00
s698        , -2.284382050270110e+01, -2.324630736491524e+01, -1.143914421240303e+01
s699        , -1.710021253686445e+01, -1.742535362327572e+01, -2.779203609756162e+00
s700        , -1.768315556313765e+01, -1.764279019741458e+01, -3.102688024932966e+00
s701        , -1.903295584190279e+01, -1.895437249635954e+01, -5.053953282908931e+00
s702        , -1.837939645173277e+01, -1.866107919512696e+01, -4.617615411047925e+00
s703        , -2.091048572489854e+01, -1.997084748116868e+01, -6.566181928458031e+00
s704        , -2.101614044515869e+01, -2.107640310572848e+01, -8.210937490269703e+00
s705        , -1.998067347119072e+01, -1.963561697169275e+01, -6.067453295813221e+00
s706        , -2.205053681559340e+01, -2.181026157998937e+01, -9.302712323041078e+00
s707        , -2.095566328486310e+01, -2.102758555822628e+01, -8.138310721444558e+00
s708        , -2.098548818691052e+01, -2.133081536624175e+01, -8.589431318329146e+00
s709        , -2.115794840593145e+01, -2.159656053340257e+01, -8.984785321332259e+00
s710        , -2.144561556804213e+01, -2.137165565920268e+01, -8.650190177948041e+00
s711        , -2.158487030708884e+01, -2.151743621085386e+01, -8.867070602420320e+00
s712        , -1.701606937532507e+01, -1.727413126505535e+01, -2.554227308946096e+00
s713        , -2.069677260469373e+01, -2.074383808493479e+01, -7.716174354464368e+00
s714        , -1.667903695847065e+01, -1.627507688860326e+01, -1.067915624831470e+00
s715        , -1.903979308955687e+01, -1.932151675310336e+01, -5.600160587952544e+00
s716        , -1.775292931769286e+01, -1.767063128338369e+01, -3.144107723749848e+00
s717        , -1.980553907801730e+01, -2.029231872500979e+01, -7.044440646992178e+00
s718        , -2.205506805307129e+01, -2.256457773477459e+01, -1.042492242571354e+01
s719        , -2.211926724507942e+01, -2.221718992027159e+01, -9.908107145399713e+00
s720        , -2.227273745316376e+01, -2.258788619382538e+01, -1.045959885158431e+01
s721        , -1.785735939085095e+01, -1.794836993820610e+01, -3.557304660295797e+00
s722        , -2.185625504194673e+01, -2.147692924791433e+01, -8.806807644042788e+00
s723        , -2.033801839240394e+01, -2.056185383644994e+01, -7.445433020235484e+00
s724        , -2.101306363073858e+01, -2.095142404144315e+01, -8.025003823499066e+00
s725        , -1.977835943733275e+01, -1.980110153532620e+01, -6.313647743549375e+00
s726        , -1.782642809085736e+01, -1.756540617343099e+01, -2.987562380401914e+00
s727        , -2.098840179836340e+01, -2.117287393015734e+01, -8.354458921039049e+00
s728        , -2.135488943619893e+01, -2.108797605910757e+01, -8.228154787178152e+00
s729        , -1.830313789299144e+01, -1.880279944154237e+01, -4.828455244281903e+00
s730        , -1.974102380594271e+01, -1.956842432172115e+01, -5.967489546998995e+00
s731        , -1.858542568590836e+01, -1.794563885305014e+01, -3.553241574368451e+00
s732        , -1.728575125425960e+01, -1.806798574769050e+01, -3.735259313647958e+00
s733        , -2.189672381410002e+01, -2.197645648789724e+01, -9.549963563099737e+00
s734        , -1.907291800543370e+01, -1.900970156272552e+01, -5.136267358848380e+00
s735        , -2.104653345651221e+01, -2.046643968839965e+01, -7.303483626469128e+00
s736        , -1.839280423093862e+01, -1.844114840715520e+01, -4.290420307794578e+00
s737        , -2.165426899727042e+01, -2.114672740335664e+01, -8.315560249256144e+00
s738        , -1.806822955624155e+01, -1.811777576391386e+01, -3.809332842185857e+00
s739        , -1.955458939471557e+01, -1.969410471180217e+01, -6.154466589134465e+00
s740        , -1.834079412742093e+01, -1.821326826087208e+01, -3.951398797072439e+00
s741        , -2.108323768665554e+01, -2.100730979493897e+01, -8.108146093183480e+00
s742        , -1.784982580383593e+01, -1.818719476727043e+01, -3.912608778131275e+00
s743        , -2.007117762213282e+01, -1.986318506443429e+01, -6.406010558706768e+00
s744        , -2.048858578542649e+01, -2.079201340060989e+01, -7.787845663115355e+00
s745        , -2.120349313282904e+01, -2.112125340212198e+01, -8.277662106203426e+00
s746        , -1.892251493836264e+01, -1.879874415299125e+01, -4.822422116458169e+00
s747        , -2.116880416688591e+01, -2.078998827408083e+01, -7.784832844901555e+00
s748        , -2.167842994358758e+01, -2.140064618129252e+01, -8.693319914152910e+00
s749        , -2.059667445248301e+01, -2.052864746687670e+01, -7.396031289712059e+00
s750        , -2.032384862658092e+01, -2.078855019303354e+01, -7.782693385114698e+00
s751        , -2.236553637276776e+01, -2.124816112412274e+01, -8.466465072748601e+00
s752        , -1.716732359631470e+01, -1.742946370796870e+01, -2.785318258814170e+00
s753        , -2.206691124025960e+01, -2.204093267291055e+01, -9.645885976725252e+00
s754        , -1.859855862913608e+01, -1.885233417390927e+01, -4.902148982302309e+00
s755        , -2.251644582892857e+01, -2.187402134412443e+01, -9.397568904068102e+00
s756        , -2.026279534630465e+01, -2.040524405863886e+01, -7.212441755601985e+00
s757        , -1.901185247831666e+01, -1.930529579022673e+01, -5.576028361299635e+00
s758        , -1.866312886885699e+01, -1.905595810640120e+01, -5.205084074887477e+00
s759        , -2.105033567951521e+01, -2.166944513035348e+01, -9.093217085001452e+00
s760        , -1.976737462921502e+01, -1.974763391746755e+01, -6.234102979001822e+00
s761        , -2.282845273202710e+01, -2.274120396469766e+01, -1.068769253657384e+01
s762        , -1.737428124739802e+01, -1.673366524506761e+01, -1.750166009272449e+00
s763        , -2.048674857080450e+01, -2.060143972639924e+01, -7.504325681280276e+00
s764        , -1.996103637141938e+01, -1.933696238236626e+01, -5.623139336440159e+00
s765        , -1.985538741097363e+01, -2.013960683583952e+01, -6.817248343423028e+00
s766        , -1.902823974868692e+01, -1.912451957635276e+01, -5.307084242516954e+00
s767        , -2.019726225103009e+01, -2.000661821773034e+01, -6.619398715205712e+00
s768        , -2.180287541987858e+01, -2.117972924791240e+01, -8.364657704126170e+00
s769        , -2.332774774981945e+01, -2.368540561653595e+01, -1.209239880718879e+01
s770        , -2.255011500408412e+01, -2.262468616787240e+01, -1.051434685398577e+01
s771        , -1.837836194936116e+01, -1.802039976894237e+01, -3.664464772449362e+00
s772        , -2.036442085092615e+01, -2.065242114037994e+01, -7.580171674309500e+00
s773        , -2.207703951964118e+01, -2.207748740680741e+01, -9.700269130816986e+00
s774        , -2.410464814655394e+01, -2.379260409330470e+01, -1.225187996486762e+01
s775        , -2.145476048405246e+01, -2.055917108518358e+01, -7.441441841530150e+00
s776        , -1.783304251394927e+01, -1.798869865528043e+01, -3.617302439001085e+00
s777        , -1.926023008452307e+01, -1.989479081704414e+01, -6.453031021753114e+00
s778        , -1.976550707196644e+01, -1.987772893503092e+01, -6.427647744138842e+00
s779        , -2.301809423461469e+01, -2.247304750569965e+01, -1.028875121008173e+01
s780        , -1.989864127452180e+01, -2.012783609557009e+01, -6.799736795297624e+00
s781        , -1.803783397921168e+01, -1.773729557691838e+01, -3.243285426915256e+00
s782        , -2.003060740563550e+01, -2.018043260757558e+01, -6.877985599546953e+00
s783        , -2.170310297580588e+01, -2.070957648871655e+01, -7.665202743733396e+00
s784        , -1.828106793020000e+01, -1.902143267468976e+01, -5.153719951210793e+00
s785        , -1.904288077315707e+01, -1.933415246443437e+01, -5.618958969533215e+00
s786        , -2.022975758111321e+01, -2.000857228403795e+01, -6.622305815813042e+00
s787        , -1.858814151939532e+01, -1.964432418442509e+01, -6.080407177328768e+00
s788        , -1.926046054059691e+01, -1.984946109995613e+01, -6.385593162780130e+00
s789        , -2.212378523930028e+01, -2.229760312868131e+01, -1.002773936365889e+01
s790        , -2.174169856486492e+01, -2.180052248918010e+01, -9.288223297414788e+00
s791        , -1.907773631846257e+01, -1.935960154471100e+01, -5.656820037215484e+00
s792        , -2.217884458062024e+01, -2.154148279522830e+01, -8.902845150994654e+00
s793        , -2.046845693654859e+01, -1.935237371872982e+01, -5.646067066746815e+00
s794        , -1.973890233992908e+01, -1.904816435810877e+01, -5.193489171323542e+00
s795        , -2.098054198937622e+01, -2.101597156794352e+01, -8.121032373175110e+00
s796        , -1.872193723420701e+01, -1.893335906939258e+01, -5.022691218740619e+00
s797        , -1.738396768625594e+01, -1.835573038245623e+01, -4.163342331723901e+00
s798        , -1.812351947027918e+01, -1.836410410684209e+01, -4.175800076454943e+00
s799        , -2.115781411801412e+01, -1.951698539417968e+01, -5.890962902578773e+00
s800        , -2.197753832223543e+01, -2.197513636150270e+01, -9.547999586632635e+00
s801        , -2.000340332694237e+01, -2.067179169869688e+01, -7.608989612384637e+00
s802        , -2.346278750692302e+01, -2.320584189762358e+01, -1.137894298786874e+01
s803        , -2.201425716118592e+01, -2.199844091710879e+01, -9.582670205276486e+00
s804        , -1.618324989548500e+01, -1.629356257107938e+01, -1.095417116742928e+00
s805        , -2.141738653455062e+01, -2.045444893452853e+01, -7.285644760036986e+00
s806        , -2.157933013723432e+01, -2.161060997284856e+01, -9.005686932391709e+00
s807        , -1.912040169626662e+01, -1.960420103782115e+01, -6.020715229616509e+00
s808        , -2.304047586711122e+01, -2.227513487098172e+01, -9.994312920886880e+00
s809        , -2.047218776779852e+01, -2.048117210656974e+01, -7.325401317615473e+00
s810        , -2.119146876442327e+01, -2.154978849484876e+01, -8.915201694023335e+00
s811        , -2.180116494254657e+01, -2.191838793491431e+01, -9.463573902223963e+00
s812        , -2.372646511684069e+01, -2.326053211538625e+01, -1.146030663691866e+01
s813        , -2.269928091374550e+01, -2.237614761332783e+01, -1.014459144699340e+01
s814        , -1.832573741415099e+01, -1.903666562219722e+01, -5.176382289115014e+00
s815        , -2.057906464758977e+01, -2.013649319150957e+01, -6.812616117132983e+00
s816        , -1.808215553271357e+01, -1.782036100102866e+01, -3.366863395553439e+00
s817        , -2.152086258044021e+01, -2.138672344812892e+01, -8.672606806374578e+00
s818        , -2.057353864229959e+01, -2.108666688179294e+01, -8.226207099859844e+00
s819        , -2.244567325669163e+01, -2.263347034217311e+01, -1.052741523265081e+01
s820        , -2.103220827040201e+01, -2.127793869659248e+01, -8.510765718368621e+00
s821        , -2.251724700203312e+01, -2.292388768530504e+01, -1.095947448842367e+01
s822        , -1.967652212859418e+01, -1.997477188504493e+01, -6.572020336728832e+00
s823        , -1.898228811729100e+01, -1.912103355058677e+01, -5.301898017473317e+00
s824        , -2.375965705343503e+01, -2.409803896864497e+01, -1.270628108121777e+01
s825        , -2.074394606294202e+01, -2.027155684426375e+01, -7.013552812791775e+00
s826        , -2.229590893513048e+01, -2.234826007523958e+01, -1.010310264049925e+01
s827        , -2.030439908572953e+01, -1.853857938921096e+01, -4.435370182833908e+00
s828        , -2.126632247755481e+01, -2.105662971279268e+01, -8.181520247677330e+00
s829        , -1.836528680868646e+01, -1.756157178489445e+01, -2.981857889617820e+00
s830        , -2.038358031572328e+01, -2.036284469291721e+01, -7.149363434585138e+00
s831        , -2.014217587228185e+01, -1.997353717852190e+01, -6.570183440985342e+00
s832        , -1.638297894992474e+01, -1.743509053631687e+01, -2.793689395476512e+00
s833        , -2.087813803835245e+01, -2.088833664380405e+01, -7.931147534550735e+00
s834        , -2.163260872857058e+01, -2.132078227306799e+01, -8.574504899944465e+00
s835        , -1.845033213930005e+01, -1.827835014105026e+01, -4.048222314603585e+00
s836        , -2.085703068105029e+01, -2.063862448465846e+01, -7.559646134274967e+00
s837        , -1.604298594536770e+01, -1.651728880380379e+01, -1.428258773392403e+00
s838        , -1.819387371328009e+01, -1.759014017090955e+01, -3.024359606172345e+00
s839        , -2.199016371973259e+01, -2.120176138043562e+01, -8.397435315402454e+00
s840        , -1.816847175772266e+01, -1.866451930330245e+01, -4.622733323642443e+00
s841        , -2.076446728280485e+01, -2.060564389839419e+01, -7.510580305758596e+00
s842        , -1.719569444321167e+01, -1.749207486564123e+01, -2.878466036751046e+00
s843        , -1.999816334280537e+01, -1.981807953299463e+01, -6.338906224871552e+00
s844        , -1.581596700213373e+01, -1.577636378229817e+01, -3.259709075131845e-01
s845        , -2.003183538643507e+01, -2.023771507850790e+01, -6.963205791608990e+00
s846        , -2.166933569232110e+01, -2.102882138231167e+01, -8.140149279806259e+00
s847        , -2.001719781047365e+01, -1.999703448919549e+01, -6.605140824910169e+00
s848        , -1.670780899311153e+01, -1.710780498900682e+01, -2.306780630073494e+00
s849        , -2.103364362191806e+01, -2.142639133260142e+01, -8.731621452188921e+00
s850        , -1.674889176362534e+01, -1.624698026915017e+01, -1.026115764121642e+00
s851        , -1.887785873496733e+01, -1.953010051809072e+01, -5.910474515126654e+00
s852        , -1.916613881673827e+01, -1.982349436608494e+01, -6.346961972265643e+00
s853        , -2.151831650372089e+01, -2.123530162467679e+01, -8.447333757447961e+00
s854        , -2.092228526657664e+01, -2.071738707243782e+01, -7.676822693676367e+00
s855        , -1.984690981488844e+01, -1.996135375554264e+01, -6.552057937155510e+00
s856        , -1.857995804240183e+01, -1.850691813208983e+01, -4.388267144698975e+00
s857        , -2.294003947989728e+01, -2.338748644674286e+01, -1.164917894506507e+01
s858        , -2.107902559750898e+01, -2.134947818359935e+01, -8.617196337081779e+00
s859        , -1.829183386036745e+01, -1.864329718976451e+01, -4.591160792600579e+00
s860        , -2.148418071954308e+01, -2.089742576583734e+01, -7.944669589600821e+00
s861        , -2.060440939951398e+01, -2.036216474550485e+01, -7.148351864236810e+00
s862        , -1.983634035476443e+01, -1.960954455508773e+01, -6.028664879139888e+00
s863        , -2.017821382918477e+01, -2.076794019786020e+01, -7.752031513891568e+00
s864        , -2.145828954671971e+01, -2.081118958032857e+01, -7.816374420552727e+00
s865        , -2.179521899962700e+01, -2.179683858673670e+01, -9.282742687576299e+00
s866        , -2.240641608733365e+01, -2.209614078315484e+01, -9.728020104004068e+00
s867        , -1.970162478711471e+01, -1.969061133885188e+01, -6.149269433548769e+00
s868        , -1.579821539399930e+01, -1.541929746062580e+01,  2.052432670247155e-01
s869        , -1.927595790821999e+01, -1.957291255222118e+01, -5.974166770572030e+00
s870        , -1.834436146157947e+01, -1.872416981176792e+01, -4.711476488964889e+00
s871        , -1.954632707936713e+01, -1.963301076956962e+01, -6.063576000684878e+00
s872        , -2.222687656829416e+01, -2.205276084631506e+01, -9.663482969188566e+00
s873        , -2.174135075548704e+01, -2.144692119014199e+01, -8.762164101172772e+00
s874        , -2.306987923711809e+01, -2.354829536424991e+01, -1.188841734753256e+01
s875        , -2.178123430913379e+01, -2.184658950219855e+01, -9.356758045187718e+00
s876        , -2.287277527114560e+01, -2.259950333258899e+01, -1.047688188390697e+01
s877        , -2.189016288213647e+01, -2.152411965167529e+01, -8.877013681012546e+00
s878        , -1.876974537203656e+01, -1.864272724646150e+01, -4.590312877401447e+00
s879        , -1.761744622782913e+01, -1.753167166451317e+01, -2.937374927201933e+00
s880        , -1.792977215528789e+01, -1.866790994233705e+01, -4.627777640080586e+00
s881        , -2.116921283478955e+01, -1.953856482941470e+01, -5.923067027721908e+00
s882        , -1.809005639564229e+01, -1.843841385839960e+01, -4.286352069005945e+00
s883        , -1.958200153707774e+01, -2.005244862568946e+01, -6.687581461253314e+00
s884        , -1.866641101726497e+01, -1.919687759333600e+01, -5.414732603423470e+00
s885        , -1.949202935470739e+01, -2.002297284491424e+01, -6.643729796722109e+00
s886        , -1.753621319174707e+01, -1.737215464282560e+01, -2.700058502052610e+00
s887        , -2.072504645987743e+01, -2.034408032641521e+01, -7.121447339291125e+00
s888        , -2.163711888094086e+01, -2.185576551154745e+01, -9.370409364105148e+00
s889        , -1.784767272504274e+01, -1.767438095701326e+01, -3.149686182599147e+00
s890        , -2.036577167825686e+01, -2.096363889953789e+01, -8.043176093931923e+00
s891        , -1.925489904031788e+01, -1.915182299018118e+01, -5.347704036540083e+00
s892        , -1.797999052112338e+01, -1.907145011862645e+01, -5.228131828166534e+00
s893        , -2.224398236502422e+01, -2.268774098444483e+01, -1.060815467147827e+01
s894        , -2.015695897880840e+01, -2.010368255174614e+01, -6.763803121170900e+00
s895        , -1.853378696029952e+01, -1.865773776838262e+01, -4.612644308644713e+00
s896        , -2.478440805107692e+01, -2.388666060860162e+01, -1.239180958326274e+01
s897        , -2.202247365131235e+01, -2.182147834414159e+01, -9.319399710645147e+00
s898        , -2.008627742560493e+01, -1.948263521887440e+01, -5.839859511100791e+00
s899        , -1.802005794967191e+01, -1.764976648891943e+01, -3.113066782906364e+00
s900        , -1.770516073583232e+01, -1.783233744056630e+01, -3.384680966286773e+00
s901        , -2.425916197575684e+01, -2.397194307229744e+01, -1.251868588272037e+01
s902        , -1.641892815066793e+01, -1.662586838144153e+01, -1.589794620392373e+00
s903        , -2.332207101034287e+01, -2.326012485656603e+01, -1.145970075043518e+01
s904        , -2.132463334662818e+01, -1.978976299444099e+01, -6.296779186446056e+00
s905        , -2.166343218809494e+01, -2.199328330259949e+01, -9.574997126725389e+00
s906        , -1.790842270146736e+01, -1.739238624960831e+01, -2.730157437864634e+00
s907        , -1.911599503394165e+01, -1.961818195024210e+01, -6.041514891752668e+00
s908        , -2.062377494321661e+01, -2.000623860549950e+01, -6.618833959064887e+00
s909        , -2.034650826700463e+01, -2.030503924709051e+01, -7.063365203094675e+00
s910        , -1.701866755175476e+01, -1.646967979476102e+01, -1.357429969598289e+00
s911        , -1.800428066961873e+01, -1.824596103892404e+01, -4.000036447985249e+00
s912        , -2.018815932170212e+01, -2.075871325894688e+01, -7.738304426118644e+00
s913        , -1.735412329082851e+01, -1.764680776869431e+01, -3.108665040074058e+00
s914        , -2.004618788210774e+01, -2.081250472642268e+01, -7.818330987734729e+00
s915        , -1.937730144245923e+01, -1.948706698391534e+01, -5.846452729965410e+00
s916        , -2.191302790761547e+01, -2.205332091835913e+01, -9.664316198733083e+00
s917        , -1.792924589211810e+01, -1.749946526906319e+01, -2.889460876686979e+00
s918        , -2.621730238337609e+01, -2.583957078153931e+01, -1.529719018764147e+01
s919        , -1.919355775511356e+01, -1.919338978868572e+01, -5.409543731900759e+00
s920        , -1.675861595936722e+01, -1.635971866527533e+01, -1.193838762347459e+00
s921        , -2.192756432754418e+01, -2.192264939565565e+01, -9.469913756230461e+00
s922        , -2.290193110331377e+01, -2.311268652853767e+01, -1.124035402136814e+01
s923        , -1.925371616601646e+01, -1.897306743034159e+01, -5.081766082158117e+00
s924        , -1.798705044323696e+01, -1.801975323223245e+01, -3.663502907821359e+00
s925        , -2.338449219749342e+01, -2.375127900461480e+01, -1.219039986567123e+01
s926        , -1.762302148317026e+01, -1.763891230361682e+01, -3.096918810566652e+00
s927        , -1.720744831710588e+01, -1.721541113876702e+01, -2.466868290406012e+00
s928        , -1.827654667645005e+01, -1.870715651277611e+01, -4.686165489210639e+00
s929        , -2.066098735264480e+01, -2.106104404033809e+01, -8.188087524457146e+00
s930        , -1.982419875205301e+01, -2.047886161634411e+01, -7.321963958549409e+00
s931        , -2.184683786579889e+01, -2.239491755100867e+01, -1.017251583063327e+01
s932        , -2.007807490293144e+01, -2.033716564350897e+01, -7.111160237570006e+00
s933        , -2.186904116931162e+01, -2.241612687046175e+01, -1.020406932767832e+01
s934        , -1.595875499840616e+01, -1.598573060535286e+01, -6.374498046651524e-01
s935        , -1.706347068237267e+01, -1.657702894168419e+01, -1.517135282054117e+00
s936        , -1.818003510858343e+01, -1.742337848556240e+01, -2.776265160828618e+00
s937        , -2.175658784400171e+01, -2.181668633813822e+01, -9.312270554634184e+00
s938        , -2.010166135357230e+01, -1.988353294663115e+01, -6.436282479604187e+00
s939        , -1.813809060682595e+01, -1.794998664441822e+01, -3.559709864045951e+00
s940        , -2.094308051046411e+01, -2.097289764885208e+01, -8.056950506626881e+00
s941        , -1.827480816862776e+01, -1.837393307163225e+01, -4.190422809265779e+00
s942        , -1.770857434290158e+01, -1.783539698416183e+01, -3.389232705913038e+00
s943        , -1.938132201948424e+01, -1.977783468985955e+01, -6.279033226977837e+00
s944        , -1.770272330222015e+01, -1.815980464150863e+01, -3.871859981160187e+00
s945        , -1.924477319915050e+01, -1.923658472733043e+01, -5.473805641477936e+00
s946        , -2.185513295241253e+01, -2.195648028959041e+01, -9.520244603203814e+00
s947        , -2.017292248813791e+01, -1.979443072574951e+01, -6.303723456693693e+00
s948        , -1.792501053388721e+01, -1.833394808260827e+01, -4.130936401141948e+00
s949        , -2.005207290213696e+01, -1.991142524369804e+01, -6.477778366118925e+00
s950        , -2.257823345395823e+01, -2.234400512801674e+01, -1.009677247677477e+01
s951        , -1.571913272603913e+01, -1.611926667605145e+01, -8.361138882307690e-01
s952        , -2.233989362366768e+01, -2.304029214501929e+01, -1.113265155729430e+01
s953        , -2.342860552534396e+01, -2.349675022247804e+01, -1.181173268623620e+01
s954        , -2.204077204416149e+01, -2.256579157808620e+01, -1.042672828287133e+01
s955        , -1.756302978982562e+01, -1.824650697117247e+01, -4.000848641494132e+00
s956        , -2.291971088639473e+01, -2.276884872128336e+01, -1.072882015253378e+01
s957        , -1.872997367448807e+01, -1.857106888920115e+01, -4.483705413212419e+00
s958        , -2.138547156076431e+01, -2.139251207118314e+01, -8.681218648015253e+00
s959        , -1.926386090665138e+01, -1.887179769861557e+01, -4.931105228195315e+00
s960        , -1.680470785163838e+01, -1.756221867591104e+01, -2.982820281354412e+00
s961        , -2.001579976967623e+01, -1.995837984958177e+01, -6.547633602223116e+00
s962        , -1.871905926332032e+01, -1.829078387887886e+01, -4.066720216467035e+00
s963        , -1.918665598310528e+01, -1.979110168751161e+01, -6.298770784900757e+00
s964        , -1.746488927974545e+01, -1.760695239350907e+01, -3.049371460856715e+00
s965        , -1.971186761143078e+01, -1.927223836407257e+01, -5.526848216657086e+00
s966        , -1.765956881606673e+01, -1.749513197616218e+01, -2.883014156647238e+00
s967        , -2.223688117086612e+01, -2.134279209075850e+01, -8.607249313031172e+00
s968        , -1.998239594820018e+01, -2.055218466698257e+01, -7.431048017883478e+00
s969        , -2.101894011109180e+01, -2.118593130102657e+01, -8.373884613317863e+00
s970        , -1.986554229461376e+01, -2.011306976998576e+01, -6.777768659463650e+00
s971        , -1.914500631305469e+01, -1.845399376505652e+01, -4.309530584457562e+00
s972        , -1.930540895911451e+01, -2.000140875779421e+01, -6.611648505253688e+00
s973        , -2.013055280326089e+01, -2.033794432823508e+01, -7.112318701247201e+00
s974        , -1.991254970003848e+01, -2.001389400452533e+01, -6.630223037864630e+00
s975        , -2.002907222040815e+01, -2.054740458738580e+01, -7.423936605008324e+00
s976        , -2.147573630129902e+01, -2.145585689660669e+01, -8.775457917042411e+00
s977        , -1.918950409415471e+01, -1.928317305518239e+01, -5.543115958976004e+00
s978        , -1.698999961978807e+01, -1.781142322929029e+01, -3.353566507137947e+00
s979        , -2.115978794608996e+01, -2.109405365143042e+01, -8.237196533747355e+00
s980        , -1.730989298326385e+01, -1.691512778148462e+01, -2.020131182803333e+00
s981        , -2.142850865946883e+01, -2.123378390418225e+01, -8.445075816581653e+00
s982        , -2.110948756566415e+01, -2.145053158996880e+01, -8.767535359808329e+00
s983        , -1.831465175322002e+01, -1.838307017942610e+01, -4.204016253619878e+00
s984        , -2.150201864035685e+01, -2.150395685825891e+01, -8.847017120119068e+00
s985        , -1.659952594735737e+01, -1.607274635075134e+01, -7.669047393875186e-01
s986        , -2.105203087443673e+01, -2.089190059036355e+01, -7.936449683800857e+00
s987        , -2.066592788190784e+01, -2.082134701133786e+01, -7.831485818636293e+00
s988        , -2.133344594608628e+01, -2.109811928227568e+01, -8.243245047993465e+00
s989        , -2.008246059204520e+01, -2.018713368030705e+01, -6.887954909458056e+00
s990        , -2.181814335912880e+01, -2.222263468602035e+01, -9.916207424163705e+00
s991        , -1.674874949890157e+01, -1.648665423015406e+01, -1.382683151257446e+00
s992        , -1.990187356431624e+01, -1.957344443096598e+01, -5.974958056423493e+00
s993        , -2.167451347953028e+01, -2.144844530465434e+01, -8.764431554537701e+00
s994        , -2.085856003252748e+01, -1.986647059419617e+01, -6.410898502134758e+00
s995        , -1.532250426373563e+01, -1.513609137856729e+01,  6.265741962487343e-01
s996        , -2.197589637081217e+01, -2.189018236022672e+01, -9.421611946795469e+00
s997        , -1.843774602570321e+01, -1.793070073861879e+01, -3.531017865087671e+00
s998        , -2.004154224207673e+01, -1.967597808892185e+01, -6.127499276828358e+00
s999        , -1.918982967461324e+01, -1.938937308631287e+01, -5.701111710601778e+00
s1000       , -2.386287011937712e+01, -2.391478373813931e+01, -1.243364888351603e+01
s1001       , -2.142986106465667e+01, -2.130715169651981e+01, -8.554226438969476e+00
s1002       , -1.703565403983971e+01, -1.782066783624746e+01, -3.367319879986671e+00
s1003       , -2.272857267296788e+01, -2.284521847488922e+01, -1.084243684825403e+01
s1004       , -1.957549960274314e+01, -1.895383757584201e+01, -5.053157471755894e+00
s1005       , -2.033955634118916e+01, -2.027713481110213e+01, -7.021851257281790e+00
s1006       , -2.103463075725037e+01, -2.116960611311526e+01, -8.349597329152093e+00
s1007       , -1.845815321471510e+01, -1.924553755982993e+01, -5.487124936066458e+00
s1008       , -2.105860584214290e+01, -2.075460043706709e+01, -7.732185704897172e+00
s1009       , -2.225664818829298e+01, -2.178823242515111e+01, -9.269939141721803e+00
s1010       , -2.029000137617794e+01, -2.067003520293332e+01, -7.606376441131887e+00
s1011       , -2.150175758271834e+01, -2.062592785071725e+01, -7.540757116999689e+00
s1012       , -1.789395613621291e+01, -1.739743821965294e+01, -2.737673347190619e+00
s1013       , -1.907481979836395e+01, -1.922956715031486e+01, -5.463365462286223e+00
s1014       , -1.701362802016618e+01, -1.651095293915726e+01, -1.418832790307738e+00
s1015       , -1.771043360260808e+01, -1.766309291812046e+01, -3.132892758244514e+00
s1016       , -2.325177194237830e+01, -2.275927177574549e+01, -1.071457235342837e+01
s1017       , -2.061131053204120e+01, -2.097585593181708e+01, -8.061351598939211e+00
s1018       , -1.637685178145171e+01, -1.630326582986482e+01, -1.109852834404263e+00
s1019       , -2.229355013298489e+01, -2.232377194856657e+01, -1.006667120127626e+01
s1020       , -1.626620443538163e+01, -1.708140434261739e+01, -2.267503899875748e+00
s1021       , -2.225684084822025e+01, -2.210415333196185e+01, -9.739940521142627e+00
s1022       , -1.619907626993357e+01, -1.628387027940364e+01, -1.080997715053630e+00
s1023       , -2.164326276096592e+01, -2.146444029946997e+01, -8.788227604324549e+00
s1024       , -1.814482992541786e+01, -1.816784184276717e+01, -3.883817074207087e+00
s1025       , -1.966276460675046e+01, -2.013176640689827e+01, -6.805583992193988e+00
s1026       , -1.787958226759213e+01, -1.812497096103093e+01, -3.820037270089554e+00
s1027       , -2.228548280106830e+01, -2.286086703020914e+01, -1.086571749359200e+01
s1028       , -1.939576101741603e+01, -1.939057109693340e+01, -5.702894013172036e+00
s1029       , -2.072177297910414e+01, -2.017140422107202e+01, -6.864553901868401e+00
s1030       , -2.116639743005703e+01, -2.112273582002855e+01, -8.279867526756295e+00
s1031       , -1.871817432191781e+01, -1.905961270479015e+01, -5.210521088541860e+00
s1032       , -1.793076662035363e+01, -1.892800962783014e+01, -5.014732755532657e+00
s1033       , -2.190726556241366e+01, -2.128203231563051e+01, -8.516855871167063e+00
s1034       , -1.655942363042545e+01, -1.714705029825165e+01, -2.365166602901555e+00
s1035       , -1.920990065585595e+01, -1.931021776554114e+01, -5.583350875059806e+00
s1036       , -1.624542641970273e+01, -1.619204488240169e+01, -9.443873726344894e-01
s1037       , -1.865413258865576e+01, -1.922562204189456e+01, -5.457496251482084e+00
s1038       , -2.303917859954092e+01, -2.309100434481119e+01, -1.120809703539283e+01
s1039       , -2.268866240524940e+01, -2.327745795191844e+01, -1.148548751715316e+01
s1040       , -2.002650999928207e+01, -2.025537983159752e+01, -6.989485971680216e+00
s1041       , -2.439240447433291e+01, -2.433221565932097e+01, -1.305467007755558e+01
