# c0 + a0 * (face-area-max + Na-Na)
# Property Label: $E$; Unit of the Property: Unitless
# RMSE: 0.747659102079557; Max AE: 2.84956120266837
# Coefficients
# Task   a0                      c0
# all , -3.689219437179803e-01,  8.946603964175754e-17, 
# Feature Rung, Units, and Expressions
# 0;  1; Unitless;                                         31|22|add; (face-area-max + Na-Na); $\left(face-area-max + Na-Na\right)$; (face_sub_area_sub_max + Na_sub_Na); (newdata$face_sub_area_sub_max + newdata$Na_sub_Na); face-area-max,Na-Na
# Number of Samples Per Task
# Task, n_samples               
# all , 1041                  

# Sample ID , Property Value        ,  Property Value (EST) ,  Feature 0 Value      
s1          ,  6.774572406644881e-01,  5.897052418199861e-01, -1.598455315173070e+00
s2          ,  1.967875961713064e+00,  3.099538754789873e-01, -8.401611255629975e-01
s3          , -1.271285198486554e+00, -3.945681480618193e-01,  1.069516613962774e+00
s4          , -1.922048452937919e-01, -9.457391211137753e-01,  2.563520921479094e+00
s5          ,  2.455067115358116e-01, -3.434061230181301e-01,  9.308368040060108e-01
s6          ,  1.771859120156342e-01,  4.735804040579429e-01, -1.283687273479097e+00
s7          , -1.787554844087500e-01,  6.882307014782869e-01, -1.865518474022786e+00
s8          ,  1.258527874893824e+00, -4.241288191650562e-01,  1.149643783426660e+00
s9          ,  1.207996528852184e+00,  8.698949256560174e-01, -2.357937608398275e+00
s10         , -3.778119871449525e-01,  3.241801882180507e-01, -8.787229757898808e-01
s11         ,  2.051916464504998e-01, -7.142590500404684e-01,  1.936070928289586e+00
s12         , -9.030892502610828e-01, -6.937043909446561e-01,  1.880355459351460e+00
s13         , -1.915336013610816e+00, -9.238471219904082e-01,  2.504180458012106e+00
s14         , -4.972857440368104e-01, -3.102732230810019e-01,  8.410267493282755e-01
s15         ,  9.892906044607525e-01,  8.348252795646601e-01, -2.262877808653302e+00
s16         ,  7.196956197004112e-01,  8.913620588338956e-01, -2.416126430026864e+00
s17         , -8.233048349290432e-01, -5.139693737743695e-01,  1.393165634428267e+00
s18         ,  6.436893120625885e-01, -1.779394604864432e-01,  4.823227881030243e-01
s19         ,  6.782210382119217e-01,  4.821935708601821e-01, -1.307034127600692e+00
s20         ,  1.358387811126361e-01, -6.763993410063079e-01,  1.833448382575412e+00
s21         ,  1.192439177417436e+00,  7.579665758414448e-01, -2.054544568974912e+00
s22         , -1.675888320916539e+00, -1.389086394244763e+00,  3.765258255569204e+00
s23         ,  1.682267394333138e+00,  8.794074234758990e-01, -2.383722189613517e+00
s24         , -5.344901610254714e-02,  2.205623228214038e-01, -5.978563394700396e-01
s25         ,  7.630444568978921e-01,  1.428429776849719e+00, -3.871902447585693e+00
s26         , -7.690353008448224e-01, -1.302535082138903e+00,  3.530652226896584e+00
s27         ,  1.318355805735755e-01,  1.838656232256131e-01, -4.983862477049285e-01
s28         , -1.557515501210242e+00, -6.791445089562973e-01,  1.840889436155265e+00
s29         ,  1.315402392066626e+00,  1.322601724865595e+00, -3.585044878427313e+00
s30         , -1.602536800620832e+00, -6.045498910769517e-01,  1.638693228665995e+00
s31         , -6.577868421803237e-01, -5.674411605735458e-02,  1.538106285722388e-01
s32         ,  1.122204297021453e+00,  6.392350989315136e-01, -1.732710969939408e+00
s33         ,  1.732999170998263e+00,  9.694431808169013e-01, -2.627773157234542e+00
s34         ,  1.815120104294483e+00,  6.548821808436472e-01, -1.775123957777548e+00
s35         ,  5.934117724273273e-01,  1.105819731069342e+00, -2.997435500650723e+00
s36         ,  9.702627198604922e-01, -4.115155094172849e-01,  1.115454139892164e+00
s37         ,  1.142962175227537e+00, -8.995819449816479e-02,  2.438407257415210e-01
s38         ,  2.376281988155590e-01,  1.037147841986478e+00, -2.811293444716636e+00
s39         , -9.901628269429661e-01,  1.801289946295195e-01, -4.882577404157279e-01
s40         , -6.175077579414835e-01,  4.181557427059361e-01, -1.133453159472650e+00
s41         , -6.558266813617913e-01, -2.555512716712617e-02,  6.926974012329745e-02
s42         , -1.132806252875512e-01, -8.212103836754001e-01,  2.225973265236747e+00
s43         ,  3.987508132795206e-01,  6.222349900957083e-01, -1.686630466664166e+00
s44         , -1.257042213831158e-02, -3.619716999568021e-01,  9.811606658819644e-01
s45         , -2.453536714432208e-01, -6.572027092972198e-02,  1.781413983331971e-01
s46         ,  4.319604697532171e-01, -5.467112040580975e-01,  1.481915655513371e+00
s47         , -5.858250576994644e-01, -1.877527031349334e-01,  5.089225683969065e-01
s48         , -1.351740028810569e+00, -1.118111827643055e+00,  3.030754463599453e+00
s49         ,  1.400180920836999e+00,  2.994922002613768e-02, -8.118037036320089e-02
s50         ,  6.339509690024699e-01, -2.773840459860071e-01,  7.518773299049173e-01
s51         ,  9.663578673416963e-01,  7.655366185271417e-01, -2.075063930359075e+00
s52         ,  1.470345916377529e-01,  7.190378225872471e-02, -1.949024271478168e-01
s53         , -1.879048126514940e+00, -2.137640121462701e-02,  5.794288352489038e-02
s54         ,  2.462378298792407e+00,  1.202410756884675e+00, -3.259255182185231e+00
s55         ,  2.147693442064033e-01, -2.576915163327630e-01,  6.984987494529562e-01
s56         ,  1.250856345991485e+00,  1.414560918044205e+00, -3.834309512164871e+00
s57         ,  3.470878239384724e-01,  3.102310968026871e-01, -8.409125618177944e-01
s58         ,  2.650904256602346e+00,  9.013774144812462e-01, -2.443274057913718e+00
s59         ,  2.436955679659398e-02, -1.804610838476481e-01,  4.891579016118390e-01
s60         , -1.350996154759193e+00, -9.972263527309607e-01,  2.703082236532081e+00
s61         , -1.175408395594881e+00, -1.053325299201606e+00,  2.855144068108925e+00
s62         ,  5.137509822735411e-02,  1.323268094159777e-01, -3.586851139360090e-01
s63         ,  1.630781368412474e+00,  9.596860362592149e-01, -2.601325436452866e+00
s64         , -7.346563779561160e-02,  1.098242056254542e+00, -2.976895451613704e+00
s65         ,  6.477994742971300e-01,  5.540890217197123e-01, -1.501913971653802e+00
s66         ,  1.102507059534665e+00,  4.663338595413749e-01, -1.264044786389449e+00
s67         , -2.689254974131806e-01, -6.800565288687087e-01,  1.843361557773243e+00
s68         ,  1.634793292022643e+00,  7.988814547435277e-01, -2.165448459618403e+00
s69         ,  3.008420412735001e-01,  7.911123772381264e-01, -2.144389594355185e+00
s70         ,  4.428344099007711e-01,  5.413374960938622e-01, -1.467349680092989e+00
s71         , -2.587880550234565e-02, -8.188080598485523e-01,  2.219461525103761e+00
s72         ,  3.320850724266520e-01,  9.639549914860371e-01, -2.612896868566120e+00
s73         , -1.001377721869568e+00, -2.489843631561992e-01,  6.748971358194229e-01
s74         ,  1.535377236435878e+00,  1.446689266533882e+00, -3.921396629200764e+00
s75         ,  2.223324131252060e-01,  3.152269444661666e-01, -8.544543089232433e-01
s76         , -5.720277382811451e-01, -3.770861802055905e-01,  1.022129983392507e+00
s77         , -1.197863875151751e+00, -1.691544303264194e-01,  4.585100810802633e-01
s78         , -1.436625202734527e+00, -5.515321067190982e-01,  1.494983196610048e+00
s79         ,  4.409066269069510e-01,  4.220101426532481e-01, -1.143900897843720e+00
s80         ,  6.309139277294877e-01, -1.418970907986019e-02,  3.846263233045172e-02
s81         , -1.685326208098238e+00, -4.869218808353637e-02,  1.319850686918175e-01
s82         , -1.663665661245248e-01, -2.281785729619054e-01,  6.185009508036610e-01
s83         , -1.321966357459876e+00, -3.162260884474794e-01,  8.571625890847421e-01
s84         ,  1.425519064192979e+00,  1.280650962112633e-01, -3.471333120514015e-01
s85         , -6.984731689207797e-01, -7.280152826712626e-01,  1.973358579146457e+00
s86         , -2.932580333118892e-01,  7.407636727988803e-02, -2.007914371624234e-01
s87         ,  3.346071912195332e-02, -3.934639679711255e-01,  1.066523622872122e+00
s88         , -7.344698336486584e-02, -3.998668360524559e-03,  1.083879240206270e-02
s89         ,  2.903456543575506e-01,  1.275559615678533e-01, -3.457532514394493e-01
s90         ,  3.160753830639384e-01, -9.947622681955506e-03,  2.696403087792464e-02
s91         ,  4.911838748491691e-01,  1.219205884340498e+00, -3.304780062832238e+00
s92         , -8.899315452749766e-01, -9.665019680897927e-01,  2.619800704586519e+00
s93         ,  8.806558878772816e-01,  1.420058263371637e-01, -3.849210619082040e-01
s94         ,  2.174850994919374e-01,  3.524700571668680e-01, -9.554055083161738e-01
s95         , -7.665153489308596e-01, -1.286669052588979e+00,  3.487645759485003e+00
s96         ,  5.275622810365227e-01,  1.907713420297226e-01, -5.171048924526872e-01
s97         ,  2.030602111680012e+00,  1.024301484631474e+00, -2.776472102224675e+00
s98         , -9.469867286116608e-01, -1.673348401183462e-01,  4.535778989776334e-01
s99         , -9.198822372946847e-01, -1.135980351282403e+00,  3.079188892463375e+00
s100        , -4.843791818667552e-01, -1.870017744986441e-01,  5.068871008703031e-01
s101        , -2.042448773263304e-01, -3.512885873973321e-02,  9.522030157844799e-02
s102        , -5.164158759195604e-01, -1.099565283991931e+00,  2.980482193361980e+00
s103        ,  1.172650799800636e-01,  7.624457900591189e-01, -2.066685929210990e+00
s104        , -1.768695959917696e+00, -8.807445180016272e-01,  2.387346518685010e+00
s105        ,  5.247327840013729e-01,  1.286303199179226e-01, -3.486654077054659e-01
s106        ,  5.297962102782023e-01,  1.084121944743449e+00, -2.938621470486988e+00
s107        ,  1.497385912477807e-01, -4.787820598892962e-01,  1.297786884304442e+00
s108        ,  4.406641357796892e-01,  6.851100999000395e-01, -1.857059769867652e+00
s109        , -6.596772585897818e-01, -3.800674614364466e-01,  1.030211045746269e+00
s110        ,  1.094420195469492e+00, -2.668569357480866e-01,  7.233425397760658e-01
s111        ,  3.915962330096325e-01,  6.733945550123783e-01, -1.825303608199435e+00
s112        ,  8.365523515867513e-01,  7.490834047329907e-01, -2.030465841049623e+00
s113        , -1.291655352083360e-01,  2.986692158256719e-01, -8.095729216204806e-01
s114        ,  1.376602311009741e+00,  6.354908876604526e-01, -1.722561909047755e+00
s115        ,  2.854337653329592e+00,  6.625471403498214e-01, -1.795900600741442e+00
s116        , -4.031277243707178e-01,  3.209434004293562e-01, -8.699493372362228e-01
s117        , -1.548008576871541e+00, -4.716800303643304e-01,  1.278536119621290e+00
s118        , -1.376296935489929e+00, -3.258454135081660e-01,  8.832367362708471e-01
s119        ,  1.159776550977451e-01, -5.382918417575548e-01,  1.459094127968295e+00
s120        , -1.608916416404318e-01,  5.435382455855428e-01, -1.473315032735072e+00
s121        ,  3.197271174130288e-01,  4.709872682162992e-01, -1.276658318206037e+00
s122        , -1.530552753436365e+00, -1.759792867111075e-01,  4.770095401146256e-01
s123        , -1.233881263109963e+00, -8.767511307358760e-01,  2.376522041221007e+00
s124        , -5.427146006639549e-01, -3.687918945420715e-02,  9.996474886405582e-02
s125        ,  9.732454451545892e-01, -3.433425671181387e-01,  9.306645293525951e-01
s126        , -1.840471966312826e-01, -3.126728528437120e-01,  8.475311869297006e-01
s127        , -1.081994746251625e+00, -7.066905915171011e-01,  1.915555860936604e+00
s128        ,  4.539347974729817e-01,  1.084832320086402e+00, -2.940547014236957e+00
s129        , -9.281932508350823e-01, -3.951910273501497e-01,  1.071204990864546e+00
s130        , -7.213314288938637e-01,  6.320706896487809e-01, -1.713291118654527e+00
s131        , -2.205996399193568e-01, -2.033557119914671e-01,  5.512160917891102e-01
s132        , -1.239159936584262e+00, -1.063927689037220e+00,  2.883882911151882e+00
s133        , -3.218370754810609e-01, -7.815405986405358e-02,  2.118444326635066e-01
s134        , -1.004593496203065e+00, -3.060586226791017e-01,  8.296026514298810e-01
s135        ,  9.616883013837799e-01, -4.752357841665618e-01,  1.288174347606312e+00
s136        ,  1.177397001560173e+00,  7.311969055055620e-01, -1.981982687547911e+00
s137        , -1.190015539084228e+00, -2.168253448335350e-01,  5.877268851193238e-01
s138        ,  2.514478411301381e-01,  8.996870083582274e-02, -2.438692042254840e-01
s139        , -1.987650229798378e-01,  5.078144883852419e-02, -1.376482199100187e-01
s140        , -1.883191692860165e-02, -2.449087556875849e-01,  6.638497922335672e-01
s141        ,  4.763479271249645e-01,  2.565290287062264e-01, -6.953477099273011e-01
s142        , -1.264849480226228e+00, -1.119948826809660e+00,  3.035733834433544e+00
s143        ,  5.343202969822767e-02,  1.027594268460274e+00, -2.785397523671867e+00
s144        ,  1.580293395785219e-01,  3.314713972124593e-01, -8.984865304348773e-01
s145        ,  9.188749641933951e-01,  8.214441184443341e-01, -2.226606826815054e+00
s146        ,  8.965084025411504e-01,  9.887550263951037e-01, -2.680119855247619e+00
s147        ,  6.848734553557309e-01,  6.132546731801386e-01, -1.662288415266880e+00
s148        ,  2.946101194283517e-01,  1.232384210904598e-01, -3.340501241223766e-01
s149        , -1.049624548293927e+00, -4.050710510928726e-01,  1.097985788024922e+00
s150        ,  3.591106519707902e-01,  7.068779341681457e-01, -1.916063672017605e+00
s151        , -1.331621263631160e-02,  4.129963233710212e-01, -1.119468034915085e+00
s152        ,  6.334057303004040e-01, -2.480478810436240e-01,  6.723587069497891e-01
s153        ,  1.034338109925286e+00,  3.323953632571454e-01, -9.009910332448061e-01
s154        , -3.383324211856339e-02, -1.052397641569201e-01,  2.852629558879532e-01
s155        ,  1.136039203602913e+00, -7.521713009574857e-01,  2.038835894056976e+00
s156        , -1.392262169733223e+00, -1.122110411055647e+00,  3.041593025741610e+00
s157        , -5.253740885024729e-01,  2.837358854527499e-01, -7.690946290515307e-01
s158        ,  3.989423304234662e-01,  7.834178740360289e-01, -2.123532870234758e+00
s159        ,  5.765884380454731e-01,  1.760544180105117e-01, -4.772131910513165e-01
s160        , -8.116051377987673e-01, -6.431507769682367e-01,  1.743324808729428e+00
s161        , -3.068617279191663e-01, -1.394976622386805e-01,  3.781224310834667e-01
s162        ,  7.336330388262123e-01, -6.469530069578268e-01,  1.753631135187733e+00
s163        ,  5.366582957206302e-01,  6.347735855331488e-02, -1.720617589552754e-01
s164        ,  1.442528357282191e+00,  1.450329256635927e+00, -3.931263188141013e+00
s165        , -1.062713736405366e-01,  5.870563623700787e-01, -1.591275261248351e+00
s166        , -8.326065002207602e-01, -3.229220119841148e-01,  8.753125626784898e-01
s167        ,  3.946237056414994e-01,  2.554662515331080e-01, -6.924669456051582e-01
s168        ,  2.235679947771067e+00,  1.232532777583737e+00, -3.340903946136469e+00
s169        ,  1.625062009748738e+00,  9.263164305353135e-01, -2.510873766954425e+00
s170        ,  1.327620092596634e-01, -3.546904092407173e-01,  9.614239957270145e-01
s171        ,  5.954984467350797e-01,  6.293173396677734e-01, -1.705827886857417e+00
s172        ,  5.199772380778387e-01,  4.761574915141303e-01, -1.290672727990736e+00
s173        ,  6.222838143288127e-01,  7.074360819309026e-01, -1.917576587614688e+00
s174        ,  1.054103529053623e+00,  2.891690988814788e-01, -7.838219000128979e-01
s175        , -5.255654946879280e-01, -3.522208264469574e-01,  9.547299434056168e-01
s176        ,  9.849433920982632e-01,  8.087556832266767e-01, -2.192213548145360e+00
s177        , -4.422819104749492e-01, -1.286451757675798e-01,  3.487056759787694e-01
s178        , -6.072036959750035e-01, -3.562790677745956e-01,  9.657302143213000e-01
s179        ,  1.274608736041423e+00,  1.198734000157397e+00, -3.249288963612748e+00
s180        , -1.497077617346339e+00, -1.295520924369589e+00,  3.511639647437020e+00
s181        , -2.083438027973673e+00, -7.284531732179843e-01,  1.974545525475289e+00
s182        ,  1.836267684377070e+00,  4.665415782738267e-01, -1.264607828886619e+00
s183        ,  9.114464311238877e-01,  2.379747374621427e-01, -6.450544390605853e-01
s184        ,  1.514590021168478e+00,  7.864464561761998e-01, -2.131742146456305e+00
s185        ,  1.833338059507959e+00,  1.395364985698322e+00, -3.782277008615673e+00
s186        ,  2.453649877689343e-01,  5.369884470565371e-01, -1.455561145658047e+00
s187        ,  3.720198183543536e-01, -2.120564045125559e-01,  5.748001931667719e-01
s188        ,  1.146530015212694e+00,  7.645626286641301e-01, -2.072423832962873e+00
s189        ,  1.953473158179788e-01, -3.239067375993102e-01,  8.779817604097805e-01
s190        , -2.653274521332475e-01, -3.305604792285424e-01,  8.960173957048135e-01
s191        , -1.734213411135428e+00, -1.041437911183523e+00,  2.822922108367840e+00
s192        , -1.380433379832566e+00, -5.855126021857656e-01,  1.587090744142226e+00
s193        ,  1.331098677791819e+00,  8.313988653028888e-01, -2.253590168489531e+00
s194        ,  5.090097107027988e-01, -3.496191719371774e-02,  9.476778974265682e-02
s195        , -9.924573921340459e-02, -7.583929894228738e-01,  2.055700405836043e+00
s196        , -5.779338669443589e-01, -7.184330062760948e-04,  1.947384856091361e-03
s197        ,  2.483047809304522e-01,  2.823151355818339e-01, -7.652435437607028e-01
s198        , -5.206217556690499e-01,  2.757452893880987e-01, -7.474353154739152e-01
s199        , -5.943289801913763e-01, -4.636155643573950e-01,  1.256676574142206e+00
s200        , -1.021605773659559e+00, -4.959688970426872e-01,  1.344373533448114e+00
s201        , -1.880186336712062e-01,  2.241284827447273e-01, -6.075227742919532e-01
s202        ,  8.974446090874550e-01,  5.062770549425211e-01, -1.372314831262899e+00
s203        ,  1.491847227695687e+00, -2.532306307137773e-01,  6.864070707253936e-01
s204        ,  5.673187961114482e-01,  1.709488587053239e-01, -4.633740595165151e-01
s205        ,  7.052663182498152e-02, -5.632681813352219e-02,  1.526795006170219e-01
s206        ,  4.612958000362407e-01, -3.212624329236579e-01,  8.708141068703810e-01
s207        , -1.890335631962240e-01, -9.036621545472213e-01,  2.449467075447318e+00
s208        ,  1.196645888991632e+00,  5.426390470916722e-01, -1.470877664860425e+00
s209        ,  1.251755561530769e-01, -2.011386943158262e-01,  5.452066425996750e-01
s210        ,  4.275859111659360e-01,  2.789994899281598e-01, -7.562561530398930e-01
s211        ,  5.283027681041660e-01,  5.251074824593553e-02, -1.423356597244779e-01
s212        , -5.193859304496162e-01, -3.892999211380119e-01,  1.055236555501858e+00
s213        , -7.895660096178726e-01, -1.617563756239185e-01,  4.384569104069669e-01
s214        , -8.273130453363811e-01, -8.706883912481033e-01,  2.360088376617941e+00
s215        ,  7.097242197335736e-01,  9.873258576732240e-02, -2.676245949815274e-01
s216        , -4.103389107009319e-01,  9.029266198512839e-02, -2.447473334742915e-01
s217        ,  5.083753923761841e-01, -3.135385141183828e-01,  8.498776488016802e-01
s218        ,  1.227559854195250e+00,  3.838026732081272e-01, -1.040335712590526e+00
s219        ,  4.233903461072758e-01, -1.534740718626318e-01,  4.160068938050322e-01
s220        , -9.401298955648564e-02,  6.499126352602642e-01, -1.761653505103196e+00
s221        ,  1.262898065596498e+00,  2.733281668436461e-01, -7.408834619297944e-01
s222        , -8.196925206317608e-01, -3.862700609249407e-01,  1.047023814935286e+00
s223        ,  4.013207508237785e-01, -8.188573517420354e-02,  2.219595135734202e-01
s224        ,  7.221682333138074e-01,  1.644364662676492e-01, -4.457215654088372e-01
s225        ,  7.658761358813223e-01,  6.916009047339972e-01, -1.874653748606199e+00
s226        ,  1.021677840387193e+00,  8.043552613380581e-01, -2.180285762434726e+00
s227        , -1.713769108940136e-01,  4.730711715083030e-02, -1.282306947482468e-01
s228        ,  1.274319171489858e-01, -2.080587197823843e-01,  5.639640669936223e-01
s229        ,  2.041762025685344e-01, -2.612866472790272e-01,  7.082437131437376e-01
s230        , -1.775628277285171e+00, -3.137585321916217e-01,  8.504740298979674e-01
s231        , -2.906010097813953e-01,  9.704686149009914e-02, -2.630552699361408e-01
s232        ,  7.153226846206259e-01,  9.019123895044250e-01, -2.444724161471634e+00
s233        , -3.817422129899863e-01,  3.689261927910593e-01, -1.000011517539553e+00
s234        , -1.045314287465124e-01,  1.145798627534943e+00, -3.105802316846839e+00
s235        , -2.007585327297883e+00, -1.184912134451639e+00,  3.211823407710972e+00
s236        ,  1.304199689079254e+00, -5.502235422974389e-01,  1.491436201252516e+00
s237        , -2.782406460538665e-01, -1.452327817871333e-02,  3.936680489197365e-02
s238        , -2.322383208123123e-01,  7.553549331222896e-02, -2.047465448950671e-01
s239        , -3.517230695261005e-01, -7.339743318562129e-01,  1.989511180764282e+00
s240        , -8.445222562838289e-01, -2.581521571879411e-01,  6.997473627789508e-01
s241        , -1.536302083677280e+00, -9.051710127471169e-01,  2.453556987217514e+00
s242        ,  2.935750684089246e-01, -2.932840926164908e-02,  7.949760040316023e-02
s243        ,  1.616760901218624e-01, -9.450978736734441e-01,  2.561782755855579e+00
s244        ,  1.913693632034482e-02,  4.917617902681389e-01, -1.332969747779662e+00
s245        ,  1.011107650821607e+00,  5.238399015536197e-01, -1.419920691825437e+00
s246        , -1.106818107812668e+00, -3.434580664141814e-01,  9.309776018006007e-01
s247        , -1.990274764442436e+00, -9.278613662303711e-01,  2.515061470400546e+00
s248        , -9.667152724294113e-02, -2.446423272093871e-02,  6.631276110710375e-02
s249        , -3.381305046273163e-03, -4.194070369183161e-01,  1.136844918173067e+00
s250        , -1.066763974390572e+00, -6.262044359965294e-01,  1.697390048652750e+00
s251        ,  1.207378380322024e+00,  3.928322210184632e-01, -1.064811209275100e+00
s252        , -7.806439949963918e-01, -5.641511909597344e-01,  1.529188492487711e+00
s253        ,  1.425727038542694e-01,  3.462654234586921e-01, -9.385872251702980e-01
s254        ,  2.519006949731616e-01, -2.459502961861848e-01,  6.666729924154357e-01
s255        ,  2.957126742656838e-01,  1.923319245262809e-01, -5.213350081265633e-01
s256        , -1.208240274724157e+00, -8.620736606367829e-01,  2.336737283634689e+00
s257        ,  9.313485666439149e-01,  3.042736151545295e-01, -8.247642091659615e-01
s258        , -6.564646920389059e-01,  2.817177648346443e-01, -7.636243103229481e-01
s259        ,  6.730828234081326e-01,  3.816704521153288e-01, -1.034556113059769e+00
s260        , -1.076132473957489e+00, -9.873173098536154e-01,  2.676222780091289e+00
s261        ,  4.986447736713934e-01,  4.594332518340419e-02, -1.245339995783095e-01
s262        , -7.901168230278025e-01, -1.151093091387357e-01,  3.120153493139196e-01
s263        , -1.546259780331374e+00, -1.349805231201751e+00,  3.658782715927571e+00
s264        , -5.529113966692344e-01,  6.736211835443141e-01, -1.825917907608279e+00
s265        , -4.420703395591481e-01,  3.642479527425111e-01, -9.873306777895481e-01
s266        ,  1.642224930755287e-01,  1.052153666596169e+00, -2.851968240199017e+00
s267        , -5.742332897034259e-01, -9.079189225894688e-02,  2.461005472972141e-01
s268        , -1.103100765949088e+00, -2.235753058374280e-01,  6.060233326980913e-01
s269        ,  7.960085847259790e-01,  6.163847609607233e-01, -1.670772832726681e+00
s270        , -4.283987476508868e-01,  1.991699969690202e-01, -5.398702906143044e-01
s271        ,  2.199521430164574e-01,  1.218492440457101e-01, -3.302846201495045e-01
s272        ,  4.892735632468816e-01,  6.360184356015610e-01, -1.723991880753400e+00
s273        , -7.406199765582812e-01, -9.246096674237991e-01,  2.506247414034581e+00
s274        ,  1.772759222941352e-01,  7.723676223479353e-01, -2.093580052636733e+00
s275        ,  2.643568451335951e-01,  3.301588071745251e-02, -8.949286232399115e-02
s276        , -5.816893010125334e-01, -2.240421689822577e-01,  6.072888121654405e-01
s277        , -1.588157064474181e+00,  6.501506206951092e-01, -1.762298588538588e+00
s278        ,  1.926575532177041e+00, -2.892293684865302e-01,  7.839852668336520e-01
s279        ,  1.613883746546309e+00,  8.300322745621239e-01, -2.249885886963221e+00
s280        , -1.609264987376503e+00, -1.126242603042100e+00,  3.052793747349027e+00
s281        , -1.346496740458654e+00,  6.057478047863561e-01, -1.641940294149094e+00
s282        , -1.354536059868065e+00, -4.433828745593437e-01,  1.201833835339121e+00
s283        ,  4.444527822772945e-01, -7.005244720462998e-01,  1.898841974501280e+00
s284        ,  2.385788249720763e+00,  4.252195373167860e-01, -1.152600284579011e+00
s285        ,  4.002184027452821e-01,  5.402831401906211e-01, -1.464491742469069e+00
s286        ,  1.951350507345722e+00,  1.373736179950756e+00, -3.723649957241087e+00
s287        , -7.632184401675008e-01, -1.135928671579993e+00,  3.079048809436896e+00
s288        ,  7.091749484961575e-01, -4.963607949104551e-01,  1.345435811999014e+00
s289        ,  2.314010563846089e+00,  1.192666145235742e+00, -3.232841433112113e+00
s290        ,  7.654861282396248e-01,  2.620652336074866e-01, -7.103541496241826e-01
s291        , -1.053228118031399e+00,  6.409102047401056e-01, -1.737251512558561e+00
s292        , -1.544830063612452e+00, -6.041653549015465e-01,  1.637650904721993e+00
s293        , -1.690406548169091e+00, -1.228565601053582e+00,  3.330150515505117e+00
s294        ,  1.421215154761337e+00,  1.238513958676459e+00, -3.357116538514260e+00
s295        , -1.705271840139646e+00, -1.176481120619174e+00,  3.188970297517803e+00
s296        , -7.627385590929442e-01,  5.123095567037280e-01, -1.388666533469636e+00
s297        ,  3.113058113377143e-01,  5.664447319396684e-01, -1.535405365782966e+00
s298        ,  4.087923101857815e-01,  6.846734281250836e-01, -1.855876127142161e+00
s299        , -3.373353052859909e-01, -2.344984295665351e-01,  6.356315571886823e-01
s300        , -1.247040873629315e+00, -1.049174494965766e+00,  2.843892896129267e+00
s301        ,  1.197929368440681e+00,  1.152038985022070e+00, -3.122717432885310e+00
s302        , -1.485192472843855e+00, -2.971925710061687e-01,  8.055703274548383e-01
s303        , -8.549580863671641e-01,  5.087333785280139e-01, -1.378972943167922e+00
s304        ,  1.882993199254013e+00,  4.157679515225518e-01, -1.126980811530101e+00
s305        , -5.165357198073314e-01, -2.386764294001791e-01,  6.469564455689674e-01
s306        ,  1.036931584747022e+00,  3.245945760545848e-01, -8.798462156610523e-01
s307        ,  5.869139350739363e-01, -3.994877063411159e-01,  1.082851571026367e+00
s308        , -1.992374094653734e+00,  5.650601872687394e-01, -1.531652418324824e+00
s309        ,  1.168183907358183e+00,  2.035812359858067e-01, -5.518273972378093e-01
s310        , -1.689353307212060e-01, -8.697733527338078e-01,  2.357608072776229e+00
s311        ,  4.171830243610439e-01,  2.784924233472114e-01, -7.548816981190545e-01
s312        , -6.851064106122524e-01, -8.225535209371622e-02,  2.229613973751472e-01
s313        , -3.693039585493864e-01, -1.102865292168251e-01,  2.989427197129074e-01
s314        , -1.774434185617937e-01, -1.196386113166457e-01,  3.242924779993642e-01
s315        , -3.815749786763620e-01, -7.977190873706208e-01,  2.162297746052296e+00
s316        ,  6.374559564486620e-01,  9.461477746745738e-01, -2.564628618019668e+00
s317        , -2.030534733815181e+00, -8.855607392973460e-01,  2.400401370470678e+00
s318        , -8.028512356005928e-02,  5.337418240545822e-02, -1.446760847770542e-01
s319        , -5.934013466311561e-01,  2.510913473086951e-01, -6.806083280875261e-01
s320        ,  2.790171268766068e+00,  5.194033938633307e-01, -1.407895091923252e+00
s321        , -1.062277605983094e+00, -7.501088067503350e-01,  2.033245296256355e+00
s322        ,  7.515966182544802e-02,  2.258583636118099e-01, -6.122117902112800e-01
s323        ,  7.526438612763077e-01,  6.373027335701900e-01, -1.727473099451550e+00
s324        , -2.651743878812372e-01, -5.999636949731696e-01,  1.626261883277422e+00
s325        ,  3.264086782559879e-02,  3.871594694036175e-01, -1.049434645989989e+00
s326        , -8.716201269332443e-01,  3.690653424686081e-01, -1.000388696723167e+00
s327        , -1.671151256925621e-01, -4.369348356018076e-01,  1.184355777805994e+00
s328        , -8.227567374308940e-02, -2.169323867364134e-02,  5.880170329533085e-02
s329        , -3.051380631011923e-01,  2.230928583742276e-01, -6.047156103697894e-01
s330        ,  2.650804092125520e-01,  1.357696120394750e-01, -3.680171764010411e-01
s331        , -1.375958879843693e-01, -1.325386851168992e-01,  3.592594243139344e-01
s332        , -2.261103407740682e-02, -2.845007586328237e-01,  7.711678946652963e-01
s333        ,  1.323183942483753e+00,  1.310518906292155e+00, -3.552293184527868e+00
s334        , -8.334838045052183e-01, -5.984201811354084e-01,  1.622078033918379e+00
s335        , -6.616430929673620e-01, -5.609729198115909e-01,  1.520573469168380e+00
s336        ,  7.402611706142616e-01,  4.149112954191184e-01, -1.124658759079656e+00
s337        , -2.672477917829362e+00, -8.601027279214613e-01,  2.331394872458334e+00
s338        ,  5.119490895181960e-01,  3.841917792636074e-01, -1.041390423653682e+00
s339        , -5.205367300996894e-01, -1.124706896605507e+00,  3.048631060735386e+00
s340        , -5.182275979842597e-01, -9.761969159584527e-02,  2.646079834992684e-01
s341        ,  1.970306289887118e+00,  9.936751755139590e-01, -2.693456413841207e+00
s342        , -6.893119617348110e-02, -2.788896980184213e-01,  7.559585510359792e-01
s343        , -9.390007101093136e-01, -3.352018276434801e-01,  9.085982369748188e-01
s344        ,  1.061951331424555e+00,  5.775923108914852e-01, -1.565621998709357e+00
s345        , -7.723215780687481e-01,  7.402041619165392e-02, -2.006397761154544e-01
s346        ,  3.961380156477508e-01,  5.695269312248838e-01, -1.543759976663937e+00
s347        , -1.709617878224923e+00, -1.004687992296646e+00,  2.723307760366439e+00
s348        ,  3.055057864420296e-01,  2.384179285584730e-01, -6.462557530617636e-01
s349        , -2.198294962810685e-01, -4.204837024406284e-01,  1.139763328261287e+00
s350        ,  4.405144181634822e-01,  2.839916045605920e-01, -7.697877813895702e-01
s351        ,  8.658280652293553e-01,  5.745839946358597e-01, -1.557467655204311e+00
s352        ,  9.704682100223124e-01, -7.885792232782182e-02,  2.137523225999922e-01
s353        , -6.298376205439113e-02,  3.302168129689998e-01, -8.950858537746171e-01
s354        , -5.109688604423301e-01,  3.470010620482410e-01, -9.405812474887731e-01
s355        , -1.498401072816738e+00, -6.465863572431360e-01,  1.752637294292839e+00
s356        ,  1.467186882538691e-01,  4.431888286972069e-01, -1.201307854530874e+00
s357        , -9.744403926942341e-02, -7.418694726912257e-01,  2.010911753350033e+00
s358        , -9.190473297739493e-02,  2.295184933667984e-01, -6.221329397045899e-01
s359        ,  4.402510249016558e-01,  7.435834697668694e-01, -2.015557714656562e+00
s360        , -8.756909416699596e-01, -9.208303773956208e-02,  2.496003268646833e-01
s361        , -1.770572058768898e-01,  1.103935399372089e+00, -2.992327830236047e+00
s362        ,  8.704386959032417e-01,  3.266819217174021e-01, -8.855041758294854e-01
s363        , -1.069662019131376e+00,  3.324816185972011e-02, -9.012248370114934e-02
s364        , -9.988945697241731e-01, -1.375106173556011e+00,  3.727363462573539e+00
s365        ,  1.902823636872192e-01,  2.293625775476915e-01, -6.217103142095174e-01
s366        ,  1.236798092554710e+00,  7.328463242018026e-01, -1.986453602667836e+00
s367        ,  9.184480967949832e-01,  7.571403596586346e-01, -2.052305026988107e+00
s368        ,  1.622937156969907e-01,  8.025229233132784e-02, -2.175319026093933e-01
s369        ,  9.732086991131187e-01,  7.738343868012768e-01, -2.097555865077055e+00
s370        , -8.475872099006456e-01, -1.011870101887748e+00,  2.742775590115791e+00
s371        ,  5.916391131784778e-01,  6.121918801966245e-01, -1.659407608089071e+00
s372        ,  7.596908414790237e-01,  7.492731383473857e-01, -2.030980133077045e+00
s373        , -1.946434670867690e+00, -5.924280713579115e-01,  1.605835818242324e+00
s374        , -9.564014283175247e-01, -6.295909430450443e-01,  1.706569516304865e+00
s375        ,  7.284511861928944e-01,  3.677777807181071e-02, -9.968986312162859e-02
s376        ,  2.037232105036609e+00,  1.082848272405880e+00, -2.935169053629554e+00
s377        ,  7.637732850848319e-01,  1.059501959200501e+00, -2.871886525704825e+00
s378        ,  9.950925555332778e-01,  5.699477338099874e-01, -1.544900604355700e+00
s379        , -8.163846007494809e-01, -7.584946870166279e-01,  2.055976067383115e+00
s380        , -9.184292068832667e-01, -4.433514220813457e-01,  1.201748580236969e+00
s381        ,  1.520868814304400e-01,  3.849724050977916e-01, -1.043506388419337e+00
s382        , -7.921265824309521e-01, -4.850625404258596e-01,  1.314810757900219e+00
s383        ,  6.672838300456270e-01,  3.393933119923338e-02, -9.199596764885845e-02
s384        , -8.703903476353083e-01, -7.363037143375365e-01,  1.995825206050629e+00
s385        ,  8.850482925000750e-01,  9.468357320805294e-02, -2.566493395698712e-01
s386        ,  9.061627662896372e-01,  7.862449092526298e-01, -2.131195833267291e+00
s387        , -1.106690246889199e+00, -1.413623716916279e+00,  3.831769134331877e+00
s388        ,  2.054813205480301e+00,  1.167462166519185e+00, -3.164523516149647e+00
s389        ,  5.830110458201296e-01,  1.430373456694536e-01, -3.877170987118005e-01
s390        ,  4.058167767744562e-02,  3.975169679947851e-01, -1.077509686706692e+00
s391        , -3.572825686809577e-01, -2.850006622148015e-01,  7.725229335576426e-01
s392        , -7.654037138178209e-02,  3.968629360144653e-01, -1.075736867302868e+00
s393        ,  3.686774220084653e-01, -1.419821531718898e-01,  3.848568934149039e-01
s394        , -2.015273820649741e-01, -5.717853903034428e-01,  1.549881756940270e+00
s395        , -6.768380070474944e-01,  6.080203758250312e-01, -1.648100326311378e+00
s396        , -1.571978956162156e+00, -4.029351090235541e-01,  1.092196102413401e+00
s397        , -4.953598502673374e-01, -4.237237649315279e-01,  1.148545843224334e+00
s398        ,  1.555253169293307e-01,  9.192873313580689e-01, -2.491820687307262e+00
s399        , -1.863721424692930e+00, -4.213864803267562e-01,  1.142210398438327e+00
s400        , -1.580914135378970e+00, -8.102622133018795e-01,  2.196297149299633e+00
s401        , -1.745467987214960e+00, -8.153979667333344e-01,  2.210218125047773e+00
s402        , -6.980793622242578e-01, -9.801904631346392e-01,  2.656904745909988e+00
s403        ,  2.251226886668626e-01,  8.520659637146304e-01, -2.309610415492080e+00
s404        ,  7.040030298805581e-01,  4.368918124145458e-01, -1.184239159133685e+00
s405        ,  7.810975699633602e-01,  2.270981467080021e-01, -6.155723468745614e-01
s406        , -7.486530226048838e-01, -7.748124312596476e-02,  2.100206952861411e-01
s407        , -5.898664718227481e-01, -1.242097051773766e+00,  3.366828872405807e+00
s408        , -1.653430955336652e+00, -5.284429515691690e-01,  1.432397721435441e+00
s409        ,  3.615421057666912e-01, -1.986779755852034e-01,  5.385366172121262e-01
s410        , -1.927277741805878e+00, -7.926057045842007e-01,  2.148437408185463e+00
s411        , -7.559092474121807e-01, -6.535988664336483e-01,  1.771645405113899e+00
s412        ,  1.873884464024186e+00,  5.762254828580741e-01, -1.561917073977484e+00
s413        , -8.487613459239005e-02, -9.126866266919466e-02,  2.473928814030222e-01
s414        , -7.984251397438490e-02,  2.683863255563222e-01, -7.274881045338091e-01
s415        ,  3.823952603345893e-01, -7.486165565532455e-01,  2.029200402146640e+00
s416        , -9.819900149129634e-01, -4.917815834458852e-01,  1.333023399176884e+00
s417        , -1.482842264827313e+00, -8.844168288446862e-01,  2.397300686241565e+00
s418        ,  5.288306085486905e-02,  5.523183693833342e-01, -1.497114440569981e+00
s419        , -1.062501299146121e+00, -5.410929651528374e-01,  1.466686854405365e+00
s420        ,  1.615525737358243e+00,  1.025983735626245e+00, -2.781032012588957e+00
s421        , -8.420822469136371e-01, -2.652272650363566e-02,  7.189251535525588e-02
s422        , -2.976491469173829e-01, -1.907043172027536e-01,  5.169232149241201e-01
s423        ,  2.602465190009081e-01, -6.124508187968838e-01,  1.660109487184822e+00
s424        , -1.598544685575904e-02,  1.026766673404305e+00, -2.783154244110806e+00
s425        , -6.873434672527886e-01,  5.942534207404313e-02, -1.610783611166006e-01
s426        ,  3.868281565378119e-01,  6.737276033517909e-01, -1.826206369190164e+00
s427        , -4.350921811790252e-01,  2.101020283170123e-01, -5.695026601009757e-01
s428        ,  1.434023500487657e+00,  2.623441059096198e-01, -7.111100610219236e-01
s429        , -1.410084545291046e-01, -3.317029032990367e-01,  8.991140509457054e-01
s430        , -2.958129836419498e-04,  2.917582227205544e-01, -7.908399803498454e-01
s431        ,  4.037460271826608e-01,  2.062886841362210e-01, -5.591662075105970e-01
s432        , -1.066289337790875e+00,  3.041691436829381e-01, -8.244810287442751e-01
s433        ,  1.465780698491131e-01, -6.407425082530531e-01,  1.736796954379228e+00
s434        ,  4.355472814078696e-01,  5.744284080300915e-01, -1.557045922075075e+00
s435        ,  1.360224600447043e-01, -3.054752977131106e-02,  8.280214904934736e-02
s436        , -1.176834064700477e+00,  5.992863190589758e-02, -1.624425787795087e-01
s437        ,  4.255542297351823e-01, -1.681217193163974e-01,  4.557108141144267e-01
s438        ,  4.759340095896714e-01, -1.424079184853221e-01,  3.860109730804869e-01
s439        , -1.323840968987944e+00, -9.286632102147659e-01,  2.517234949094478e+00
s440        ,  1.911375936580772e+00,  1.445995212788729e-01, -3.919515326781723e-01
s441        , -5.968585101940267e-01, -3.242930422098308e-02,  8.790288778748687e-02
s442        ,  1.602708630643593e+00,  7.682750656461881e-01, -2.082486766451307e+00
s443        , -3.418194688489122e-01, -7.052712731732790e-01,  1.911708655943813e+00
s444        ,  7.637447106545252e-02, -1.318004582992354e-02,  3.572583863430748e-02
s445        ,  1.017156754691856e+00,  3.452330451212645e-01, -9.357888599469574e-01
s446        ,  1.325048844178530e-01, -1.439949511371152e-01,  3.903127845580018e-01
s447        , -1.204238242348799e-02,  2.791936976627040e-01, -7.567825726195661e-01
s448        ,  1.955645847805345e-01, -4.403338383693313e-02,  1.193569116360132e-01
s449        ,  1.023488117482966e+00, -2.301412444932383e-02,  6.238209692106822e-02
s450        ,  1.292595058164963e+00,  5.329365709925884e-01, -1.444578128429215e+00
s451        , -1.076547322827218e+00, -6.780108631335582e-01,  1.837816575237007e+00
s452        ,  1.041326926021928e+00, -3.484065948705359e-01,  9.443910854402116e-01
s453        , -2.986039119797083e-01, -4.935389844444344e-01,  1.337787011177944e+00
s454        , -1.068578759667890e+00, -1.474045292042890e+00,  3.995547885245105e+00
s455        , -1.019022963464540e-01, -1.447434991456856e-01,  3.923417991539527e-01
s456        , -1.276108587100781e+00, -5.870379717201660e-01,  1.591225411543757e+00
s457        , -1.562653854847452e+00, -8.188386859760579e-01,  2.219544540299867e+00
s458        , -1.571215894852859e-01, -1.266709810439690e-01,  3.433544228011598e-01
s459        , -7.908915586506603e-01, -5.803227939432510e-01,  1.573023247396947e+00
s460        ,  1.259413921430306e+00,  3.399640283687590e-01, -9.215066605759887e-01
s461        , -2.175818754703068e+00, -1.135153324731875e+00,  3.076947153893440e+00
s462        ,  1.056177437374778e+00,  1.025020096535790e+00, -2.778419972001880e+00
s463        ,  7.682398919925580e-01, -3.634189151420306e-01,  9.850834880666347e-01
s464        , -1.670624175566991e+00, -7.568997885002074e-01,  2.051652934689117e+00
s465        ,  3.572362737692146e-01,  1.545197932049077e-01, -4.188414265838010e-01
s466        , -1.202841334482274e+00, -4.857525215585559e-01,  1.316681021093953e+00
s467        , -9.998937028287649e-01, -9.272298976185259e-01,  2.513349811274279e+00
s468        , -9.085815979292671e-01, -5.350835619967399e-01,  1.450397763288867e+00
s469        ,  1.368123103534693e+00,  8.395551832200951e-01, -2.275698687801252e+00
s470        ,  6.270281968061773e-01,  2.533257753646899e-01, -6.866649698624130e-01
s471        , -2.645435144970038e-02,  2.418695314622519e-01, -6.556116695708054e-01
s472        , -9.877961354209571e-01, -1.543803724029497e-01,  4.184635124902322e-01
s473        ,  9.062936723193105e-01,  1.891152088000630e-02, -5.126157769152107e-02
s474        , -1.654729567131913e+00, -8.931034163694038e-01,  2.420846554609206e+00
s475        ,  1.613264697983012e+00,  8.913324269991282e-01, -2.416046109961138e+00
s476        ,  6.116129809221721e-01,  6.980249615013159e-01, -1.892066800002864e+00
s477        ,  5.840337661930540e-01, -7.000903520283025e-01,  1.897665248569441e+00
s478        , -1.152221920522414e+00, -7.083140979828836e-01,  1.919956538352051e+00
s479        , -5.094753281829528e-01, -4.823074814138197e-01,  1.307342893602762e+00
s480        ,  2.973171178971666e-01,  1.298325748624505e+00, -3.519242405426014e+00
s481        , -1.675140558535767e+00, -7.632856826809469e-01,  2.068962542560047e+00
s482        ,  5.105384321341787e-01,  2.834311971950933e-01, -7.682687409121971e-01
s483        ,  6.412437341666034e-01,  5.844953086216129e-01, -1.584333267712657e+00
s484        ,  2.259666720581154e+00,  1.448950708450978e+00, -3.927526494760685e+00
s485        , -6.133731587036793e-02, -6.057716606766550e-01,  1.642004957936936e+00
s486        ,  1.705016907792880e+00,  8.937241744971077e-01, -2.422529181891952e+00
s487        , -8.949077256537035e-01, -8.618904487996810e-02,  2.336240669539971e-01
s488        ,  4.414328374469543e-01,  1.637331158499832e-01, -4.438150634247652e-01
s489        ,  1.128277752007163e+00, -3.559507428621634e-02,  9.648402566540423e-02
s490        ,  1.504039442617624e+00,  1.227250833245368e+00, -3.326586705244975e+00
s491        , -5.198334157682939e-01, -6.497868720074638e-01,  1.761312611169014e+00
s492        ,  1.151627147663105e+00, -1.329027996100071e-02,  3.602463932359756e-02
s493        , -8.097664188918847e-01,  1.794277793828812e-01, -4.863570260272817e-01
s494        ,  6.975315577850427e-01, -5.421013292572184e-01,  1.469420126636934e+00
s495        ,  5.757891210893782e-02, -2.293028924306624e-01,  6.215485317022816e-01
s496        ,  1.842735197085195e-01,  1.083512209013662e+00, -2.936968720521394e+00
s497        , -3.806010851052651e-01, -5.103312901663712e-02,  1.383304243231709e-01
s498        ,  2.924357353950326e-01,  9.491267903045245e-02, -2.572703539234513e-01
s499        , -7.813708299191795e-01, -9.062804469696124e-01,  2.456564220160382e+00
s500        ,  1.758078897939560e-01, -3.916998133227809e-01,  1.061741704424644e+00
s501        ,  5.268597846364341e-01,  4.927764253863424e-03, -1.335720018224323e-02
s502        , -1.555727833576514e+00, -3.672393072732479e-01,  9.954390448348648e-01
s503        ,  1.172585934883691e+00,  9.970770027637271e-01, -2.702677408438288e+00
s504        ,  2.953705009587212e-01, -3.846045774865162e-01,  1.042509354717388e+00
s505        ,  1.048522988543107e+00,  1.056034397385434e+00, -2.862487350963085e+00
s506        ,  3.661355339494777e-01, -3.281417434664516e-01,  8.894611693721782e-01
s507        ,  7.001138090247848e-01,  3.597838973241085e-01, -9.752304070021449e-01
s508        ,  5.464601963517309e-01,  4.253292685754516e-01, -1.152897722182098e+00
s509        ,  2.946634304577050e-01, -1.353139435875489e-01,  3.667820412737192e-01
s510        , -1.105581921856613e+00, -1.965936868754845e-01,  5.328869432222476e-01
s511        ,  1.309201174401844e+00,  4.294052973827719e-01, -1.163946207848855e+00
s512        ,  7.885562671323767e-01, -9.940870856666577e-02,  2.694572937701372e-01
s513        , -5.799590652888761e-01, -3.207544974846379e-01,  8.694372968224313e-01
s514        ,  1.756955937636850e+00,  9.269399819530626e-01, -2.512563965730526e+00
s515        ,  1.301480913945962e+00, -6.510204009554882e-01,  1.764656215335231e+00
s516        ,  1.639096205345820e+00,  1.000734304009671e+00, -2.712590890973607e+00
s517        ,  1.265571797582470e+00,  1.068538293487529e+00, -2.896380417816418e+00
s518        ,  1.441905473368953e+00, -1.359268148963033e-01,  3.684432905411874e-01
s519        , -3.428509295553605e-01,  1.402421885085031e-01, -3.801405443524121e-01
s520        , -7.417091464175269e-01, -1.396527744557773e-02,  3.785428783345421e-02
s521        , -3.011966055380439e-01, -5.809286908869389e-01,  1.574665591947075e+00
s522        , -6.069082570615003e-01,  1.042666797828507e-01, -2.826253129105178e-01
s523        ,  1.256149620532759e+00,  4.543716123515290e-01, -1.231619913340991e+00
s524        ,  7.847794981407885e-02,  1.173159155415901e+00, -3.179965777022778e+00
s525        ,  7.540604241380651e-01, -3.553180578117239e-01,  9.631253002487278e-01
s526        ,  6.882803931636600e-01,  8.509878467093536e-01, -2.306688071013431e+00
s527        , -3.347470952839998e-01, -4.388791173917266e-02,  1.189625948970998e-01
s528        , -8.880876507782669e-01, -1.571919300015328e+00,  4.260845218838405e+00
s529        ,  9.212434057068956e-01,  1.218153473007545e+00, -3.301927396161487e+00
s530        ,  1.578253206298823e+00,  9.664818522739386e-01, -2.619746178646284e+00
s531        , -1.270304683847079e+00, -3.249594865741827e-01,  8.808353422928827e-01
s532        , -1.264611305197325e-01, -1.538779664395338e-01,  4.171016906415434e-01
s533        ,  8.237391297987287e-01,  4.556687627966655e-01, -1.235135969968211e+00
s534        ,  1.456467143630557e+00,  7.487653400977802e-01, -2.029603694894789e+00
s535        , -1.038398689934332e+00, -2.929248916169200e-01,  7.940023536275316e-01
s536        ,  5.135961834965114e-02,  4.955842819170645e-02, -1.343330995501610e-01
s537        , -8.440212331633648e-02,  4.782953841605401e-01, -1.296467700837469e+00
s538        , -1.317636610189324e+00, -2.699174980998457e-01,  7.316385015746916e-01
s539        ,  2.901282138702423e-01, -1.285022501173538e-01,  3.483182616417811e-01
s540        , -9.824868919009930e-02,  4.322008747205989e-01, -1.171523901139889e+00
s541        , -2.175405710121729e+00, -3.978956626140850e-01,  1.078536176525877e+00
s542        ,  2.591231555634873e-01, -1.244318772478616e-01,  3.372851069628505e-01
s543        , -1.058007309971475e+00, -5.480458180966266e-01,  1.485533260975054e+00
s544        ,  3.414925189823615e-01,  6.223393509258555e-01, -1.686913347181099e+00
s545        , -3.918998056173664e-01, -2.918139107037615e-02,  7.909909282242028e-02
s546        ,  5.616853932534657e-01,  2.299581009678633e-01, -6.233245402817595e-01
s547        , -1.305950209492647e+00, -7.747678569491043e-01,  2.100086129713580e+00
s548        , -3.050762501887698e-01, -1.636929660208882e-01,  4.437062332785013e-01
s549        ,  1.039973910986755e+00,  1.262530826346222e+00, -3.422216671696153e+00
s550        ,  2.095033672336811e+00,  1.230169473017304e+00, -3.334497971629734e+00
s551        , -1.303711602903422e+00, -9.186895060198617e-01,  2.490200221654875e+00
s552        ,  3.401293169548340e-01,  4.825561546949106e-01, -1.308016947519384e+00
s553        , -5.647880997296291e-02,  1.985944047307186e-01, -5.383100900133296e-01
s554        , -1.031552667181043e+00, -5.119459885685678e-01,  1.387681045505716e+00
s555        , -8.490058291493486e-01,  1.410921952810758e-01, -3.824445731233938e-01
s556        , -7.911863624049645e-01,  1.029028503630290e-01, -2.789285162220989e-01
s557        ,  2.474068956648234e-01,  6.716437951447539e-01, -1.820557997651089e+00
s558        , -5.007238229142659e-01, -3.989874965785835e-01,  1.081495702200861e+00
s559        ,  2.118829903875907e-01,  2.701808963928705e-01, -7.323524691158196e-01
s560        ,  1.297132454751414e+00, -5.641854336857033e-01,  1.529281310837370e+00
s561        , -5.288135218546877e-01,  1.013417808057267e-01, -2.746970803211333e-01
s562        , -7.943538387030608e-01, -4.904414387682680e-01,  1.329390802362200e+00
s563        , -1.695221398164226e+00,  5.420596137027912e-03, -1.469307052434798e-02
s564        , -8.235878596232100e-01, -5.983887678793356e-01,  1.621992885131196e+00
s565        ,  5.786852470915556e-01, -1.527052043186717e-01,  4.139228010665750e-01
s566        , -8.302212330074120e-01, -4.571073481592487e-01,  1.239035400151424e+00
s567        ,  5.393556498613845e-01,  3.639201880081415e-01, -9.864422385412170e-01
s568        ,  6.041187276553233e-01,  7.375541621167593e-02, -1.999214670408915e-01
s569        ,  5.614800719887969e-01,  3.796261186285065e-01, -1.029014741716499e+00
s570        ,  4.733969246303091e-01, -2.600972998913676e-01,  7.050198675365247e-01
s571        ,  5.730080514530492e-01, -2.364510026057312e-01,  6.409242026180056e-01
s572        ,  2.101230454819456e+00,  1.071919795225566e+00, -2.905546318071520e+00
s573        , -3.811463660619586e-01, -8.687224095162037e-01,  2.354759385579656e+00
s574        ,  6.881700420271470e-01,  6.071313931842599e-01, -1.645690649533108e+00
s575        ,  3.262214597255070e-01, -3.168485478108457e-01,  8.588498277377027e-01
s576        , -9.238693298049329e-01, -4.624243143983418e-01,  1.253447571424049e+00
s577        , -6.565756372879820e-01, -7.139019291416186e-02,  1.935102916207545e-01
s578        ,  6.712394147332968e-01,  2.395037322120510e-02, -6.491989329730327e-02
s579        ,  5.839122855740915e-01,  1.200990627262228e-02, -3.255405778140180e-02
s580        ,  8.930567879170549e-01,  2.049512694090249e-01, -5.555410105008508e-01
s581        ,  2.904861379712105e-01,  4.240237269094564e-01, -1.149358920307539e+00
s582        ,  1.328044708555014e+00,  8.863843603561997e-01, -2.402633878113224e+00
s583        , -1.299353843688629e-01, -5.806787049476076e-01,  1.573987979938389e+00
s584        ,  3.159094534140009e-01,  6.141784313861420e-01, -1.664792354709174e+00
s585        ,  6.465779848987862e-01,  1.319800749640535e+00, -3.577452553620522e+00
s586        , -1.841977151216957e+00, -1.324718489118588e+00,  3.590782580640579e+00
s587        , -1.519059721495913e+00, -1.231539715447384e+00,  3.338212151426876e+00
s588        ,  9.387912361205540e-01,  6.647137903729403e-01, -1.801773523347464e+00
s589        ,  7.816518315318010e-01, -3.288685575907443e-01,  8.914312720908398e-01
s590        ,  1.602915956175816e+00,  4.936172544237973e-01, -1.337999169822057e+00
s591        ,  6.259814475720534e-01, -2.499928535774988e-01,  6.776307504456935e-01
s592        , -1.866544971407417e+00, -1.313268380682549e+00,  3.559745911147176e+00
s593        , -1.403474560349544e+00, -5.959697435152511e-01,  1.615435876513857e+00
s594        , -1.647273275131083e+00, -3.801313949810504e-01,  1.030384344043355e+00
s595        , -6.257274702470921e-01,  1.074525506515916e+00, -2.912609360361957e+00
s596        , -8.694069998626693e-01, -8.343876513587515e-01,  2.261691573425606e+00
s597        ,  1.839102866755815e+00,  8.137017839086642e-01, -2.205620451058592e+00
s598        , -9.091043104888927e-01,  1.754950677248715e-01, -4.756970158951220e-01
s599        ,  1.564046405735407e+00,  1.105262278378507e+00, -2.995924469115929e+00
s600        ,  2.905731218387104e-01, -5.158641257853521e-01,  1.398301550150405e+00
s601        ,  3.859556967138554e-01,  8.492988307689919e-03, -2.302109823584317e-02
s602        , -1.440073457507333e+00, -3.764629202320365e-01,  1.020440574605183e+00
s603        , -1.400421335117203e+00, -6.036639093802963e-01,  1.636291686248305e+00
s604        , -1.410598066968925e+00, -4.307394234936110e-01,  1.167562490733505e+00
s605        , -1.621387133323042e-01, -3.720516267137444e-01,  1.008483320249870e+00
s606        , -9.979698047533581e-01, -2.468764650512530e-01,  6.691834661913633e-01
s607        ,  8.102904644198851e-01,  4.798768767780088e-01, -1.300754495495251e+00
s608        ,  6.515689709358394e-01, -7.577444969529346e-02,  2.053942601831751e-01
s609        ,  1.387300347613353e-02, -7.792208458250465e-03,  2.112156403525633e-02
s610        ,  1.548918422462740e-02,  1.351659057752944e-01, -3.663807699078506e-01
s611        ,  1.874583079024923e-01,  1.018236805544581e-01, -2.760033180143288e-01
s612        , -6.619121708260401e-01, -2.416281761437601e-01,  6.549574517271628e-01
s613        ,  1.853178585757171e+00,  1.279377633815054e+00, -3.467881636211547e+00
s614        , -3.191525488535211e-01,  1.239537675014729e-01, -3.359891424518472e-01
s615        , -1.037736039722638e-01, -4.095361707984826e-01,  1.110088943669747e+00
s616        , -8.799864633294983e-01, -1.465147186567858e+00,  3.971428676218511e+00
s617        , -1.183843594802836e+00, -8.586107416794004e-01,  2.327350693825248e+00
s618        , -1.123650075268739e+00, -9.612607807715781e-01,  2.605593939693668e+00
s619        ,  9.176659138352714e-01,  7.857342821274899e-01, -2.129811727133636e+00
s620        ,  1.595155267894712e+00,  9.441502383425300e-01, -2.559214095066892e+00
s621        ,  1.133359360912493e+00,  3.653722792698550e-01, -9.903782778211782e-01
s622        , -1.002419121282031e+00, -3.450831279177385e-04,  9.353824943024378e-04
s623        ,  1.034471969936264e-01, -3.925961752389046e-01,  1.064171383470271e+00
s624        ,  1.639327811745190e+00,  7.156998309006292e-01, -1.939976309589599e+00
s625        , -4.972654620844767e-01,  6.135132349916086e-01, -1.662989273038755e+00
s626        ,  3.826916613216537e-01, -2.448356039506295e-01,  6.636515070998118e-01
s627        ,  3.687647283893495e-01, -5.529632373510693e-02,  1.498862419996841e-01
s628        , -2.769187143037049e-02,  1.017943570868732e+00, -2.759238338088373e+00
s629        , -6.084255915863078e-01, -1.222365524704824e+00,  3.313344585539894e+00
s630        ,  2.575662011885660e-01, -6.884990022614316e-01,  1.866245730256018e+00
s631        ,  1.966623425207500e-01,  1.143766557285172e-02, -3.100294186239860e-02
s632        , -1.969402937452174e-01,  4.538956325997945e-01, -1.230329722394533e+00
s633        ,  2.667860134858853e+00,  1.268312091274621e+00, -3.437887371221736e+00
s634        ,  6.040142711820373e-01,  4.653270335200276e-02, -1.261315683286496e-01
s635        ,  1.911892919802316e+00,  1.529156217254610e+00, -4.144931585917162e+00
s636        , -2.071432026808114e-01, -7.220498356175494e-01,  1.957188635462452e+00
s637        , -3.698619835175475e-01, -2.879193619019677e-01,  7.804343623486534e-01
s638        ,  1.470155794820396e-01,  1.134162486162699e+00, -3.074261386386116e+00
s639        ,  1.040284966432418e-01, -3.398199620374174e-01,  9.211161543082143e-01
s640        , -7.663785491668938e-02, -2.503687395921543e-01,  6.786496272597625e-01
s641        ,  1.396787091256105e+00,  9.921639030636311e-01, -2.689359958002616e+00
s642        ,  1.137451761223005e+00,  6.903691384095566e-01, -1.871314922208325e+00
s643        ,  6.186651151125385e-02,  1.463575872606364e-01, -3.967169471830558e-01
s644        , -1.171820789178678e+00, -7.043061213407937e-01,  1.909092514917452e+00
s645        ,  4.823756822475945e-01, -3.087079317817363e-01,  8.367838699714917e-01
s646        ,  8.205150420430783e-01,  9.197511137392621e-01, -2.493077816055201e+00
s647        ,  3.518506790799084e-01,  4.780565697963621e-01, -1.295820370505824e+00
s648        ,  4.210663223398269e-02,  6.558837420659676e-01, -1.777838790113697e+00
s649        ,  5.870347574891153e-01,  8.278307562659779e-01, -2.243918450399380e+00
s650        , -7.940906852652417e-01, -1.065915966381745e+00,  2.889272336688590e+00
s651        ,  1.648126188438620e+00,  1.153510566409524e+00, -3.126706302109579e+00
s652        ,  2.998843396621517e+00,  8.210262097308192e-01, -2.225474043253026e+00
s653        ,  4.493206753989470e-01,  3.958418336194686e-01, -1.072969066654563e+00
s654        ,  8.907143716152747e-01,  1.232881663280847e-01, -3.341849635876671e-01
s655        ,  3.986925365877027e-01,  4.521447971791377e-01, -1.225583907052101e+00
s656        ,  8.200524881394198e-01,  4.564803210820805e-01, -1.237335780251211e+00
s657        ,  2.253026077099692e-01, -1.715327535684453e-01,  4.649567652163634e-01
s658        , -2.085098433395276e+00, -1.144736886631064e+00,  3.102924361436601e+00
s659        , -3.565026754081164e-01, -3.421528350469150e-01,  9.274396410219268e-01
s660        ,  9.769972243844463e-01,  7.238550757658222e-01, -1.962081920286010e+00
s661        ,  7.549182821078513e-01,  6.060189235501665e-01, -1.642675188802087e+00
s662        , -2.199791631405239e+00, -1.489181096092092e+00,  4.036575003059417e+00
s663        ,  6.537369904412298e-01,  6.292267333533597e-01, -1.705582289337517e+00
s664        , -1.032617581813699e+00, -7.194153762823280e-01,  1.950047668707611e+00
s665        , -1.725197455699346e-01, -2.959738856245698e-01,  8.022669582669906e-01
s666        , -9.556704567146261e-01, -5.869032399685464e-01,  1.590860207592315e+00
s667        , -1.074909955617834e+00, -1.605019671772896e-01,  4.350567102616814e-01
s668        ,  8.157451056201822e-01,  1.019038193564636e+00, -2.762205422900060e+00
s669        ,  8.201013628253861e-01,  3.871525418578480e-01, -1.049415868181058e+00
s670        , -8.377594254676489e-01, -8.281639406798890e-01,  2.244821580233712e+00
s671        , -5.700208727194025e-01, -5.444877161833466e-02,  1.475888668199084e-01
s672        , -7.390594172975107e-01, -2.479347283167823e-01,  6.720519951134007e-01
s673        ,  5.527317739358688e-01,  7.635020164074949e-02, -2.069548936864400e-01
s674        , -1.509604783948018e-01, -4.437861164834340e-02,  1.202926863094606e-01
s675        , -7.328015214360988e-01, -1.064805838430850e+00,  2.886263223325185e+00
s676        ,  2.481079887957650e-01,  3.591473944722383e-01, -9.735051020624184e-01
s677        , -1.497784796529649e+00, -9.305661149294000e-01,  2.522392963539096e+00
s678        , -6.955981656855925e-02, -3.706302156990616e-01,  1.004630442862426e+00
s679        ,  6.295281558129771e-01, -2.376967184647874e-01,  6.443008406311906e-01
s680        , -5.120635862296854e-01, -7.281001932585500e-01,  1.973588737825639e+00
s681        , -4.577628444983340e-01, -7.681692467801182e-01,  2.082199933781493e+00
s682        ,  1.425186289801849e+00, -1.955159765509781e-01,  5.299657010926923e-01
s683        , -8.653733268557259e-01,  4.280678954566694e-01, -1.160321045537759e+00
s684        ,  6.149991181690388e-01,  1.045908288868639e+00, -2.835039516294472e+00
s685        ,  1.739338045322249e+00, -1.110223157346126e+00,  3.009371430057378e+00
s686        ,  9.590771410105174e-01,  9.368096951663372e-02, -2.539316815164765e-01
s687        ,  5.412604899045220e-01,  9.704187308846032e-01, -2.630417483722336e+00
s688        , -1.405336687520458e+00, -5.744828109149855e-01,  1.557193386561318e+00
s689        ,  3.354058241185731e-01,  1.989103066182894e-01, -5.391663738233604e-01
s690        , -6.091694712828629e-01, -6.916916225430644e-01,  1.874899648343562e+00
s691        , -6.034950511663356e-01, -9.396434464729159e-01,  2.546997982834059e+00
s692        , -9.120972373870816e-01, -7.089254833464677e-01,  1.921613759815818e+00
s693        , -4.067329829645622e-01, -4.273996896516769e-01,  1.158509806557887e+00
s694        , -7.579589601320625e-01,  1.030485055381100e+00, -2.793233292104865e+00
s695        ,  1.455973696410247e+00,  9.494028615522979e-01, -2.573451858092946e+00
s696        , -6.516257166940765e-01,  3.566980910382640e-01, -9.668660189835147e-01
s697        ,  7.238448013551265e-01,  3.056585739973831e-01, -8.285182792787230e-01
s698        ,  1.662019888207612e+00,  6.544664387920853e-01, -1.773997047170464e+00
s699        , -1.247862087380916e+00, -8.643798986075558e-01,  2.342988573399485e+00
s700        , -1.114444246482743e+00, -5.691789571207321e-01,  1.542816757888050e+00
s701        , -4.217745973052511e-01, -1.605923222027557e+00,  4.353016266376372e+00
s702        , -8.481384521188838e-01, -1.246635476353973e-01,  3.379130728279354e-01
s703        , -9.416435374285389e-01,  2.588693883492101e-02, -7.016914899133786e-02
s704        ,  9.487448855648489e-01,  1.151941623127771e-01, -3.122453523687285e-01
s705        , -2.365138337942841e-01,  1.725119164137505e-01, -4.676108845008848e-01
s706        ,  5.583280652770262e-01,  1.240816752006383e-01, -3.363358491233896e-01
s707        ,  9.205089121966432e-01,  2.143457678508819e-01, -5.810057425446529e-01
s708        ,  1.060945132046508e+00,  1.910443992544430e-01, -5.178450414987659e-01
s709        ,  1.331106470481227e+00,  2.370583989489485e-01, -6.425706114412265e-01
s710        ,  1.914467968020750e-01,  6.654671704246868e-01, -1.803815635681997e+00
s711        , -7.721035544159952e-02,  8.757566923483096e-01, -2.373826516044205e+00
s712        , -1.414340169349908e+00, -6.605836584874614e-01,  1.790578385850747e+00
s713        ,  5.574707555573186e-01,  2.731111267211092e-01, -7.402951528681279e-01
s714        , -1.685969281548289e+00, -1.572333082592859e+00,  4.261966818094231e+00
s715        , -2.519985050786605e-01, -3.001665047271790e-01,  8.136314736448403e-01
s716        , -1.286737305127487e+00, -6.152647802992248e-01,  1.667737012601125e+00
s717        ,  3.452976089232732e-01, -2.796276783957887e-01,  7.579589210056537e-01
s718        ,  1.123110480867275e+00,  7.300777944274458e-01, -1.978949224515494e+00
s719        ,  6.888993521047060e-01,  8.580763038408359e-01, -2.325902046360208e+00
s720        ,  7.093644696892668e-01,  7.159831383783593e-01, -1.940744242976469e+00
s721        , -7.747236109533534e-01, -7.185201225599266e-01,  1.947620993532426e+00
s722        ,  3.328206388143557e-02,  1.012638342226174e+00, -2.744857982750622e+00
s723        ,  9.358910152584167e-02,  5.314365829697282e-01, -1.440512260165204e+00
s724        , -2.029371048190847e-01,  8.235558151868866e-01, -2.232330793032056e+00
s725        , -2.472238890656029e-01, -1.190374758557236e+00,  3.226630399267357e+00
s726        , -1.287360963264701e+00, -9.872654025079983e-01,  2.676082080015024e+00
s727        ,  1.020824855481522e+00,  2.953643477812163e-01, -8.006147446924580e-01
s728        ,  1.643163575608416e-01,  6.066644038836989e-01, -1.644424828107972e+00
s729        , -1.007289241750788e+00, -2.971155953475313e-01,  8.053616771971126e-01
s730        , -4.777207265671769e-02, -2.743872959617846e-01,  7.437543378323359e-01
s731        , -1.404307349772385e+00, -6.499408681562081e-01,  1.761730033204668e+00
s732        , -8.950540078294736e-01, -5.926698791996413e-01,  1.606491262695676e+00
s733        ,  7.802433523350309e-01,  3.157287070670040e-01, -8.558143868730139e-01
s734        , -3.943979845876157e-01, -6.642916247646878e-01,  1.800629201044492e+00
s735        ,  2.101468865327814e-01,  5.480468612246852e-01, -1.485536088478476e+00
s736        , -9.765048604112492e-01, -1.114913171785524e+00,  3.022084185476944e+00
s737        ,  1.458335451821298e-01,  2.613223660995149e-01, -7.083405325959162e-01
s738        , -6.859666936017033e-01, -9.153004777087447e-01,  2.481013919867124e+00
s739        , -4.324785166901872e-01, -3.176898541403873e-01,  8.611302730835744e-01
s740        , -8.464136206988211e-01, -9.492193535795159e-01,  2.572954441292708e+00
s741        ,  7.826811446288887e-01,  3.744987360849996e-01, -1.015116456101300e+00
s742        , -1.076711651730049e+00, -4.400713098722145e-01,  1.192857506488212e+00
s743        ,  1.126163901269626e+00, -1.234068126163744e+00,  3.345065662743873e+00
s744        ,  4.575225784544250e-01,  3.466498408219293e-01, -9.396292270619803e-01
s745        ,  6.120442964942219e-02,  8.382707015283799e-01, -2.272216971103215e+00
s746        , -7.321682226189937e-01, -1.654242316459797e-01,  4.483990027235603e-01
s747        ,  3.433900501625797e-01,  2.983931397226299e-01, -8.088245896013555e-01
s748        ,  1.070072189769298e+00,  4.086207568013421e-01, -1.107607622044052e+00
s749        , -3.065637698166305e-01,  3.286659853692572e-01, -8.908821797287921e-01
s750        ,  5.825873454256546e-01, -4.539753160814807e-01,  1.230545712478732e+00
s751        ,  1.285276821036510e+00, -2.053636397560099e-01,  5.566587817638702e-01
s752        , -1.346601886455474e+00, -8.940750957254003e-01,  2.423480389143969e+00
s753        ,  1.060914810725354e+00,  5.188481330029495e-01, -1.406390001565152e+00
s754        , -2.988071870667106e-01, -4.135941545514965e-01,  1.121088516403528e+00
s755        ,  3.446486458262936e-01,  8.726944015576461e-01, -2.365525869138245e+00
s756        ,  7.815527627219404e-01, -6.961707245889066e-01,  1.887040704526618e+00
s757        , -1.199593062238568e-01, -5.030949697906574e-01,  1.363689469703230e+00
s758        , -4.537603905509295e-01, -2.396624179567590e-01,  6.496290666297890e-01
s759        ,  8.887536211540952e-01,  4.587752473392542e-01, -1.243556408479625e+00
s760        , -2.895515595576988e-01,  1.704454363248731e-01, -4.620094825673172e-01
s761        ,  1.508586595387194e+00,  8.098597525449592e-01, -2.195206238976260e+00
s762        , -1.358921391484775e+00, -1.574986513617836e+00,  4.269159209520544e+00
s763        ,  6.364126482871525e-01, -2.617731249364758e-01,  7.095623597185275e-01
s764        , -9.313282224456000e-01, -6.337244089625150e-01,  1.717773691030320e+00
s765        ,  1.388135281387673e-01,  1.123463916974730e-01, -3.045261839543902e-01
s766        , -5.439787958329916e-01, -4.884662506960331e-01,  1.324036856613326e+00
s767        , -9.653950427427374e-02, -8.787637460640221e-02,  2.381977437307951e-01
s768        ,  5.676322320535288e-02,  5.339088216141525e-01, -1.447213511436704e+00
s769        ,  2.392616163662374e+00,  9.379726918513168e-01, -2.542469234544484e+00
s770        ,  2.218993464697082e+00,  1.931585117224371e-01, -5.235755557823247e-01
s771        , -1.301691995085941e+00, -6.135303387620182e-01,  1.663035634527143e+00
s772        ,  5.381680992613422e-01,  6.665327450028151e-02, -1.806703982651518e-01
s773        ,  3.401653127948081e-01,  9.189246436394113e-01, -2.490837585800742e+00
s774        ,  1.961582265617426e+00,  9.389858513882489e-01, -2.545215505277858e+00
s775        ,  1.370640331855434e-01, -1.922668134645059e-01,  5.211585180508617e-01
s776        , -1.362945069319552e+00, -4.120508589051972e-01,  1.116905258474369e+00
s777        , -3.352331847361073e-01,  1.674058883744357e-01, -4.537704824151306e-01
s778        ,  1.725306869739156e-02,  6.624143576338928e-03, -1.795540679847067e-02
s779        ,  1.449489553403749e+00,  3.776053818355000e-01, -1.023537331582958e+00
s780        ,  4.890100260675968e-01, -3.876269372300650e-01,  1.050701764507626e+00
s781        , -1.480324044989625e+00, -6.347371320541265e-01,  1.720518778734796e+00
s782        ,  4.189986042737072e-03, -2.677518302130540e-02,  7.257682411478777e-02
s783        , -6.272127818216119e-01,  5.223335281469818e-01, -1.415837515337054e+00
s784        , -7.567615030290811e-01, -3.595871819900260e-01,  9.746971903219449e-01
s785        , -5.703210531845891e-01,  1.071235966357064e-01, -2.903692731208101e-01
s786        , -8.599325133308396e-02, -2.150304739925299e-01,  5.828617073450867e-01
s787        ,  2.785466688170734e-01, -1.178538687323265e+00,  3.194547538826234e+00
s788        , -2.115784691919650e-01, -1.124117446073618e-01,  3.047033295837078e-01
s789        ,  5.205927430670390e-01,  1.397645703305441e+00, -3.788459122870341e+00
s790        ,  2.374718073624741e-01,  1.219647680587383e+00, -3.305977595953830e+00
s791        , -1.870737338196531e-01, -3.130320742663704e-01,  8.485048926926007e-01
s792        ,  3.003547556082287e-01,  5.947975482153290e-01, -1.612258523364003e+00
s793        , -5.143092658197445e-01, -2.765291627590182e-01,  7.495600830142242e-01
s794        , -1.010636071412045e+00,  2.592323211725838e-02, -7.026752558008617e-02
s795        ,  7.888417803219109e-01,  2.017379979206415e-01, -5.468311152422491e-01
s796        , -5.465110200553928e-01, -8.281147669615532e-02,  2.244688289928886e-01
s797        , -1.192872691111335e+00, -3.266799139944442e-01,  8.854987336946603e-01
s798        , -5.479719952294667e-01, -8.633138855501139e-01,  2.340099037887722e+00
s799        , -1.767142590180782e+00,  6.535536449306386e-01, -1.771522827685855e+00
s800        ,  8.963412972756588e-01,  1.160665424714113e+00, -3.146100264508461e+00
s801        , -1.947046181282547e-01,  5.658316776383067e-01, -1.533743620495647e+00
s802        ,  1.600748538223648e+00,  9.746691400191762e-01, -2.641938644788922e+00
s803        ,  6.740572620180487e-01,  6.604100730284014e-01, -1.790107865021027e+00
s804        , -1.928070676221089e+00, -1.431561841727484e+00,  3.880392224166071e+00
s805        , -3.708716392635016e-01, -1.607880327817939e-02,  4.358321198283288e-02
s806        ,  7.676901054132432e-01,  3.580971717258812e-01, -9.706583677755581e-01
s807        , -3.131290990966100e-01,  4.618495035710453e-01, -1.251889488916123e+00
s808        ,  9.833675917069937e-01,  3.621919707051239e-01, -9.817577318794535e-01
s809        ,  5.790963636372374e-01, -1.087668632028964e-01,  2.948235122767393e-01
s810        ,  1.050626461500014e+00,  1.492161827461104e-01, -4.044654574957393e-01
s811        ,  5.249115464039674e-01,  5.618599167479513e-01, -1.522977763495307e+00
s812        ,  1.605931526374291e+00,  9.088493808959572e-01, -2.463527573710065e+00
s813        ,  9.497331683917800e-01,  3.280061562726944e-01, -8.890936466588614e-01
s814        , -7.865406237894390e-01, -3.755415402350827e-01,  1.017943081537494e+00
s815        , -2.660810322736745e-01,  4.058636917582649e-01, -1.100134320197891e+00
s816        , -9.674450919852260e-01, -8.846296977846378e-01,  2.397877688893688e+00
s817        ,  7.270946209036594e-01,  2.888278289326777e-01, -7.828968535237631e-01
s818        ,  6.532804155454609e-01,  3.550025317047562e-01, -9.622700350297818e-01
s819        ,  8.081292268835971e-01,  1.379832828944273e+00, -3.740175536966910e+00
s820        ,  1.390381735794342e+00, -4.151880045276597e-01,  1.125408806923796e+00
s821        ,  1.516978402347241e+00,  5.627699664943090e-01, -1.525444544780221e+00
s822        ,  3.033561593600318e-01,  1.504205097887410e-01, -4.077299069629991e-01
s823        , -8.238895392622754e-01, -5.588736712802119e-01,  1.514883245078636e+00
s824        ,  2.038981274745353e+00,  1.182212258630222e+00, -3.204505122996846e+00
s825        ,  1.320628175421427e-01,  3.427183471835581e-01, -9.289725184944450e-01
s826        ,  9.525953446348723e-01,  1.036365569635972e+00, -2.809173016903039e+00
s827        , -2.151354450670567e+00,  2.429188854013777e-01, -6.584560488683622e-01
s828        ,  8.438987064828645e-01, -1.702188917634769e-01,  4.613954107690585e-01
s829        , -1.571185202221650e+00, -5.637104972553224e-01,  1.527993947918281e+00
s830        ,  3.133543223982471e-01, -3.101429661044252e-01,  8.406736747042400e-01
s831        , -8.984804340484777e-01,  4.602670052118965e-01, -1.247599968094455e+00
s832        , -1.855362237616736e+00, -7.580901692453069e-01,  2.054879581315509e+00
s833        ,  4.948389352249700e-01,  4.237665523098597e-01, -1.148661822712842e+00
s834        ,  1.120605859544544e+00, -4.793308240456212e-01,  1.299274364693368e+00
s835        , -8.435182612795278e-01, -9.931608927374880e-01,  2.692062398697277e+00
s836        ,  1.128844146448547e+00, -7.260688420894050e-01,  1.968082556358977e+00
s837        , -1.924657877822013e+00, -4.623882321873020e-01,  1.253349766965262e+00
s838        , -1.075095206150813e+00, -1.498531410322091e+00,  4.061919969357076e+00
s839        ,  3.864893622265216e-02,  5.819741127998930e-01, -1.577499313092579e+00
s840        , -1.233908351649845e+00, -2.975385589584476e-01,  8.065081625664937e-01
s841        ,  6.618283364070193e-01,  8.062172527538866e-02, -2.185332877271710e-01
s842        , -1.380664268040651e+00, -8.479054955938351e-01,  2.298333048581167e+00
s843        ,  5.539120810708921e-02,  9.846313367858844e-02, -2.668942180188061e-01
s844        , -2.111176459361614e+00, -1.536584567635081e+00,  4.165066876069893e+00
s845        ,  1.677967143093475e-01,  1.948244654112622e-01, -5.280912906611873e-01
s846        , -1.112697847471129e-01,  1.558081655058587e-01, -4.223336891691241e-01
s847        ,  9.946887487236224e-02, -2.152237463727436e-01,  5.833855915528569e-01
s848        , -1.578942777693122e+00, -6.660045590223763e-01,  1.805272281476156e+00
s849        ,  4.886541057537145e-01,  4.301293386567879e-01, -1.165908794478208e+00
s850        , -1.729847647025637e+00, -1.635498672618378e+00,  4.433183497126489e+00
s851        , -3.749493322034729e-03, -9.116713427120918e-01,  2.471176784780827e+00
s852        , -1.822550475295671e-01, -3.008793808686905e-01,  8.155637960605988e-01
s853        , -7.026997334075606e-02,  8.294869293735700e-01, -2.248407674029998e+00
s854        ,  4.598855993128227e-01,  6.541190975404122e-01, -1.773055543804813e+00
s855        ,  1.247409464273019e-01,  1.084866236082476e-01, -2.940638946952402e-01
s856        , -7.920260931956872e-01, -6.081233223311481e-01,  1.648379373160908e+00
s857        ,  1.951476409171481e+00,  5.458120507414579e-01, -1.479478410096147e+00
s858        ,  5.125085136741684e-01,  2.387263177271563e-01, -6.470916728923255e-01
s859        , -6.666214518700428e-01, -3.494543148912336e-01,  9.472310358376825e-01
s860        ,  6.811400510310223e-02,  2.190397121184611e-01, -5.937291501583987e-01
s861        ,  1.248756919249408e-01,  4.506559301743128e-01, -1.221548183424983e+00
s862        , -4.702662470572294e-01,  1.732756868256122e-01, -4.696811609505978e-01
s863        ,  4.846741731606912e-01,  1.117373093583810e-02, -3.028752050699290e-02
s864        ,  5.444121402657592e-01, -1.627281872007788e-01,  4.410911033396680e-01
s865        ,  6.365198845674542e-01,  4.946323285383552e-01, -1.340750630210474e+00
s866        ,  4.352365441984731e-01,  1.025053557408968e+00, -2.778510671060984e+00
s867        , -5.650365137506240e-02, -2.400619864781976e-01,  6.507121372582578e-01
s868        , -2.338433808137944e+00, -1.667774707599742e+00,  4.520670933238550e+00
s869        , -2.347184475558824e-01, -1.233236223035027e-01,  3.342810705718731e-01
s870        , -8.212819619769497e-01, -5.172336706054462e-01,  1.402013839005581e+00
s871        , -1.570593293706644e-01, -2.706436408026811e-01,  7.336067843380244e-01
s872        ,  5.284306454202828e-01,  8.330905335064792e-02, -2.258175605144617e-01
s873        ,  9.554554102193651e-01,  6.618504010162171e-01, -1.794012018765042e+00
s874        ,  1.539965674145509e+00,  9.794187305467482e-01, -2.654812887182058e+00
s875        ,  6.472677808586433e-01,  9.110148117660110e-01, -2.469397191679195e+00
s876        ,  7.990955642461933e-01,  1.276686517565722e+00, -3.460587095197774e+00
s877        ,  2.414774484401116e-01,  1.034746941681057e+00, -2.804785563181522e+00
s878        , -5.588324756467095e-01, -1.154061716642172e+00,  3.128200250198144e+00
s879        , -1.108097718569436e+00, -1.062071610095389e+00,  2.878851822669790e+00
s880        , -7.450297483445956e-01, -2.623058912407232e-01,  7.110064763218344e-01
s881        , -1.759050067534673e+00,  5.182949678142746e-01, -1.404890591735799e+00
s882        , -6.605379692241984e-01, -3.911377210786783e-01,  1.060218096914508e+00
s883        ,  3.815578964726025e-01, -4.113309809408940e-01,  1.114953956914347e+00
s884        , -4.051889851605021e-01, -9.455545481721914e-02,  2.563020617973905e-01
s885        ,  2.841270750996222e-02, -6.820053728564108e-01,  1.848644095233774e+00
s886        , -1.487878849688012e+00, -7.437359488715718e-01,  2.015971024591900e+00
s887        ,  4.820147860437526e-01, -2.643357847670209e-01,  7.165087067010861e-01
s888        ,  7.081092310596755e-01,  1.630279416083462e-01, -4.419036177825509e-01
s889        , -9.770534507358715e-01, -8.894892872252858e-01,  2.411050094394085e+00
s890        , -4.782598098188896e-02,  9.488214586268894e-01, -2.571875907040674e+00
s891        , -3.221184210883459e-01, -1.255320545343021e+00,  3.402672480503469e+00
s892        , -9.718981396026353e-01, -6.978973591613070e-02,  1.891720921038003e-01
s893        ,  2.164744347352419e+00,  2.755357108018562e-01, -7.468672316561560e-01
s894        ,  2.108977331308745e-01,  1.093726896296171e-01, -2.964656656835413e-01
s895        , -7.726754766108114e-01, -3.330932844242026e-01,  9.028828186995387e-01
s896        ,  2.280269149131176e+00,  4.988193722417302e-01, -1.352100032908449e+00
s897        ,  1.732742671810001e+00, -3.485209286830770e-01,  9.447009987280707e-01
s898        , -1.952924930899203e-01, -5.037642481468321e-01,  1.365503615940859e+00
s899        , -1.243124507856433e+00, -2.483972430822270e-01,  6.733056878614749e-01
s900        , -1.127987025274472e+00, -7.155830771390574e-01,  1.939659836786721e+00
s901        ,  2.222405771151902e+00,  9.484011011187464e-01, -2.570736485774738e+00
s902        , -1.852329248500361e+00, -1.075207381246408e+00,  2.914457650337932e+00
s903        ,  1.566870488248132e+00,  6.096655877839594e-01, -1.652559838647098e+00
s904        , -1.387739856871697e+00,  5.843488526313235e-01, -1.583936284034177e+00
s905        ,  1.121219821885002e+00,  4.380493050283493e-01, -1.187376659175397e+00
s906        , -9.933730759278800e-01, -1.196108065273211e+00,  3.242171103239027e+00
s907        , -5.762178128524448e-02, -6.291574352227447e-01,  1.705394449790982e+00
s908        ,  2.416796340775907e-01, -2.006323296663699e-01,  5.438340903346804e-01
s909        , -4.906300545514418e-01, -1.725877756359454e-01,  4.678165085454471e-01
s910        , -1.582982857801990e+00, -1.168907539827652e+00,  3.168441345742270e+00
s911        , -7.523355700553858e-01, -4.211330815793889e-01,  1.141523535670519e+00
s912        ,  2.234392115693803e-01,  4.143149023855430e-01, -1.123042175832899e+00
s913        , -1.421242973618926e+00, -6.112161122866228e-01,  1.656762691117833e+00
s914        ,  5.670067347130126e-02,  8.320298280985396e-02, -2.255300456550174e-01
s915        , -5.612055763432975e-01, -1.023159796745926e-01,  2.773377442487059e-01
s916        ,  8.997740464690428e-01,  4.668818024833482e-02, -1.265530040794352e-01
s917        , -1.606823724089288e+00, -6.028294856901916e-01,  1.634029896988237e+00
s918        ,  3.499868789687910e+00,  1.144570317654396e+00, -3.102472859487466e+00
s919        , -8.715752962891427e-01,  1.958753016835840e-01, -5.309396879718258e-01
s920        , -1.856154837094556e+00, -1.169358444353975e+00,  3.169663567770537e+00
s921        ,  2.276110916770269e-01,  1.330404465274545e+00, -3.606194990373257e+00
s922        ,  1.278757880561135e+00,  1.110385399039417e+00, -3.009811202470090e+00
s923        , -2.625003058195761e-01, -5.552838544519509e-01,  1.505152685838698e+00
s924        , -1.727834522886678e+00, -4.845198332547294e-01,  1.313339695578307e+00
s925        ,  1.850614154947127e+00,  1.061582942614150e+00, -2.877527240357568e+00
s926        , -9.602025879025962e-01, -8.904313689470403e-01,  2.413603701567083e+00
s927        , -1.294474937930480e+00, -1.292807850087514e+00,  3.504285586969018e+00
s928        , -8.964192424384730e-01, -4.130666695470120e-01,  1.119658715293927e+00
s929        ,  3.373466507702029e-01,  7.107805976758872e-01, -1.926642233619039e+00
s930        , -4.361686703935594e-01,  1.096617053879966e-01, -2.972490719387151e-01
s931        ,  1.180800691213646e+00,  6.425506485689517e-01, -1.741698100398562e+00
s932        ,  4.707166528445573e-01,  2.890475385714641e-02, -7.834923985774711e-02
s933        ,  1.703804210339992e+00,  4.223568132219560e-01, -1.144840583255800e+00
s934        , -1.834005051426063e+00, -1.279095467150204e+00,  3.467116795112625e+00
s935        , -1.778081906893596e+00, -1.392215768218050e+00,  3.773740738182600e+00
s936        , -1.576278502143039e+00, -7.119652923328911e-01,  1.929853467532275e+00
s937        ,  1.612912677482048e-01,  1.092839371044156e+00, -2.962250930455818e+00
s938        ,  3.756397573989944e-01, -4.270074242781353e-01,  1.157446531845658e+00
s939        , -1.269094165370334e+00, -2.959547342124704e-01,  8.022150464400430e-01
s940        ,  1.741633513389910e-01,  7.995945005864395e-01, -2.167381242026860e+00
s941        , -7.405880410109713e-01, -8.805749331876574e-01,  2.386886842005816e+00
s942        , -9.892731562449667e-01, -2.125050770419475e-01,  5.760163651430710e-01
s943        , -2.404390935905113e-01,  6.846134937264532e-02, -1.855713668932093e-01
s944        , -1.000366609598994e+00, -4.518727303248518e-01,  1.224846442504604e+00
s945        , -6.403848269203396e-01, -4.404571966159644e-01,  1.193903491283427e+00
s946        ,  1.042678968069443e+00,  6.025471392291493e-01, -1.633264568533668e+00
s947        ,  5.081125559242119e-03, -3.181918377929857e-01,  8.624909502163558e-01
s948        , -9.507722609706111e-01, -2.510276501031630e-01,  6.804356704112440e-01
s949        , -1.109777834090980e-01, -3.250950427266133e-01,  8.812027808655643e-01
s950        ,  6.358188156380659e-01,  8.489880483504784e-01, -2.301267416609626e+00
s951        , -2.185819524191360e+00, -9.551234700070866e-01,  2.588958142151674e+00
s952        ,  1.305064709156518e+00,  1.128066660979512e+00, -3.057738039680975e+00
s953        ,  1.664044937420125e+00,  1.212298687956201e+00, -3.286057412954905e+00
s954        ,  1.051351309197189e+00,  6.368157954284560e-01, -1.726153204687833e+00
s955        , -1.399028311662238e+00,  1.678004604554096e-02, -4.548400096896446e-02
s956        ,  1.385421265834244e+00,  6.407515333121386e-01, -1.736821417708772e+00
s957        , -9.408889636329509e-01, -5.841422099285349e-01,  1.583376158223536e+00
s958        ,  9.732055185777989e-01,  3.793158187557104e-01, -1.028173642730440e+00
s959        , -5.141793956906318e-01, -4.753701237464018e-01,  1.288538488536738e+00
s960        , -1.427508420922604e+00, -2.014903631557774e-01,  5.461598763282167e-01
s961        , -2.005936182526317e-01, -7.358176659456934e-01,  1.994507723043398e+00
s962        , -1.040812919577019e+00, -5.210426255133852e-01,  1.412338394030832e+00
s963        ,  3.350397487530737e-01, -8.313789813294745e-01,  2.253536270981528e+00
s964        , -1.211148190797335e+00, -4.826189931807724e-01,  1.308187277549711e+00
s965        , -3.546684926971408e-01, -1.180441513923506e+00,  3.199705341533942e+00
s966        , -1.297482551855561e+00, -6.775978340347714e-01,  1.836697018361034e+00
s967        , -7.045435460678466e-02,  7.114343999431879e-01, -1.928414430362642e+00
s968        ,  9.299065987644249e-02,  4.496770944617638e-01, -1.218894950866669e+00
s969        ,  6.950554955433741e-01,  4.279188573712731e-01, -1.159917062831026e+00
s970        ,  2.496136210729473e-01, -3.090676346175354e-01,  8.377588806530849e-01
s971        , -1.044044119112300e+00, -5.394132064863462e-02,  1.462133699747331e-01
s972        , -1.696855601622959e-01,  3.116096689860516e-01, -8.446493202482398e-01
s973        ,  4.802864320387064e-01, -6.498896885646713e-01,  1.761591305778967e+00
s974        , -1.989928973862809e-01, -2.181784840275755e-01,  5.913947048765430e-01
s975        ,  5.144117291211028e-01, -3.938416208148532e-01,  1.067547288853933e+00
s976        ,  3.695887594461369e-01,  8.357559943841822e-01, -2.265400604695582e+00
s977        , -5.208667084829632e-01, -2.838609095120646e-01,  7.694335193274925e-01
s978        , -1.415530554889297e+00,  1.141396887142575e-02, -3.093870957199280e-02
s979        , -9.075955878756906e-02,  1.179570091988408e+00, -3.197343264813009e+00
s980        , -1.408049785649007e+00, -1.088482688648413e+00,  2.950441705035836e+00
s981        ,  7.617332134276669e-01,  4.368695193579961e-01, -1.184178731563763e+00
s982        ,  5.658342892742035e-01,  1.771826094527023e-01, -4.802712673230091e-01
s983        , -6.523400746561840e-01, -9.411344608422277e-01,  2.551039527108399e+00
s984        ,  1.408650344937473e+00, -7.271012252958173e-02,  1.970880934780191e-01
s985        , -1.892295500046385e+00, -1.847642113483630e+00,  5.008219611073194e+00
s986        ,  7.279494111089813e-01,  4.243682984907005e-01, -1.150292916203178e+00
s987        ,  6.069333137359153e-01, -2.552513830029036e-01,  6.918845228627246e-01
s988        ,  7.956867077796173e-01,  3.109770049744775e-01, -8.429344208708862e-01
s989        , -1.492402946081943e-01,  8.188902947674356e-02, -2.219684431114863e-01
s990        ,  4.998144921024050e-01,  9.657021158653277e-01, -2.617632624758021e+00
s991        , -1.388778051347251e+00, -1.643113749319406e+00,  4.453824927734502e+00
s992        ,  4.282998930275517e-01, -1.115013381670406e+00,  3.022355814439625e+00
s993        ,  5.363050420459535e-01,  6.300833632731235e-01, -1.707904270814495e+00
s994        , -6.815023874245364e-01,  2.150140162217197e-01, -5.828170969035269e-01
s995        , -2.391036276757255e+00, -1.263055607953828e+00,  3.423639144976863e+00
s996        ,  4.431453520331270e-01,  1.786570193547046e-01, -4.842678035201874e-01
s997        , -6.841651286789516e-01, -1.337776761540669e+00,  3.626178340216387e+00
s998        , -1.890503332016519e-01, -2.909248527189519e-01,  7.885810472183443e-01
s999        , -1.955891416531250e-01, -5.697310332321700e-01,  1.544313215664116e+00
s1000       ,  1.922227018092693e+00,  1.181659703929624e+00, -3.203007367956771e+00
s1001       ,  7.564584951078412e-01,  3.251062690191929e-01, -8.812332108596876e-01
s1002       , -1.216448226111712e+00, -4.757541774738727e-01,  1.289579504757135e+00
s1003       ,  9.406214986730430e-01,  1.125291526123612e+00, -3.050215757791389e+00
s1004       , -6.084517344429567e-01, -5.976147353776438e-01,  1.619894792255800e+00
s1005       ,  1.047447652274055e-01,  5.097147601928952e-01, -1.381633076785866e+00
s1006       ,  1.789223857816157e+00, -3.962784249423765e-01,  1.074152491306694e+00
s1007       , -3.471776742826869e-02, -5.268697433211116e-01,  1.428133382393413e+00
s1008       , -4.304906904704673e-01,  8.338842260143483e-01, -2.260326988442316e+00
s1009       ,  5.526661980887814e-01,  2.541463261379580e-01, -6.888891551873589e-01
s1010       ,  1.084664986478008e-01,  4.694225690730911e-01, -1.272417043947751e+00
s1011       , -1.857041478323650e-01,  3.009603481660471e-01, -8.157832660561767e-01
s1012       , -9.197930097533303e-01, -1.483994282718318e+00,  4.022515624206802e+00
s1013       , -4.019119417889336e-01, -5.516718553826926e-01,  1.495361999405528e+00
s1014       , -1.358932079618377e+00, -1.562021978510148e+00,  4.234017534354705e+00
s1015       , -1.527440174864809e+00, -3.930541742417781e-01,  1.065412835790125e+00
s1016       ,  1.494747075983483e+00,  6.377304777074583e-01, -1.728632542917985e+00
s1017       ,  5.541257590705126e-01, -2.607607671654656e-01,  7.068182622522513e-01
s1018       , -1.957085120530335e+00, -1.107041090325315e+00,  3.000746117643747e+00
s1019       ,  7.131485583147715e-01,  9.719465817901892e-01, -2.634558877129810e+00
s1020       , -1.923756067205053e+00, -1.878087492282386e-01,  5.090744869646672e-01
s1021       ,  3.885529621363158e-01,  1.285073669367483e+00, -3.483321312949192e+00
s1022       , -1.875446506562856e+00, -1.144799690477222e+00,  3.103094597572532e+00
s1023       ,  1.372593741804167e+00, -1.632918527047944e-01,  4.426189753288889e-01
s1024       , -8.235465806555774e-01, -5.768942513453776e-01,  1.563729838164304e+00
s1025       , -3.055697164838789e-01,  3.593732872924279e-01, -9.741174072506462e-01
s1026       , -1.058405261469002e+00, -3.347086181259570e-01,  9.072613430168380e-01
s1027       ,  1.001215100946892e+00,  1.059494160365309e+00, -2.871865386178359e+00
s1028       , -1.207050253018809e-01, -4.676368094483951e-01,  1.267576563040871e+00
s1029       , -3.485019297637044e-02,  5.103597474706770e-01, -1.383381379614593e+00
s1030       ,  7.570890498814407e-01,  3.420183449549651e-01, -9.270750921133019e-01
s1031       , -3.425236517205575e-01, -2.294096497657662e-01,  6.218379081867160e-01
s1032       , -9.690806500330095e-01, -2.731489099924175e-01,  7.403975682217058e-01
s1033       ,  3.580879227715397e-01,  3.680977646458510e-01, -9.977659798063965e-01
s1034       , -1.559175075401338e+00, -5.297670867058091e-01,  1.435986922780570e+00
s1035       , -5.297528349600487e-01, -6.869828437133354e-01,  1.862136030158441e+00
s1036       , -2.199501197760688e+00, -6.596584921433247e-01,  1.788070629508544e+00
s1037       , -2.563451324430152e-01, -1.119486686378349e-01,  3.034481156355755e-01
s1038       ,  1.208934872396009e+00,  1.158881165482083e+00, -3.141263850566668e+00
s1039       ,  1.284684643971159e+00,  9.464223812291200e-01, -2.565372966679926e+00
s1040       ,  3.246719543370282e-02, -9.831298456543069e-02,  2.664872237596835e-01
s1041       ,  2.496032441662193e+00,  8.823812672690833e-01, -2.391783092045110e+00
