# c0 + a0 * (face-area-max + Na-Na-avg)
# Property Label: $E$; Unit of the Property: Unitless
# RMSE: 0.74791750702593; Max AE: 2.80785493218668
# Coefficients
# Task   a0                      c0
# all , -3.666247025532199e-01, -6.400262835910351e-16, 
# Feature Rung, Units, and Expressions
# 0;  1; Unitless;                                         31|24|add; (face-area-max + Na-Na-avg); $\left(face-area-max + Na-Na-avg\right)$; (face_sub_area_sub_max + Na_sub_Na_sub_avg); (newdata$face_sub_area_sub_max + newdata$Na_sub_Na_sub_avg); face-area-max,Na-Na-avg
# Number of Samples Per Task
# Task, n_samples               
# all , 1041                  

# Sample ID , Property Value        ,  Property Value (EST) ,  Feature 0 Value      
s1          ,  6.774572406644881e-01,  4.406910421264084e-01, -1.202022228882511e+00
s2          ,  1.967875961713064e+00,  3.524707677038977e-01, -9.613939411317574e-01
s3          , -1.271285198486554e+00, -5.994460664776244e-01,  1.635040034954020e+00
s4          , -1.922048452937919e-01, -7.279149916662193e-01,  1.985449934488670e+00
s5          ,  2.455067115358116e-01, -2.479372441113460e-01,  6.762698813928238e-01
s6          ,  1.771859120156342e-01,  5.947553523743134e-01, -1.622245714029535e+00
s7          , -1.787554844087500e-01,  6.399687280105242e-01, -1.745569034365942e+00
s8          ,  1.258527874893824e+00, -5.405147865067318e-01,  1.474299965993887e+00
s9          ,  1.207996528852184e+00,  9.119086038705607e-01, -2.487308131503188e+00
s10         , -3.778119871449525e-01,  3.509243255707010e-01, -9.571758889317090e-01
s11         ,  2.051916464504998e-01, -7.850212810777306e-01,  2.141212186769589e+00
s12         , -9.030892502610828e-01, -5.714700270097808e-01,  1.558733012342027e+00
s13         , -1.915336013610816e+00, -8.741971263073260e-01,  2.384446875017717e+00
s14         , -4.972857440368104e-01, -3.966527697228677e-01,  1.081904102370975e+00
s15         ,  9.892906044607525e-01,  6.865747668655252e-01, -1.872690961858636e+00
s16         ,  7.196956197004112e-01,  8.846157409422805e-01, -2.412864530899602e+00
s17         , -8.233048349290432e-01, -4.849188143271824e-01,  1.322657232178157e+00
s18         ,  6.436893120625885e-01, -3.273810903591420e-01,  8.929597162417556e-01
s19         ,  6.782210382119217e-01,  5.063810699541481e-01, -1.381197356391013e+00
s20         ,  1.358387811126361e-01, -6.541712998171091e-01,  1.784307754664043e+00
s21         ,  1.192439177417436e+00,  7.745291284807587e-01, -2.112593949853467e+00
s22         , -1.675888320916539e+00, -1.078744129292490e+00,  2.942366190221175e+00
s23         ,  1.682267394333138e+00,  9.250967376814583e-01, -2.523279886049605e+00
s24         , -5.344901610254714e-02,  2.945758065521140e-01, -8.034805197267185e-01
s25         ,  7.630444568978921e-01,  1.364481416612279e+00, -3.721738898415361e+00
s26         , -7.690353008448224e-01, -1.592500271774075e+00,  4.343679683021099e+00
s27         ,  1.318355805735755e-01,  1.826259302442039e-01, -4.981277283619322e-01
s28         , -1.557515501210242e+00, -8.178690590844674e-01,  2.230807289821786e+00
s29         ,  1.315402392066626e+00,  1.334114236673448e+00, -3.638909837178214e+00
s30         , -1.602536800620832e+00, -5.095867920419794e-01,  1.389941235528193e+00
s31         , -6.577868421803237e-01, -1.307238177881589e-01,  3.565603105240355e-01
s32         ,  1.122204297021453e+00,  5.871238449572104e-01, -1.601430129689592e+00
s33         ,  1.732999170998263e+00,  1.010257905886044e+00, -2.755564201894972e+00
s34         ,  1.815120104294483e+00,  7.872727933394670e-01, -2.147353377600588e+00
s35         ,  5.934117724273273e-01,  1.104103108878203e+00, -3.011534959835202e+00
s36         ,  9.702627198604922e-01, -2.516450490447979e-01,  6.863832341146408e-01
s37         ,  1.142962175227537e+00, -6.480235518245286e-02,  1.767539250114916e-01
s38         ,  2.376281988155590e-01,  9.759699530485746e-01, -2.662040899731522e+00
s39         , -9.901628269429661e-01,  2.476629851409799e-01, -6.755218167685506e-01
s40         , -6.175077579414835e-01,  3.852148868149979e-01, -1.050706305746215e+00
s41         , -6.558266813617913e-01, -9.945003261038179e-02,  2.712584065334354e-01
s42         , -1.132806252875512e-01, -7.299481473733153e-01,  1.990995539279992e+00
s43         ,  3.987508132795206e-01,  5.510458324032317e-01, -1.503024287686238e+00
s44         , -1.257042213831158e-02, -3.143445632563368e-01,  8.574014818619737e-01
s45         , -2.453536714432208e-01,  2.050508877233514e-02, -5.592937036030524e-02
s46         ,  4.319604697532171e-01, -5.873094966669083e-01,  1.601936510488277e+00
s47         , -5.858250576994644e-01, -9.311037237855101e-02,  2.539664450598069e-01
s48         , -1.351740028810569e+00, -9.202759537266574e-01,  2.510130788563184e+00
s49         ,  1.400180920836999e+00,  2.450156411774935e-01, -6.683009613677824e-01
s50         ,  6.339509690024699e-01, -3.243429350679345e-01,  8.846728897675729e-01
s51         ,  9.663578673416963e-01,  8.266057019138909e-01, -2.254637224816841e+00
s52         ,  1.470345916377529e-01, -2.508850364816709e-01,  6.843102353291409e-01
s53         , -1.879048126514940e+00,  9.079802529103706e-02, -2.476593220770695e-01
s54         ,  2.462378298792407e+00,  1.216400346940428e+00, -3.317835209873382e+00
s55         ,  2.147693442064033e-01, -3.661999476570273e-01,  9.988414449620138e-01
s56         ,  1.250856345991485e+00,  1.464435679708148e+00, -3.994372636403485e+00
s57         ,  3.470878239384724e-01,  5.040045340314991e-01, -1.374715152911273e+00
s58         ,  2.650904256602346e+00,  9.026460561593208e-01, -2.462043746297460e+00
s59         ,  2.436955679659398e-02, -4.152667734624935e-02,  1.132675377765104e-01
s60         , -1.350996154759193e+00, -7.941696783656785e-01,  2.166165217005242e+00
s61         , -1.175408395594881e+00, -1.116329966149118e+00,  3.044884751013386e+00
s62         ,  5.137509822735411e-02,  2.490153845666032e-01, -6.792106010108698e-01
s63         ,  1.630781368412474e+00,  9.005051382352185e-01, -2.456204210911021e+00
s64         , -7.346563779561160e-02,  1.130256723743049e+00, -3.082871164631849e+00
s65         ,  6.477994742971300e-01,  5.457005011178173e-01, -1.488444442825298e+00
s66         ,  1.102507059534665e+00,  4.932273842102940e-01, -1.345319561871849e+00
s67         , -2.689254974131806e-01, -7.577219831460059e-01,  2.066751034147823e+00
s68         ,  1.634793292022643e+00,  8.310015022145441e-01, -2.266627143308531e+00
s69         ,  3.008420412735001e-01,  7.526603117964049e-01, -2.052944895842495e+00
s70         ,  4.428344099007711e-01,  5.903731718745069e-01, -1.610292944700877e+00
s71         , -2.587880550234565e-02, -7.863933616308074e-01,  2.144954652957823e+00
s72         ,  3.320850724266520e-01,  9.145780506570694e-01, -2.494589274230119e+00
s73         , -1.001377721869568e+00, -1.285425151705575e-01,  3.506106224577091e-01
s74         ,  1.535377236435878e+00,  1.405507231554465e+00, -3.833640291465192e+00
s75         ,  2.223324131252060e-01,  4.576754622770854e-01, -1.248348676697935e+00
s76         , -5.720277382811451e-01, -3.077418980084655e-01,  8.393921518798709e-01
s77         , -1.197863875151751e+00, -1.638019179912807e-01,  4.467836369195616e-01
s78         , -1.436625202734527e+00, -4.164894505581014e-01,  1.136010333339834e+00
s79         ,  4.409066269069510e-01,  5.268047070126355e-01, -1.436904560287135e+00
s80         ,  6.309139277294877e-01,  2.012897225366199e-01, -5.490348062605002e-01
s81         , -1.685326208098238e+00, -1.600319282458945e-01,  4.365006698441531e-01
s82         , -1.663665661245248e-01, -2.253590804348047e-01,  6.146860232422297e-01
s83         , -1.321966357459876e+00, -3.189962357104311e-01,  8.700893133738702e-01
s84         ,  1.425519064192979e+00, -5.468783942319322e-02,  1.491657246288635e-01
s85         , -6.984731689207797e-01, -5.315951716431869e-01,  1.449970959242767e+00
s86         , -2.932580333118892e-01,  1.439812028008769e-01, -3.927209536023475e-01
s87         ,  3.346071912195332e-02, -4.078004427295585e-01,  1.112310326853551e+00
s88         , -7.344698336486584e-02,  2.482543015384788e-02, -6.771346824412305e-02
s89         ,  2.903456543575506e-01,  2.290861093599970e-01, -6.248518110335000e-01
s90         ,  3.160753830639384e-01,  3.250039850862615e-02, -8.864759598109451e-02
s91         ,  4.911838748491691e-01,  1.266369893849758e+00, -3.454131391121769e+00
s92         , -8.899315452749766e-01, -7.691336338071519e-01,  2.097877280092720e+00
s93         ,  8.806558878772816e-01,  1.291092651663281e-01, -3.521564811841532e-01
s94         ,  2.174850994919374e-01,  2.918186116120161e-01, -7.959600364616890e-01
s95         , -7.665153489308596e-01, -1.194662296351586e+00,  3.258542831489011e+00
s96         ,  5.275622810365227e-01,  9.698328292842076e-02, -2.645301373666799e-01
s97         ,  2.030602111680012e+00,  1.090711404315223e+00, -2.975007948780794e+00
s98         , -9.469867286116608e-01, -1.039401199689993e-01,  2.835055009800124e-01
s99         , -9.198822372946847e-01, -1.089667225189637e+00,  2.972159861572497e+00
s100        , -4.843791818667552e-01, -2.576961595934984e-02,  7.028881518317343e-02
s101        , -2.042448773263304e-01, -8.834917384493865e-02,  2.409798718680531e-01
s102        , -5.164158759195604e-01, -1.409702332135014e+00,  3.845082784432341e+00
s103        ,  1.172650799800636e-01,  8.424879610923626e-01, -2.297957435015078e+00
s104        , -1.768695959917696e+00, -9.534591415216220e-01,  2.600640750286638e+00
s105        ,  5.247327840013729e-01,  7.027157203001096e-02, -1.916716782601708e-01
s106        ,  5.297962102782023e-01,  1.136537280894093e+00, -3.100001917435205e+00
s107        ,  1.497385912477807e-01, -4.117950331752350e-01,  1.123205911405976e+00
s108        ,  4.406641357796892e-01,  6.650463896632798e-01, -1.813970485435965e+00
s109        , -6.596772585897818e-01, -5.763364530017052e-01,  1.572006602359378e+00
s110        ,  1.094420195469492e+00, -7.470694591648109e-01,  2.037695370666859e+00
s111        ,  3.915962330096325e-01,  7.156539905582180e-01, -1.952007013096269e+00
s112        ,  8.365523515867513e-01,  8.735253327658361e-01, -2.382614501102894e+00
s113        , -1.291655352083360e-01,  2.630704080464248e-01, -7.175468707219415e-01
s114        ,  1.376602311009741e+00,  6.216451856319849e-01, -1.695590016992231e+00
s115        ,  2.854337653329592e+00,  8.187948531107345e-01, -2.233332471621651e+00
s116        , -4.031277243707178e-01,  1.459931645314649e-01, -3.982087500235283e-01
s117        , -1.548008576871541e+00, -6.442843452396128e-01,  1.757340246722973e+00
s118        , -1.376296935489929e+00, -4.986935682417572e-01,  1.360229042857158e+00
s119        ,  1.159776550977451e-01, -5.092625407414382e-01,  1.389056812579376e+00
s120        , -1.608916416404318e-01,  5.916010734172700e-01, -1.613642150398725e+00
s121        ,  3.197271174130288e-01,  4.740990430580589e-01, -1.293145387521285e+00
s122        , -1.530552753436365e+00, -3.740939059287568e-02,  1.020372886288114e-01
s123        , -1.233881263109963e+00, -9.985973451167204e-01,  2.723759032499349e+00
s124        , -5.427146006639549e-01, -3.283920198954295e-01,  8.957171123725874e-01
s125        ,  9.732454451545892e-01, -2.907457482017157e-01,  7.930337104317455e-01
s126        , -1.840471966312826e-01, -4.517650267592864e-01,  1.232227462069899e+00
s127        , -1.081994746251625e+00, -6.147606019479281e-01,  1.676811730542592e+00
s128        ,  4.539347974729817e-01,  1.081735466174387e+00, -2.950525315509424e+00
s129        , -9.281932508350823e-01, -5.713999843356333e-01,  1.558541965002173e+00
s130        , -7.213314288938637e-01,  4.268068727648908e-01, -1.164151978283393e+00
s131        , -2.205996399193568e-01, -3.187192937661899e-02,  8.693339307105680e-02
s132        , -1.239159936584262e+00, -1.056589395961944e+00,  2.881937274285458e+00
s133        , -3.218370754810609e-01, -1.389859140929865e-01,  3.790958795876838e-01
s134        , -1.004593496203065e+00, -3.407830996701283e-01,  9.295148343711481e-01
s135        ,  9.616883013837799e-01, -3.476359052707459e-01,  9.482064434004738e-01
s136        ,  1.177397001560173e+00,  6.735370502028099e-01, -1.837129482853215e+00
s137        , -1.190015539084228e+00, -2.274525506266143e-01,  6.203961409108714e-01
s138        ,  2.514478411301381e-01, -2.151577303684519e-02,  5.868609749153847e-02
s139        , -1.987650229798378e-01,  1.620886204991553e-01, -4.421104725632253e-01
s140        , -1.883191692860165e-02, -2.210892237386167e-01,  6.030396266234198e-01
s141        ,  4.763479271249645e-01,  4.903538099285706e-01, -1.337481644072771e+00
s142        , -1.264849480226228e+00, -1.193556560346394e+00,  3.255526842665857e+00
s143        ,  5.343202969822767e-02,  9.242143507737688e-01, -2.520873100850614e+00
s144        ,  1.580293395785219e-01,  1.860151683417555e-01, -5.073721629948104e-01
s145        ,  9.188749641933951e-01,  6.822367366180293e-01, -1.860858616091193e+00
s146        ,  8.965084025411504e-01,  9.236713900315294e-01, -2.519392129332716e+00
s147        ,  6.848734553557309e-01,  6.239733661817569e-01, -1.701940327087427e+00
s148        ,  2.946101194283517e-01, -1.300993543282200e-02,  3.548570334246043e-02
s149        , -1.049624548293927e+00, -2.418421272098353e-01,  6.596449326126039e-01
s150        ,  3.591106519707902e-01,  8.083695123405885e-01, -2.204896469635035e+00
s151        , -1.331621263631160e-02,  2.533474461422873e-01, -6.910266667192498e-01
s152        ,  6.334057303004040e-01, -2.856801407719654e-01,  7.792168361336614e-01
s153        ,  1.034338109925286e+00,  4.477622625340656e-01, -1.221309582839875e+00
s154        , -3.383324211856339e-02, -1.755029811515422e-01,  4.786992800248239e-01
s155        ,  1.136039203602913e+00, -7.845443771405655e-01,  2.139911390795275e+00
s156        , -1.392262169733223e+00, -9.989585090388340e-01,  2.724744137757119e+00
s157        , -5.253740885024729e-01,  1.521402264693149e-01, -4.149753833001218e-01
s158        ,  3.989423304234662e-01,  5.087174810816866e-01, -1.387570116085784e+00
s159        ,  5.765884380454731e-01,  2.440485293126792e-01, -6.656630816556977e-01
s160        , -8.116051377987673e-01, -5.149075250582886e-01,  1.404453986521934e+00
s161        , -3.068617279191663e-01, -1.980129802100405e-01,  5.400972133930227e-01
s162        ,  7.336330388262123e-01, -9.813555683819143e-01,  2.676730622753000e+00
s163        ,  5.366582957206302e-01,  1.932675363526881e-01, -5.271536124182293e-01
s164        ,  1.442528357282191e+00,  1.175388806440819e+00, -3.205972751577476e+00
s165        , -1.062713736405366e-01,  6.197537441130213e-01, -1.690430949679550e+00
s166        , -8.326065002207602e-01, -3.953520180455939e-01,  1.078356191746799e+00
s167        ,  3.946237056414994e-01,  1.400080732521039e-01, -3.818839054681012e-01
s168        ,  2.235679947771067e+00,  1.202807119861689e+00, -3.280758529049437e+00
s169        ,  1.625062009748738e+00,  9.648407774449776e-01, -2.631685128486181e+00
s170        ,  1.327620092596634e-01, -7.920657130922016e-01,  2.160426473110396e+00
s171        ,  5.954984467350797e-01,  7.050092117364651e-01, -1.922972475195191e+00
s172        ,  5.199772380778387e-01,  4.880347647490758e-01, -1.331156251475533e+00
s173        ,  6.222838143288127e-01,  7.467439233961078e-01, -2.036807444222092e+00
s174        ,  1.054103529053623e+00,  3.393766979817411e-01, -9.256787543727425e-01
s175        , -5.255654946879280e-01, -4.582203755024569e-01,  1.249834973779324e+00
s176        ,  9.849433920982632e-01,  9.390368647008154e-01, -2.561302765910881e+00
s177        , -4.422819104749492e-01, -8.649870867456262e-02,  2.359325710247407e-01
s178        , -6.072036959750035e-01, -2.709072522978401e-01,  7.389225287090796e-01
s179        ,  1.274608736041423e+00,  1.216966332649901e+00, -3.319378983944065e+00
s180        , -1.497077617346339e+00, -1.153193983423767e+00,  3.145434487618483e+00
s181        , -2.083438027973673e+00, -7.134003128382103e-01,  1.945859915794002e+00
s182        ,  1.836267684377070e+00,  3.980562453395792e-01, -1.085732201260490e+00
s183        ,  9.114464311238877e-01,  3.568107137509320e-01, -9.732315124050798e-01
s184        ,  1.514590021168478e+00,  3.618550646381745e-01, -9.869904076789469e-01
s185        ,  1.833338059507959e+00,  1.330497574642047e+00, -3.629045084459114e+00
s186        ,  2.453649877689343e-01,  5.646252195958292e-01, -1.540063219045825e+00
s187        ,  3.720198183543536e-01, -6.590996856105208e-02,  1.797750345299873e-01
s188        ,  1.146530015212694e+00,  7.973543241595660e-01, -2.174851608761473e+00
s189        ,  1.953473158179788e-01, -3.429675765422299e-01,  9.354731804860951e-01
s190        , -2.653274521332475e-01, -2.773661005509661e-01,  7.565395856289920e-01
s191        , -1.734213411135428e+00, -9.265409396979944e-01,  2.527219069652011e+00
s192        , -1.380433379832566e+00, -5.157725356038946e-01,  1.406813376218214e+00
s193        ,  1.331098677791819e+00,  8.673097278373217e-01, -2.365660911000459e+00
s194        ,  5.090097107027988e-01,  5.560961163802260e-02, -1.516799365966096e-01
s195        , -9.924573921340459e-02, -6.454069198249488e-01,  1.760402164202942e+00
s196        , -5.779338669443589e-01, -1.471750279971137e-01,  4.014323829577439e-01
s197        ,  2.483047809304522e-01,  4.168541429169587e-01, -1.137005062708365e+00
s198        , -5.206217556690499e-01,  2.693380986365352e-01, -7.346425288880754e-01
s199        , -5.943289801913763e-01, -4.455924041086012e-01,  1.215391109779128e+00
s200        , -1.021605773659559e+00, -8.030420983483846e-01,  2.190365495712371e+00
s201        , -1.880186336712062e-01, -3.570973499260388e-01,  9.740133369060182e-01
s202        ,  8.974446090874550e-01,  3.215452731071400e-01, -8.770420292682395e-01
s203        ,  1.491847227695687e+00, -1.036701216290307e-01,  2.827690575868416e-01
s204        ,  5.673187961114482e-01,  3.043919359759882e-01, -8.302548460487407e-01
s205        ,  7.052663182498152e-02, -1.622565009713442e-01,  4.425683808029551e-01
s206        ,  4.612958000362407e-01, -4.097559301390661e-01,  1.117644084769723e+00
s207        , -1.890335631962240e-01, -9.398200105630286e-01,  2.563438862733484e+00
s208        ,  1.196645888991632e+00,  5.976452106677937e-01, -1.630128047853074e+00
s209        ,  1.251755561530769e-01, -2.971447697785285e-02,  8.104875850131460e-02
s210        ,  4.275859111659360e-01,  7.135026045513841e-03, -1.946138925125687e-02
s211        ,  5.283027681041660e-01,  1.670053817641076e-01, -4.555213563108597e-01
s212        , -5.193859304496162e-01, -4.010427463324425e-01,  1.093878136250859e+00
s213        , -7.895660096178726e-01, -3.499410135734956e-01,  9.544938219832495e-01
s214        , -8.273130453363811e-01, -1.334504603306033e+00,  3.639974595307891e+00
s215        ,  7.097242197335736e-01,  3.692748630774992e-03, -1.007228537809611e-02
s216        , -4.103389107009319e-01, -1.779552238373495e-02,  4.853879801280188e-02
s217        ,  5.083753923761841e-01, -3.882968317243810e-01,  1.059112572121390e+00
s218        ,  1.227559854195250e+00,  4.031851458536289e-01, -1.099721712819126e+00
s219        ,  4.233903461072758e-01, -3.504818480532051e-01,  9.559689939395939e-01
s220        , -9.401298955648564e-02,  7.508908937306659e-01, -2.048118657857393e+00
s221        ,  1.262898065596498e+00,  2.517991011594444e-01, -6.868034243352532e-01
s222        , -8.196925206317608e-01, -4.916409078292796e-01,  1.340992312862256e+00
s223        ,  4.013207508237785e-01,  4.481406773827971e-02, -1.222341741464490e-01
s224        ,  7.221682333138074e-01,  2.292906880345800e-01, -6.254098167356750e-01
s225        ,  7.658761358813223e-01,  7.175572083035704e-01, -1.957198201066141e+00
s226        ,  1.021677840387193e+00,  8.209558090135243e-01, -2.239226662296040e+00
s227        , -1.713769108940136e-01,  1.218791029441532e-02, -3.324355999346973e-02
s228        ,  1.274319171489858e-01, -7.073098582599485e-02,  1.929247683896226e-01
s229        ,  2.041762025685344e-01, -3.896938112218095e-01,  1.062922952294084e+00
s230        , -1.775628277285171e+00, -5.983696393503776e-01,  1.632103988583575e+00
s231        , -2.906010097813953e-01,  4.717683676191143e-02, -1.286788272404089e-01
s232        ,  7.153226846206259e-01,  9.854981992829471e-01, -2.688030000214978e+00
s233        , -3.817422129899863e-01,  3.702253213274019e-01, -1.009820993373080e+00
s234        , -1.045314287465124e-01,  1.206834125508768e+00, -3.291742528815506e+00
s235        , -2.007585327297883e+00, -9.728282470383112e-01,  2.653471629880404e+00
s236        ,  1.304199689079254e+00, -4.608383479640897e-01,  1.256975715915359e+00
s237        , -2.782406460538665e-01,  5.598554952062430e-02, -1.527053390858135e-01
s238        , -2.322383208123123e-01, -1.309457202342664e-01,  3.571655682837069e-01
s239        , -3.517230695261005e-01, -8.659858919942741e-01,  2.362050036354453e+00
s240        , -8.445222562838289e-01, -5.076305817670230e-01,  1.384605505935143e+00
s241        , -1.536302083677280e+00, -7.895564829915656e-01,  2.153582334995421e+00
s242        ,  2.935750684089246e-01,  2.619754496522913e-01, -7.145602787478925e-01
s243        ,  1.616760901218624e-01, -7.062463638166313e-01,  1.926346912519106e+00
s244        ,  1.913693632034482e-02,  5.640758642589204e-01, -1.538564805728110e+00
s245        ,  1.011107650821607e+00,  3.634946811601967e-01, -9.914626009343487e-01
s246        , -1.106818107812668e+00, -3.757900998746567e-01,  1.024999399270172e+00
s247        , -1.990274764442436e+00, -8.818527151972885e-01,  2.405328143619228e+00
s248        , -9.667152724294113e-02,  4.988968978869399e-02, -1.360783641725629e-01
s249        , -3.381305046273163e-03, -4.520602373401505e-01,  1.233032673990449e+00
s250        , -1.066763974390572e+00, -5.536906006682154e-01,  1.510238117650679e+00
s251        ,  1.207378380322024e+00,  4.122613209030455e-01, -1.124477750768039e+00
s252        , -7.806439949963918e-01, -3.698059613715222e-01,  1.008677153492787e+00
s253        ,  1.425727038542694e-01,  3.356584541908237e-01, -9.155369287810049e-01
s254        ,  2.519006949731616e-01, -1.379634584641410e-01,  3.763070450609184e-01
s255        ,  2.957126742656838e-01,  1.416881460580968e-01, -3.864664466724789e-01
s256        , -1.208240274724157e+00, -7.501251517878399e-01,  2.046030031702378e+00
s257        ,  9.313485666439149e-01,  1.280724234852903e-01, -3.493284074787615e-01
s258        , -6.564646920389059e-01,  1.122677738497353e-01, -3.062198838973186e-01
s259        ,  6.730828234081326e-01,  5.224613846448689e-01, -1.425057779812390e+00
s260        , -1.076132473957489e+00, -8.963719776169147e-01,  2.444930664449145e+00
s261        ,  4.986447736713934e-01,  1.700875893589015e-01, -4.639283391827966e-01
s262        , -7.901168230278025e-01, -2.746311012343318e-01,  7.490796428112075e-01
s263        , -1.546259780331374e+00, -1.218937266635266e+00,  3.324754873707185e+00
s264        , -5.529113966692344e-01,  5.645243291516506e-01, -1.539788031794459e+00
s265        , -4.420703395591481e-01,  4.806851019660563e-01, -1.311109422301624e+00
s266        ,  1.642224930755287e-01,  1.060789588885411e+00, -2.893393657050224e+00
s267        , -5.742332897034259e-01, -7.126650570022687e-02,  1.943854443083552e-01
s268        , -1.103100765949088e+00, -2.543564361166126e-01,  6.937787725301708e-01
s269        ,  7.960085847259790e-01,  6.492259331247443e-01, -1.770818847184751e+00
s270        , -4.283987476508868e-01,  3.334015548531189e-01, -9.093810442429815e-01
s271        ,  2.199521430164574e-01,  2.093424807767507e-01, -5.709993879814000e-01
s272        ,  4.892735632468816e-01,  7.783704301208993e-01, -2.123071426175683e+00
s273        , -7.406199765582812e-01, -9.116309236333460e-01,  2.486550735083137e+00
s274        ,  1.772759222941352e-01,  6.262449621320685e-01, -1.708136297883971e+00
s275        ,  2.643568451335951e-01, -2.164839918402417e-02,  5.904784656696998e-02
s276        , -5.816893010125334e-01, -1.157670480643837e-01,  3.157644513808454e-01
s277        , -1.588157064474181e+00,  5.534894994789512e-01, -1.509689597084927e+00
s278        ,  1.926575532177041e+00, -3.882720429681331e-01,  1.059044958684338e+00
s279        ,  1.613883746546309e+00,  9.010953155493814e-01, -2.457813969637186e+00
s280        , -1.609264987376503e+00, -1.021143610275381e+00,  2.785255884734470e+00
s281        , -1.346496740458654e+00,  4.408591695209271e-01, -1.202480810623861e+00
s282        , -1.354536059868065e+00, -5.444282917601564e-01,  1.484974383800900e+00
s283        ,  4.444527822772945e-01, -7.530780452352538e-01,  2.054084299259499e+00
s284        ,  2.385788249720763e+00,  5.581660419355509e-01, -1.522445263639940e+00
s285        ,  4.002184027452821e-01,  5.011696449003545e-01, -1.366982752144489e+00
s286        ,  1.951350507345722e+00,  1.350519102827361e+00, -3.683655502267522e+00
s287        , -7.632184401675008e-01, -1.082511471889869e+00,  2.952641936975670e+00
s288        ,  7.091749484961575e-01, -6.026787297847739e-01,  1.643857398554009e+00
s289        ,  2.314010563846089e+00,  1.271227585953594e+00, -3.467381158717915e+00
s290        ,  7.654861282396248e-01,  3.557346610164567e-01, -9.702964872227025e-01
s291        , -1.053228118031399e+00,  6.952046383950296e-01, -1.896229669069048e+00
s292        , -1.544830063612452e+00, -4.536879424249180e-01,  1.237472377789544e+00
s293        , -1.690406548169091e+00, -1.114323033894903e+00,  3.039410672915977e+00
s294        ,  1.421215154761337e+00,  1.320543069841851e+00, -3.601893327551106e+00
s295        , -1.705271840139646e+00, -1.014910264987600e+00,  2.768253906296106e+00
s296        , -7.627385590929442e-01,  5.632977883062497e-01, -1.536442537514179e+00
s297        ,  3.113058113377143e-01,  5.935237179278648e-01, -1.618886326519988e+00
s298        ,  4.087923101857815e-01,  5.099314104236395e-01, -1.390881211419783e+00
s299        , -3.373353052859909e-01, -6.540024071798283e-01,  1.783847085658096e+00
s300        , -1.247040873629315e+00, -1.178175186738838e+00,  3.213572840383857e+00
s301        ,  1.197929368440681e+00,  1.154519378939989e+00, -3.149049616405479e+00
s302        , -1.485192472843855e+00, -1.965962159160510e-01,  5.362328685081227e-01
s303        , -8.549580863671641e-01,  3.640412448029151e-01, -9.929533996691641e-01
s304        ,  1.882993199254013e+00,  3.092726222661617e-01, -8.435673322401613e-01
s305        , -5.165357198073314e-01, -8.490343793186417e-02,  2.315813346470804e-01
s306        ,  1.036931584747022e+00,  4.102477582416681e-01, -1.118985587672223e+00
s307        ,  5.869139350739363e-01, -2.954369527836427e-01,  8.058293691782972e-01
s308        , -1.992374094653734e+00,  6.119917285369485e-01, -1.669259393256818e+00
s309        ,  1.168183907358183e+00, -3.448927329321881e-02,  9.407242079715469e-02
s310        , -1.689353307212060e-01, -5.462138174718152e-01,  1.489844556757670e+00
s311        ,  4.171830243610439e-01,  2.148446635849420e-01, -5.860070586862746e-01
s312        , -6.851064106122524e-01,  2.738807739000542e-02, -7.470330613096196e-02
s313        , -3.693039585493864e-01, -2.162153766272640e-01,  5.897457948728295e-01
s314        , -1.774434185617937e-01,  1.607313893651717e-02, -4.384085094261919e-02
s315        , -3.815749786763620e-01, -8.134806666560559e-01,  2.218837576930510e+00
s316        ,  6.374559564486620e-01,  9.857907525280941e-01, -2.688827964026771e+00
s317        , -2.030534733815181e+00, -7.355043965335265e-01,  2.006150680549843e+00
s318        , -8.028512356005928e-02,  2.964956585186355e-02, -8.087170789469705e-02
s319        , -5.934013466311561e-01,  3.029811904209961e-01, -8.264069177854035e-01
s320        ,  2.790171268766068e+00,  4.920435783473091e-01, -1.342090630884000e+00
s321        , -1.062277605983094e+00, -6.625218810919847e-01,  1.807084673995232e+00
s322        ,  7.515966182544802e-02,  3.209638581211673e-01, -8.754561705360712e-01
s323        ,  7.526438612763077e-01,  6.700873444835475e-01, -1.827720117648857e+00
s324        , -2.651743878812372e-01, -5.474312363043542e-01,  1.493165169973476e+00
s325        ,  3.264086782559879e-02,  5.046528926771581e-01, -1.376483606158269e+00
s326        , -8.716201269332443e-01,  4.281659780936492e-01, -1.167859053445796e+00
s327        , -1.671151256925621e-01, -4.182607526769128e-01,  1.140841710239633e+00
s328        , -8.227567374308940e-02,  1.882270604706526e-01, -5.134052865500243e-01
s329        , -3.051380631011923e-01,  7.924571420979297e-02, -2.161494128953031e-01
s330        ,  2.650804092125520e-01, -1.615668069463672e-01,  4.406871817997950e-01
s331        , -1.375958879843693e-01, -1.568546294375883e-01,  4.278343176148048e-01
s332        , -2.261103407740682e-02, -2.301702543727540e-01,  6.278089085918630e-01
s333        ,  1.323183942483753e+00,  1.265882865978619e+00, -3.452802981258094e+00
s334        , -8.334838045052183e-01, -4.486599664130564e-01,  1.223758146378387e+00
s335        , -6.616430929673620e-01, -6.152699773697620e-01,  1.678201095247933e+00
s336        ,  7.402611706142616e-01,  3.300693938170317e-01, -9.002922921406774e-01
s337        , -2.672477917829362e+00, -9.822921362471162e-01,  2.679285191113177e+00
s338        ,  5.119490895181960e-01,  3.602276744848551e-01, -9.825515628821124e-01
s339        , -5.205367300996894e-01, -9.628172203318233e-01,  2.626165704674682e+00
s340        , -5.182275979842597e-01, -2.854921800935590e-02,  7.787041574267900e-02
s341        ,  1.970306289887118e+00,  1.020274825234510e+00, -2.782886199781929e+00
s342        , -6.893119617348110e-02, -1.979129119602702e-01,  5.398242687467034e-01
s343        , -9.390007101093136e-01, -4.459743676620944e-01,  1.216432947797224e+00
s344        ,  1.061951331424555e+00,  5.717461118637538e-01, -1.559486057218850e+00
s345        , -7.723215780687481e-01,  7.951775400094516e-02, -2.168914245198818e-01
s346        ,  3.961380156477508e-01,  5.619782898347330e-01, -1.532843493417239e+00
s347        , -1.709617878224923e+00, -7.688227220222347e-01,  2.097029241805195e+00
s348        ,  3.055057864420296e-01,  2.897816735830015e-01, -7.904041150662426e-01
s349        , -2.198294962810685e-01, -5.305432616779683e-01,  1.447101785513083e+00
s350        ,  4.405144181634822e-01,  4.154875956870936e-01, -1.133277689128930e+00
s351        ,  8.658280652293553e-01,  5.974485292998027e-01, -1.629591582725053e+00
s352        ,  9.704682100223124e-01,  1.522601170199441e-01, -4.153023949548038e-01
s353        , -6.298376205439113e-02,  1.745006322454316e-01, -4.759652882912366e-01
s354        , -5.109688604423301e-01,  2.127149223050947e-01, -5.801980085458569e-01
s355        , -1.498401072816738e+00, -6.064723234266447e-01,  1.654204747260879e+00
s356        ,  1.467186882538691e-01,  3.332846449829961e-01, -9.090621626474190e-01
s357        , -9.744403926942341e-02, -9.529751075612132e-01,  2.599320506568640e+00
s358        , -9.190473297739493e-02,  3.934758774696719e-01, -1.073238859055208e+00
s359        ,  4.402510249016558e-01,  7.307951614308905e-01, -1.993305842027401e+00
s360        , -8.756909416699596e-01, -3.791462055006556e-01,  1.034153462274183e+00
s361        , -1.770572058768898e-01,  8.602498295752822e-01, -2.346404439156435e+00
s362        ,  8.704386959032417e-01,  4.286284717184096e-01, -1.169120544069694e+00
s363        , -1.069662019131376e+00, -1.066208404824658e-01,  2.908173937542790e-01
s364        , -9.988945697241731e-01, -1.257102178636020e+00,  3.428852911114291e+00
s365        ,  1.902823636872192e-01,  1.068869409494487e-01, -2.915432053679836e-01
s366        ,  1.236798092554710e+00,  7.409276094533669e-01, -2.020942954180271e+00
s367        ,  9.184480967949832e-01,  7.605273293178436e-01, -2.074402853985118e+00
s368        ,  1.622937156969907e-01,  4.884927084787666e-02, -1.332405331874391e-01
s369        ,  9.732086991131187e-01,  8.126613075668351e-01, -2.216602705457002e+00
s370        , -8.475872099006456e-01, -7.953980064180997e-01,  2.169515586044390e+00
s371        ,  5.916391131784778e-01,  7.650250919924284e-01, -2.086670883507574e+00
s372        ,  7.596908414790237e-01,  7.700995958020712e-01, -2.100512023437054e+00
s373        , -1.946434670867690e+00, -9.280080903060406e-01,  2.531220847485935e+00
s374        , -9.564014283175247e-01, -8.871016708639813e-01,  2.419645115798512e+00
s375        ,  7.284511861928944e-01,  2.523576270334228e-01, -6.883268510713373e-01
s376        ,  2.037232105036609e+00,  1.143587402884742e+00, -3.119231723669076e+00
s377        ,  7.637732850848319e-01,  9.867149302698117e-01, -2.691348737273313e+00
s378        ,  9.950925555332778e-01,  5.823628822814670e-01, -1.588444199820199e+00
s379        , -8.163846007494809e-01, -6.696422043437461e-01,  1.826505960128366e+00
s380        , -9.184292068832667e-01, -4.731949581239706e-01,  1.290679419113283e+00
s381        ,  1.520868814304400e-01,  3.298233841358277e-01, -8.996212798507505e-01
s382        , -7.921265824309521e-01, -5.228711022171669e-01,  1.426175319272889e+00
s383        ,  6.672838300456270e-01,  5.521414464746238e-02, -1.506012668075688e-01
s384        , -8.703903476353083e-01, -7.153033203170127e-01,  1.951050530244010e+00
s385        ,  8.850482925000750e-01,  7.489441792537783e-02, -2.042808828859716e-01
s386        ,  9.061627662896372e-01,  7.936800114114702e-01, -2.164829608818459e+00
s387        , -1.106690246889199e+00, -1.402536748450867e+00,  3.825538046627591e+00
s388        ,  2.054813205480301e+00,  1.193477974737843e+00, -3.255312493747188e+00
s389        ,  5.830110458201296e-01,  2.574218495862550e-01, -7.021399480000612e-01
s390        ,  4.058167767744562e-02,  3.609031371831701e-01, -9.843939447336653e-01
s391        , -3.572825686809577e-01, -6.542747596982573e-02,  1.784589950272855e-01
s392        , -7.654037138178209e-02,  4.337067963133173e-01, -1.182972105515340e+00
s393        ,  3.686774220084653e-01, -5.901192187329952e-02,  1.609600265948599e-01
s394        , -2.015273820649741e-01, -8.924725034055165e-01,  2.434294517500394e+00
s395        , -6.768380070474944e-01,  6.194908793210772e-01, -1.689713963644202e+00
s396        , -1.571978956162156e+00, -6.127411910234370e-01,  1.671303615812657e+00
s397        , -4.953598502673374e-01, -3.825967189130898e-01,  1.043565030530235e+00
s398        ,  1.555253169293307e-01,  9.767869522355216e-01, -2.664269334371244e+00
s399        , -1.863721424692930e+00, -4.393748645968923e-01,  1.198432242936798e+00
s400        , -1.580914135378970e+00, -5.778127498471927e-01,  1.576033327332371e+00
s401        , -1.745467987214960e+00, -7.542598904363291e-01,  2.057307882375544e+00
s402        , -6.980793622242578e-01, -9.961421846883199e-01,  2.717062374005520e+00
s403        ,  2.251226886668626e-01,  7.889484777113399e-01, -2.151923948978357e+00
s404        ,  7.040030298805581e-01,  3.133751989541862e-01, -8.547574584358422e-01
s405        ,  7.810975699633602e-01,  3.032365744380553e-01, -8.271034993721886e-01
s406        , -7.486530226048838e-01,  1.236799422077707e-02, -3.373475419044453e-02
s407        , -5.898664718227481e-01, -1.145305433194688e+00,  3.123917797187802e+00
s408        , -1.653430955336652e+00, -4.337808577079353e-01,  1.183174114256434e+00
s409        ,  3.615421057666912e-01, -3.673879865827637e-01,  1.002081921987874e+00
s410        , -1.927277741805878e+00, -7.806089376754483e-01,  2.129177145563816e+00
s411        , -7.559092474121807e-01, -7.049615796073709e-01,  1.922842554519459e+00
s412        ,  1.873884464024186e+00,  6.937749437936052e-01, -1.892330055672930e+00
s413        , -8.487613459239005e-02, -2.251900432081876e-01,  6.142249598565932e-01
s414        , -7.984251397438490e-02,  3.555312256597273e-01, -9.697416000170322e-01
s415        ,  3.823952603345893e-01, -5.049024083619573e-01,  1.377164181370632e+00
s416        , -9.819900149129634e-01, -4.238487225714279e-01,  1.156083372505159e+00
s417        , -1.482842264827313e+00, -8.556385856537537e-01,  2.333826879899199e+00
s418        ,  5.288306085486905e-02,  5.259276095939001e-01, -1.434512202618306e+00
s419        , -1.062501299146121e+00, -4.681757071833237e-01,  1.276988986074559e+00
s420        ,  1.615525737358243e+00,  1.146485140980491e+00, -3.127135550322242e+00
s421        , -8.420822469136371e-01,  1.728002354134400e-01, -4.713273115805847e-01
s422        , -2.976491469173829e-01, -2.006355045088513e-01,  5.472503710513781e-01
s423        ,  2.602465190009081e-01, -4.914669589812232e-01,  1.340517852612183e+00
s424        , -1.598544685575904e-02,  9.951362141653906e-01, -2.714318504004611e+00
s425        , -6.873434672527886e-01, -4.656102400024481e-01,  1.269991456549109e+00
s426        ,  3.868281565378119e-01,  6.894886180873342e-01, -1.880638738431019e+00
s427        , -4.350921811790252e-01, -1.908500016592198e-02,  5.205595813105618e-02
s428        ,  1.434023500487657e+00,  3.997593402931410e-01, -1.090377537326776e+00
s429        , -1.410084545291046e-01, -3.603078110727528e-01,  9.827701422286167e-01
s430        , -2.958129836419498e-04,  1.270020730645841e-01, -3.464089358412746e-01
s431        ,  4.037460271826608e-01,  3.134060972638721e-01, -8.548417361985536e-01
s432        , -1.066289337790875e+00,  3.496144218503026e-01, -9.536030153329689e-01
s433        ,  1.465780698491131e-01, -4.787837070257496e-01,  1.305923206187253e+00
s434        ,  4.355472814078696e-01,  5.379236402101786e-01, -1.467232394500459e+00
s435        ,  1.360224600447043e-01,  5.488274924195058e-02, -1.496973577059618e-01
s436        , -1.176834064700477e+00,  2.235610269428881e-02, -6.097816797013070e-02
s437        ,  4.255542297351823e-01, -7.620465590554927e-01,  2.078546682066171e+00
s438        ,  4.759340095896714e-01, -1.396907722916246e-02,  3.810184401618177e-02
s439        , -1.323840968987944e+00, -1.048794456429448e+00,  2.860675914976576e+00
s440        ,  1.911375936580772e+00,  1.633218802040481e-01, -4.454742931031512e-01
s441        , -5.968585101940267e-01,  1.184056156794853e-01, -3.229613685463488e-01
s442        ,  1.602708630643593e+00,  7.758939449157050e-01, -2.116316602542829e+00
s443        , -3.418194688489122e-01, -7.555763065171186e-01,  2.060898518990103e+00
s444        ,  7.637447106545252e-02, -1.143924576019725e-01,  3.120151392018286e-01
s445        ,  1.017156754691856e+00,  3.880477404971872e-01, -1.058433154653179e+00
s446        ,  1.325048844178530e-01, -2.554343119198510e-02,  6.967187702873495e-02
s447        , -1.204238242348799e-02,  9.493508602728090e-02, -2.589435064417150e-01
s448        ,  1.955645847805345e-01,  3.826671188528664e-02, -1.043757052342441e-01
s449        ,  1.023488117482966e+00, -1.137584862717842e-01,  3.102859285791583e-01
s450        ,  1.292595058164963e+00,  5.618346477132338e-01, -1.532451697336672e+00
s451        , -1.076547322827218e+00, -6.183454893104817e-01,  1.686589815154970e+00
s452        ,  1.041326926021928e+00, -2.134697658794536e-01,  5.822569084756785e-01
s453        , -2.986039119797083e-01, -4.673738392526619e-01,  1.274801823220890e+00
s454        , -1.068578759667890e+00, -1.208101075305091e+00,  3.295198241939849e+00
s455        , -1.019022963464540e-01, -2.129283001377717e-01,  5.807800146987150e-01
s456        , -1.276108587100781e+00, -6.208353805773964e-01,  1.693381204959244e+00
s457        , -1.562653854847452e+00, -7.624493237214037e-01,  2.079645256884251e+00
s458        , -1.571215894852859e-01, -1.213157216858568e-01,  3.308989297256798e-01
s459        , -7.908915586506603e-01, -5.146555298129513e-01,  1.403766648097702e+00
s460        ,  1.259413921430306e+00,  4.489286699819718e-01, -1.224491058173597e+00
s461        , -2.175818754703068e+00, -8.844375596310845e-01,  2.412378526247007e+00
s462        ,  1.056177437374778e+00,  9.203394665623611e-01, -2.510304025214350e+00
s463        ,  7.682398919925580e-01, -4.144298473735208e-01,  1.130392590808473e+00
s464        , -1.670624175566991e+00, -5.821474058083802e-01,  1.587856469447456e+00
s465        ,  3.572362737692146e-01,  3.058222203239330e-01, -8.341560680285584e-01
s466        , -1.202841334482274e+00, -6.230946489706692e-01,  1.699543551297444e+00
s467        , -9.998937028287649e-01, -9.256553061170975e-01,  2.524803428876228e+00
s468        , -9.085815979292671e-01, -5.032383946388368e-01,  1.372625442678089e+00
s469        ,  1.368123103534693e+00,  7.494024145617431e-01, -2.044058704563038e+00
s470        ,  6.270281968061773e-01,  1.729254476793358e-01, -4.716688386654315e-01
s471        , -2.645435144970038e-02,  3.158362512824368e-01, -8.614701875866919e-01
s472        , -9.877961354209571e-01, -1.964415961871337e-01,  5.358111300714039e-01
s473        ,  9.062936723193105e-01,  5.342063201635488e-02, -1.457093088499700e-01
s474        , -1.654729567131913e+00, -9.317464129855874e-01,  2.541417439950961e+00
s475        ,  1.613264697983012e+00,  8.775011972919831e-01, -2.393459009120107e+00
s476        ,  6.116129809221721e-01,  6.824732477133024e-01, -1.861503720181632e+00
s477        ,  5.840337661930540e-01, -8.642489798031026e-01,  2.357312460901747e+00
s478        , -1.152221920522414e+00, -8.349669746975400e-01,  2.277443306145837e+00
s479        , -5.094753281829528e-01, -3.360222764422239e-01,  9.165292848575737e-01
s480        ,  2.973171178971666e-01,  1.347244074397629e+00, -3.674722584199195e+00
s481        , -1.675140558535767e+00, -8.368589813937457e-01,  2.282603915027425e+00
s482        ,  5.105384321341787e-01,  3.009997999332771e-01, -8.210025070244252e-01
s483        ,  6.412437341666034e-01,  5.042989541170937e-01, -1.375518208688869e+00
s484        ,  2.259666720581154e+00,  1.366747140717893e+00, -3.727918853257015e+00
s485        , -6.133731587036793e-02, -6.978252280527202e-01,  1.903377549829507e+00
s486        ,  1.705016907792880e+00,  8.530942612867044e-01, -2.326887019193336e+00
s487        , -8.949077256537035e-01, -2.215331573055897e-01,  6.042504931140884e-01
s488        ,  4.414328374469543e-01,  3.592088768077449e-01, -9.797727057292387e-01
s489        ,  1.128277752007163e+00,  2.376010500199196e-02, -6.480770345403428e-02
s490        ,  1.504039442617624e+00,  1.181901855067568e+00, -3.223737644617664e+00
s491        , -5.198334157682939e-01, -5.557259347755145e-01,  1.515789664213484e+00
s492        ,  1.151627147663105e+00,  5.262643486559592e-02, -1.435430686996799e-01
s493        , -8.097664188918847e-01,  1.519312400150379e-01, -4.144053550046426e-01
s494        ,  6.975315577850427e-01, -7.968639797934277e-01,  2.173514152876136e+00
s495        ,  5.757891210893782e-02, -7.052596772623894e-02,  1.923655641179842e-01
s496        ,  1.842735197085195e-01,  1.123347976299065e+00, -3.064026969475683e+00
s497        , -3.806010851052651e-01, -1.654880251211329e-01,  4.513826372545362e-01
s498        ,  2.924357353950326e-01,  2.538377647353682e-01, -6.923640523063810e-01
s499        , -7.813708299191795e-01, -9.290684225225774e-01,  2.534112993621076e+00
s500        ,  1.758078897939560e-01, -2.189011422552931e-01,  5.970714486253594e-01
s501        ,  5.268597846364341e-01, -7.837316888631082e-02,  2.137694714527137e-01
s502        , -1.555727833576514e+00, -3.018327139646495e-01,  8.232743507533682e-01
s503        ,  1.172585934883691e+00,  7.868417552793725e-01, -2.146177684699666e+00
s504        ,  2.953705009587212e-01, -2.435754640576187e-01,  6.643727560126973e-01
s505        ,  1.048522988543107e+00,  1.041470800837697e+00, -2.840700022624677e+00
s506        ,  3.661355339494777e-01, -2.120536111735099e-01,  5.783942262939230e-01
s507        ,  7.001138090247848e-01,  1.616195893050872e-01, -4.408311501640477e-01
s508        ,  5.464601963517309e-01,  3.831518257203394e-01, -1.045079131471566e+00
s509        ,  2.946634304577050e-01, -1.899324570784625e-01,  5.180569005736622e-01
s510        , -1.105581921856613e+00, -4.535534891392661e-01,  1.237105645038817e+00
s511        ,  1.309201174401844e+00,  3.767944992886829e-01, -1.027738983938180e+00
s512        ,  7.885562671323767e-01, -2.721933197901165e-01,  7.424303869720938e-01
s513        , -5.799590652888761e-01, -1.789866056659377e-01,  4.882011616223679e-01
s514        ,  1.756955937636850e+00,  8.778707428437038e-01, -2.394466975984171e+00
s515        ,  1.301480913945962e+00, -5.790944680007890e-01,  1.579529322404908e+00
s516        ,  1.639096205345820e+00,  7.166388635006424e-01, -1.954693337655322e+00
s517        ,  1.265571797582470e+00,  1.075858567233943e+00, -2.934495574743139e+00
s518        ,  1.441905473368953e+00, -9.740876306989578e-02,  2.656906705727368e-01
s519        , -3.428509295553605e-01,  9.968608199058691e-02, -2.719022512568338e-01
s520        , -7.417091464175269e-01,  1.084046368038342e-01, -2.956828496522232e-01
s521        , -3.011966055380439e-01, -3.727316048615414e-01,  1.016657094477791e+00
s522        , -6.069082570615003e-01, -1.420005218157819e-02,  3.873184780699890e-02
s523        ,  1.256149620532759e+00,  4.743647150101232e-01, -1.293870030324169e+00
s524        ,  7.847794981407885e-02,  1.003425294241147e+00, -2.736927673594194e+00
s525        ,  7.540604241380651e-01, -3.205766664006545e-01,  8.744000722485915e-01
s526        ,  6.882803931636600e-01,  7.211279917422920e-01, -1.966937816028947e+00
s527        , -3.347470952839998e-01, -1.379616077507085e-01,  3.763019970829192e-01
s528        , -8.880876507782669e-01, -1.613530725847977e+00,  4.401042031841141e+00
s529        ,  9.212434057068956e-01,  1.276069859578606e+00, -3.480588871104150e+00
s530        ,  1.578253206298823e+00,  9.067463416905931e-01, -2.473227623168597e+00
s531        , -1.270304683847079e+00, -5.633618668108159e-01,  1.536617317075182e+00
s532        , -1.264611305197325e-01, -2.988873597789433e-01,  8.152406471725826e-01
s533        ,  8.237391297987287e-01,  5.231105058905366e-01, -1.426828313115649e+00
s534        ,  1.456467143630557e+00,  8.149321753053657e-01, -2.222796689994094e+00
s535        , -1.038398689934332e+00, -4.513643515978120e-01,  1.231134586552554e+00
s536        ,  5.135961834965114e-02, -2.997611320174460e-02,  8.176239351300280e-02
s537        , -8.440212331633648e-02,  3.580913269252231e-01, -9.767244935527567e-01
s538        , -1.317636610189324e+00, -1.900478421841371e-01,  5.183716232447507e-01
s539        ,  2.901282138702423e-01, -2.994867299425870e-01,  8.168754801761137e-01
s540        , -9.824868919009930e-02,  2.404956068737625e-01, -6.559721840861292e-01
s541        , -2.175405710121729e+00, -7.511453224396423e-01,  2.048812633760280e+00
s542        ,  2.591231555634873e-01, -3.188010624054675e-02,  8.695569616157642e-02
s543        , -1.058007309971475e+00, -4.915219697869889e-01,  1.340667899254928e+00
s544        ,  3.414925189823615e-01,  5.943218944500940e-01, -1.621063420743783e+00
s545        , -3.918998056173664e-01, -5.355180899243808e-02,  1.460671051882102e-01
s546        ,  5.616853932534657e-01,  2.499441526392149e-01, -6.817438947746113e-01
s547        , -1.305950209492647e+00, -1.273837048997181e+00,  3.474498690693838e+00
s548        , -3.050762501887698e-01, -2.797726639313347e-01,  7.631036915487758e-01
s549        ,  1.039973910986755e+00,  1.292223149367729e+00, -3.524648340301478e+00
s550        ,  2.095033672336811e+00,  1.153443723769566e+00, -3.146115675612805e+00
s551        , -1.303711602903422e+00, -1.071280412597071e+00,  2.922008269318844e+00
s552        ,  3.401293169548340e-01,  4.100322294385745e-01, -1.118397714564949e+00
s553        , -5.647880997296291e-02,  6.922921837781747e-02, -1.888285701855255e-01
s554        , -1.031552667181043e+00, -5.413576769924517e-01,  1.476599021348996e+00
s555        , -8.490058291493486e-01,  2.931635677144478e-01, -7.996285184081189e-01
s556        , -7.911863624049645e-01, -4.227239819005541e-03,  1.153015546842828e-02
s557        ,  2.474068956648234e-01,  6.641399551824156e-01, -1.811498108439675e+00
s558        , -5.007238229142659e-01, -3.089131185262536e-01,  8.425867552702906e-01
s559        ,  2.118829903875907e-01,  3.757261204823960e-01, -1.024824890046397e+00
s560        ,  1.297132454751414e+00, -2.491963271037130e-01,  6.797041371415461e-01
s561        , -5.288135218546877e-01,  7.466717455948452e-02, -2.036610573141791e-01
s562        , -7.943538387030608e-01, -4.117211600306188e-01,  1.123004416132740e+00
s563        , -1.695221398164226e+00, -1.559442119113040e-01,  4.253510765240001e-01
s564        , -8.235878596232100e-01, -1.030293593931682e+00,  2.810213241924476e+00
s565        ,  5.786852470915556e-01,  3.058732730977608e-02, -8.342953188032007e-02
s566        , -8.302212330074120e-01, -2.151338805342614e-01,  5.867959224679672e-01
s567        ,  5.393556498613845e-01,  4.532482381271797e-01, -1.236273046989751e+00
s568        ,  6.041187276553233e-01,  2.548567487606764e-01, -6.951434177397844e-01
s569        ,  5.614800719887969e-01,  2.360162048698606e-01, -6.437542348516483e-01
s570        ,  4.733969246303091e-01, -1.327055586040374e-01,  3.619656768348090e-01
s571        ,  5.730080514530492e-01, -2.053596199486623e-01,  5.601357969567019e-01
s572        ,  2.101230454819456e+00,  1.138648663397341e+00, -3.105760892453922e+00
s573        , -3.811463660619586e-01, -9.702726633647185e-01,  2.646501058460106e+00
s574        ,  6.881700420271470e-01,  5.432045858356220e-01, -1.481636622007952e+00
s575        ,  3.262214597255070e-01, -2.266027399940832e-01,  6.180782102678652e-01
s576        , -9.238693298049329e-01, -5.155081315996788e-01,  1.406092191850728e+00
s577        , -6.565756372879820e-01,  9.500193840699298e-02, -2.591258519826633e-01
s578        ,  6.712394147332968e-01, -2.005096429323507e-01,  5.469070729167349e-01
s579        ,  5.839122855740915e-01,  1.679903687133001e-01, -4.582079918330515e-01
s580        ,  8.930567879170549e-01,  2.785520226493570e-01, -7.597742888285673e-01
s581        ,  2.904861379712105e-01,  4.272182858909562e-01, -1.165274142510736e+00
s582        ,  1.328044708555014e+00,  8.288262075982147e-01, -2.260693842575710e+00
s583        , -1.299353843688629e-01, -4.755226441974540e-01,  1.297028380482425e+00
s584        ,  3.159094534140009e-01,  6.863462603271379e-01, -1.872067690876632e+00
s585        ,  6.465779848987862e-01,  1.348070643403693e+00, -3.676977121332967e+00
s586        , -1.841977151216957e+00, -1.077295124722555e+00,  2.938413907246669e+00
s587        , -1.519059721495913e+00, -9.748299426689979e-01,  2.658931424642586e+00
s588        ,  9.387912361205540e-01,  6.550509485676228e-01, -1.786707071306891e+00
s589        ,  7.816518315318010e-01, -1.980940310538166e-01,  5.403182864500525e-01
s590        ,  1.602915956175816e+00,  5.442776010440911e-01, -1.484563362080283e+00
s591        ,  6.259814475720534e-01,  1.088533145349569e-02, -2.969066562533712e-02
s592        , -1.866544971407417e+00, -1.220262483445584e+00,  3.328369515058654e+00
s593        , -1.403474560349544e+00, -7.774408186197258e-01,  2.120535831888934e+00
s594        , -1.647273275131083e+00, -1.853846984520462e-01,  5.056525028482903e-01
s595        , -6.257274702470921e-01,  1.177098792410401e+00, -3.210636883474955e+00
s596        , -8.694069998626693e-01, -9.460723044449860e-01,  2.580492525071062e+00
s597        ,  1.839102866755815e+00,  8.428025996873910e-01, -2.298815638493560e+00
s598        , -9.091043104888927e-01,  8.558331968139174e-02, -2.334357698359645e-01
s599        ,  1.564046405735407e+00,  1.153056857025241e+00, -3.145060463725467e+00
s600        ,  2.905731218387104e-01, -1.261271939211634e+00,  3.440226287066798e+00
s601        ,  3.859556967138554e-01,  2.111396983805969e-02, -5.759014515666847e-02
s602        , -1.440073457507333e+00, -5.215114709068450e-01,  1.422466809451119e+00
s603        , -1.400421335117203e+00, -5.013577204942299e-01,  1.367495744293038e+00
s604        , -1.410598066968925e+00, -7.252390630018777e-01,  1.978151111889685e+00
s605        , -1.621387133323042e-01, -6.149079567747682e-01,  1.677213653342157e+00
s606        , -9.979698047533581e-01, -9.265949650073035e-02,  2.527366428269495e-01
s607        ,  8.102904644198851e-01,  6.094461810533005e-01, -1.662316196396594e+00
s608        ,  6.515689709358394e-01,  6.073071447758214e-02, -1.656481793361073e-01
s609        ,  1.387300347613353e-02, -2.912246116765043e-02,  7.943398512112620e-02
s610        ,  1.548918422462740e-02, -1.738882396154228e-02,  4.742949354051626e-02
s611        ,  1.874583079024923e-01,  2.907004321153840e-01, -7.929101069592717e-01
s612        , -6.619121708260401e-01, -6.035850998329378e-02,  1.646329599804623e-01
s613        ,  1.853178585757171e+00,  1.211815411762712e+00, -3.305329409948320e+00
s614        , -3.191525488535211e-01,  1.711653457401424e-01, -4.668680112063545e-01
s615        , -1.037736039722638e-01, -2.777912736324941e-01,  7.576992813029797e-01
s616        , -8.799864633294983e-01, -1.372409741831059e+00,  3.743364078507057e+00
s617        , -1.183843594802836e+00, -8.985677539486229e-01,  2.450919830799411e+00
s618        , -1.123650075268739e+00, -1.238827144055211e+00,  3.379006202876850e+00
s619        ,  9.176659138352714e-01,  8.759930552057902e-01, -2.389345423549659e+00
s620        ,  1.595155267894712e+00,  9.753965751972729e-01, -2.660476962966464e+00
s621        ,  1.133359360912493e+00,  3.878665816182308e-01, -1.057939028431746e+00
s622        , -1.002419121282031e+00,  1.740921886184061e-01, -4.748512236246143e-01
s623        ,  1.034471969936264e-01, -1.042106144897924e-01,  2.842432977485045e-01
s624        ,  1.639327811745190e+00,  8.001242076404251e-01, -2.182406701098594e+00
s625        , -4.972654620844767e-01,  7.271197906548744e-01, -1.983280956223415e+00
s626        ,  3.826916613216537e-01, -1.132702147906111e-01,  3.089541266635407e-01
s627        ,  3.687647283893495e-01, -6.321173622534607e-03,  1.724153767739198e-02
s628        , -2.769187143037049e-02,  1.085158907005411e+00, -2.959863041001413e+00
s629        , -6.084255915863078e-01, -1.181351872683343e+00,  3.222237520975158e+00
s630        ,  2.575662011885660e-01, -6.677844160727069e-01,  1.821438684906316e+00
s631        ,  1.966623425207500e-01,  1.201637138516813e-01, -3.277567305608348e-01
s632        , -1.969402937452174e-01,  5.559848650855868e-01, -1.516495918615521e+00
s633        ,  2.667860134858853e+00,  1.269214848953154e+00, -3.461891247682399e+00
s634        ,  6.040142711820373e-01,  1.022183230224552e-01, -2.788091536402070e-01
s635        ,  1.911892919802316e+00,  1.421640254012148e+00, -3.877644479795467e+00
s636        , -2.071432026808114e-01, -7.228639157055545e-01,  1.971672696006133e+00
s637        , -3.698619835175475e-01, -7.108200627310217e-02,  1.938822064582054e-01
s638        ,  1.470155794820396e-01,  1.109391674480138e+00, -3.025959971475455e+00
s639        ,  1.040284966432418e-01, -2.990776963297228e-01,  8.157598062730307e-01
s640        , -7.663785491668938e-02, -4.002496310926923e-01,  1.091714847104692e+00
s641        ,  1.396787091256105e+00,  9.573240580040970e-01, -2.611182638096054e+00
s642        ,  1.137451761223005e+00,  6.802763459403163e-01, -1.855511484094738e+00
s643        ,  6.186651151125385e-02,  1.433009442713158e-01, -3.908654907139395e-01
s644        , -1.171820789178678e+00, -8.622617348685339e-01,  2.351892081639987e+00
s645        ,  4.823756822475945e-01, -3.373863196977691e-01,  9.202498286344818e-01
s646        ,  8.205150420430783e-01,  9.288271006531013e-01, -2.533454767735602e+00
s647        ,  3.518506790799084e-01,  4.797097025188874e-01, -1.308448937505112e+00
s648        ,  4.210663223398269e-02,  5.475306092849173e-01, -1.493436218214012e+00
s649        ,  5.870347574891153e-01,  9.345574175348301e-01, -2.549084693492984e+00
s650        , -7.940906852652417e-01, -8.549201332007541e-01,  2.331867239842225e+00
s651        ,  1.648126188438620e+00,  1.190873744936221e+00, -3.248209235882985e+00
s652        ,  2.998843396621517e+00,  9.021344396737171e-01, -2.460648268900436e+00
s653        ,  4.493206753989470e-01,  4.756879622785076e-01, -1.297479299582811e+00
s654        ,  8.907143716152747e-01,  2.490690723049921e-01, -6.793570388750263e-01
s655        ,  3.986925365877027e-01,  5.115211936489473e-01, -1.395217480127910e+00
s656        ,  8.200524881394198e-01,  3.708879163034476e-01, -1.011628277419767e+00
s657        ,  2.253026077099692e-01, -3.666835225073023e-03,  1.000160436417974e-02
s658        , -2.085098433395276e+00, -9.681512655584094e-01,  2.640714765852064e+00
s659        , -3.565026754081164e-01, -3.584357928213822e-01,  9.776640535271908e-01
s660        ,  9.769972243844463e-01,  6.148055240592881e-01, -1.676934259414892e+00
s661        ,  7.549182821078513e-01,  5.656674400155396e-01, -1.542905963717562e+00
s662        , -2.199791631405239e+00, -1.199556990995895e+00,  3.271893526655544e+00
s663        ,  6.537369904412298e-01,  6.216074244717381e-01, -1.695487020222008e+00
s664        , -1.032617581813699e+00, -6.022258602592592e-01,  1.642622158477819e+00
s665        , -1.725197455699346e-01, -3.000428521766964e-01,  8.183923507804032e-01
s666        , -9.556704567146261e-01, -4.765589536439090e-01,  1.299855002472809e+00
s667        , -1.074909955617834e+00, -2.701152323214996e-01,  7.367622269868424e-01
s668        ,  8.157451056201822e-01,  1.004029438101191e+00, -2.738575527259911e+00
s669        ,  8.201013628253861e-01,  5.366915318864193e-01, -1.463871714450318e+00
s670        , -8.377594254676489e-01, -1.080213684310457e+00,  2.946374526287276e+00
s671        , -5.700208727194025e-01, -2.554014602858473e-01,  6.966291646667536e-01
s672        , -7.390594172975107e-01, -4.679323423675533e-01,  1.276325187879632e+00
s673        ,  5.527317739358688e-01,  2.190979062849719e-01, -5.976081392201551e-01
s674        , -1.509604783948018e-01, -1.810580373945167e-01,  4.938511675116418e-01
s675        , -7.328015214360988e-01, -8.508389308514122e-01,  2.320735413969827e+00
s676        ,  2.481079887957650e-01,  3.538418431857628e-01, -9.651336659029383e-01
s677        , -1.497784796529649e+00, -8.798456382572720e-01,  2.399853670879014e+00
s678        , -6.955981656855925e-02, -1.798528539532168e-01,  4.905639273641371e-01
s679        ,  6.295281558129771e-01, -2.060702187253261e-02,  5.620740154447346e-02
s680        , -5.120635862296854e-01, -7.968495685277964e-01,  2.173474844925714e+00
s681        , -4.577628444983340e-01, -1.073685579583452e+00,  2.928568566455483e+00
s682        ,  1.425186289801849e+00, -1.777180419587027e-01,  4.847410464189991e-01
s683        , -8.653733268557259e-01,  1.896030770171445e-01, -5.171584884944354e-01
s684        ,  6.149991181690388e-01,  1.139413553608697e+00, -3.107847195439042e+00
s685        ,  1.739338045322249e+00, -1.068516886864426e+00,  2.914470518279705e+00
s686        ,  9.590771410105174e-01,  1.150022083934254e-01, -3.136782862489526e-01
s687        ,  5.412604899045220e-01,  9.698492201851509e-01, -2.645346081240575e+00
s688        , -1.405336687520458e+00, -6.565755922477965e-01,  1.790865666375784e+00
s689        ,  3.354058241185731e-01,  2.986206989349184e-01, -8.145133070829310e-01
s690        , -6.091694712828629e-01, -6.034563098225064e-01,  1.645978314117846e+00
s691        , -6.034950511663356e-01, -1.069046618954568e+00,  2.915915407525992e+00
s692        , -9.120972373870816e-01, -6.074230983545257e-01,  1.656798066590591e+00
s693        , -4.067329829645622e-01, -1.845188998679554e-01,  5.032909637101435e-01
s694        , -7.579589601320625e-01,  1.018606682159474e+00, -2.778336197931485e+00
s695        ,  1.455973696410247e+00,  8.397078093188254e-01, -2.290374335037974e+00
s696        , -6.516257166940765e-01,  3.324393949242440e-01, -9.067566713565549e-01
s697        ,  7.238448013551265e-01,  2.458159229382333e-01, -6.704837978083348e-01
s698        ,  1.662019888207612e+00,  6.750378406069103e-01, -1.841223016086651e+00
s699        , -1.247862087380916e+00, -8.479189870287333e-01,  2.312771019311355e+00
s700        , -1.114444246482743e+00, -7.312868498663799e-01,  1.994646963975987e+00
s701        , -4.217745973052511e-01, -1.995512370811868e+00,  5.442929395959606e+00
s702        , -8.481384521188838e-01, -1.359420518291506e-01,  3.707934868611762e-01
s703        , -9.416435374285389e-01, -2.083116435565041e-01,  5.681876919525481e-01
s704        ,  9.487448855648489e-01,  1.912279108217710e-01, -5.215903606331944e-01
s705        , -2.365138337942841e-01,  1.761494518257171e-01, -4.804625836693247e-01
s706        ,  5.583280652770262e-01,  2.241488797282196e-01, -6.113850980777336e-01
s707        ,  9.205089121966432e-01,  1.734792379159868e-01, -4.731793485486834e-01
s708        ,  1.060945132046508e+00,  2.122003009177052e-01, -5.787943350241176e-01
s709        ,  1.331106470481227e+00, -1.236683760643254e-03,  3.373159942661241e-03
s710        ,  1.914467968020750e-01,  6.785235942018047e-01, -1.850730704932000e+00
s711        , -7.721035544159952e-02,  8.659537176974288e-01, -2.361962278228446e+00
s712        , -1.414340169349908e+00, -7.245911122661889e-01,  1.976383771251762e+00
s713        ,  5.574707555573186e-01,  2.554878964704473e-01, -6.968649266980610e-01
s714        , -1.685969281548289e+00, -1.311047401128816e+00,  3.575993085022691e+00
s715        , -2.519985050786605e-01, -1.438063390588014e-01,  3.922439979011658e-01
s716        , -1.286737305127487e+00, -4.964377198324312e-01,  1.354076024815504e+00
s717        ,  3.452976089232732e-01, -2.853387085322355e-01,  7.782855507146700e-01
s718        ,  1.123110480867275e+00,  7.480539001696619e-01, -2.040380517079516e+00
s719        ,  6.888993521047060e-01,  8.836870943185693e-01, -2.410331568398047e+00
s720        ,  7.093644696892668e-01,  7.465854091392258e-01, -2.036375083129732e+00
s721        , -7.747236109533534e-01, -8.906402151773963e-01,  2.429296795810175e+00
s722        ,  3.328206388143557e-02,  8.899320581690007e-01, -2.427365237452371e+00
s723        ,  9.358910152584167e-02,  5.101010442794367e-01, -1.391343902162158e+00
s724        , -2.029371048190847e-01,  8.414641637259208e-01, -2.295164940785115e+00
s725        , -2.472238890656029e-01, -1.290458521349141e+00,  3.519835167576617e+00
s726        , -1.287360963264701e+00, -1.099657362467485e+00,  2.999408809088242e+00
s727        ,  1.020824855481522e+00,  2.138689799151432e-01, -5.833457986484100e-01
s728        ,  1.643163575608416e-01,  5.012918553698300e-01, -1.367316091574768e+00
s729        , -1.007289241750788e+00, -2.612115196568019e-01,  7.124765948330593e-01
s730        , -4.777207265671769e-02, -3.035063573156185e-01,  8.278393550733540e-01
s731        , -1.404307349772385e+00, -5.314488619752866e-01,  1.449571887202936e+00
s732        , -8.950540078294736e-01, -6.807339803503323e-01,  1.856759720797905e+00
s733        ,  7.802433523350309e-01,  2.717505171330715e-01, -7.412226051342635e-01
s734        , -3.943979845876157e-01, -7.793839121345901e-01,  2.125835784405315e+00
s735        ,  2.101468865327814e-01,  5.569616919410385e-01, -1.519160296789302e+00
s736        , -9.765048604112492e-01, -8.787734691434472e-01,  2.396929238601652e+00
s737        ,  1.458335451821298e-01,  4.090854225590856e-01, -1.115815218424085e+00
s738        , -6.859666936017033e-01, -1.198948715459035e+00,  3.270234403490563e+00
s739        , -4.324785166901872e-01, -1.798249783154196e-01,  4.904878941956053e-01
s740        , -8.464136206988211e-01, -8.450149127149287e-01,  2.304849910085544e+00
s741        ,  7.826811446288887e-01,  3.214748013820229e-01, -8.768498116554428e-01
s742        , -1.076711651730049e+00, -3.103267585266977e-01,  8.464425783793156e-01
s743        ,  1.126163901269626e+00, -1.172502128808608e+00,  3.198099093277560e+00
s744        ,  4.575225784544250e-01,  4.581846027924344e-01, -1.249737400675897e+00
s745        ,  6.120442964942219e-02,  8.902142289707486e-01, -2.428134882268399e+00
s746        , -7.321682226189937e-01, -6.591713492951855e-02,  1.797945814083525e-01
s747        ,  3.433900501625797e-01,  4.422518435750531e-01, -1.206279447334446e+00
s748        ,  1.070072189769298e+00,  4.347191055099832e-01, -1.185733264786977e+00
s749        , -3.065637698166305e-01,  2.959440204547806e-01, -8.072124392977080e-01
s750        ,  5.825873454256546e-01, -2.575638424203245e-01,  7.025272455091469e-01
s751        ,  1.285276821036510e+00, -6.211833092555717e-01,  1.694330209965595e+00
s752        , -1.346601886455474e+00, -9.634148959345966e-01,  2.627795915619584e+00
s753        ,  1.060914810725354e+00,  5.464276887018980e-01, -1.490427908693845e+00
s754        , -2.988071870667106e-01, -4.528583822915184e-01,  1.235209682102040e+00
s755        ,  3.446486458262936e-01,  7.985766303486603e-01, -2.178185552657184e+00
s756        ,  7.815527627219404e-01, -6.534918608886435e-01,  1.782454527307201e+00
s757        , -1.199593062238568e-01, -5.737676165627723e-01,  1.564999882896550e+00
s758        , -4.537603905509295e-01, -2.957044799780554e-01,  8.065590723121823e-01
s759        ,  8.887536211540952e-01,  3.947708717089561e-01, -1.076771065778502e+00
s760        , -2.895515595576988e-01,  1.444818804922754e-01, -3.940865945095526e-01
s761        ,  1.508586595387194e+00,  7.218072300286640e-01, -1.968790496117446e+00
s762        , -1.358921391484775e+00, -1.476396746043199e+00,  4.026997460240374e+00
s763        ,  6.364126482871525e-01, -2.505043081181050e-01,  6.832717663964302e-01
s764        , -9.313282224456000e-01, -5.318393950401229e-01,  1.450637099290710e+00
s765        ,  1.388135281387673e-01,  1.619845181125744e-01, -4.418265244662861e-01
s766        , -5.439787958329916e-01, -7.859507212683380e-01,  2.143747313792221e+00
s767        , -9.653950427427374e-02, -1.068266171106630e-01,  2.913786669766347e-01
s768        ,  5.676322320535288e-02,  5.997149433988759e-01, -1.635773419582443e+00
s769        ,  2.392616163662374e+00,  1.027308296878144e+00, -2.802070590780823e+00
s770        ,  2.218993464697082e+00,  2.375169068878516e-01, -6.478475270044681e-01
s771        , -1.301691995085941e+00, -4.607163387519742e-01,  1.256642925431614e+00
s772        ,  5.381680992613422e-01,  1.826993061421587e-01, -4.983278673526872e-01
s773        ,  3.401653127948081e-01,  9.935212356276044e-01, -2.709913512942800e+00
s774        ,  1.961582265617426e+00,  9.406420951367983e-01, -2.565681168197480e+00
s775        ,  1.370640331855434e-01, -7.563830049277313e-02,  2.063098857387896e-01
s776        , -1.362945069319552e+00, -2.131165017689412e-01,  5.812933506246873e-01
s777        , -3.352331847361073e-01,  1.958816535721737e-01, -5.342838390540251e-01
s778        ,  1.725306869739156e-02,  1.230533267727451e-01, -3.356383951102779e-01
s779        ,  1.449489553403749e+00,  2.875922173518244e-01, -7.844321873267055e-01
s780        ,  4.890100260675968e-01, -3.552799491938557e-01,  9.690562221248088e-01
s781        , -1.480324044989625e+00, -4.055754591449576e-01,  1.106241495241535e+00
s782        ,  4.189986042737072e-03,  1.510781177566391e-01, -4.120783916209491e-01
s783        , -6.272127818216119e-01,  5.088377570584928e-01, -1.387898179023083e+00
s784        , -7.567615030290811e-01, -4.871698279623944e-01,  1.328797062962977e+00
s785        , -5.703210531845891e-01,  2.788569475899347e-01, -7.606059974899155e-01
s786        , -8.599325133308396e-02,  4.625415531018655e-03, -1.261621352518619e-02
s787        ,  2.785466688170734e-01, -9.285715417473410e-01,  2.532757709125034e+00
s788        , -2.115784691919650e-01, -7.512852941223977e-02,  2.049194418407563e-01
s789        ,  5.205927430670390e-01,  1.431754909551404e+00, -3.905233061439903e+00
s790        ,  2.374718073624741e-01,  1.183280542806275e+00, -3.227498132465606e+00
s791        , -1.870737338196531e-01, -1.734020874910627e-01,  4.729689142151863e-01
s792        ,  3.003547556082287e-01,  5.939495528573971e-01, -1.620047827440594e+00
s793        , -5.143092658197445e-01, -6.262175884666994e-01,  1.708061633887847e+00
s794        , -1.010636071412045e+00,  3.019456723804875e-02, -8.235824544219383e-02
s795        ,  7.888417803219109e-01,  1.315573167361165e-01, -3.588337496626269e-01
s796        , -5.465110200553928e-01, -1.425677452875294e-01,  3.888656282423671e-01
s797        , -1.192872691111335e+00, -3.278073293509828e-01,  8.941223192766097e-01
s798        , -5.479719952294667e-01, -1.082517361422315e+00,  2.952658001175395e+00
s799        , -1.767142590180782e+00,  7.173254880428613e-01, -1.956566164383683e+00
s800        ,  8.963412972756588e-01,  1.108196873299432e+00, -3.022701049825099e+00
s801        , -1.947046181282547e-01,  7.313223046548897e-01, -1.994743669921506e+00
s802        ,  1.600748538223648e+00,  1.010812187458060e+00, -2.757076051937142e+00
s803        ,  6.740572620180487e-01,  5.679985980135787e-01, -1.549264395055671e+00
s804        , -1.928070676221089e+00, -1.117372650793525e+00,  3.047728761897391e+00
s805        , -3.708716392635016e-01, -9.657592469089145e-02,  2.634190331920465e-01
s806        ,  7.676901054132432e-01,  4.362058462750488e-01, -1.189788476437234e+00
s807        , -3.131290990966100e-01,  2.994803905935419e-01, -8.168581890634320e-01
s808        ,  9.833675917069937e-01,  5.380362763195496e-01, -1.467539619050759e+00
s809        ,  5.790963636372374e-01,  7.798759113486515e-03, -2.127177754029019e-02
s810        ,  1.050626461500014e+00,  1.304652515164736e-01, -3.558550490676107e-01
s811        ,  5.249115464039674e-01,  7.408536262399691e-01, -2.020741158685089e+00
s812        ,  1.605931526374291e+00,  9.933485226959153e-01, -2.709442423759539e+00
s813        ,  9.497331683917800e-01,  3.100750485999560e-01, -8.457560181857785e-01
s814        , -7.865406237894390e-01, -3.926662710523998e-01,  1.071030588822364e+00
s815        , -2.660810322736745e-01,  4.368985085088534e-01, -1.191677771481951e+00
s816        , -9.674450919852260e-01, -1.119210059676331e+00,  3.052740450607973e+00
s817        ,  7.270946209036594e-01, -3.046108358166639e-01,  8.308519139471935e-01
s818        ,  6.532804155454609e-01,  3.858766928486780e-01, -1.052511437885624e+00
s819        ,  8.081292268835971e-01,  1.415045102649420e+00, -3.859655644572968e+00
s820        ,  1.390381735794342e+00, -3.790013253557510e-01,  1.033758289379679e+00
s821        ,  1.516978402347241e+00,  6.094355592967016e-01, -1.662287224653760e+00
s822        ,  3.033561593600318e-01, -4.627786591430545e-02,  1.262268079374358e-01
s823        , -8.238895392622754e-01, -3.213395274565176e-01,  8.764808405398452e-01
s824        ,  2.038981274745353e+00,  1.093006276953503e+00, -2.981267408719796e+00
s825        ,  1.320628175421427e-01,  4.521961250978442e-01, -1.233403319385451e+00
s826        ,  9.525953446348723e-01,  1.036713091124416e+00, -2.827722965486553e+00
s827        , -2.151354450670567e+00,  1.906751234454284e-01, -5.200825861365691e-01
s828        ,  8.438987064828645e-01, -5.438111066124630e-02,  1.483290958915994e-01
s829        , -1.571185202221650e+00, -6.535378005256071e-01,  1.782579831566963e+00
s830        ,  3.133543223982471e-01, -4.070964102173951e-01,  1.110390018409356e+00
s831        , -8.984804340484777e-01,  4.657437194723197e-01, -1.270355533134629e+00
s832        , -1.855362237616736e+00, -8.550643523779584e-01,  2.332260609891215e+00
s833        ,  4.948389352249700e-01,  4.828127048765803e-01, -1.316912639858181e+00
s834        ,  1.120605859544544e+00, -6.208767944836588e-01,  1.693494164904316e+00
s835        , -8.435182612795278e-01, -9.578378085221972e-01,  2.612583936247872e+00
s836        ,  1.128844146448547e+00, -5.677782347123437e-01,  1.548663335444298e+00
s837        , -1.924657877822013e+00, -5.237519727276948e-01,  1.428577968369890e+00
s838        , -1.075095206150813e+00, -1.432107765650823e+00,  3.906195506405995e+00
s839        ,  3.864893622265216e-02,  5.922682294444190e-01, -1.615461875099496e+00
s840        , -1.233908351649845e+00, -7.173208640391053e-02,  1.956553552020874e-01
s841        ,  6.618283364070193e-01,  1.815679833910132e-01, -4.952420885078170e-01
s842        , -1.380664268040651e+00, -6.429632798284957e-01,  1.753736928665251e+00
s843        ,  5.539120810708921e-02,  4.528928432472719e-02, -1.235303677284363e-01
s844        , -2.111176459361614e+00, -1.512715810969787e+00,  4.126060793053620e+00
s845        ,  1.677967143093475e-01,  1.900614094581349e-01, -5.184086291363464e-01
s846        , -1.112697847471129e-01,  2.443829812839484e-01, -6.665753277998883e-01
s847        ,  9.946887487236224e-02, -1.586459527821205e-02,  4.327203041073993e-02
s848        , -1.578942777693122e+00, -8.996058556866630e-01,  2.453751341417246e+00
s849        ,  4.886541057537145e-01,  4.980860735339127e-01, -1.358572049469608e+00
s850        , -1.729847647025637e+00, -1.423896563905448e+00,  3.883798756573836e+00
s851        , -3.749493322034729e-03, -7.662322611630844e-01,  2.089963539900468e+00
s852        , -1.822550475295671e-01, -1.376521411747406e-01,  3.754579007254922e-01
s853        , -7.026997334075606e-02,  7.927098254042675e-01, -2.162183344122037e+00
s854        ,  4.598855993128227e-01,  6.177550455120533e-01, -1.684979329570351e+00
s855        ,  1.247409464273019e-01,  8.647793736960481e-02, -2.358759155271382e-01
s856        , -7.920260931956872e-01, -5.751069251343158e-01,  1.568652960723048e+00
s857        ,  1.951476409171481e+00,  4.963258624199635e-01, -1.353770924227117e+00
s858        ,  5.125085136741684e-01,  2.808667400836002e-01, -7.660878771332377e-01
s859        , -6.666214518700428e-01, -5.113420413468179e-01,  1.394728827015113e+00
s860        ,  6.811400510310223e-02,  2.111905110305853e-01, -5.760400473831387e-01
s861        ,  1.248756919249408e-01,  4.468905109766436e-01, -1.218931806461603e+00
s862        , -4.702662470572294e-01,  2.728408963462364e-01, -7.441967070034812e-01
s863        ,  4.846741731606912e-01,  1.171652772393032e-03, -3.195782401551606e-03
s864        ,  5.444121402657592e-01,  9.616129850839177e-02, -2.622881050805175e-01
s865        ,  6.365198845674542e-01,  3.942418841623339e-01, -1.075328207337872e+00
s866        ,  4.352365441984731e-01,  1.036626918004172e+00, -2.827487920985613e+00
s867        , -5.650365137506240e-02, -8.853702547954068e-02,  2.414922531486755e-01
s868        , -2.338433808137944e+00, -1.368349002991664e+00,  3.732288068595246e+00
s869        , -2.347184475558824e-01,  3.040416380043942e-03, -8.292993785936259e-03
s870        , -8.212819619769497e-01, -5.354122815060941e-01,  1.460382450438871e+00
s871        , -1.570593293706644e-01, -3.332862403427696e-01,  9.090665141266321e-01
s872        ,  5.284306454202828e-01,  7.844339526886270e-02, -2.139610198728394e-01
s873        ,  9.554554102193651e-01,  6.561383860947864e-01, -1.789673149477812e+00
s874        ,  1.539965674145509e+00,  9.734274169356909e-01, -2.655105916640702e+00
s875        ,  6.472677808586433e-01,  9.161609876770118e-01, -2.498906869331918e+00
s876        ,  7.990955642461933e-01,  1.242125873232108e+00, -3.388003766745093e+00
s877        ,  2.414774484401116e-01,  9.191467447996139e-01, -2.507050775353004e+00
s878        , -5.588324756467095e-01, -1.218201907839274e+00,  3.322749120164473e+00
s879        , -1.108097718569436e+00, -9.430485089569225e-01,  2.572244866178997e+00
s880        , -7.450297483445956e-01, -1.486613452125408e-01,  4.054864393404050e-01
s881        , -1.759050067534673e+00,  5.085969768764043e-01, -1.387241430635941e+00
s882        , -6.605379692241984e-01, -4.682492490346939e-01,  1.277189577717343e+00
s883        ,  3.815578964726025e-01, -3.135855058901614e-01,  8.553310884572490e-01
s884        , -4.051889851605021e-01, -1.271381511906848e-02,  3.467801004822439e-02
s885        ,  2.841270750996222e-02, -6.051647573255264e-01,  1.650638249717172e+00
s886        , -1.487878849688012e+00, -7.943404272284117e-01,  2.166630949023690e+00
s887        ,  4.820147860437526e-01, -1.404405712357965e-01,  3.830635804345706e-01
s888        ,  7.081092310596755e-01,  1.205652483079499e-01, -3.288519498776794e-01
s889        , -9.770534507358715e-01, -1.032732137908988e+00,  2.816864577637330e+00
s890        , -4.782598098188896e-02,  9.506305255495496e-01, -2.592925460093773e+00
s891        , -3.221184210883459e-01, -1.111577704791944e+00,  3.031922554729067e+00
s892        , -9.718981396026353e-01, -2.630575546884789e-01,  7.175118120969831e-01
s893        ,  2.164744347352419e+00,  1.800141108922506e-01, -4.910037693549034e-01
s894        ,  2.108977331308745e-01,  1.890819530845248e-01, -5.157370787285616e-01
s895        , -7.726754766108114e-01, -3.506237854611732e-01,  9.563561402692864e-01
s896        ,  2.280269149131176e+00,  3.773592789499805e-01, -1.029279468410078e+00
s897        ,  1.732742671810001e+00, -2.981297620708942e-01,  8.131742351093117e-01
s898        , -1.952924930899203e-01, -3.653107759376725e-01,  9.964161536132243e-01
s899        , -1.243124507856433e+00, -4.881323525585033e-01,  1.331422430510242e+00
s900        , -1.127987025274472e+00, -7.559244952239987e-01,  2.061848233246822e+00
s901        ,  2.222405771151902e+00,  9.037041405421743e-01, -2.464929761275406e+00
s902        , -1.852329248500361e+00, -1.025803315565738e+00,  2.797965626489202e+00
s903        ,  1.566870488248132e+00,  6.392798840661150e-01, -1.743690154029697e+00
s904        , -1.387739856871697e+00,  1.249213313221082e-01, -3.407335360987439e-01
s905        ,  1.121219821885002e+00,  3.609029425074636e-01, -9.843934137391492e-01
s906        , -9.933730759278800e-01, -1.257362612717238e+00,  3.429563267179784e+00
s907        , -5.762178128524448e-02, -5.480860296736435e-01,  1.494951174475434e+00
s908        ,  2.416796340775907e-01, -3.881863869569753e-01,  1.058811324642329e+00
s909        , -4.906300545514418e-01, -4.089357220916277e-01,  1.115406897690603e+00
s910        , -1.582982857801990e+00, -1.198585007418992e+00,  3.269242358935163e+00
s911        , -7.523355700553858e-01, -3.154888710240979e-01,  8.605226784419969e-01
s912        ,  2.234392115693803e-01,  5.343773469523129e-01, -1.457559578584976e+00
s913        , -1.421242973618926e+00, -8.069103946319242e-01,  2.200916602216107e+00
s914        ,  5.670067347130126e-02,  2.260708436816147e-01, -6.166274179214601e-01
s915        , -5.612055763432975e-01,  6.414346192646157e-02, -1.749567377205060e-01
s916        ,  8.997740464690428e-01,  9.704661304451477e-02, -2.647028756345952e-01
s917        , -1.606823724089288e+00, -6.780250525983383e-01,  1.849370890385964e+00
s918        ,  3.499868789687910e+00,  1.137614510580681e+00, -3.102940152854384e+00
s919        , -8.715752962891427e-01,  1.432622967135976e-01, -3.907600762193649e-01
s920        , -1.856154837094556e+00, -1.073438404447252e+00,  2.927894375288117e+00
s921        ,  2.276110916770269e-01,  1.392570337885727e+00, -3.798353815734989e+00
s922        ,  1.278757880561135e+00,  1.165517623176585e+00, -3.179048261232199e+00
s923        , -2.625003058195761e-01, -8.467997333850105e-01,  2.309718159981560e+00
s924        , -1.727834522886678e+00, -6.326100014950625e-01,  1.725497483092349e+00
s925        ,  1.850614154947127e+00,  9.635856413205409e-01, -2.628261638154799e+00
s926        , -9.602025879025962e-01, -1.108418673393543e+00,  3.023306028411007e+00
s927        , -1.294474937930480e+00, -1.077012731339119e+00,  2.937643655320190e+00
s928        , -8.964192424384730e-01, -1.028432783416961e-01,  2.805137723276204e-01
s929        ,  3.373466507702029e-01,  4.043554873196074e-01, -1.102913918521110e+00
s930        , -4.361686703935594e-01,  2.664765694242169e-02, -7.268374650383552e-02
s931        ,  1.180800691213646e+00,  7.548387574679625e-01, -2.058886791345953e+00
s932        ,  4.707166528445573e-01,  1.559827191185702e-01, -4.254561082008054e-01
s933        ,  1.703804210339992e+00,  3.787338981691181e-01, -1.033028859025507e+00
s934        , -1.834005051426063e+00, -1.341803975422800e+00,  3.659884252420281e+00
s935        , -1.778081906893596e+00, -1.453197895410963e+00,  3.963720625726288e+00
s936        , -1.576278502143039e+00, -9.038703297625477e-01,  2.465383056482234e+00
s937        ,  1.612912677482048e-01,  1.062629217755464e+00, -2.898411400964483e+00
s938        ,  3.756397573989944e-01, -3.277490217303101e-01,  8.939632802913295e-01
s939        , -1.269094165370334e+00, -3.469777713992006e-01,  9.464113273950273e-01
s940        ,  1.741633513389910e-01,  9.010340234400955e-01, -2.457646790205852e+00
s941        , -7.405880410109713e-01, -7.784190390472466e-01,  2.123204011148838e+00
s942        , -9.892731562449667e-01, -2.939742090847957e-01,  8.018396115633294e-01
s943        , -2.404390935905113e-01,  1.948591875820941e-01, -5.314949762661140e-01
s944        , -1.000366609598994e+00, -4.557257996290487e-01,  1.243030806313151e+00
s945        , -6.403848269203396e-01, -3.986226436950441e-01,  1.087277100858142e+00
s946        ,  1.042678968069443e+00,  5.310197842295677e-01, -1.448401541225893e+00
s947        ,  5.081125559242119e-03, -5.335571087829869e-01,  1.455322309345847e+00
s948        , -9.507722609706111e-01, -2.812531641953062e-01,  7.671418817025247e-01
s949        , -1.109777834090980e-01, -2.514670925877255e-01,  6.858978427707594e-01
s950        ,  6.358188156380659e-01,  7.359675198210057e-01, -2.007413888632264e+00
s951        , -2.185819524191360e+00, -9.168288791133286e-01,  2.500728599923622e+00
s952        ,  1.305064709156518e+00,  1.183264907317283e+00, -3.227455485342040e+00
s953        ,  1.664044937420125e+00,  1.118591015416760e+00, -3.051051954837616e+00
s954        ,  1.051351309197189e+00,  7.016450633558460e-01, -1.913796474895181e+00
s955        , -1.399028311662238e+00, -1.733661213085422e-01,  4.728708133990929e-01
s956        ,  1.385421265834244e+00,  6.763974066104098e-01, -1.844931347778519e+00
s957        , -9.408889636329509e-01, -5.674402580537656e-01,  1.547741475416252e+00
s958        ,  9.732055185777989e-01,  3.730908120373099e-01, -1.017636862543795e+00
s959        , -5.141793956906318e-01, -3.734406522886010e-01,  1.018591081528095e+00
s960        , -1.427508420922604e+00, -2.676857539099647e-01,  7.301356183742319e-01
s961        , -2.005936182526317e-01, -7.968657984043130e-01,  2.173519113291713e+00
s962        , -1.040812919577019e+00, -3.897541492697054e-01,  1.063087529441984e+00
s963        ,  3.350397487530737e-01, -6.210216992224248e-01,  1.693889404880664e+00
s964        , -1.211148190797335e+00, -5.628416589918430e-01,  1.535198406087051e+00
s965        , -3.546684926971408e-01, -1.152523763315736e+00,  3.143606405376989e+00
s966        , -1.297482551855561e+00, -6.760058044751623e-01,  1.843863219710438e+00
s967        , -7.045435460678466e-02,  6.456492497465535e-01, -1.761063139636180e+00
s968        ,  9.299065987644249e-02,  4.534483329482940e-01, -1.236818822600944e+00
s969        ,  6.950554955433741e-01,  5.210630808792296e-01, -1.421243787585731e+00
s970        ,  2.496136210729473e-01, -3.687398857848317e-01,  1.005769341827981e+00
s971        , -1.044044119112300e+00, -2.043444474022387e-01,  5.573668276555234e-01
s972        , -1.696855601622959e-01,  1.511347736114913e-01, -4.122329252747309e-01
s973        ,  4.802864320387064e-01, -5.796361271437960e-01,  1.581006743700404e+00
s974        , -1.989928973862809e-01, -5.546444489916001e-02,  1.512839819927520e-01
s975        ,  5.144117291211028e-01, -1.046992019135738e+00,  2.855759614244089e+00
s976        ,  3.695887594461369e-01,  8.832336295285330e-01, -2.409094704687341e+00
s977        , -5.208667084829632e-01, -3.542835305320753e-01,  9.663384056360638e-01
s978        , -1.415530554889297e+00, -3.548726419149836e-02,  9.679452569442271e-02
s979        , -9.075955878756906e-02,  1.034567088068239e+00, -2.821869559970689e+00
s980        , -1.408049785649007e+00, -9.458403667930101e-01,  2.579859895435468e+00
s981        ,  7.617332134276669e-01,  2.623157004693388e-01, -7.154883417362234e-01
s982        ,  5.658342892742035e-01,  2.912700048647048e-01, -7.944636649856518e-01
s983        , -6.523400746561840e-01, -7.114364399722026e-01,  1.940503285833362e+00
s984        ,  1.408650344937473e+00,  2.994856177815982e-02, -8.168724466626215e-02
s985        , -1.892295500046385e+00, -1.680499975116033e+00,  4.583706344424755e+00
s986        ,  7.279494111089813e-01,  4.171047722316141e-01, -1.137688675440704e+00
s987        ,  6.069333137359153e-01, -3.375469901457508e-01,  9.206880709211112e-01
s988        ,  7.956867077796173e-01,  1.724432856468850e-01, -4.703537007898518e-01
s989        , -1.492402946081943e-01, -7.708766478743734e-02,  2.102631498930341e-01
s990        ,  4.998144921024050e-01,  9.558614757473179e-01, -2.607193320828031e+00
s991        , -1.388778051347251e+00, -1.561505702391408e+00,  4.259139363815063e+00
s992        ,  4.282998930275517e-01, -1.133385310824409e+00,  3.091404651490674e+00
s993        ,  5.363050420459535e-01,  6.180789693793987e-01, -1.685862859417330e+00
s994        , -6.815023874245364e-01,  1.536284237130992e-01, -4.190345676197279e-01
s995        , -2.391036276757255e+00, -1.131154416306826e+00,  3.085319697307153e+00
s996        ,  4.431453520331270e-01,  7.309932477655923e-02, -1.993846139321412e-01
s997        , -6.841651286789516e-01, -1.314730358902541e+00,  3.586038665007008e+00
s998        , -1.890503332016519e-01, -2.198532936440695e-01,  5.996685223690147e-01
s999        , -1.955891416531250e-01, -4.843196210912560e-01,  1.321022881759994e+00
s1000       ,  1.922227018092693e+00,  1.111816710897504e+00, -3.032574464171878e+00
s1001       ,  7.564584951078412e-01,  3.526788796408845e-01, -9.619615841070874e-01
s1002       , -1.216448226111712e+00, -4.396593068982631e-01,  1.199208083460881e+00
s1003       ,  9.406214986730430e-01,  1.050459508386717e+00, -2.865217485540902e+00
s1004       , -6.084517344429567e-01, -5.341354240893404e-01,  1.456899713438714e+00
s1005       ,  1.047447652274055e-01,  3.668750411720401e-01, -1.000682819834772e+00
s1006       ,  1.789223857816157e+00, -7.621560908177608e-01,  2.078845439246212e+00
s1007       , -3.471776742826869e-02, -4.562594176613309e-01,  1.244486294796513e+00
s1008       , -4.304906904704673e-01,  5.089280772767355e-01, -1.388144535085874e+00
s1009       ,  5.526661980887814e-01,  3.091229647576844e-01, -8.431591286809492e-01
s1010       ,  1.084664986478008e-01,  4.945975206062657e-01, -1.349056725206534e+00
s1011       , -1.857041478323650e-01,  2.303264236113809e-01, -6.282348734478604e-01
s1012       , -9.197930097533303e-01, -1.779985263136451e+00,  4.855060913081996e+00
s1013       , -4.019119417889336e-01, -7.093516637946680e-01,  1.934816881826714e+00
s1014       , -1.358932079618377e+00, -1.644523771141300e+00,  4.485578193964106e+00
s1015       , -1.527440174864809e+00, -4.211067769862531e-01,  1.148604483150242e+00
s1016       ,  1.494747075983483e+00,  6.883854196601409e-01, -1.877629671067280e+00
s1017       ,  5.541257590705126e-01,  4.199818440795794e-04, -1.145536133150368e-03
s1018       , -1.957085120530335e+00, -1.016560818155557e+00,  2.772755930181737e+00
s1019       ,  7.131485583147715e-01,  9.725593597834985e-01, -2.652738217066322e+00
s1020       , -1.923756067205053e+00, -1.708062939631547e-01,  4.658886670037174e-01
s1021       ,  3.885529621363158e-01,  1.263487574715656e+00, -3.446269620995455e+00
s1022       , -1.875446506562856e+00, -1.000212808994985e+00,  2.728165347368518e+00
s1023       ,  1.372593741804167e+00, -1.395332407858452e-02,  3.805887596065186e-02
s1024       , -8.235465806555774e-01, -4.305241693524365e-01,  1.174291220297520e+00
s1025       , -3.055697164838789e-01,  3.773400566028698e-01, -1.029227037826495e+00
s1026       , -1.058405261469002e+00, -1.749426184530285e-01,  4.771708431938869e-01
s1027       ,  1.001215100946892e+00,  1.092300228563921e+00, -2.979341601798809e+00
s1028       , -1.207050253018809e-01, -3.520558786303834e-01,  9.602622959626613e-01
s1029       , -3.485019297637044e-02,  4.304814601260017e-01, -1.174174727256718e+00
s1030       ,  7.570890498814407e-01,  4.880216694105793e-01, -1.331120532828084e+00
s1031       , -3.425236517205575e-01, -2.264653019622719e-01,  6.177033363686049e-01
s1032       , -9.690806500330095e-01, -4.018926592131581e-01,  1.096196345784469e+00
s1033       ,  3.580879227715397e-01,  2.169078687898022e-01, -5.916346260337330e-01
s1034       , -1.559175075401338e+00, -4.535846754613417e-01,  1.237190708379771e+00
s1035       , -5.297528349600487e-01, -6.451641723784510e-01,  1.759740049935116e+00
s1036       , -2.199501197760688e+00, -8.020153410711686e-01,  2.187564928074496e+00
s1037       , -2.563451324430152e-01, -6.733691004716456e-02,  1.836671385703728e-01
s1038       ,  1.208934872396009e+00,  1.182645329281965e+00, -3.225765533653017e+00
s1039       ,  1.284684643971159e+00,  1.079023318794083e+00, -2.943127703287943e+00
s1040       ,  3.246719543370282e-02, -2.207892411487799e-02,  6.022213986432717e-02
s1041       ,  2.496032441662193e+00,  8.625541210745578e-01, -2.352689589838395e+00
