# c0 + a0 * ((O + E_T) - (face-area-avg - poly_dist_avg_fixed))
# Property Label: $ln_{D}$; Unit of the Property: Unitless
# RMSE: 0.434154724876225; Max AE: 2.38785762322882
# Coefficients
# Task   a0                      c0
# all , -6.844762315576793e-01, -1.108541860575806e+01, 
# Feature Rung, Units, and Expressions
# 0;  2; Unitless;                                         12|0|add|33|31|sub|sub; ((O + E_T) - (face-area-avg - poly_dist_avg_fixed)); $\left(\left(O + E_{T}\right) - \left(face-area-avg - poly_{dist, avg, fixed}\right)\right)$; ((O + E_T) - (face_sub_area_sub_avg - poly_dist_avg_fixed)); ((newdata$O + newdata$E_T) - (newdata$face_sub_area_sub_avg - newdata$poly_dist_avg_fixed)); O,E_T,face-area-avg,poly_dist_avg_fixed
# Number of Samples Per Task
# Task, n_samples               
# all , 1041                  

# Sample ID , Property Value        ,  Property Value (EST) ,  Feature 0 Value      
s1          , -2.244947812336508e+01, -2.188015625682877e+01,  1.577079985159580e+01
s2          , -2.298888400764099e+01, -2.297244253935247e+01,  1.736659855455143e+01
s3          , -1.755271246623431e+01, -1.781989304320106e+01,  9.838872596229072e+00
s4          , -1.917258847351942e+01, -1.909811387931995e+01,  1.170631631039576e+01
s5          , -2.000094091703784e+01, -2.041567147561022e+01,  1.363122989474606e+01
s6          , -2.179532463031582e+01, -2.132565154931141e+01,  1.496068449338174e+01
s7          , -2.156980503382011e+01, -2.100961766148669e+01,  1.449896811339070e+01
s8          , -2.070680399014268e+01, -2.101378252048092e+01,  1.450505285205980e+01
s9          , -2.311678210871720e+01, -2.288829167167312e+01,  1.724365656796434e+01
s10         , -1.955558688693647e+01, -1.947036606459474e+01,  1.225016599883220e+01
s11         , -1.929232032084748e+01, -1.951249495675727e+01,  1.231171509319104e+01
s12         , -1.972420304545977e+01, -1.867776978567747e+01,  1.109220573319443e+01
s13         , -1.649771434553038e+01, -1.711978139894218e+01,  8.816029709974835e+00
s14         , -1.814284237715737e+01, -1.836238542290236e+01,  1.063143829053629e+01
s15         , -2.140988745272463e+01, -2.144097079447859e+01,  1.512916257903382e+01
s16         , -2.271802967642396e+01, -2.236243752158370e+01,  1.647539884644679e+01
s17         , -1.845283706311921e+01, -1.864408191260880e+01,  1.104298872387329e+01
s18         , -2.106370881996578e+01, -2.117009275688365e+01,  1.473341759168999e+01
s19         , -2.166440903696862e+01, -2.223088967205794e+01,  1.628321123866618e+01
s20         , -1.957524373940041e+01, -1.938632964272246e+01,  1.212739121426292e+01
s21         , -2.230012329283520e+01, -2.232745435741549e+01,  1.642428945424978e+01
s22         , -1.709175230426198e+01, -1.660929115473901e+01,  8.070218211098627e+00
s23         , -2.271630669020732e+01, -2.323642791106612e+01,  1.775227355616966e+01
s24         , -1.997593461761007e+01, -2.023574037801972e+01,  1.336835575931986e+01
s25         , -2.228124530569044e+01, -2.259437153786571e+01,  1.681424774373310e+01
s26         , -1.806502239865187e+01, -1.768796031125824e+01,  9.646122686356261e+00
s27         , -2.017409009594002e+01, -2.029517006332533e+01,  1.345518081264620e+01
s28         , -1.658938425028538e+01, -1.718600258592812e+01,  8.912776951051761e+00
s29         , -2.262132344831001e+01, -2.325432462273132e+01,  1.777842013488208e+01
s30         , -1.697997334312175e+01, -1.753398825833133e+01,  9.421173965234839e+00
s31         , -1.964904728113367e+01, -1.922514533610783e+01,  1.189190559886351e+01
s32         , -2.151059652715050e+01, -2.159950514039314e+01,  1.536077667840694e+01
s33         , -2.289264810431292e+01, -2.351975571336756e+01,  1.816620729007985e+01
s34         , -2.302504917991390e+01, -2.237014956034290e+01,  1.648666591227557e+01
s35         , -2.244061385591441e+01, -2.232870268706521e+01,  1.642611322780417e+01
s36         , -2.239655424600443e+01, -2.151099995060451e+01,  1.523147315301321e+01
s37         , -2.226102540809307e+01, -2.190660371807783e+01,  1.580943882842174e+01
s38         , -2.102436377352775e+01, -2.085415314915545e+01,  1.427183895219625e+01
s39         , -2.141661104833067e+01, -2.000368530362429e+01,  1.302932999962717e+01
s40         , -1.990275935468409e+01, -1.929962018079126e+01,  1.200071119539087e+01
s41         , -1.952311408648237e+01, -1.893709572994418e+01,  1.147107344592209e+01
s42         , -1.862175379272403e+01, -1.939339910517764e+01,  1.213771949467537e+01
s43         , -2.257821044890805e+01, -2.195531412248323e+01,  1.588060332202958e+01
s44         , -1.984867902879579e+01, -1.968635294022818e+01,  1.256571658433889e+01
s45         , -1.928264199244582e+01, -1.958451237999408e+01,  1.241693046797903e+01
s46         , -2.007096062658339e+01, -2.030914910753228e+01,  1.347560379238230e+01
s47         , -1.842882744186564e+01, -1.901699962264545e+01,  1.158781072476000e+01
s48         , -1.712958329507449e+01, -1.672616581249973e+01,  8.240968709614469e+00
s49         , -2.142142340445580e+01, -2.202706359189800e+01,  1.598542722402466e+01
s50         , -2.022197746600499e+01, -2.036688880444303e+01,  1.355995982148700e+01
s51         , -2.208446385448407e+01, -2.255062461172338e+01,  1.675033474847426e+01
s52         , -2.030062191637932e+01, -2.001544558964491e+01,  1.304651143775228e+01
s53         , -1.881589086732163e+01, -1.842567415307960e+01,  1.072390129693347e+01
s54         , -2.389190768082197e+01, -2.458015306709230e+01,  1.971541718932144e+01
s55         , -1.989931101552115e+01, -1.984056424002985e+01,  1.279101483823256e+01
s56         , -2.293632659980805e+01, -2.314885917042554e+01,  1.762433815592750e+01
s57         , -2.165250835772914e+01, -2.177509978038020e+01,  1.561731537455342e+01
s58         , -2.493828100106786e+01, -2.484934060133495e+01,  2.010869240010569e+01
s59         , -2.019609135900962e+01, -1.997405522581729e+01,  1.298604131195489e+01
s60         , -1.686951544328429e+01, -1.731305460592884e+01,  9.098396281779419e+00
s61         , -1.698686520707895e+01, -1.786349302179062e+01,  9.902570905358580e+00
s62         , -1.961666852236879e+01, -1.989375022187098e+01,  1.286871802117596e+01
s63         , -2.363642228074260e+01, -2.326088007951147e+01,  1.778799746785276e+01
s64         , -2.123215125329894e+01, -2.138637012268839e+01,  1.504939257494478e+01
s65         , -2.229595939650926e+01, -2.191469659139716e+01,  1.582126228254068e+01
s66         , -2.209517036440609e+01, -2.192611728541630e+01,  1.583794758656235e+01
s67         , -2.100952424313996e+01, -2.060757942284284e+01,  1.391160186149190e+01
s68         , -2.306714632630091e+01, -2.308248018105448e+01,  1.752736037012478e+01
s69         , -2.116954741071400e+01, -2.147237142350718e+01,  1.517503799089016e+01
s70         , -2.268552320802911e+01, -2.155916759271248e+01,  1.530184468658473e+01
s71         , -1.844586653395837e+01, -1.937033586765328e+01,  1.210402477094205e+01
s72         , -2.185924535832699e+01, -2.165988890891816e+01,  1.544899561975368e+01
s73         , -1.814705961150877e+01, -1.871323421840466e+01,  1.114401824485241e+01
s74         , -2.269683109870329e+01, -2.358549469379620e+01,  1.826225004130735e+01
s75         , -2.162544692540680e+01, -2.101609299104042e+01,  1.450842838279844e+01
s76         , -1.799713371423827e+01, -1.876512373022891e+01,  1.121982732255575e+01
s77         , -1.808839931225978e+01, -1.793412921137153e+01,  1.000576833767870e+01
s78         , -1.710463489071706e+01, -1.750484262555664e+01,  9.378593037759307e+00
s79         , -2.130172009097587e+01, -2.129760968912948e+01,  1.491971614577658e+01
s80         , -2.075517304342145e+01, -2.096866137819358e+01,  1.443913216671378e+01
s81         , -1.679587307458704e+01, -1.756278907732573e+01,  9.463251129738946e+00
s82         , -1.961963418382102e+01, -1.945845680344484e+01,  1.223276691234705e+01
s83         , -1.732943596118787e+01, -1.765926112628293e+01,  9.604194006217881e+00
s84         , -2.091958911511147e+01, -2.159213022252318e+01,  1.535000213645803e+01
s85         , -1.931803893900067e+01, -1.916233914462785e+01,  1.180014756756264e+01
s86         , -2.124992178205270e+01, -2.017265566435859e+01,  1.327619081515874e+01
s87         , -2.000999990609716e+01, -1.986416227357851e+01,  1.282549088350731e+01
s88         , -1.933594922663024e+01, -1.961405499687928e+01,  1.246009137777127e+01
s89         , -2.128477820873118e+01, -2.121093005290973e+01,  1.479307970140730e+01
s90         , -2.009844325702736e+01, -2.042637017542719e+01,  1.364686038609652e+01
s91         , -2.185233402642529e+01, -2.227051438350255e+01,  1.634110179734115e+01
s92         , -1.852873985612102e+01, -1.813226090859090e+01,  1.029523302335300e+01
s93         , -2.244477787769646e+01, -2.184198890777889e+01,  1.571503845727679e+01
s94         , -2.069748145715988e+01, -2.075717455681017e+01,  1.413015603046121e+01
s95         , -1.839144268754908e+01, -1.804818351285270e+01,  1.017239837714935e+01
s96         , -2.061908691885885e+01, -2.062090254478498e+01,  1.393106655774852e+01
s97         , -2.336181657728519e+01, -2.375149930676876e+01,  1.850477798503856e+01
s98         , -1.913590175727989e+01, -1.860887484295652e+01,  1.099155221223262e+01
s99         , -1.764848235022367e+01, -1.762264901544682e+01,  9.550704769998832e+00
s100        , -2.003395952271198e+01, -1.939970316356506e+01,  1.214692954185709e+01
s101        , -2.047737186068138e+01, -2.029502483593230e+01,  1.345496863962055e+01
s102        , -1.813404261594337e+01, -1.788137403933728e+01,  9.928694555417206e+00
s103        , -2.094885731266024e+01, -2.063683494535355e+01,  1.395434333469709e+01
s104        , -1.695125455205811e+01, -1.660217270681519e+01,  8.059818364331678e+00
s105        , -2.089913046364001e+01, -2.140939147409675e+01,  1.508302610427270e+01
s106        , -2.193421435204462e+01, -2.218831002542958e+01,  1.622100360505491e+01
s107        , -1.938858975045087e+01, -1.943649647896759e+01,  1.220068351271274e+01
s108        , -2.184761912256448e+01, -2.194271109438396e+01,  1.586219066207411e+01
s109        , -1.765266017099491e+01, -1.866598857922572e+01,  1.107499373092382e+01
s110        , -2.222643790681205e+01, -2.144782764461175e+01,  1.513918023898609e+01
s111        , -2.198367498730207e+01, -2.165744612237114e+01,  1.544542677917984e+01
s112        , -2.341727175416096e+01, -2.271938154771063e+01,  1.699688375661616e+01
s113        , -2.064750776227555e+01, -2.016120922897215e+01,  1.325946790374311e+01
s114        , -2.335281852671257e+01, -2.319521702492911e+01,  1.769206564209319e+01
s115        , -2.467653405274963e+01, -2.480436360764455e+01,  2.004298231169540e+01
s116        , -2.119630992652875e+01, -2.060045025392267e+01,  1.390118635165902e+01
s117        , -1.681518237222159e+01, -1.728063715286677e+01,  9.051035319385880e+00
s118        , -1.725426000439147e+01, -1.751829164158482e+01,  9.398241661638572e+00
s119        , -2.026224064054247e+01, -2.036447640231714e+01,  1.355643537167462e+01
s120        , -2.061376236446881e+01, -2.026013797965489e+01,  1.340399995046971e+01
s121        , -2.090204853596659e+01, -2.129469344384607e+01,  1.491545559566693e+01
s122        , -1.679179791839329e+01, -1.755778086313352e+01,  9.455934273489877e+00
s123        , -1.729435756680531e+01, -1.738486525165650e+01,  9.203309560600273e+00
s124        , -1.927065840811719e+01, -1.965138752386330e+01,  1.251463312116982e+01
s125        , -2.074667074869674e+01, -2.067546618418658e+01,  1.401078245858766e+01
s126        , -1.981090987888966e+01, -1.943666836348402e+01,  1.220093463102555e+01
s127        , -1.791042209268825e+01, -1.746333535434300e+01,  9.317952113648346e+00
s128        , -2.199486439730610e+01, -2.197978803438243e+01,  1.591635900027059e+01
s129        , -1.847106084369403e+01, -1.824458439483368e+01,  1.045933439176307e+01
s130        , -2.183307419908922e+01, -2.069080198526581e+01,  1.403318762091789e+01
s131        , -1.937195493711046e+01, -1.958133703764990e+01,  1.241229138454884e+01
s132        , -1.756898825137140e+01, -1.798526856865908e+01,  1.008048146127566e+01
s133        , -1.952720456066259e+01, -1.952208098984899e+01,  1.232572001060052e+01
s134        , -1.792604080418195e+01, -1.839299488871009e+01,  1.067615783578342e+01
s135        , -2.163690184151209e+01, -2.174826630162939e+01,  1.557811243730936e+01
s136        , -2.266590946104735e+01, -2.244784989476858e+01,  1.660018385613296e+01
s137        , -1.871948299194560e+01, -1.840353938808947e+01,  1.069156304474938e+01
s138        , -2.098569970792443e+01, -2.085054467768015e+01,  1.426656707961846e+01
s139        , -1.946420871832499e+01, -1.971455990186543e+01,  1.260692614040055e+01
s140        , -1.890485827097119e+01, -1.964252067317409e+01,  1.250167890847344e+01
s141        , -2.048387804329865e+01, -2.119498728849898e+01,  1.476978778318470e+01
s142        , -1.712146112463541e+01, -1.722704855174682e+01,  8.972743921307684e+00
s143        , -2.146398341435241e+01, -2.177374905010100e+01,  1.561534199663769e+01
s144        , -2.296743054539722e+01, -2.178503886658580e+01,  1.563183609236270e+01
s145        , -2.169591974109321e+01, -2.175483284288542e+01,  1.558770596437908e+01
s146        , -2.268369172314783e+01, -2.261469837831379e+01,  1.684394467039163e+01
s147        , -2.121406114253308e+01, -2.172582745685216e+01,  1.554532993334108e+01
s148        , -2.139826235530006e+01, -2.088591686393196e+01,  1.431824482184087e+01
s149        , -1.818204101397333e+01, -1.838553602938016e+01,  1.066526065778653e+01
s150        , -2.236615053154114e+01, -2.184032896605430e+01,  1.571261333037237e+01
s151        , -2.007280490017163e+01, -1.982247594491567e+01,  1.276458836163597e+01
s152        , -2.043501428229088e+01, -2.045269981541693e+01,  1.368532722946641e+01
s153        , -2.294208833005412e+01, -2.249943918000838e+01,  1.667555431146987e+01
s154        , -1.941555486932839e+01, -1.982378251508805e+01,  1.276649722291141e+01
s155        , -2.030625886040805e+01, -2.088070453441246e+01,  1.431062975899546e+01
s156        , -1.755225478861601e+01, -1.753445293798463e+01,  9.421852848783860e+00
s157        , -1.981494689568535e+01, -1.924113343551499e+01,  1.191526375020615e+01
s158        , -2.120666701656112e+01, -2.115037969390265e+01,  1.470461737617902e+01
s159        , -2.199339551508707e+01, -2.173066043850600e+01,  1.555239077991400e+01
s160        , -1.822712376873660e+01, -1.816156529515430e+01,  1.033804588552750e+01
s161        , -1.850131544535105e+01, -1.945568446215907e+01,  1.222871660182061e+01
s162        , -2.165239460618542e+01, -2.111394051417846e+01,  1.465138078731856e+01
s163        , -2.054863013411503e+01, -2.047701955758643e+01,  1.372085767018625e+01
s164        , -2.244259094688993e+01, -2.293125121709575e+01,  1.730641922273887e+01
s165        , -2.169401378729562e+01, -2.107524423179326e+01,  1.459484663667737e+01
s166        , -1.893544650248816e+01, -1.903636154741395e+01,  1.161609793748678e+01
s167        , -1.990371422830687e+01, -2.032136509321119e+01,  1.349345099454317e+01
s168        , -2.358382467591309e+01, -2.416449357416644e+01,  1.910815067843043e+01
s169        , -2.234616115486217e+01, -2.298753005660801e+01,  1.738864098138809e+01
s170        , -1.980105726485419e+01, -2.000807530765188e+01,  1.303574366868563e+01
s171        , -2.225344967355102e+01, -2.202442686679531e+01,  1.598157504482380e+01
s172        , -2.076076397080535e+01, -2.078238226194395e+01,  1.416698375941889e+01
s173        , -2.167162181633835e+01, -2.146593497111441e+01,  1.516563451989144e+01
s174        , -2.217746151284670e+01, -2.212440323812273e+01,  1.612763763504684e+01
s175        , -1.912249737452136e+01, -1.952226041819379e+01,  1.232598215022864e+01
s176        , -2.262880123350610e+01, -2.252037298038705e+01,  1.670613798905213e+01
s177        , -1.998504477748202e+01, -2.024663610842222e+01,  1.338427410666364e+01
s178        , -1.778030448780716e+01, -1.869772639555138e+01,  1.112136176367995e+01
s179        , -2.322340610724453e+01, -2.320370863443873e+01,  1.770447163826679e+01
s180        , -1.682543251402466e+01, -1.683784616435648e+01,  8.404130477266497e+00
s181        , -1.586682207916231e+01, -1.620941349687418e+01,  7.486008505299461e+00
s182        , -2.348293513803748e+01, -2.322921326105340e+01,  1.774173316093009e+01
s183        , -2.155098810628208e+01, -2.138772890990644e+01,  1.505137772381542e+01
s184        , -2.324937775466465e+01, -2.302701593287610e+01,  1.744632870588106e+01
s185        , -2.378592453308165e+01, -2.383804001909193e+01,  1.863121146560840e+01
s186        , -2.071202883303041e+01, -2.107133622168547e+01,  1.458913714681109e+01
s187        , -2.027503475690737e+01, -2.026354564756577e+01,  1.340897845484104e+01
s188        , -2.214013663755619e+01, -2.224228455536252e+01,  1.629985883397953e+01
s189        , -2.074030596943589e+01, -2.058323807521545e+01,  1.387603985582227e+01
s190        , -1.914542963593283e+01, -1.917441468850878e+01,  1.181778958831395e+01
s191        , -1.679323473828856e+01, -1.678166728564315e+01,  8.322054758456678e+00
s192        , -1.690928184419942e+01, -1.723738259256984e+01,  8.987841656402891e+00
s193        , -2.273712334380998e+01, -2.291522977273723e+01,  1.728301235538563e+01
s194        , -2.090019731082972e+01, -2.128587954687799e+01,  1.490257874682732e+01
s195        , -1.910778599576077e+01, -1.921166386801359e+01,  1.187220956345326e+01
s196        , -1.918378235513936e+01, -1.920026843119174e+01,  1.185556115946717e+01
s197        , -2.010118773573690e+01, -2.057182508473296e+01,  1.385936580644510e+01
s198        , -2.040069724820686e+01, -2.042459931346227e+01,  1.364427320792543e+01
s199        , -2.033728659050214e+01, -1.972886768149419e+01,  1.262782939309086e+01
s200        , -1.788348829912646e+01, -1.799983320914260e+01,  1.010175998025415e+01
s201        , -1.891783601993355e+01, -1.964676009071734e+01,  1.250787257502867e+01
s202        , -2.174492495952721e+01, -2.186283770900180e+01,  1.574549795354807e+01
s203        , -2.185008698942601e+01, -2.178334646690369e+01,  1.562936354532003e+01
s204        , -2.086349108831322e+01, -2.108585548024045e+01,  1.461034936410305e+01
s205        , -2.088054945703831e+01, -2.119975418029940e+01,  1.477675207439109e+01
s206        , -2.114956534802060e+01, -2.124475170876278e+01,  1.484249216351147e+01
s207        , -1.936064601068155e+01, -1.930053625034596e+01,  1.200204954654532e+01
s208        , -2.173553987268506e+01, -2.158838189855418e+01,  1.534452594342724e+01
s209        , -1.958079034508013e+01, -1.977619371038473e+01,  1.269697135406566e+01
s210        , -2.077095411669474e+01, -2.126221446302537e+01,  1.486800474299556e+01
s211        , -2.106003856984427e+01, -2.084919942381374e+01,  1.426460170258359e+01
s212        , -1.921431398034701e+01, -1.888183720716485e+01,  1.139034234054306e+01
s213        , -1.891211086691480e+01, -1.854941954408791e+01,  1.090468973823071e+01
s214        , -1.797391097043976e+01, -1.773273676397330e+01,  9.711539790195159e+00
s215        , -2.046416066581664e+01, -2.068588504237821e+01,  1.402600410940805e+01
s216        , -2.054695205981560e+01, -1.998380101590322e+01,  1.300027962971759e+01
s217        , -2.064527960557822e+01, -2.040201227662824e+01,  1.361127419964339e+01
s218        , -2.267569057486860e+01, -2.263929197698477e+01,  1.687987520754851e+01
s219        , -1.969996813819463e+01, -2.039314882611289e+01,  1.359832495450280e+01
s220        , -2.056541179285701e+01, -2.131159123493510e+01,  1.494014278027607e+01
s221        , -2.147236245537334e+01, -2.155879952792122e+01,  1.530130695455797e+01
s222        , -1.817717386569833e+01, -1.823296176752115e+01,  1.044235406903356e+01
s223        , -2.049263974761081e+01, -2.056016738909899e+01,  1.384233424991108e+01
s224        , -2.147370851727396e+01, -2.132327842800737e+01,  1.495721743171528e+01
s225        , -2.297636192643720e+01, -2.246431414205018e+01,  1.662423764576439e+01
s226        , -2.349615644619751e+01, -2.268365066090294e+01,  1.694468196324435e+01
s227        , -1.994214785348108e+01, -2.044101632354386e+01,  1.366825798537230e+01
s228        , -1.935600154849446e+01, -1.978543291105613e+01,  1.271046955932894e+01
s229        , -1.931982821700711e+01, -1.964360328478162e+01,  1.250326057275573e+01
s230        , -1.663964761443124e+01, -1.718073791376479e+01,  8.905085417115878e+00
s231        , -1.912412961575534e+01, -1.928380139209796e+01,  1.197760040210984e+01
s232        , -2.205202611453251e+01, -2.217040174976903e+01,  1.619484013167937e+01
s233        , -2.108987100746543e+01, -2.074848791743945e+01,  1.411746510129489e+01
s234        , -2.119865480781422e+01, -2.107641136643021e+01,  1.459655178666380e+01
s235        , -1.634470488909293e+01, -1.586246933482431e+01,  6.979133107653704e+00
s236        , -2.035495556536669e+01, -2.107020420562125e+01,  1.458748330404485e+01
s237        , -2.057488800817375e+01, -2.018552541625487e+01,  1.329499315087606e+01
s238        , -2.181497599002021e+01, -2.094651571042210e+01,  1.440677798588112e+01
s239        , -1.938605784207409e+01, -1.898357489629512e+01,  1.153897816519213e+01
s240        , -1.879589433372550e+01, -1.852913790803757e+01,  1.087505885389132e+01
s241        , -1.732119998261703e+01, -1.693328823277505e+01,  8.543568581934313e+00
s242        , -2.017650413285683e+01, -2.038045268690790e+01,  1.357977626191183e+01
s243        , -1.996072124442394e+01, -2.017838861540911e+01,  1.328456649102036e+01
s244        , -2.121993688931675e+01, -2.106044514203115e+01,  1.457322559407602e+01
s245        , -2.152256201120388e+01, -2.169651019031802e+01,  1.550249825390143e+01
s246        , -1.806013829922115e+01, -1.800872854046557e+01,  1.011475580233365e+01
s247        , -1.662499542985015e+01, -1.691388720154890e+01,  8.515224235802668e+00
s248        , -2.087245838906029e+01, -2.064573986085771e+01,  1.396735315898842e+01
s249        , -2.031192930505803e+01, -1.974538848952064e+01,  1.265196581633648e+01
s250        , -1.829082894515480e+01, -1.823323360677283e+01,  1.044275121832690e+01
s251        , -2.316191337748571e+01, -2.303566749020595e+01,  1.745896838119917e+01
s252        , -1.836403387539604e+01, -1.849702185235094e+01,  1.082813822435602e+01
s253        , -1.948978591890307e+01, -2.010289161545517e+01,  1.317426755517255e+01
s254        , -1.974328758235917e+01, -2.027061396867873e+01,  1.341930506778547e+01
s255        , -2.045692599174058e+01, -2.033642607973331e+01,  1.351545466074476e+01
s256        , -1.776850461240055e+01, -1.755856120119455e+01,  9.457074324853322e+00
s257        , -2.163660994039700e+01, -2.156253768467916e+01,  1.530676829358713e+01
s258        , -1.860059101905129e+01, -1.886606284927300e+01,  1.136729645937936e+01
s259        , -2.094542362420654e+01, -2.112189055022158e+01,  1.466299556030349e+01
s260        , -1.742875942837962e+01, -1.713851991576596e+01,  8.843406141704445e+00
s261        , -2.065616574581777e+01, -2.051466261761856e+01,  1.377585309339688e+01
s262        , -2.014040040752147e+01, -1.923161380451549e+01,  1.190135584433506e+01
s263        , -1.686996628366655e+01, -1.666197277497837e+01,  8.147184536312684e+00
s264        , -2.074271161967796e+01, -2.016080370736892e+01,  1.325887544839619e+01
s265        , -2.059536695716665e+01, -2.045631130468491e+01,  1.369060351095213e+01
s266        , -2.198651133619990e+01, -2.174991378943007e+01,  1.558051936939074e+01
s267        , -1.899333543245141e+01, -1.902105688216847e+01,  1.159373826371016e+01
s268        , -1.857298059991068e+01, -1.815583908131283e+01,  1.032968005253364e+01
s269        , -2.106917022960664e+01, -2.114170630335029e+01,  1.469194580315358e+01
s270        , -1.920756052964929e+01, -1.980530566499557e+01,  1.273950307871677e+01
s271        , -1.965184309682283e+01, -2.003002805076930e+01,  1.306781599217225e+01
s272        , -2.112049940018463e+01, -2.080745124864541e+01,  1.420360882475449e+01
s273        , -1.945398506004425e+01, -1.923984293491319e+01,  1.191337836610908e+01
s274        , -2.135203005648119e+01, -2.165600108420011e+01,  1.544331562015865e+01
s275        , -2.088724638081418e+01, -2.073507313669718e+01,  1.409786649417930e+01
s276        , -1.839432489855567e+01, -1.882510600101728e+01,  1.130745968730838e+01
s277        , -2.199306195501885e+01, -1.960520433179003e+01,  1.244716081176885e+01
s278        , -2.276883612887764e+01, -2.259682975631362e+01,  1.681783912986834e+01
s279        , -2.262380984036664e+01, -2.306902021622446e+01,  1.750769575036232e+01
s280        , -1.620731240668889e+01, -1.677310309936641e+01,  8.309542729723043e+00
s281        , -2.072632910940930e+01, -1.971990470714665e+01,  1.261473474650664e+01
s282        , -1.840721485531197e+01, -1.867365075759990e+01,  1.108618795217054e+01
s283        , -1.945843055355910e+01, -1.978336112622338e+01,  1.270744274154150e+01
s284        , -2.290375248734285e+01, -2.360105203663329e+01,  1.828497886974555e+01
s285        , -2.162506652538119e+01, -2.123281274181769e+01,  1.482504967771773e+01
s286        , -2.308167299949378e+01, -2.398801748494168e+01,  1.885032421041247e+01
s287        , -1.888746545864790e+01, -1.826597726552774e+01,  1.049058875781370e+01
s288        , -2.031934863671701e+01, -2.058502823190666e+01,  1.387865522303105e+01
s289        , -2.410980627565496e+01, -2.452389988142142e+01,  1.963323291019336e+01
s290        , -2.087284446952964e+01, -2.085472066105001e+01,  1.427266807067896e+01
s291        , -2.204275686911580e+01, -2.045374949688963e+01,  1.368686078377306e+01
s292        , -1.820983264392220e+01, -1.821787482977473e+01,  1.042031248884298e+01
s293        , -1.668568749246811e+01, -1.677504846111117e+01,  8.312384847031245e+00
s294        , -2.280852590517532e+01, -2.345670521396834e+01,  1.807409233196693e+01
s295        , -1.673628435422914e+01, -1.709501340072062e+01,  8.779844380112907e+00
s296        , -2.103716924286631e+01, -2.027447567122176e+01,  1.342494690363744e+01
s297        , -2.124288787488653e+01, -2.082082568663658e+01,  1.422314849227622e+01
s298        , -2.177880180045448e+01, -2.143360255874244e+01,  1.511839779948935e+01
s299        , -1.893486515270964e+01, -1.904088402102603e+01,  1.162270514078117e+01
s300        , -1.774017522269403e+01, -1.726977780516522e+01,  9.035170126117105e+00
s301        , -2.283171483494903e+01, -2.309105507252434e+01,  1.753988803883629e+01
s302        , -1.721456897049112e+01, -1.761737943264215e+01,  9.543006061757822e+00
s303        , -2.130552121943375e+01, -2.046171854159964e+01,  1.369850332787115e+01
s304        , -2.313677054561944e+01, -2.308737892317893e+01,  1.753451729084546e+01
s305        , -1.858159986173835e+01, -1.894029276276127e+01,  1.147574421850658e+01
s306        , -2.163460095493751e+01, -2.169330084450988e+01,  1.549780949239275e+01
s307        , -1.987289536762319e+01, -2.025844621513509e+01,  1.340152833138083e+01
s308        , -2.028550026196297e+01, -1.916882094166641e+01,  1.180961728577886e+01
s309        , -2.129242792516701e+01, -2.139404229078220e+01,  1.506060139088328e+01
s310        , -1.894855963686166e+01, -1.908752392852412e+01,  1.169084469822344e+01
s311        , -2.010039836844276e+01, -2.047312049930851e+01,  1.371516125868479e+01
s312        , -1.830057188159682e+01, -1.879226157511003e+01,  1.125947492992314e+01
s313        , -1.990312271450173e+01, -1.930517122340266e+01,  1.200882110827822e+01
s314        , -1.980645538479249e+01, -1.972376012531077e+01,  1.262036740106259e+01
s315        , -1.914671781515828e+01, -1.962283716314843e+01,  1.247292186897645e+01
s316        , -2.257620253811652e+01, -2.231112530638801e+01,  1.640043318243985e+01
s317        , -1.647333233405121e+01, -1.626601795270938e+01,  7.568705979989542e+00
s318        , -2.027102701488289e+01, -1.979832360558115e+01,  1.272930249162183e+01
s319        , -1.996146248057647e+01, -1.982253481459502e+01,  1.276467436853678e+01
s320        , -2.548773082504399e+01, -2.495041954282885e+01,  2.025636581348904e+01
s321        , -1.727661852750149e+01, -1.779903214667867e+01,  9.808395429074681e+00
s322        , -2.011073789818953e+01, -2.065413532439800e+01,  1.397961868867845e+01
s323        , -2.178223238748198e+01, -2.151857821492763e+01,  1.524254477825558e+01
s324        , -1.879130547869734e+01, -1.899382936929751e+01,  1.155395965400009e+01
s325        , -2.032679436678044e+01, -2.008434815929884e+01,  1.314717610144283e+01
s326        , -2.071891083121713e+01, -2.041134099297066e+01,  1.362490318471596e+01
s327        , -1.834375983430116e+01, -1.922458466151743e+01,  1.189108646948465e+01
s328        , -2.099505369246730e+01, -2.100267425622785e+01,  1.448882399890036e+01
s329        , -2.140321290954873e+01, -2.061067826117432e+01,  1.391612917476972e+01
s330        , -2.114112529442132e+01, -2.150799478039983e+01,  1.522708268616261e+01
s331        , -1.934637322166436e+01, -1.991401439217430e+01,  1.289832338856352e+01
s332        , -1.962462779654497e+01, -2.034471316445557e+01,  1.352756185211267e+01
s333        , -2.293624249800790e+01, -2.326531493256827e+01,  1.779447666004722e+01
s334        , -1.807355423930957e+01, -1.809711920597640e+01,  1.024389201106609e+01
s335        , -1.850164643907080e+01, -1.862495889239166e+01,  1.101505054379417e+01
s336        , -2.151296308555482e+01, -2.137450210756560e+01,  1.503205374771365e+01
s337        , -1.775953587894473e+01, -1.631321319269813e+01,  7.637656862157279e+00
s338        , -2.118082550420247e+01, -2.127061670362260e+01,  1.488028017376999e+01
s339        , -1.761381998690202e+01, -1.865129442343727e+01,  1.105352599382649e+01
s340        , -1.906967392812366e+01, -1.904574542285925e+01,  1.162980750841512e+01
s341        , -2.371082699534004e+01, -2.392571492484115e+01,  1.875930197000721e+01
s342        , -1.901967676945428e+01, -1.934787165869965e+01,  1.207120521064481e+01
s343        , -1.943128604912865e+01, -1.867219948199347e+01,  1.108406768043644e+01
s344        , -2.171448714042025e+01, -2.215087340626611e+01,  1.616630978598938e+01
s345        , -1.896311499883081e+01, -1.877395522910691e+01,  1.123272988727724e+01
s346        , -2.211462969107367e+01, -2.188288700773455e+01,  1.577478939977861e+01
s347        , -1.640817037109120e+01, -1.681282580916349e+01,  8.367576461159837e+00
s348        , -2.058778590237884e+01, -2.067158327250509e+01,  1.400510963679711e+01
s349        , -1.918353701640313e+01, -1.911290418281539e+01,  1.172792451651532e+01
s350        , -2.047073332015930e+01, -2.098403604998911e+01,  1.446159411803756e+01
s351        , -2.167714580870165e+01, -2.217210366811986e+01,  1.619732658522204e+01
s352        , -2.086238589025425e+01, -2.079545205838537e+01,  1.418607835443744e+01
s353        , -1.920058764071421e+01, -1.970991050812254e+01,  1.260013351046173e+01
s354        , -2.053223705409261e+01, -2.062890704362920e+01,  1.394276089931243e+01
s355        , -1.704257081119439e+01, -1.782479997649961e+01,  9.846041484018478e+00
s356        , -2.127143545968418e+01, -2.101767901555423e+01,  1.451074551879336e+01
s357        , -1.906625211198675e+01, -1.939813329018436e+01,  1.214463600220105e+01
s358        , -2.032987192881253e+01, -2.009199462359568e+01,  1.315834736487655e+01
s359        , -2.136102912880764e+01, -2.147437615233931e+01,  1.517796684179791e+01
s360        , -1.881386071055488e+01, -1.846004854474297e+01,  1.077412129008816e+01
s361        , -2.182643688719446e+01, -2.122901836268789e+01,  1.481950619942753e+01
s362        , -2.091897008712596e+01, -2.124171475929233e+01,  1.483805526807167e+01
s363        , -1.798497754334610e+01, -1.868499060614724e+01,  1.110275514329350e+01
s364        , -1.789393844733154e+01, -1.761619945704991e+01,  9.541282151506685e+00
s365        , -2.184332997178521e+01, -2.085798593255281e+01,  1.427743853801187e+01
s366        , -2.293131491804218e+01, -2.269548155658852e+01,  1.696196656005008e+01
s367        , -2.320311495695380e+01, -2.259287150972092e+01,  1.681205624594892e+01
s368        , -1.944159222026194e+01, -1.994186239425533e+01,  1.293900851508377e+01
s369        , -2.221834550731525e+01, -2.251581354544515e+01,  1.669947678632267e+01
s370        , -1.739352775780219e+01, -1.823295662745159e+01,  1.044234655954042e+01
s371        , -2.131349702655302e+01, -2.085723647838812e+01,  1.427634360712875e+01
s372        , -2.230067528571091e+01, -2.200588552702352e+01,  1.595448668307075e+01
s373        , -1.609460498694387e+01, -1.621547951910766e+01,  7.494870788537090e+00
s374        , -1.846307154319872e+01, -1.873784117843722e+01,  1.117996830257254e+01
s375        , -2.092466765927065e+01, -2.111967821185964e+01,  1.465976339787046e+01
s376        , -2.335896110191541e+01, -2.412904889163770e+01,  1.905636702124182e+01
s377        , -2.209438728501526e+01, -2.244909654748552e+01,  1.660200517973701e+01
s378        , -2.111108779470583e+01, -2.157557185340451e+01,  1.532581083754179e+01
s379        , -1.875225846070942e+01, -1.826993754131872e+01,  1.049637460633318e+01
s380        , -1.834869608623442e+01, -1.834983121434128e+01,  1.061309695451574e+01
s381        , -2.068155326614140e+01, -2.034677200022809e+01,  1.353056975169720e+01
s382        , -1.804666933121612e+01, -1.813989777850657e+01,  1.030639026967299e+01
s383        , -2.062194236740874e+01, -2.113187650729343e+01,  1.467758475509426e+01
s384        , -1.800916137079852e+01, -1.839095274242209e+01,  1.067317431905362e+01
s385        , -2.216424509641620e+01, -2.184288245457618e+01,  1.571634390333334e+01
s386        , -2.182057698940036e+01, -2.189360981912710e+01,  1.579045511744442e+01
s387        , -1.799817167842237e+01, -1.763554769226135e+01,  9.569549364186102e+00
s388        , -2.351217009702901e+01, -2.410432148147515e+01,  1.902024098936153e+01
s389        , -2.149803565649794e+01, -2.173003525933122e+01,  1.555147741120088e+01
s390        , -2.025125341850577e+01, -2.013810287151205e+01,  1.322571018302940e+01
s391        , -1.925641978436478e+01, -1.916649065085625e+01,  1.180621279822660e+01
s392        , -1.954014294555121e+01, -2.034408775262350e+01,  1.352664814349397e+01
s393        , -2.007195889273447e+01, -2.022988300076398e+01,  1.335979830036704e+01
s394        , -1.933645012315517e+01, -1.901574753654283e+01,  1.158598146313645e+01
s395        , -2.191328817199827e+01, -2.073389257005488e+01,  1.409614172042109e+01
s396        , -1.985518647713905e+01, -1.899145922454441e+01,  1.155049694098856e+01
s397        , -1.859895904181181e+01, -1.883665385716725e+01,  1.132433077152950e+01
s398        , -2.089338265909714e+01, -2.107962545243427e+01,  1.460124747346178e+01
s399        , -1.650074457052408e+01, -1.681725289335086e+01,  8.374044303260494e+00
s400        , -1.659170957499870e+01, -1.711631484132677e+01,  8.810965169446485e+00
s401        , -1.654426837808786e+01, -1.702137025871452e+01,  8.672253877169496e+00
s402        , -1.877939202276407e+01, -1.872322129764937e+01,  1.115860907910531e+01
s403        , -2.106694758002669e+01, -2.092441232994055e+01,  1.437448558555737e+01
s404        , -2.165676773412189e+01, -2.157902849277245e+01,  1.533086088779711e+01
s405        , -2.212611753855641e+01, -2.202561564622787e+01,  1.598331181723130e+01
s406        , -1.885653015374473e+01, -1.898739541246658e+01,  1.154455982894511e+01
s407        , -1.790225292709843e+01, -1.757405331052646e+01,  9.479707849025015e+00
s408        , -1.653237145459570e+01, -1.703599612700225e+01,  8.693621848201085e+00
s409        , -1.984138826084547e+01, -2.008476496680073e+01,  1.314778504516166e+01
s410        , -1.632163885458830e+01, -1.718998430019890e+01,  8.918594120570887e+00
s411        , -1.826950002229553e+01, -1.833788674211012e+01,  1.059564642565811e+01
s412        , -2.254085603631221e+01, -2.266002443862184e+01,  1.691016473504589e+01
s413        , -1.907038707751166e+01, -1.946676746447559e+01,  1.224490854802055e+01
s414        , -1.996831080241482e+01, -2.009067048539405e+01,  1.315641283721789e+01
s415        , -2.069762370804266e+01, -2.019048052415691e+01,  1.330223242036942e+01
s416        , -1.735494379178349e+01, -1.801200414029461e+01,  1.011954135905282e+01
s417        , -1.714858900796163e+01, -1.684736928903936e+01,  8.418043487308074e+00
s418        , -2.014294405560549e+01, -2.018225098226355e+01,  1.329020929741213e+01
s419        , -1.771416578387462e+01, -1.792004184537166e+01,  9.985187102932517e+00
s420        , -2.335906844703241e+01, -2.342336929893612e+01,  1.802538952316910e+01
s421        , -2.045819521600993e+01, -2.003301897958731e+01,  1.307218565276835e+01
s422        , -1.913624718404630e+01, -1.909642756583202e+01,  1.170385265510697e+01
s423        , -2.001718266940652e+01, -2.029763611763175e+01,  1.345878364674434e+01
s424        , -2.199980092896302e+01, -2.154156421734654e+01,  1.527612666373114e+01
s425        , -1.799669141475633e+01, -1.839963719530954e+01,  1.068586205383104e+01
s426        , -2.179879403652462e+01, -2.151641134243965e+01,  1.523937904015091e+01
s427        , -1.855895626610580e+01, -1.918272527488791e+01,  1.182993111492360e+01
s428        , -2.201089453299450e+01, -2.237225412167388e+01,  1.648974061558002e+01
s429        , -2.010895188317044e+01, -2.036667663524621e+01,  1.355964984841996e+01
s430        , -2.197039083997888e+01, -2.126581480323086e+01,  1.487326473602307e+01
s431        , -2.053790779896415e+01, -2.043530376106814e+01,  1.365991209662944e+01
s432        , -2.056150222449639e+01, -1.974442753634059e+01,  1.265056189150208e+01
s433        , -1.961788415450921e+01, -1.980367634808491e+01,  1.273712269378075e+01
s434        , -2.169585176655818e+01, -2.143036102313514e+01,  1.511366200961404e+01
s435        , -1.969212203292086e+01, -1.981827661346339e+01,  1.275845325970158e+01
s436        , -1.841763911968392e+01, -1.827412275090320e+01,  1.050248907662669e+01
s437        , -2.085473352476042e+01, -2.010622499369783e+01,  1.317913752448480e+01
s438        , -2.075193174001312e+01, -2.109335240918883e+01,  1.462130216071268e+01
s439        , -1.747889033992054e+01, -1.731565113048310e+01,  9.102189729140402e+00
s440        , -2.292628299240021e+01, -2.301448878164013e+01,  1.742802689983082e+01
s441        , -1.928590410708185e+01, -1.905184846547291e+01,  1.163872387735867e+01
s442        , -2.265396374356312e+01, -2.250176225388153e+01,  1.667894825528568e+01
s443        , -1.939450551490213e+01, -1.897118865733718e+01,  1.152088222790917e+01
s444        , -2.014197468633274e+01, -2.031924772153931e+01,  1.349035757570075e+01
s445        , -2.136890748153691e+01, -2.152655795988760e+01,  1.525420295510975e+01
s446        , -1.984877428373165e+01, -1.999392952491306e+01,  1.301507708877148e+01
s447        , -2.124129540469972e+01, -2.087126538880998e+01,  1.429683943996423e+01
s448        , -1.996883442559681e+01, -2.028098779907697e+01,  1.343446093430056e+01
s449        , -2.213132573342666e+01, -2.208772008811044e+01,  1.607404461264370e+01
s450        , -2.393776981346641e+01, -2.278174257335113e+01,  1.708799141348628e+01
s451        , -1.778758837631850e+01, -1.783375071416974e+01,  9.859118253170504e+00
s452        , -2.093231028730361e+01, -2.101754205184292e+01,  1.451054541876797e+01
s453        , -1.913112365245808e+01, -1.920638324500137e+01,  1.186449472578796e+01
s454        , -1.694745233262931e+01, -1.748523313319001e+01,  9.349944135923799e+00
s455        , -1.959305905778561e+01, -1.946858252538377e+01,  1.224756029957087e+01
s456        , -1.690137029519855e+01, -1.740552017969327e+01,  9.233485813747533e+00
s457        , -1.744399185749123e+01, -1.729359143324083e+01,  9.069961148767245e+00
s458        , -2.020627098912283e+01, -2.027264141576840e+01,  1.342226710941116e+01
s459        , -1.884232545378780e+01, -1.880566419487398e+01,  1.127905577020075e+01
s460        , -2.233016805188693e+01, -2.241219121217428e+01,  1.654808755103095e+01
s461        , -1.623645396367353e+01, -1.626489020732313e+01,  7.567058376560449e+00
s462        , -2.313545884021418e+01, -2.271396984763001e+01,  1.698897741914072e+01
s463        , -2.090493117250811e+01, -2.057589051780701e+01,  1.386530528671718e+01
s464        , -1.633431188033305e+01, -1.670143960112712e+01,  8.204844429131663e+00
s465        , -1.999082968954132e+01, -2.043264810325696e+01,  1.365603225728844e+01
s466        , -1.900684695054017e+01, -1.824185186392550e+01,  1.045534224304819e+01
s467        , -1.783078222536251e+01, -1.789552642214932e+01,  9.949370777847657e+00
s468        , -1.945030486126850e+01, -1.853116294241274e+01,  1.087801737061083e+01
s469        , -2.270314762369042e+01, -2.253310785770197e+01,  1.672474327690257e+01
s470        , -2.119907484802825e+01, -2.124206061365902e+01,  1.483856055130978e+01
s471        , -1.972012875359749e+01, -1.984116565702330e+01,  1.279189349108524e+01
s472        , -1.766462305551830e+01, -1.782386955198739e+01,  9.844682160685794e+00
s473        , -2.127822401317911e+01, -2.151699739775411e+01,  1.524023525003438e+01
s474        , -1.654177405306909e+01, -1.672776767522625e+01,  8.243308984780596e+00
s475        , -2.297159509003216e+01, -2.353747366650066e+01,  1.819209270774114e+01
s476        , -2.252587602064435e+01, -2.229302995366989e+01,  1.637399639488780e+01
s477        , -2.178946083596680e+01, -2.075437941241682e+01,  1.412607240525338e+01
s478        , -1.788602657411998e+01, -1.780946362649499e+01,  9.823635519724109e+00
s479        , -1.952938513246325e+01, -1.910423796287178e+01,  1.171526341954211e+01
s480        , -2.203955610850313e+01, -2.196415152968993e+01,  1.589351451864862e+01
s481        , -1.615402914764109e+01, -1.734054465860449e+01,  9.138558454559455e+00
s482        , -2.215324565636576e+01, -2.183648255143914e+01,  1.570699382974135e+01
s483        , -2.217560840271064e+01, -2.191290446311442e+01,  1.581864403489364e+01
s484        , -2.403070638423247e+01, -2.430615153422374e+01,  1.931510886561967e+01
s485        , -1.896886917982663e+01, -1.914456610420257e+01,  1.177418166895892e+01
s486        , -2.293847835350512e+01, -2.320381811603075e+01,  1.770463158770983e+01
s487        , -1.935879902533930e+01, -1.959157074159479e+01,  1.242724253036379e+01
s488        , -2.071941340396909e+01, -2.047183295738401e+01,  1.371328019712978e+01
s489        , -2.120929532988995e+01, -2.114898697121728e+01,  1.470258264857102e+01
s490        , -2.336106814107168e+01, -2.327917812482875e+01,  1.781473038343647e+01
s491        , -1.878377211600346e+01, -1.866323817100627e+01,  1.107097546397364e+01
s492        , -2.196689093989351e+01, -2.210888868156700e+01,  1.610497131612963e+01
s493        , -2.118321097196467e+01, -2.044597735151251e+01,  1.367550590391195e+01
s494        , -2.014379663919148e+01, -2.025018440365796e+01,  1.338945806349391e+01
s495        , -1.971897958689983e+01, -1.972818121165908e+01,  1.262682648049365e+01
s496        , -2.171934681583978e+01, -2.158328445400102e+01,  1.533707872419866e+01
s497        , -1.930074135275753e+01, -1.918284046106698e+01,  1.183009939860354e+01
s498        , -2.146882601091719e+01, -2.174917664767350e+01,  1.557944242658019e+01
s499        , -1.852368794388046e+01, -1.840989754945036e+01,  1.070085213481234e+01
s500        , -2.050589701281523e+01, -2.052877872057181e+01,  1.379647631200176e+01
s501        , -2.141899489528082e+01, -2.116185303871987e+01,  1.472137960149561e+01
s502        , -1.777920620854658e+01, -1.788987623247334e+01,  9.941116013963267e+00
s503        , -2.264989988763092e+01, -2.284615383105749e+01,  1.718209440017404e+01
s504        , -1.994570445298742e+01, -2.015926348478256e+01,  1.325662522769407e+01
s505        , -2.256898602446125e+01, -2.241092382552685e+01,  1.654623593575347e+01
s506        , -2.050664132584332e+01, -2.030436773847057e+01,  1.346861835031542e+01
s507        , -2.255451727781655e+01, -2.161740134843336e+01,  1.538692252133782e+01
s508        , -2.063695726234980e+01, -2.080349725474380e+01,  1.419783215389389e+01
s509        , -2.049565878814769e+01, -2.049524929939991e+01,  1.374749079632417e+01
s510        , -1.886667658587990e+01, -1.893892258394391e+01,  1.147374242683845e+01
s511        , -2.270091090950000e+01, -2.301881409110418e+01,  1.743434605200095e+01
s512        , -2.052865138648571e+01, -2.084062511362700e+01,  1.425207488310993e+01
s513        , -1.872228566034903e+01, -1.892777473885650e+01,  1.145745574722352e+01
s514        , -2.338235400416073e+01, -2.343146012550112e+01,  1.803720998703909e+01
s515        , -2.063189590001077e+01, -2.088622740858342e+01,  1.431869851860512e+01
s516        , -2.353360034901451e+01, -2.337218796005276e+01,  1.795061506567349e+01
s517        , -2.274108402549141e+01, -2.254083905887120e+01,  1.673603833845881e+01
s518        , -2.095244706423326e+01, -2.141071278073554e+01,  1.508495649509984e+01
s519        , -2.165153402286209e+01, -2.089187935476305e+01,  1.432695584869058e+01
s520        , -1.917430642162448e+01, -1.986902855991424e+01,  1.283260038725829e+01
s521        , -2.048146586988528e+01, -1.942629303023747e+01,  1.218577656889250e+01
s522        , -1.837039701152461e+01, -1.881806728130394e+01,  1.129717632115361e+01
s523        , -2.237538522976599e+01, -2.237073449064678e+01,  1.648752047855109e+01
s524        , -2.219430447580721e+01, -2.175876733168797e+01,  1.559345413885345e+01
s525        , -2.096151325596525e+01, -2.067679580173514e+01,  1.401272499141386e+01
s526        , -2.193172581512368e+01, -2.181380309103869e+01,  1.567385979329885e+01
s527        , -2.063376120076111e+01, -2.058227640531687e+01,  1.387463488388278e+01
s528        , -1.776721144005281e+01, -1.747598008828978e+01,  9.336425704642156e+00
s529        , -2.226349149791107e+01, -2.282963656697834e+01,  1.715796315453303e+01
s530        , -2.300566448791293e+01, -2.304552376682985e+01,  1.747336811660191e+01
s531        , -1.846679125419261e+01, -1.800389358089812e+01,  1.010769206608607e+01
s532        , -1.859817726729017e+01, -1.941789472031492e+01,  1.217350688072022e+01
s533        , -2.134099683522431e+01, -2.207296883084154e+01,  1.605249345193307e+01
s534        , -2.286936511308830e+01, -2.302208132539791e+01,  1.743911938691470e+01
s535        , -1.777040539985326e+01, -1.833576296716846e+01,  1.059254365182355e+01
s536        , -1.995222678224889e+01, -2.012984082722463e+01,  1.321363957501337e+01
s537        , -2.015268820600640e+01, -2.075423287143401e+01,  1.412585831311101e+01
s538        , -1.740140208992538e+01, -1.809455472011926e+01,  1.024014537131600e+01
s539        , -1.924950405987826e+01, -2.003404691613904e+01,  1.307368743837366e+01
s540        , -2.157643164881004e+01, -2.129730075332316e+01,  1.491926479948860e+01
s541        , -1.586673793577160e+01, -1.655761598032264e+01,  7.994722274156052e+00
s542        , -2.009907109345192e+01, -2.015758630895531e+01,  1.325417492226354e+01
s543        , -1.879069098033760e+01, -1.851089852647220e+01,  1.084841164435439e+01
s544        , -2.248614661420541e+01, -2.175903643108378e+01,  1.559384728529653e+01
s545        , -1.987972862262733e+01, -2.000090418666824e+01,  1.302526686809999e+01
s546        , -2.126472237694319e+01, -2.082052577041564e+01,  1.422271032334192e+01
s547        , -1.738356621674509e+01, -1.725364900112127e+01,  9.011606409365024e+00
s548        , -1.943625792183643e+01, -1.979612394709601e+01,  1.272608885412249e+01
s549        , -2.233202963006129e+01, -2.249900264351249e+01,  1.667491654426079e+01
s550        , -2.412763530103872e+01, -2.412774389707908e+01,  1.905446046189255e+01
s551        , -1.731823103856605e+01, -1.748366539544522e+01,  9.347653716370122e+00
s552        , -2.060923402045430e+01, -2.121413207446417e+01,  1.479775776239292e+01
s553        , -1.992869680942914e+01, -1.994984817155266e+01,  1.295067550500854e+01
s554        , -1.812921854031919e+01, -1.798302126113840e+01,  1.007719820991196e+01
s555        , -2.102602816640752e+01, -1.995630124601765e+01,  1.296010326037457e+01
s556        , -1.941820686683750e+01, -1.934072753079460e+01,  1.206076784616717e+01
s557        , -2.190718211184164e+01, -2.150387209943871e+01,  1.522105956838138e+01
s558        , -1.909304407213536e+01, -1.894905313891447e+01,  1.148854287498185e+01
s559        , -2.023025085829861e+01, -2.040959137559242e+01,  1.362234704427224e+01
s560        , -2.107002513254548e+01, -2.134830884580904e+01,  1.499378614900251e+01
s561        , -2.121559386756793e+01, -2.092906809649239e+01,  1.438128752598596e+01
s562        , -1.764234380631898e+01, -1.819245400717097e+01,  1.038317340141856e+01
s563        , -1.646928563220792e+01, -1.744991596825410e+01,  9.298346778254368e+00
s564        , -1.863449571719480e+01, -1.829675354140752e+01,  1.053555200775700e+01
s565        , -2.028655126138008e+01, -2.040052340321178e+01,  1.360909899859503e+01
s566        , -1.821002786093300e+01, -1.827372975855803e+01,  1.050191492616383e+01
s567        , -2.066943738863287e+01, -2.110948433940452e+01,  1.464487044471134e+01
s568        , -2.062629415098700e+01, -2.073028340108957e+01,  1.409086882883054e+01
s569        , -2.065075063553067e+01, -2.120702282962626e+01,  1.478737136106862e+01
s570        , -2.031634942577389e+01, -2.045937877148151e+01,  1.369508499132379e+01
s571        , -2.047206271335130e+01, -2.042530294493888e+01,  1.364530119318507e+01
s572        , -2.393038589894997e+01, -2.402403519444169e+01,  1.890294504345154e+01
s573        , -1.926109501090367e+01, -1.891786302423588e+01,  1.144297501850915e+01
s574        , -2.085894290369713e+01, -2.115186773147526e+01,  1.470679135608366e+01
s575        , -2.021973442813006e+01, -2.081852423615549e+01,  1.421978613961153e+01
s576        , -1.844714179521902e+01, -1.842849251964531e+01,  1.072801884906425e+01
s577        , -1.949977509463960e+01, -1.929324660150589e+01,  1.199139958018567e+01
s578        , -2.108198153892643e+01, -2.091187498719552e+01,  1.435616889000682e+01
s579        , -2.029210259566103e+01, -2.049503466646413e+01,  1.374717722380567e+01
s580        , -2.195204710511243e+01, -2.211816749592459e+01,  1.611852739584401e+01
s581        , -2.000078291173359e+01, -2.042962997239248e+01,  1.365162285528829e+01
s582        , -2.354247422413414e+01, -2.317367426961525e+01,  1.766059229894316e+01
s583        , -1.881717670098672e+01, -1.945736324011697e+01,  1.223116924791773e+01
s584        , -2.079214981383572e+01, -2.061606039927506e+01,  1.392399232304659e+01
s585        , -2.214462266832296e+01, -2.239145119117877e+01,  1.651778697952929e+01
s586        , -1.671124709479596e+01, -1.675575386672311e+01,  8.284196002045141e+00
s587        , -1.722924462132460e+01, -1.681156569283464e+01,  8.365735467607751e+00
s588        , -2.306180681354529e+01, -2.259987983074097e+01,  1.682229520049098e+01
s589        , -2.054966159202169e+01, -2.110513438016910e+01,  1.463851527993737e+01
s590        , -2.302597507766974e+01, -2.320670828751205e+01,  1.770885404474786e+01
s591        , -2.031576031139625e+01, -2.061462591801796e+01,  1.392189658737169e+01
s592        , -1.675983730084032e+01, -1.611447456007821e+01,  7.347305461396963e+00
s593        , -1.833051427645905e+01, -1.857519226990842e+01,  1.094234294608841e+01
s594        , -1.700453572465554e+01, -1.722506410990434e+01,  8.969844709105731e+00
s595        , -2.121342929627275e+01, -2.083271848078076e+01,  1.424052352094173e+01
s596        , -1.895402289388661e+01, -1.878833828215190e+01,  1.125374311225404e+01
s597        , -2.389559541191659e+01, -2.393256431423777e+01,  1.876930873003893e+01
s598        , -1.923753651242740e+01, -1.930803365135182e+01,  1.201300303281729e+01
s599        , -2.358158831573873e+01, -2.343632006402967e+01,  1.804431021682718e+01
s600        , -1.942143232536245e+01, -1.957279850989215e+01,  1.239981684217017e+01
s601        , -2.073803555561576e+01, -2.041736092710932e+01,  1.363369813457850e+01
s602        , -1.821856306700227e+01, -1.769296268473023e+01,  9.653431009481825e+00
s603        , -1.722454836479658e+01, -1.750746288899109e+01,  9.382421166938435e+00
s604        , -1.805154515236764e+01, -1.779168374508113e+01,  9.797659626633713e+00
s605        , -2.021935755598555e+01, -1.956559992660270e+01,  1.238929991994912e+01
s606        , -1.827906736534894e+01, -1.889056464134032e+01,  1.140309286974055e+01
s607        , -2.237721630921111e+01, -2.241567370002926e+01,  1.655317536517909e+01
s608        , -2.098562136420296e+01, -2.125735112190294e+01,  1.486089954211611e+01
s609        , -1.946776205882490e+01, -1.960877418271601e+01,  1.245237626083982e+01
s610        , -2.069261977150295e+01, -2.039276214463423e+01,  1.359776002403358e+01
s611        , -2.170289912291919e+01, -2.116270238971084e+01,  1.472262047875593e+01
s612        , -1.930046031145336e+01, -1.906690925801908e+01,  1.166072726016701e+01
s613        , -2.385958137896088e+01, -2.394530991844211e+01,  1.878792968956493e+01
s614        , -1.933674081040147e+01, -1.941758230615272e+01,  1.217305045265480e+01
s615        , -1.973716697922491e+01, -1.977771414250433e+01,  1.269919266146758e+01
s616        , -1.815004309366292e+01, -1.790092833754310e+01,  9.957262820178309e+00
s617        , -1.832352306169715e+01, -1.787986466378510e+01,  9.926489401340850e+00
s618        , -1.700993990522181e+01, -1.715791053598970e+01,  8.871735277662335e+00
s619        , -2.331208521979489e+01, -2.279251532794024e+01,  1.710373009671942e+01
s620        , -2.294394567846179e+01, -2.340710410813946e+01,  1.800162654931149e+01
s621        , -2.117716243218820e+01, -2.155267389118180e+01,  1.529235757624942e+01
s622        , -2.002792552777272e+01, -1.937394432935644e+01,  1.210929662924303e+01
s623        , -1.988853831837967e+01, -1.974208274356627e+01,  1.264713621699913e+01
s624        , -2.364575476956619e+01, -2.321344432496274e+01,  1.771869520086130e+01
s625        , -2.144171537166414e+01, -2.091631638363457e+01,  1.436265764189370e+01
s626        , -2.037069722396305e+01, -2.037900216122689e+01,  1.357765708579710e+01
s627        , -1.998545144661707e+01, -2.016908012678648e+01,  1.327096705806205e+01
s628        , -2.158119065398551e+01, -2.153132801259414e+01,  1.526117186430867e+01
s629        , -1.843917864187274e+01, -1.794641592130440e+01,  1.002371886593139e+01
s630        , -1.962256463480217e+01, -2.011777786943264e+01,  1.319601594217438e+01
s631        , -2.101091990223662e+01, -2.070702677702538e+01,  1.405689157294941e+01
s632        , -2.022844039713042e+01, -1.985676881207465e+01,  1.281468924984496e+01
s633        , -2.473876586737651e+01, -2.467076282543805e+01,  1.984779542857681e+01
s634        , -2.051539403555230e+01, -2.065999505031956e+01,  1.398817957896419e+01
s635        , -2.382235458298951e+01, -2.396287668354824e+01,  1.881359422588660e+01
s636        , -1.910586081968059e+01, -1.928530807049649e+01,  1.197980161572264e+01
s637        , -1.917066616024459e+01, -1.912753514293598e+01,  1.174929992656761e+01
s638        , -2.192001400012589e+01, -2.169559785856090e+01,  1.550116536356126e+01
s639        , -2.010078758798683e+01, -1.974770691677213e+01,  1.265535297157227e+01
s640        , -1.983289623130970e+01, -1.971287660037096e+01,  1.260446688554718e+01
s641        , -2.307886864739055e+01, -2.295471598904239e+01,  1.734070057666295e+01
s642        , -2.260273435105626e+01, -2.257947007779433e+01,  1.679247714106738e+01
s643        , -2.012782689900612e+01, -2.004017144425375e+01,  1.308263519701354e+01
s644        , -1.902512926743999e+01, -1.822753196096259e+01,  1.043442127851692e+01
s645        , -2.049081123370357e+01, -2.035331251073913e+01,  1.354012524860052e+01
s646        , -2.159630341817387e+01, -2.210791223949801e+01,  1.610354476247595e+01
s647        , -2.046804100673445e+01, -2.043539485018335e+01,  1.366004517519522e+01
s648        , -2.112203592795417e+01, -2.123387606049438e+01,  1.482660315558543e+01
s649        , -2.130712394597167e+01, -2.203646417442813e+01,  1.599916120352128e+01
s650        , -1.872664219670308e+01, -1.840528985070269e+01,  1.069412042005697e+01
s651        , -2.286060777226206e+01, -2.344981719551164e+01,  1.806402913599441e+01
s652        , -2.513277458672901e+01, -2.512002998794775e+01,  2.050416177381466e+01
s653        , -2.212366926194319e+01, -2.171253269089841e+01,  1.552590666436431e+01
s654        , -2.219498706816524e+01, -2.209777746939596e+01,  1.608873815614722e+01
s655        , -2.136195741190379e+01, -2.124731057187962e+01,  1.484623058860041e+01
s656        , -2.204727614381470e+01, -2.172770731705329e+01,  1.554807635478635e+01
s657        , -2.036339525797458e+01, -2.018913607665761e+01,  1.330026822141362e+01
s658        , -1.602366185676991e+01, -1.581866391853436e+01,  6.915134659978956e+00
s659        , -1.871169938684588e+01, -1.904601789620822e+01,  1.163020558410630e+01
s660        , -2.183022460938435e+01, -2.128924737282637e+01,  1.490749904324246e+01
s661        , -2.183692812512830e+01, -2.225923563783288e+01,  1.632462387575721e+01
s662        , -1.575332316936146e+01, -1.549641226115645e+01,  6.444334298300145e+00
s663        , -2.161244100467384e+01, -2.175669296670933e+01,  1.559042355154741e+01
s664        , -1.792030659393350e+01, -1.773542525635558e+01,  9.715467599895959e+00
s665        , -2.036353189911458e+01, -2.017526973581008e+01,  1.328000989802964e+01
s666        , -1.896012969757172e+01, -1.851460425626490e+01,  1.085382560852414e+01
s667        , -1.834472710605888e+01, -1.880410040918819e+01,  1.127677112449110e+01
s668        , -2.315183675604283e+01, -2.263830032889910e+01,  1.687842643834375e+01
s669        , -2.168824836514504e+01, -2.113681083626747e+01,  1.468479366717411e+01
s670        , -1.765957516951316e+01, -1.778315288498545e+01,  9.785196286487825e+00
s671        , -1.925271531654228e+01, -1.968823103702988e+01,  1.256846042950854e+01
s672        , -2.010246672918431e+01, -1.973199295870041e+01,  1.263239533280086e+01
s673        , -2.045224673553428e+01, -2.056743782569594e+01,  1.385295614773856e+01
s674        , -1.961862741224291e+01, -1.954464565610916e+01,  1.235868633612044e+01
s675        , -1.819835804307071e+01, -1.827478513749936e+01,  1.050345680430755e+01
s676        , -2.030955144796039e+01, -2.039516604447556e+01,  1.360127205225384e+01
s677        , -1.708028116046972e+01, -1.712446356623075e+01,  8.822870221117077e+00
s678        , -1.996975063415185e+01, -1.984419950296850e+01,  1.279632585236432e+01
s679        , -2.075675552323975e+01, -2.070203271731162e+01,  1.404959539598444e+01
s680        , -1.844365265503332e+01, -1.862575370776185e+01,  1.101621174608805e+01
s681        , -1.908965101407623e+01, -1.904777238242385e+01,  1.163276883778076e+01
s682        , -2.132701003782740e+01, -2.166194304500197e+01,  1.545199665322877e+01
s683        , -2.134055790648813e+01, -2.022341967796175e+01,  1.335035557247637e+01
s684        , -2.228765611405496e+01, -2.226169026678198e+01,  1.632821001773837e+01
s685        , -2.220524684044785e+01, -2.254035165843840e+01,  1.673532626050734e+01
s686        , -2.092862014660340e+01, -2.106544091444584e+01,  1.458052427324758e+01
s687        , -2.266843571203506e+01, -2.228493249543249e+01,  1.636216624233600e+01
s688        , -1.791243182954496e+01, -1.826941201700139e+01,  1.049560683048779e+01
s689        , -2.022924986754604e+01, -2.046143821016296e+01,  1.369809377174085e+01
s690        , -1.926971843911773e+01, -1.877253367079764e+01,  1.123065303165578e+01
s691        , -1.839442212707931e+01, -1.848361232116553e+01,  1.080854728669134e+01
s692        , -1.811967055159425e+01, -1.825189939887121e+01,  1.047002140133370e+01
s693        , -1.897178714286070e+01, -1.912946466320910e+01,  1.175211889994340e+01
s694        , -2.117746495604092e+01, -2.061732790309383e+01,  1.392584410950803e+01
s695        , -2.262578130233349e+01, -2.284708975053798e+01,  1.718346175149660e+01
s696        , -2.110358706695218e+01, -2.048844144052619e+01,  1.373754471118658e+01
s697        , -2.080079623838923e+01, -2.070466235145166e+01,  1.405343721549373e+01
s698        , -2.284382050270110e+01, -2.321407367609994e+01,  1.771961466469098e+01
s699        , -1.710021253686445e+01, -1.745246832314754e+01,  9.302075695016942e+00
s700        , -1.768315556313765e+01, -1.762236244508100e+01,  9.550286098973295e+00
s701        , -1.903295584190279e+01, -1.903906641405293e+01,  1.162004966950358e+01
s702        , -1.837939645173277e+01, -1.860329473945917e+01,  1.098339984223045e+01
s703        , -2.091048572489854e+01, -1.992930718297088e+01,  1.292066571411334e+01
s704        , -2.101614044515869e+01, -2.109986252090999e+01,  1.463081324586219e+01
s705        , -1.998067347119072e+01, -1.954356024795199e+01,  1.235710058615992e+01
s706        , -2.205053681559340e+01, -2.183912444094224e+01,  1.571085355398201e+01
s707        , -2.095566328486310e+01, -2.103629326286192e+01,  1.453794039635008e+01
s708        , -2.098548818691052e+01, -2.121686326606984e+01,  1.480174795442554e+01
s709        , -2.115794840593145e+01, -2.173822701960812e+01,  1.556344533630802e+01
s710        , -2.144561556804213e+01, -2.129081635791728e+01,  1.490979128513279e+01
s711        , -2.158487030708884e+01, -2.153786234859495e+01,  1.527071834043091e+01
s712        , -1.701606937532507e+01, -1.723583287058345e+01,  8.985577557351748e+00
s713        , -2.069677260469373e+01, -2.074210740170517e+01,  1.410814335213824e+01
s714        , -1.667903695847065e+01, -1.628845826366788e+01,  7.601490626006301e+00
s715        , -1.903979308955687e+01, -1.931575494101754e+01,  1.202428361395325e+01
s716        , -1.775292931769286e+01, -1.757761361665126e+01,  9.484909353417200e+00
s717        , -1.980553907801730e+01, -2.042880835953207e+01,  1.365042250263537e+01
s718        , -2.205506805307129e+01, -2.249865114291732e+01,  1.667440301204600e+01
s719        , -2.211926724507942e+01, -2.222253361241935e+01,  1.627100327693816e+01
s720        , -2.227273745316376e+01, -2.261559275343668e+01,  1.684525132660795e+01
s721        , -1.785735939085095e+01, -1.798363745553484e+01,  1.007809845212350e+01
s722        , -2.185625504194673e+01, -2.154690080484750e+01,  1.528392326389768e+01
s723        , -2.033801839240394e+01, -2.038192694245131e+01,  1.358193010666997e+01
s724        , -2.101306363073858e+01, -2.089594568265099e+01,  1.433289663625992e+01
s725        , -1.977835943733275e+01, -1.989256340869725e+01,  1.286698412141580e+01
s726        , -1.782642809085736e+01, -1.752428902048758e+01,  9.407003658953100e+00
s727        , -2.098840179836340e+01, -2.107108330761573e+01,  1.458876764666180e+01
s728        , -2.135488943619893e+01, -2.106887331253540e+01,  1.458553890769551e+01
s729        , -1.830313789299144e+01, -1.879714853780469e+01,  1.126661464123722e+01
s730        , -1.974102380594271e+01, -1.964747485736079e+01,  1.250891682844537e+01
s731        , -1.858542568590836e+01, -1.792844009475968e+01,  9.997456702665604e+00
s732        , -1.728575125425960e+01, -1.816221559025834e+01,  1.033899594788768e+01
s733        , -2.189672381410002e+01, -2.193900523536041e+01,  1.585677650910182e+01
s734        , -1.907291800543370e+01, -1.913632186286138e+01,  1.176213707053301e+01
s735        , -2.104653345651221e+01, -2.038607762749851e+01,  1.358799413761191e+01
s736        , -1.839280423093862e+01, -1.852878414579270e+01,  1.087454201747165e+01
s737        , -2.165426899727042e+01, -2.109527721425297e+01,  1.462411424530436e+01
s738        , -1.806822955624155e+01, -1.819961780537404e+01,  1.039363950363333e+01
s739        , -1.955458939471557e+01, -1.974883233503427e+01,  1.265699717514027e+01
s740        , -1.834079412742093e+01, -1.833862276334969e+01,  1.059672173142569e+01
s741        , -2.108323768665554e+01, -2.098324601981698e+01,  1.446043990677980e+01
s742        , -1.784982580383593e+01, -1.804488738227082e+01,  1.016758282559340e+01
s743        , -2.007117762213282e+01, -2.002748219909542e+01,  1.306409657642558e+01
s744        , -2.048858578542649e+01, -2.078041317061113e+01,  1.416410697386808e+01
s745        , -2.120349313282904e+01, -2.102061842196748e+01,  1.451503990664458e+01
s746        , -1.892251493836264e+01, -1.863746491054604e+01,  1.103332147502272e+01
s747        , -2.116880416688591e+01, -2.071951667989331e+01,  1.407513896021004e+01
s748        , -2.167842994358758e+01, -2.137193875214571e+01,  1.502830875949974e+01
s749        , -2.059667445248301e+01, -2.042642277939628e+01,  1.364693723897565e+01
s750        , -2.032384862658092e+01, -2.068168943997891e+01,  1.401987445551232e+01
s751        , -2.236553637276776e+01, -2.149272269364742e+01,  1.520477060862318e+01
s752        , -1.716732359631470e+01, -1.744129596730736e+01,  9.285753205900324e+00
s753        , -2.206691124025960e+01, -2.213236497461537e+01,  1.613926950205049e+01
s754        , -1.859855862913608e+01, -1.890457209795014e+01,  1.142355735917643e+01
s755        , -2.251644582892857e+01, -2.193180715383991e+01,  1.584626031995070e+01
s756        , -2.026279534630465e+01, -2.053066739750421e+01,  1.379923561443669e+01
s757        , -1.901185247831666e+01, -1.942314499990275e+01,  1.218117738751908e+01
s758        , -1.866312886885699e+01, -1.907659108929648e+01,  1.167487213595819e+01
s759        , -2.105033567951521e+01, -2.146036125583254e+01,  1.515749148288753e+01
s760        , -1.976737462921502e+01, -1.964482187627034e+01,  1.250504089971602e+01
s761        , -2.282845273202710e+01, -2.276209900649226e+01,  1.705929272980200e+01
s762        , -1.737428124739802e+01, -1.683085723734938e+01,  8.393919856817055e+00
s763        , -2.048674857080450e+01, -2.067643857812475e+01,  1.401220309803917e+01
s764        , -1.996103637141938e+01, -1.944931663977688e+01,  1.221941339728465e+01
s765        , -1.985538741097363e+01, -2.013977755937476e+01,  1.322815685361559e+01
s766        , -1.902823974868692e+01, -1.916597737818946e+01,  1.180546292168871e+01
s767        , -2.019726225103009e+01, -1.990433513812609e+01,  1.288418227802972e+01
s768        , -2.180287541987858e+01, -2.118807536409531e+01,  1.475968966131429e+01
s769        , -2.332774774981945e+01, -2.361500137921938e+01,  1.830535845627164e+01
s770        , -2.255011500408412e+01, -2.268353142050699e+01,  1.694450775647069e+01
s771        , -1.837836194936116e+01, -1.794071084329013e+01,  1.001538391177048e+01
s772        , -2.036442085092615e+01, -2.055473464175104e+01,  1.383439716298609e+01
s773        , -2.207703951964118e+01, -2.209591467204029e+01,  1.608601666302622e+01
s774        , -2.410464814655394e+01, -2.382482077960891e+01,  1.861189853862343e+01
s775        , -2.145476048405246e+01, -2.057585430675672e+01,  1.386525238341884e+01
s776        , -1.783304251394927e+01, -1.788002650129486e+01,  9.926725841267176e+00
s777        , -1.926023008452307e+01, -1.971644433226027e+01,  1.260967923876679e+01
s778        , -1.976550707196644e+01, -1.977676247939132e+01,  1.269780230915272e+01
s779        , -2.301809423461469e+01, -2.261961005922692e+01,  1.685112049430879e+01
s780        , -1.989864127452180e+01, -2.023427824014906e+01,  1.336621961813153e+01
s781        , -1.803783397921168e+01, -1.763336984149395e+01,  9.566367587132360e+00
s782        , -2.003060740563550e+01, -2.015083698440982e+01,  1.324431435408847e+01
s783        , -2.170310297580588e+01, -2.074450266998292e+01,  1.411164276989348e+01
s784        , -1.828106793020000e+01, -1.896295708971184e+01,  1.150885614541599e+01
s785        , -1.904288077315707e+01, -1.912908312572224e+01,  1.175156148469760e+01
s786        , -2.022975758111321e+01, -1.995878670759583e+01,  1.296373444793608e+01
s787        , -1.858814151939532e+01, -1.981198096418902e+01,  1.274925549799107e+01
s788        , -1.926046054059691e+01, -1.968258001561513e+01,  1.256020445047784e+01
s789        , -2.212378523930028e+01, -2.225767650956328e+01,  1.632234603439806e+01
s790        , -2.174169856486492e+01, -2.175355201340355e+01,  1.558583470950883e+01
s791        , -1.907773631846257e+01, -1.930717275582995e+01,  1.201174528933084e+01
s792        , -2.217884458062024e+01, -2.164015195247048e+01,  1.542016049657816e+01
s793        , -2.046845693654859e+01, -1.937821638195290e+01,  1.211553797466818e+01
s794        , -1.973890233992908e+01, -1.902098270789362e+01,  1.159362989723748e+01
s795        , -2.098054198937622e+01, -2.100175384365890e+01,  1.448747930272756e+01
s796        , -1.872193723420701e+01, -1.884611168835912e+01,  1.133814838966703e+01
s797        , -1.738396768625594e+01, -1.822552916710822e+01,  1.043149525455578e+01
s798        , -1.812351947027918e+01, -1.846859543500459e+01,  1.078660804984337e+01
s799        , -2.115781411801412e+01, -1.946914666494711e+01,  1.224838449117508e+01
s800        , -2.197753832223543e+01, -2.187617627718454e+01,  1.576498521631597e+01
s801        , -2.000340332694237e+01, -2.057422519764634e+01,  1.386287230207302e+01
s802        , -2.346278750692302e+01, -2.326195751028597e+01,  1.778957156308768e+01
s803        , -2.201425716118592e+01, -2.202459847366067e+01,  1.598182575749643e+01
s804        , -1.618324989548500e+01, -1.632761710036587e+01,  7.658700555135425e+00
s805        , -2.141738653455062e+01, -2.044975823814341e+01,  1.368102967005105e+01
s806        , -2.157933013723432e+01, -2.165935069638126e+01,  1.544820930678607e+01
s807        , -1.912040169626662e+01, -1.966846608818373e+01,  1.253958441024756e+01
s808        , -2.304047586711122e+01, -2.226075826719892e+01,  1.632684839327270e+01
s809        , -2.047218776779852e+01, -2.054721062111203e+01,  1.382340478619912e+01
s810        , -2.119146876442327e+01, -2.169360515005935e+01,  1.549825407400922e+01
s811        , -2.180116494254657e+01, -2.191926642468228e+01,  1.582793867694918e+01
s812        , -2.372646511684069e+01, -2.334022226197830e+01,  1.790391410426580e+01
s813        , -2.269928091374550e+01, -2.243105687169457e+01,  1.657564973456706e+01
s814        , -1.832573741415099e+01, -1.894329474372441e+01,  1.148013002596743e+01
s815        , -2.057906464758977e+01, -2.007373447040334e+01,  1.313166980859268e+01
s816        , -1.808215553271357e+01, -1.781972610932801e+01,  9.838628710663206e+00
s817        , -2.152086258044021e+01, -2.136108643226415e+01,  1.501245383367293e+01
s818        , -2.057353864229959e+01, -2.098233801327839e+01,  1.445911333545894e+01
s819        , -2.244567325669163e+01, -2.260898575285960e+01,  1.683559868963904e+01
s820        , -2.103220827040201e+01, -2.139127197617955e+01,  1.505655404128234e+01
s821        , -2.251724700203312e+01, -2.289070267311257e+01,  1.724717897141429e+01
s822        , -1.967652212859418e+01, -2.000319998420179e+01,  1.302862096197162e+01
s823        , -1.898228811729100e+01, -1.914321192167315e+01,  1.177220324740535e+01
s824        , -2.375965705343503e+01, -2.403922030252917e+01,  1.892513004767429e+01
s825        , -2.074394606294202e+01, -2.022175867016758e+01,  1.334792888807508e+01
s826        , -2.229590893513048e+01, -2.228626547218572e+01,  1.636411368286320e+01
s827        , -2.030439908572953e+01, -1.853007406832233e+01,  1.087642655702197e+01
s828        , -2.126632247755481e+01, -2.105775583831081e+01,  1.456929659903377e+01
s829        , -1.836528680868646e+01, -1.755666228897708e+01,  9.454300068962574e+00
s830        , -2.038358031572328e+01, -2.048148511552254e+01,  1.372738172132232e+01
s831        , -2.014217587228185e+01, -1.995863968289745e+01,  1.296351964909925e+01
s832        , -1.638297894992474e+01, -1.730975258270210e+01,  9.093572121239577e+00
s833        , -2.087813803835245e+01, -2.081273988457593e+01,  1.421133536906193e+01
s834        , -2.163260872857058e+01, -2.152667770979099e+01,  1.525437790625906e+01
s835        , -1.845033213930005e+01, -1.823770635066796e+01,  1.044928576794152e+01
s836        , -2.085703068105029e+01, -2.069041205332027e+01,  1.403261794161046e+01
s837        , -1.604298594536770e+01, -1.646911953620337e+01,  7.865431525932585e+00
s838        , -1.819387371328009e+01, -1.760531838373839e+01,  9.525385217749385e+00
s839        , -2.199016371973259e+01, -2.133363042982290e+01,  1.497234140730166e+01
s840        , -1.816847175772266e+01, -1.859526317631325e+01,  1.097166596050362e+01
s841        , -2.076446728280485e+01, -2.062537733058291e+01,  1.393760409052411e+01
s842        , -1.719569444321167e+01, -1.747206909821944e+01,  9.330711861136672e+00
s843        , -1.999816334280537e+01, -1.981023857797447e+01,  1.274670992206861e+01
s844        , -1.581596700213373e+01, -1.584308047545667e+01,  6.950806544255708e+00
s845        , -2.003183538643507e+01, -2.019373177320367e+01,  1.330698240129915e+01
s846        , -2.166933569232110e+01, -2.104748136744831e+01,  1.455428589392993e+01
s847        , -2.001719781047365e+01, -2.001364149672995e+01,  1.304387571012321e+01
s848        , -1.670780899311153e+01, -1.708216711419024e+01,  8.761076326617259e+00
s849        , -2.103364362191806e+01, -2.134533964570554e+01,  1.498944823343057e+01
s850        , -1.674889176362534e+01, -1.625989921309889e+01,  7.559766678187112e+00
s851        , -1.887785873496733e+01, -1.964806736787845e+01,  1.250978246919422e+01
s852        , -1.916613881673827e+01, -1.968255423589799e+01,  1.256016678705587e+01
s853        , -2.151831650372089e+01, -2.133825589816559e+01,  1.497909908292198e+01
s854        , -2.092228526657664e+01, -2.065234338683067e+01,  1.397700071966110e+01
s855        , -1.984690981488844e+01, -1.982749718955087e+01,  1.277192425498581e+01
s856        , -1.857995804240183e+01, -1.845993545228652e+01,  1.077395606527649e+01
s857        , -2.294003947989728e+01, -2.332821662015000e+01,  1.788637420839392e+01
s858        , -2.107902559750898e+01, -2.130462760287857e+01,  1.492996911501865e+01
s859        , -1.829183386036745e+01, -1.852496321024597e+01,  1.086895974102351e+01
s860        , -2.148418071954308e+01, -2.104528611500153e+01,  1.455107869352534e+01
s861        , -2.060440939951398e+01, -2.029800256007304e+01,  1.345931900856466e+01
s862        , -1.983634035476443e+01, -1.955856392629238e+01,  1.237902052676360e+01
s863        , -2.017821382918477e+01, -2.083405111649608e+01,  1.424247046322239e+01
s864        , -2.145828954671971e+01, -2.078742059326231e+01,  1.417434461591918e+01
s865        , -2.179521899962700e+01, -2.183570833161178e+01,  1.570586271694054e+01
s866        , -2.240641608733365e+01, -2.213701465855185e+01,  1.614606255595377e+01
s867        , -1.970162478711471e+01, -1.955310645566842e+01,  1.237104731984664e+01
s868        , -1.579821539399930e+01, -1.542373988518216e+01,  6.338162056484082e+00
s869        , -1.927595790821999e+01, -1.954565706564379e+01,  1.236016397623122e+01
s870        , -1.834436146157947e+01, -1.877999761657277e+01,  1.124155764080218e+01
s871        , -1.954632707936713e+01, -1.951689544467406e+01,  1.231814407890873e+01
s872        , -2.222687656829416e+01, -2.212141234947870e+01,  1.612326803314376e+01
s873        , -2.174135075548704e+01, -2.138604659730434e+01,  1.504891991370523e+01
s874        , -2.306987923711809e+01, -2.354243371544131e+01,  1.819933919594916e+01
s875        , -2.178123430913379e+01, -2.179739199882971e+01,  1.564988366169290e+01
s876        , -2.287277527114560e+01, -2.261802144467381e+01,  1.684879957434127e+01
s877        , -2.189016288213647e+01, -2.150423810957845e+01,  1.522159429862162e+01
s878        , -1.876974537203656e+01, -1.872166518037727e+01,  1.115633563672651e+01
s879        , -1.761744622782913e+01, -1.759137005497895e+01,  9.505007112394727e+00
s880        , -1.792977215528789e+01, -1.859781537595963e+01,  1.097539465045472e+01
s881        , -2.116921283478955e+01, -1.952558644409532e+01,  1.233084137798293e+01
s882        , -1.809005639564229e+01, -1.839718058678344e+01,  1.068227301974507e+01
s883        , -1.958200153707774e+01, -2.015443976331272e+01,  1.324957790998244e+01
s884        , -1.866641101726497e+01, -1.909296887550414e+01,  1.169879960845843e+01
s885        , -1.949202935470739e+01, -2.004803836870754e+01,  1.309412854636752e+01
s886        , -1.753621319174707e+01, -1.733093325755614e+01,  9.124516475298204e+00
s887        , -2.072504645987743e+01, -2.037766514594139e+01,  1.357570374509095e+01
s888        , -2.163711888094086e+01, -2.183451310991544e+01,  1.570411653257177e+01
s889        , -1.784767272504274e+01, -1.771394462681870e+01,  9.684085020711292e+00
s890        , -2.036577167825686e+01, -2.084647781393216e+01,  1.426062550917307e+01
s891        , -1.925489904031788e+01, -1.924612656680571e+01,  1.192255857077189e+01
s892        , -1.797999052112338e+01, -1.901330018585780e+01,  1.158240595448883e+01
s893        , -2.224398236502422e+01, -2.265838904150344e+01,  1.690777546710203e+01
s894        , -2.015695897880840e+01, -2.004265104940539e+01,  1.308625782850507e+01
s895        , -1.853378696029952e+01, -1.867982794821230e+01,  1.109521264919813e+01
s896        , -2.478440805107692e+01, -2.392571272717409e+01,  1.875929875927913e+01
s897        , -2.202247365131235e+01, -2.200666977245785e+01,  1.595563244299371e+01
s898        , -2.008627742560493e+01, -1.949033663496425e+01,  1.227934242519848e+01
s899        , -1.802005794967191e+01, -1.772099014096330e+01,  9.694378313333834e+00
s900        , -1.770516073583232e+01, -1.777939995625326e+01,  9.779713366031041e+00
s901        , -2.425916197575684e+01, -2.399748771500623e+01,  1.886415994294478e+01
s902        , -1.641892815066793e+01, -1.655193650579168e+01,  7.986424725944575e+00
s903        , -2.332207101034287e+01, -2.329763358067951e+01,  1.784169327126204e+01
s904        , -2.132463334662818e+01, -1.982051048827527e+01,  1.276171688626578e+01
s905        , -2.166343218809494e+01, -2.202656006450695e+01,  1.598469158505308e+01
s906        , -1.790842270146736e+01, -1.747732542336554e+01,  9.338391200321531e+00
s907        , -1.911599503394165e+01, -1.964375331237261e+01,  1.250347975873192e+01
s908        , -2.062377494321661e+01, -2.005239498636445e+01,  1.310049343890294e+01
s909        , -2.034650826700463e+01, -2.035447338948284e+01,  1.354182125890764e+01
s910        , -1.701866755175476e+01, -1.649820370566239e+01,  7.907922657279592e+00
s911        , -1.800428066961873e+01, -1.824911376844281e+01,  1.046595167575381e+01
s912        , -2.018815932170212e+01, -2.054976727572124e+01,  1.382713998472222e+01
s913        , -1.735412329082851e+01, -1.755356628024466e+01,  9.449776889647246e+00
s914        , -2.004618788210774e+01, -2.076822544367300e+01,  1.414630105691112e+01
s915        , -1.937730144245923e+01, -1.939689581871497e+01,  1.214282809213445e+01
s916        , -2.191302790761547e+01, -2.206279129278295e+01,  1.603762436285540e+01
s917        , -1.792924589211810e+01, -1.752154383001663e+01,  9.402993014982730e+00
s918        , -2.621730238337609e+01, -2.590690230290141e+01,  2.165375949346515e+01
s919        , -1.919355775511356e+01, -1.914394858344819e+01,  1.177327948897674e+01
s920        , -1.675861595936722e+01, -1.638132085587316e+01,  7.737160190446758e+00
s921        , -2.192756432754418e+01, -2.182554707320783e+01,  1.569101741196797e+01
s922        , -2.290193110331377e+01, -2.299140902691603e+01,  1.739430804494586e+01
s923        , -1.925371616601646e+01, -1.907185999706649e+01,  1.166796014688996e+01
s924        , -1.798705044323696e+01, -1.816041887317532e+01,  1.033637099613598e+01
s925        , -2.338449219749342e+01, -2.375661399451586e+01,  1.851225039607532e+01
s926        , -1.762302148317026e+01, -1.765924035760411e+01,  9.604163663778117e+00
s927        , -1.720744831710588e+01, -1.722804524330263e+01,  8.974200058876605e+00
s928        , -1.827654667645005e+01, -1.862736938966246e+01,  1.101857221066828e+01
s929        , -2.066098735264480e+01, -2.102405746284897e+01,  1.452006424601962e+01
s930        , -1.982419875205301e+01, -2.042834869131384e+01,  1.364975094064821e+01
s931        , -2.184683786579889e+01, -2.234274140645277e+01,  1.644662339125516e+01
s932        , -2.007807490293144e+01, -2.033306975111127e+01,  1.351055116159126e+01
s933        , -2.186904116931162e+01, -2.229990400111493e+01,  1.638403917961590e+01
s934        , -1.595875499840616e+01, -1.607649214801213e+01,  7.291814254668507e+00
s935        , -1.706347068237267e+01, -1.670619620128818e+01,  8.211793684550269e+00
s936        , -1.818003510858343e+01, -1.749114767248492e+01,  9.358585106964462e+00
s937        , -2.175658784400171e+01, -2.178804557215228e+01,  1.563622880233252e+01
s938        , -2.010166135357230e+01, -1.992190657554870e+01,  1.290985364047079e+01
s939        , -1.813809060682595e+01, -1.782073946686043e+01,  9.840109196742489e+00
s940        , -2.094308051046411e+01, -2.088290527508611e+01,  1.431384497754095e+01
s941        , -1.827480816862776e+01, -1.845899028227985e+01,  1.077257519920242e+01
s942        , -1.770857434290158e+01, -1.776967309910559e+01,  9.765502708744176e+00
s943        , -1.938132201948424e+01, -1.967065368512344e+01,  1.254278042617747e+01
s944        , -1.770272330222015e+01, -1.816752503886308e+01,  1.034675289891088e+01
s945        , -1.924477319915050e+01, -1.924658674209279e+01,  1.192323087357198e+01
s946        , -2.185513295241253e+01, -2.180613484171983e+01,  1.566265670257734e+01
s947        , -2.017292248813791e+01, -1.973997381189227e+01,  1.264405512874979e+01
s948        , -1.792501053388721e+01, -1.827105452892565e+01,  1.049800649295747e+01
s949        , -2.005207290213696e+01, -2.006152615765481e+01,  1.311383381636145e+01
s950        , -2.257823345395823e+01, -2.239189313648923e+01,  1.651843264886019e+01
s951        , -1.571913272603913e+01, -1.608830004679486e+01,  7.309065253663538e+00
s952        , -2.233989362366768e+01, -2.295114985289908e+01,  1.733549055478212e+01
s953        , -2.342860552534396e+01, -2.340027656632412e+01,  1.799165170796484e+01
s954        , -2.204077204416149e+01, -2.246325523736859e+01,  1.662269061661602e+01
s955        , -1.756302978982562e+01, -1.808922038838244e+01,  1.023235206675570e+01
s956        , -2.291971088639473e+01, -2.280935203888110e+01,  1.712832804499667e+01
s957        , -1.872997367448807e+01, -1.851149482041798e+01,  1.084928281258242e+01
s958        , -2.138547156076431e+01, -2.145996538060419e+01,  1.515691312061562e+01
s959        , -1.926386090665138e+01, -1.891881321760299e+01,  1.144436322356772e+01
s960        , -1.680470785163838e+01, -1.760831452161654e+01,  9.529762488631876e+00
s961        , -2.001579976967623e+01, -1.999526800443945e+01,  1.301703256869128e+01
s962        , -1.871905926332032e+01, -1.835396531727556e+01,  1.061913675946977e+01
s963        , -1.918665598310528e+01, -1.993552957253561e+01,  1.292975644550452e+01
s964        , -1.746488927974545e+01, -1.757092435452067e+01,  9.475136534695126e+00
s965        , -1.971186761143078e+01, -1.939580979672268e+01,  1.214124144537853e+01
s966        , -1.765956881606673e+01, -1.739930390250555e+01,  9.224404012362598e+00
s967        , -2.223688117086612e+01, -2.140150742620803e+01,  1.507150773807497e+01
s968        , -1.998239594820018e+01, -2.036417001145655e+01,  1.355598774347885e+01
s969        , -2.101894011109180e+01, -2.105092702642971e+01,  1.455931990215774e+01
s970        , -1.986554229461376e+01, -2.011858166838626e+01,  1.319719026922411e+01
s971        , -1.914500631305469e+01, -1.847454611677575e+01,  1.079530182399770e+01
s972        , -1.930540895911451e+01, -1.982929435764513e+01,  1.277454986565188e+01
s973        , -2.013055280326089e+01, -2.040936476666523e+01,  1.362201597517629e+01
s974        , -1.991254970003848e+01, -1.994571930503119e+01,  1.294464335030235e+01
s975        , -2.002907222040815e+01, -2.059673143807363e+01,  1.389575326913900e+01
s976        , -2.147573630129902e+01, -2.137787678112437e+01,  1.503698404828975e+01
s977        , -1.918950409415471e+01, -1.929669404142593e+01,  1.199643619031338e+01
s978        , -1.698999961978807e+01, -1.775145116886593e+01,  9.738880995089938e+00
s979        , -2.115978794608996e+01, -2.097625582094067e+01,  1.445022742816618e+01
s980        , -1.730989298326385e+01, -1.694841089507238e+01,  8.565662354661690e+00
s981        , -2.142850865946883e+01, -2.125464586559539e+01,  1.485694724080479e+01
s982        , -2.110948756566415e+01, -2.148099969277772e+01,  1.518764364302640e+01
s983        , -1.831465175322002e+01, -1.845295474431502e+01,  1.076375745260062e+01
s984        , -2.150201864035685e+01, -2.144111221181009e+01,  1.512936918566963e+01
s985        , -1.659952594735737e+01, -1.620693840703822e+01,  7.482392470553698e+00
s986        , -2.105203087443673e+01, -2.087527735317055e+01,  1.430270080399061e+01
s987        , -2.066592788190784e+01, -2.083417967871493e+01,  1.424265828891001e+01
s988        , -2.133344594608628e+01, -2.130788614123801e+01,  1.493472974542363e+01
s989        , -2.008246059204520e+01, -2.018641614024302e+01,  1.329629447289001e+01
s990        , -2.181814335912880e+01, -2.224521823101951e+01,  1.630414484936140e+01
s991        , -1.674874949890157e+01, -1.654007951023764e+01,  7.969101997985044e+00
s992        , -1.990187356431624e+01, -1.969876049221087e+01,  1.258384365933528e+01
s993        , -2.167451347953028e+01, -2.147085623956201e+01,  1.517282435091946e+01
s994        , -2.085856003252748e+01, -2.008127977338863e+01,  1.314269327827273e+01
s995        , -1.532250426373563e+01, -1.518299501512939e+01,  5.986440756381525e+00
s996        , -2.197589637081217e+01, -2.190379155835288e+01,  1.580533034430601e+01
s997        , -1.843774602570321e+01, -1.794224647945716e+01,  1.001762743184646e+01
s998        , -2.004154224207673e+01, -1.970806687427241e+01,  1.259744001466870e+01
s999        , -1.918982967461324e+01, -1.946563144097554e+01,  1.224324885050634e+01
s1000       , -2.386287011937712e+01, -2.394127384538616e+01,  1.878203310343109e+01
s1001       , -2.142986106465667e+01, -2.136425341594239e+01,  1.501708070533367e+01
s1002       , -1.703565403983971e+01, -1.783794528960949e+01,  9.865246406707987e+00
s1003       , -2.272857267296788e+01, -2.282943549514977e+01,  1.715766939440038e+01
s1004       , -1.957549960274314e+01, -1.899037848714734e+01,  1.154891801487360e+01
s1005       , -2.033955634118916e+01, -2.023030293825252e+01,  1.336041181690593e+01
s1006       , -2.103463075725037e+01, -2.133073993587497e+01,  1.496811847914919e+01
s1007       , -1.845815321471510e+01, -1.939341162746641e+01,  1.213773778937749e+01
s1008       , -2.105860584214290e+01, -2.078177082004110e+01,  1.416609046046320e+01
s1009       , -2.225664818829298e+01, -2.190033262583625e+01,  1.580027694382670e+01
s1010       , -2.029000137617794e+01, -2.058567026297795e+01,  1.387959321187812e+01
s1011       , -2.150175758271834e+01, -2.053990971326934e+01,  1.381273837076192e+01
s1012       , -1.789395613621291e+01, -1.746972787866742e+01,  9.327291407008284e+00
s1013       , -1.907481979836395e+01, -1.929574489169217e+01,  1.199504950997300e+01
s1014       , -1.701362802016618e+01, -1.653956076981662e+01,  7.968344133216181e+00
s1015       , -1.771043360260808e+01, -1.768064674981137e+01,  9.635437784368907e+00
s1016       , -2.325177194237830e+01, -2.280691767122515e+01,  1.712477150417946e+01
s1017       , -2.061131053204120e+01, -2.096707166078070e+01,  1.443680963550000e+01
s1018       , -1.637685178145171e+01, -1.624371023226560e+01,  7.536115044884290e+00
s1019       , -2.229355013298489e+01, -2.232158750134917e+01,  1.641571814702854e+01
s1020       , -1.626620443538163e+01, -1.704338135966815e+01,  8.704411459768881e+00
s1021       , -2.225684084822025e+01, -2.211736800717416e+01,  1.611735936587661e+01
s1022       , -1.619907626993357e+01, -1.635176597496616e+01,  7.693981363272961e+00
s1023       , -2.164326276096592e+01, -2.151722041941692e+01,  1.524056107824073e+01
s1024       , -1.814482992541786e+01, -1.812475404217600e+01,  1.028426570839187e+01
s1025       , -1.966276460675046e+01, -2.005321012876051e+01,  1.310168433839437e+01
s1026       , -1.787958226759213e+01, -1.801025359840914e+01,  1.011698386793075e+01
s1027       , -2.228548280106830e+01, -2.281354927683971e+01,  1.713446008839730e+01
s1028       , -1.939576101741603e+01, -1.948687223994675e+01,  1.227428104416320e+01
s1029       , -2.072177297910414e+01, -2.008389089485213e+01,  1.314650805129642e+01
s1030       , -2.116639743005703e+01, -2.107681692706340e+01,  1.459714429903237e+01
s1031       , -1.871817432191781e+01, -1.905486672631032e+01,  1.164313346924551e+01
s1032       , -1.793076662035363e+01, -1.887972071005085e+01,  1.138725019940444e+01
s1033       , -2.190726556241366e+01, -2.148167559740477e+01,  1.518863112015985e+01
s1034       , -1.655942363042545e+01, -1.716935654044812e+01,  8.888457559504568e+00
s1035       , -1.920990065585595e+01, -1.939151007520870e+01,  1.213495967646424e+01
s1036       , -1.624542641970273e+01, -1.613239017232011e+01,  7.373479653305900e+00
s1037       , -1.865413258865576e+01, -1.921110200163148e+01,  1.187138869290114e+01
s1038       , -2.303917859954092e+01, -2.301249781395200e+01,  1.742511815355690e+01
s1039       , -2.268866240524940e+01, -2.330598955038637e+01,  1.785390110160239e+01
s1040       , -2.002650999928207e+01, -2.032955695041385e+01,  1.350541906125603e+01
s1041       , -2.439240447433291e+01, -2.434326464782065e+01,  1.936933005239844e+01
