# c0 + a0 * ((O * WE) - (face-area-avg - E_T))
# Property Label: $ln_{D}$; Unit of the Property: Unitless
# RMSE: 0.403250743674662; Max AE: 2.02103754332069
# Coefficients
# Task   a0                      c0
# all , -6.562881103146995e-01, -1.139387625831728e+01, 
# Feature Rung, Units, and Expressions
# 0;  2; Unitless;                                         12|8|mult|33|0|sub|sub; ((O * WE) - (face-area-avg - E_T)); $\left(\left(O WE\right) - \left(face-area-avg - E_{T}\right)\right)$; ((O .* WE) - (face_sub_area_sub_avg - E_T)); ((newdata$O * newdata$WE) - (newdata$face_sub_area_sub_avg - newdata$E_T)); O,WE,face-area-avg,E_T
# Number of Samples Per Task
# Task, n_samples               
# all , 1041                  

# Sample ID , Property Value        ,  Property Value (EST) ,  Feature 0 Value      
s1          , -2.244947812336508e+01, -2.223953802081343e+01,  1.652576298737988e+01
s2          , -2.298888400764099e+01, -2.305159170760041e+01,  1.776310627308651e+01
s3          , -1.755271246623431e+01, -1.779801497493643e+01,  9.758120886188646e+00
s4          , -1.917258847351942e+01, -1.900045657146872e+01,  1.159030644255308e+01
s5          , -2.000094091703784e+01, -2.052553226741692e+01,  1.391409636344149e+01
s6          , -2.179532463031582e+01, -2.167504711786906e+01,  1.566563632338520e+01
s7          , -2.156980503382011e+01, -2.119453668513910e+01,  1.493347246855083e+01
s8          , -2.070680399014268e+01, -2.085254112818127e+01,  1.441236664386382e+01
s9          , -2.311678210871720e+01, -2.288607506835689e+01,  1.751090508790254e+01
s10         , -1.955558688693647e+01, -1.937356339743376e+01,  1.215881716231323e+01
s11         , -1.929232032084748e+01, -1.940910205225823e+01,  1.221296815829490e+01
s12         , -1.972420304545977e+01, -1.865166396654762e+01,  1.105884381289511e+01
s13         , -1.649771434553038e+01, -1.712064204163004e+01,  8.725993497835416e+00
s14         , -1.814284237715737e+01, -1.831661438130806e+01,  1.054832171143743e+01
s15         , -2.140988745272463e+01, -2.126082953918000e+01,  1.503448428485377e+01
s16         , -2.271802967642396e+01, -2.252355664901795e+01,  1.695852814606657e+01
s17         , -1.845283706311921e+01, -1.856660709060354e+01,  1.092924086168015e+01
s18         , -2.106370881996578e+01, -2.127770430948536e+01,  1.506019672736208e+01
s19         , -2.166440903696862e+01, -2.221057978068223e+01,  1.648163870769834e+01
s20         , -1.957524373940041e+01, -1.928473270385971e+01,  1.202346396578578e+01
s21         , -2.230012329283520e+01, -2.229720361698688e+01,  1.661362926937882e+01
s22         , -1.709175230426198e+01, -1.663337240605176e+01,  7.983530503427941e+00
s23         , -2.271630669020732e+01, -2.317461134653098e+01,  1.795055388488552e+01
s24         , -1.997593461761007e+01, -2.033180664636608e+01,  1.361891255924617e+01
s25         , -2.228124530569044e+01, -2.252532309790205e+01,  1.696121972139201e+01
s26         , -1.806502239865187e+01, -1.767732742575295e+01,  9.574226728597395e+00
s27         , -2.017409009594002e+01, -2.021683106341382e+01,  1.344372184476389e+01
s28         , -1.658938425028538e+01, -1.718369395641406e+01,  8.822067026813091e+00
s29         , -2.262132344831001e+01, -2.314151086739070e+01,  1.790011798848568e+01
s30         , -1.697997334312175e+01, -1.751831454558708e+01,  9.331935457939423e+00
s31         , -1.964904728113367e+01, -1.919282978825293e+01,  1.188342955991682e+01
s32         , -2.151059652715050e+01, -2.140024847563442e+01,  1.524691985128140e+01
s33         , -2.289264810431292e+01, -2.352341276667591e+01,  1.848202994648546e+01
s34         , -2.302504917991390e+01, -2.215060692997585e+01,  1.639025681342996e+01
s35         , -2.244061385591441e+01, -2.240502553219186e+01,  1.677791978982307e+01
s36         , -2.239655424600443e+01, -2.188214539795518e+01,  1.598119632947278e+01
s37         , -2.226102540809307e+01, -2.218030318149187e+01,  1.643550561658407e+01
s38         , -2.102436377352775e+01, -2.077613819649602e+01,  1.429594988956880e+01
s39         , -2.141661104833067e+01, -2.028794123723625e+01,  1.355207391255975e+01
s40         , -1.990275935468409e+01, -1.920360442065731e+01,  1.189984709397699e+01
s41         , -1.952311408648237e+01, -1.885877528077035e+01,  1.137442367937086e+01
s42         , -1.862175379272403e+01, -1.927922601082328e+01,  1.201507330176204e+01
s43         , -2.257821044890805e+01, -2.204830123621596e+01,  1.623437147564616e+01
s44         , -1.984867902879579e+01, -1.958758428674174e+01,  1.248492529370290e+01
s45         , -1.928264199244582e+01, -1.950897614917121e+01,  1.236514842080962e+01
s46         , -2.007096062658339e+01, -2.025330237117010e+01,  1.349929394363796e+01
s47         , -1.842882744186564e+01, -1.892895567674550e+01,  1.148135902510109e+01
s48         , -1.712958329507449e+01, -1.676430684102323e+01,  8.183038056457788e+00
s49         , -2.142142340445580e+01, -2.202500142523716e+01,  1.619886906350035e+01
s50         , -2.022197746600499e+01, -2.021389002409031e+01,  1.343924052127610e+01
s51         , -2.208446385448407e+01, -2.252846958137169e+01,  1.696601408444717e+01
s52         , -2.030062191637932e+01, -2.032270335476614e+01,  1.360504168232967e+01
s53         , -1.881589086732163e+01, -1.867005605115464e+01,  1.108686821912457e+01
s54         , -2.389190768082197e+01, -2.441698503688787e+01,  1.984358481266074e+01
s55         , -1.989931101552115e+01, -1.971199511434085e+01,  1.267449268894254e+01
s56         , -2.293632659980805e+01, -2.308434510974893e+01,  1.781301332097257e+01
s57         , -2.165250835772914e+01, -2.189838702368936e+01,  1.600594403627855e+01
s58         , -2.493828100106786e+01, -2.486276478844502e+01,  2.052282879796378e+01
s59         , -2.019609135900962e+01, -1.984632579252398e+01,  1.287917516920066e+01
s60         , -1.686951544328429e+01, -1.731225518790040e+01,  9.017958479767637e+00
s61         , -1.698686520707895e+01, -1.782680292133358e+01,  9.801985685725171e+00
s62         , -1.961666852236879e+01, -1.978280982756581e+01,  1.278239455721043e+01
s63         , -2.363642228074260e+01, -2.323040398707901e+01,  1.803556630499667e+01
s64         , -2.123215125329894e+01, -2.136657762644402e+01,  1.519561487003732e+01
s65         , -2.229595939650926e+01, -2.205294182859458e+01,  1.624144244387747e+01
s66         , -2.209517036440609e+01, -2.182222829576111e+01,  1.588989938038538e+01
s67         , -2.100952424313996e+01, -2.093355873485098e+01,  1.453581487551144e+01
s68         , -2.306714632630091e+01, -2.295574202246605e+01,  1.761705809146032e+01
s69         , -2.116954741071400e+01, -2.157367255614262e+01,  1.551116977106896e+01
s70         , -2.268552320802911e+01, -2.176923805404762e+01,  1.580915703433239e+01
s71         , -1.844586653395837e+01, -1.926043334778755e+01,  1.198643852575380e+01
s72         , -2.185924535832699e+01, -2.173012392469658e+01,  1.574955801259743e+01
s73         , -1.814705961150877e+01, -1.863631436223071e+01,  1.103545529788828e+01
s74         , -2.269683109870329e+01, -2.348769672676512e+01,  1.842760866511613e+01
s75         , -2.162544692540680e+01, -2.104771281083417e+01,  1.470975384254294e+01
s76         , -1.799713371423827e+01, -1.869559656908402e+01,  1.112578484358868e+01
s77         , -1.808839931225978e+01, -1.789547551612907e+01,  9.906623563078401e+00
s78         , -1.710463489071706e+01, -1.748489698993451e+01,  9.281016425387476e+00
s79         , -2.130172009097587e+01, -2.147090028003768e+01,  1.535457349195054e+01
s80         , -2.075517304342145e+01, -2.079173233586729e+01,  1.431971100778225e+01
s81         , -1.679587307458704e+01, -1.754459576765333e+01,  9.371980708879056e+00
s82         , -1.961963418382102e+01, -1.936499106514629e+01,  1.214575531927091e+01
s83         , -1.732943596118787e+01, -1.764793549531562e+01,  9.529441625872874e+00
s84         , -2.091958911511147e+01, -2.148028658818518e+01,  1.536887560713438e+01
s85         , -1.931803893900067e+01, -1.920410513376036e+01,  1.190061004106561e+01
s86         , -2.124992178205270e+01, -2.025279572443456e+01,  1.349852195534871e+01
s87         , -2.000999990609716e+01, -1.973333419042084e+01,  1.270700748807513e+01
s88         , -1.933594922663024e+01, -1.951970683066976e+01,  1.238149898594999e+01
s89         , -2.128477820873118e+01, -2.140977686198725e+01,  1.526143845401558e+01
s90         , -2.009844325702736e+01, -2.041565122541320e+01,  1.374666830817619e+01
s91         , -2.185233402642529e+01, -2.228027981116862e+01,  1.658784211042793e+01
s92         , -1.852873985612102e+01, -1.809997046913650e+01,  1.021821682493008e+01
s93         , -2.244477787769646e+01, -2.193834642241061e+01,  1.606683101273481e+01
s94         , -2.069748145715988e+01, -2.069855490138771e+01,  1.417773459069479e+01
s95         , -1.839144268754908e+01, -1.799547078189153e+01,  1.005898845311809e+01
s96         , -2.061908691885885e+01, -2.046636074827696e+01,  1.382393547493843e+01
s97         , -2.336181657728519e+01, -2.364035489559001e+01,  1.866021712841997e+01
s98         , -1.913590175727989e+01, -1.858337995765455e+01,  1.095479803205609e+01
s99         , -1.764848235022367e+01, -1.760620636718538e+01,  9.465858075486391e+00
s100        , -2.003395952271198e+01, -1.929964826660774e+01,  1.204619112252321e+01
s101        , -2.047737186068138e+01, -2.053259463759386e+01,  1.392485744545096e+01
s102        , -1.813404261594337e+01, -1.786129749417676e+01,  9.854545792027629e+00
s103        , -2.094885731266024e+01, -2.057091526355647e+01,  1.398324738938006e+01
s104        , -1.695125455205811e+01, -1.664213965066627e+01,  7.996889338483333e+00
s105        , -2.089913046364001e+01, -2.150695177380907e+01,  1.540950591142422e+01
s106        , -2.193421435204462e+01, -2.217580733230225e+01,  1.642865519659481e+01
s107        , -1.938858975045087e+01, -1.935474105629755e+01,  1.213013716515895e+01
s108        , -2.184761912256448e+01, -2.197478215682855e+01,  1.612234890776488e+01
s109        , -1.765266017099491e+01, -1.858423353566049e+01,  1.095609864682043e+01
s110        , -2.222643790681205e+01, -2.173219266485448e+01,  1.575271019549605e+01
s111        , -2.198367498730207e+01, -2.176739855108116e+01,  1.580635414496484e+01
s112        , -2.341727175416096e+01, -2.281133421085870e+01,  1.739702087101134e+01
s113        , -2.064750776227555e+01, -2.008886969750359e+01,  1.324874441960702e+01
s114        , -2.335281852671257e+01, -2.335496812288298e+01,  1.822536729917320e+01
s115        , -2.467653405274963e+01, -2.477180449424135e+01,  2.038423068415664e+01
s116        , -2.119630992652875e+01, -2.082812866459562e+01,  1.437516885953410e+01
s117        , -1.681518237222159e+01, -1.728329580973955e+01,  8.973832466046373e+00
s118        , -1.725426000439147e+01, -1.750410629921574e+01,  9.310286054044951e+00
s119        , -2.026224064054247e+01, -2.055996855403318e+01,  1.396656765779382e+01
s120        , -2.061376236446881e+01, -2.019757181087911e+01,  1.341437611652043e+01
s121        , -2.090204853596659e+01, -2.121885357244038e+01,  1.497052462128545e+01
s122        , -1.679179791839329e+01, -1.755368294440732e+01,  9.385827031265780e+00
s123        , -1.729435756680531e+01, -1.737746416520577e+01,  9.117318770287147e+00
s124        , -1.927065840811719e+01, -1.966991071630881e+01,  1.261036780633289e+01
s125        , -2.074667074869674e+01, -2.053142108480908e+01,  1.392306927838479e+01
s126        , -1.981090987888966e+01, -1.932976056895824e+01,  1.209207387108627e+01
s127        , -1.791042209268825e+01, -1.746569474610152e+01,  9.251757562502119e+00
s128        , -2.199486439730610e+01, -2.207507804870970e+01,  1.627517186814589e+01
s129        , -1.847106084369403e+01, -1.818201870118003e+01,  1.034323544214101e+01
s130        , -2.183307419908922e+01, -2.086523845337849e+01,  1.443171382538008e+01
s131        , -1.937195493711046e+01, -1.947525534863806e+01,  1.231376732765378e+01
s132        , -1.756898825137140e+01, -1.794201116739634e+01,  9.977530913883445e+00
s133        , -1.952720456066259e+01, -1.940624672559515e+01,  1.220861743699095e+01
s134        , -1.792604080418195e+01, -1.833258746419012e+01,  1.057266023385008e+01
s135        , -2.163690184151209e+01, -2.188938606237134e+01,  1.599222908216533e+01
s136        , -2.266590946104735e+01, -2.232887351751047e+01,  1.666188536304536e+01
s137        , -1.871948299194560e+01, -1.837585263536990e+01,  1.063858428534483e+01
s138        , -2.098569970792443e+01, -2.097351139861598e+01,  1.459669158977318e+01
s139        , -1.946420871832499e+01, -1.960550986205474e+01,  1.251223886990710e+01
s140        , -1.890485827097119e+01, -1.952728806359552e+01,  1.239305067004513e+01
s141        , -2.048387804329865e+01, -2.132337079264660e+01,  1.512977970843931e+01
s142        , -1.712146112463541e+01, -1.722261476166571e+01,  8.881371476550854e+00
s143        , -2.146398341435241e+01, -2.192275561491516e+01,  1.604307497137063e+01
s144        , -2.296743054539722e+01, -2.202325373189287e+01,  1.619620606638547e+01
s145        , -2.169591974109321e+01, -2.166054381395366e+01,  1.564353733410371e+01
s146        , -2.268369172314783e+01, -2.272457523898685e+01,  1.726482440042429e+01
s147        , -2.121406114253308e+01, -2.163404209558917e+01,  1.560315610831589e+01
s148        , -2.139826235530006e+01, -2.101939655395663e+01,  1.466660776625038e+01
s149        , -1.818204101397333e+01, -1.832711304914680e+01,  1.056431875248347e+01
s150        , -2.236615053154114e+01, -2.204491595003241e+01,  1.622921324387213e+01
s151        , -2.007280490017163e+01, -1.971137227065337e+01,  1.267354364891318e+01
s152        , -2.043501428229088e+01, -2.030634787645718e+01,  1.358012049596061e+01
s153        , -2.294208833005412e+01, -2.279073930853723e+01,  1.736563998508978e+01
s154        , -1.941555486932839e+01, -1.971418663488752e+01,  1.267783195490246e+01
s155        , -2.030625886040805e+01, -2.071542280272713e+01,  1.420343656681520e+01
s156        , -1.755225478861601e+01, -1.751628191660617e+01,  9.328838298400852e+00
s157        , -1.981494689568535e+01, -1.914851770524712e+01,  1.181591030684890e+01
s158        , -2.120666701656112e+01, -2.112839864484543e+01,  1.483269654521139e+01
s159        , -2.199339551508707e+01, -2.180357877419274e+01,  1.586148271204221e+01
s160        , -1.822712376873660e+01, -1.811970053730385e+01,  1.024827994485751e+01
s161        , -1.850131544535105e+01, -1.936261795528031e+01,  1.214213936184507e+01
s162        , -2.165239460618542e+01, -2.135961700935643e+01,  1.518500883135067e+01
s163        , -2.054863013411503e+01, -2.033382547806410e+01,  1.362198869557455e+01
s164        , -2.244259094688993e+01, -2.286185066306580e+01,  1.747399385195241e+01
s165        , -2.169401378729562e+01, -2.143191256073854e+01,  1.529516708387096e+01
s166        , -1.893544650248816e+01, -1.893965915012727e+01,  1.149766813266155e+01
s167        , -1.990371422830687e+01, -2.017633247431217e+01,  1.338201329258209e+01
s168        , -2.358382467591309e+01, -2.402192604212915e+01,  1.924162511150254e+01
s169        , -2.234616115486217e+01, -2.291952620289054e+01,  1.756187528530198e+01
s170        , -1.980105726485419e+01, -1.997670931622947e+01,  1.307784328714504e+01
s171        , -2.225344967355102e+01, -2.223139135016854e+01,  1.651334973393701e+01
s172        , -2.076076397080535e+01, -2.062645857464688e+01,  1.406787990095149e+01
s173        , -2.167162181633835e+01, -2.141641601310265e+01,  1.527155466823773e+01
s174        , -2.217746151284670e+01, -2.230015758395428e+01,  1.661813029098955e+01
s175        , -1.912249737452136e+01, -1.950242250060599e+01,  1.235516248862187e+01
s176        , -2.262880123350610e+01, -2.254194543109861e+01,  1.698654752016714e+01
s177        , -1.998504477748202e+01, -2.050620487752627e+01,  1.388464681287538e+01
s178        , -1.778030448780716e+01, -1.862253550967029e+01,  1.101446017037665e+01
s179        , -2.322340610724453e+01, -2.317390582886190e+01,  1.794947887277119e+01
s180        , -1.682543251402466e+01, -1.685737808050051e+01,  8.324852661986217e+00
s181        , -1.586682207916231e+01, -1.627005781981959e+01,  7.429940425347811e+00
s182        , -2.348293513803748e+01, -2.313311955892249e+01,  1.788733197524497e+01
s183        , -2.155098810628208e+01, -2.124844746610977e+01,  1.501561745963534e+01
s184        , -2.324937775466465e+01, -2.307542332409336e+01,  1.779941900848182e+01
s185        , -2.378592453308165e+01, -2.373846712007911e+01,  1.880971278885796e+01
s186        , -2.071202883303041e+01, -2.110283752686187e+01,  1.479374853201135e+01
s187        , -2.027503475690737e+01, -2.011611854207795e+01,  1.329026405731811e+01
s188        , -2.214013663755619e+01, -2.216857513836621e+01,  1.641763535055101e+01
s189        , -2.074030596943589e+01, -2.079939593973160e+01,  1.433138820220931e+01
s190        , -1.914542963593283e+01, -1.908016598009502e+01,  1.171176134532144e+01
s191        , -1.679323473828856e+01, -1.681146753227291e+01,  8.254897793832995e+00
s192        , -1.690928184419942e+01, -1.725619712386878e+01,  8.932541628310837e+00
s193        , -2.273712334380998e+01, -2.278247957101724e+01,  1.735305444927071e+01
s194        , -2.090019731082972e+01, -2.138151451353897e+01,  1.521837451913075e+01
s195        , -1.910778599576077e+01, -1.911776010638089e+01,  1.176904430640973e+01
s196        , -1.918378235513936e+01, -1.911073284183293e+01,  1.175833671558564e+01
s197        , -2.010118773573690e+01, -2.045675535934921e+01,  1.380929954176093e+01
s198        , -2.040069724820686e+01, -2.053806072221888e+01,  1.393318623358397e+01
s199        , -2.033728659050214e+01, -1.989498348552797e+01,  1.295331591964129e+01
s200        , -1.788348829912646e+01, -1.794581064527144e+01,  9.983320258251231e+00
s201        , -1.891783601993355e+01, -1.953248516687683e+01,  1.240096960564618e+01
s202        , -2.174492495952721e+01, -2.198765974533561e+01,  1.614197076027854e+01
s203        , -2.185008698942601e+01, -2.158078314098774e+01,  1.552200431878264e+01
s204        , -2.086349108831322e+01, -2.097191517030420e+01,  1.459425938311470e+01
s205        , -2.088054945703831e+01, -2.145917735249655e+01,  1.533671102064126e+01
s206        , -2.114956534802060e+01, -2.145033813030712e+01,  1.532324251184077e+01
s207        , -1.936064601068155e+01, -1.944988447073175e+01,  1.227510918726152e+01
s208        , -2.173553987268506e+01, -2.139869460320100e+01,  1.524455218316582e+01
s209        , -1.958079034508013e+01, -1.965482616948834e+01,  1.258738316500937e+01
s210        , -2.077095411669474e+01, -2.136163087295654e+01,  1.518807739768375e+01
s211        , -2.106003856984427e+01, -2.075714082549211e+01,  1.426700319572301e+01
s212        , -1.921431398034701e+01, -1.880257509292678e+01,  1.128879027087194e+01
s213        , -1.891211086691480e+01, -1.848616400662515e+01,  1.080666804234351e+01
s214        , -1.797391097043976e+01, -1.770610722070479e+01,  9.618079107605213e+00
s215        , -2.046416066581664e+01, -2.052226385923633e+01,  1.390911622113932e+01
s216        , -2.054695205981560e+01, -2.000953716809474e+01,  1.312786377563069e+01
s217        , -2.064527960557822e+01, -2.026663830635738e+01,  1.351961418863048e+01
s218        , -2.267569057486860e+01, -2.270429793476223e+01,  1.723392744540419e+01
s219        , -1.969996813819463e+01, -2.035438685102471e+01,  1.365331849210362e+01
s220        , -2.056541179285701e+01, -2.151335753611709e+01,  1.541926650621078e+01
s221        , -2.147236245537334e+01, -2.136680765191021e+01,  1.519596536467920e+01
s222        , -1.817717386569833e+01, -1.817923252426824e+01,  1.033899008576781e+01
s223        , -2.049263974761081e+01, -2.040707715114142e+01,  1.373360381083573e+01
s224        , -2.147370851727396e+01, -2.156700819860201e+01,  1.550101514928645e+01
s225        , -2.297636192643720e+01, -2.267267099171888e+01,  1.718573680695398e+01
s226        , -2.349615644619751e+01, -2.288233777436960e+01,  1.750521049443277e+01
s227        , -1.994214785348108e+01, -2.040623780462283e+01,  1.373232488088805e+01
s228        , -1.935600154849446e+01, -1.966423444129973e+01,  1.260171874668993e+01
s229        , -1.931982821700711e+01, -1.963593616108366e+01,  1.255860006181462e+01
s230        , -1.663964761443124e+01, -1.716848030048792e+01,  8.798885659229210e+00
s231        , -1.912412961575534e+01, -1.919660610400733e+01,  1.188918361167404e+01
s232        , -2.205202611453251e+01, -2.214514020778324e+01,  1.638192705382180e+01
s233        , -2.108987100746543e+01, -2.100491999653065e+01,  1.464454953115750e+01
s234        , -2.119865480781422e+01, -2.110766306928446e+01,  1.480110131251545e+01
s235        , -1.634470488909293e+01, -1.591823057694205e+01,  6.893853853996038e+00
s236        , -2.035495556536669e+01, -2.089911082450262e+01,  1.448332586983398e+01
s237        , -2.057488800817375e+01, -2.046129045497306e+01,  1.381620976236767e+01
s238        , -2.181497599002021e+01, -2.134042224181046e+01,  1.515576136024111e+01
s239        , -1.938605784207409e+01, -1.889932439064656e+01,  1.143620921111967e+01
s240        , -1.879589433372550e+01, -1.846496037245954e+01,  1.077435961890514e+01
s241        , -1.732119998261703e+01, -1.694037139585029e+01,  8.451311322512590e+00
s242        , -2.017650413285683e+01, -2.022882394996233e+01,  1.346199565829186e+01
s243        , -1.996072124442394e+01, -2.002133021641716e+01,  1.314583309144957e+01
s244        , -2.121993688931675e+01, -2.115152944185875e+01,  1.486794142722247e+01
s245        , -2.152256201120388e+01, -2.161506690255894e+01,  1.557424320751516e+01
s246        , -1.806013829922115e+01, -1.798066412649715e+01,  1.003642724080650e+01
s247        , -1.662499542985015e+01, -1.692112402232701e+01,  8.421983694568752e+00
s248        , -2.087245838906029e+01, -2.081071633374925e+01,  1.434863732472079e+01
s249        , -2.031192930505803e+01, -1.972790196775367e+01,  1.269873029611966e+01
s250        , -1.829082894515480e+01, -1.818094900098242e+01,  1.034160551744667e+01
s251        , -2.316191337748571e+01, -2.327147423843062e+01,  1.809814591097479e+01
s252        , -1.836403387539604e+01, -1.844530370142106e+01,  1.074440833572701e+01
s253        , -1.948978591890307e+01, -1.997077821173851e+01,  1.306880593845969e+01
s254        , -1.974328758235917e+01, -2.021201498614438e+01,  1.343638348651278e+01
s255        , -2.045692599174058e+01, -2.019296086961496e+01,  1.340735032831602e+01
s256        , -1.776850461240055e+01, -1.754284548835880e+01,  9.369313771497412e+00
s257        , -2.163660994039700e+01, -2.152776166496852e+01,  1.544121438036094e+01
s258        , -1.860059101905129e+01, -1.880001648144838e+01,  1.128489166073686e+01
s259        , -2.094542362420654e+01, -2.094827398964922e+01,  1.455823681881190e+01
s260        , -1.742875942837962e+01, -1.715036710175563e+01,  8.771286197273987e+00
s261        , -2.065616574581777e+01, -2.036738666635313e+01,  1.367312658419628e+01
s262        , -2.014040040752147e+01, -1.928875912038951e+01,  1.202959910135584e+01
s263        , -1.686996628366655e+01, -1.669077587045058e+01,  8.070997369727390e+00
s264        , -2.074271161967796e+01, -2.026302604732367e+01,  1.351411011354984e+01
s265        , -2.059536695716665e+01, -2.061968607696710e+01,  1.405756050376399e+01
s266        , -2.198651133619990e+01, -2.187656587770491e+01,  1.597269469709125e+01
s267        , -1.899333543245141e+01, -1.894259188774405e+01,  1.150213680666415e+01
s268        , -1.857298059991068e+01, -1.811131295438713e+01,  1.023549960831799e+01
s269        , -2.106917022960664e+01, -2.097393985965372e+01,  1.459734444486990e+01
s270        , -1.920756052964929e+01, -1.968663482116674e+01,  1.263585067672942e+01
s271        , -1.965184309682283e+01, -1.991838923741901e+01,  1.298897975618376e+01
s272        , -2.112049940018463e+01, -2.065270954051126e+01,  1.410787904987985e+01
s273        , -1.945398506004425e+01, -1.931534023565492e+01,  1.207010130587188e+01
s274        , -2.135203005648119e+01, -2.176452311266154e+01,  1.580197277895434e+01
s275        , -2.088724638081418e+01, -2.075281808248164e+01,  1.426041654126055e+01
s276        , -1.839432489855567e+01, -1.876711047635425e+01,  1.123475208853229e+01
s277        , -2.199306195501885e+01, -1.997202441169815e+01,  1.307070479955447e+01
s278        , -2.276883612887764e+01, -2.259605860759094e+01,  1.706900090556579e+01
s279        , -2.262380984036664e+01, -2.307031440596614e+01,  1.779163444245523e+01
s280        , -1.620731240668889e+01, -1.678327215273934e+01,  8.211935900892325e+00
s281        , -2.072632910940930e+01, -1.997439013501892e+01,  1.307430950194597e+01
s282        , -1.840721485531197e+01, -1.890169698249606e+01,  1.143982437923288e+01
s283        , -1.945843055355910e+01, -1.966520891306322e+01,  1.260320356981589e+01
s284        , -2.290375248734285e+01, -2.361469238672009e+01,  1.862111462379343e+01
s285        , -2.162506652538119e+01, -2.130298850426300e+01,  1.509872278684763e+01
s286        , -2.308167299949378e+01, -2.381923588703110e+01,  1.893278185819287e+01
s287        , -1.888746545864790e+01, -1.820990674639497e+01,  1.038572904331500e+01
s288        , -2.031934863671701e+01, -2.044059519109742e+01,  1.378467595343471e+01
s289        , -2.410980627565496e+01, -2.443187486045291e+01,  1.986627275006359e+01
s290        , -2.087284446952964e+01, -2.070496926859902e+01,  1.418750829695351e+01
s291        , -2.204275686911580e+01, -2.071572530290234e+01,  1.420389749269586e+01
s292        , -1.820983264392220e+01, -1.835875777877749e+01,  1.061253649273099e+01
s293        , -1.668568749246811e+01, -1.679655171124055e+01,  8.232170243542297e+00
s294        , -2.280852590517532e+01, -2.340482941293901e+01,  1.830134199576206e+01
s295        , -1.673628435422914e+01, -1.710373993914718e+01,  8.700239408713262e+00
s296        , -2.103716924286631e+01, -2.042094151097056e+01,  1.375472922757153e+01
s297        , -2.124288787488653e+01, -2.074476069993927e+01,  1.424813933797781e+01
s298        , -2.177880180045448e+01, -2.173341763379705e+01,  1.575457670644348e+01
s299        , -1.893486515270964e+01, -1.894871501338074e+01,  1.151146674200880e+01
s300        , -1.774017522269403e+01, -1.725979009546354e+01,  8.938016314715004e+00
s301        , -2.283171483494903e+01, -2.310567385540658e+01,  1.784551237942331e+01
s302        , -1.721456897049112e+01, -1.761025078836986e+01,  9.472020645127559e+00
s303        , -2.130552121943375e+01, -2.077275099694394e+01,  1.429078874235488e+01
s304        , -2.313677054561944e+01, -2.304940730931483e+01,  1.775977785946565e+01
s305        , -1.858159986173835e+01, -1.886753403554109e+01,  1.138776957827270e+01
s306        , -2.163460095493751e+01, -2.160156946684819e+01,  1.555367688077753e+01
s307        , -1.987289536762319e+01, -2.011685846505251e+01,  1.329139149352018e+01
s308        , -2.028550026196297e+01, -1.949782895633674e+01,  1.234816320858457e+01
s309        , -2.129242792516701e+01, -2.150740630530462e+01,  1.541019849062596e+01
s310        , -1.894855963686166e+01, -1.900554287172374e+01,  1.159805654525199e+01
s311        , -2.010039836844276e+01, -2.032146425483506e+01,  1.360315363969778e+01
s312        , -1.830057188159682e+01, -1.872728372242687e+01,  1.117406722573889e+01
s313        , -1.990312271450173e+01, -1.919805581987052e+01,  1.189139257423242e+01
s314        , -1.980645538479249e+01, -1.960895596702851e+01,  1.251748977255125e+01
s315        , -1.914671781515828e+01, -1.983383034478462e+01,  1.286013559261383e+01
s316        , -2.257620253811652e+01, -2.243391606128624e+01,  1.682194089677337e+01
s317        , -1.647333233405121e+01, -1.631190391443469e+01,  7.493702200027903e+00
s318        , -2.027102701488289e+01, -1.967896335581657e+01,  1.262416150359097e+01
s319        , -1.996146248057647e+01, -1.983432505784381e+01,  1.286088939730938e+01
s320        , -2.548773082504399e+01, -2.512101864663020e+01,  2.091633563455928e+01
s321        , -1.727661852750149e+01, -1.776190412180029e+01,  9.703098019602178e+00
s322        , -2.011073789818953e+01, -2.062696214558802e+01,  1.406864720258812e+01
s323        , -2.178223238748198e+01, -2.145174580122528e+01,  1.532538740963189e+01
s324        , -1.879130547869734e+01, -1.890494777304255e+01,  1.144477767717537e+01
s325        , -2.032679436678044e+01, -1.995430582862722e+01,  1.304370662178399e+01
s326        , -2.071891083121713e+01, -2.071518528931366e+01,  1.420307466263053e+01
s327        , -1.834375983430116e+01, -1.912750679675821e+01,  1.178389554357848e+01
s328        , -2.099505369246730e+01, -2.119155250508244e+01,  1.492892541062041e+01
s329        , -2.140321290954873e+01, -2.104428093428394e+01,  1.470452462004707e+01
s330        , -2.114112529442132e+01, -2.181778068037440e+01,  1.588312245525629e+01
s331        , -1.934637322166436e+01, -1.995473922126160e+01,  1.304436699125825e+01
s332        , -1.962462779654497e+01, -2.035232842617130e+01,  1.365018202685146e+01
s333        , -2.293624249800790e+01, -2.317417201483853e+01,  1.794988446594352e+01
s334        , -1.807355423930957e+01, -1.806625654685965e+01,  1.016684621231805e+01
s335        , -1.850164643907080e+01, -1.856793586164270e+01,  1.093126553806583e+01
s336        , -2.151296308555482e+01, -2.133344541685414e+01,  1.514513062528392e+01
s337        , -1.775953587894473e+01, -1.674430980641897e+01,  8.152568154154251e+00
s338        , -2.118082550420247e+01, -2.134331424553578e+01,  1.516016796715639e+01
s339        , -1.761381998690202e+01, -1.857397419344939e+01,  1.094046627126790e+01
s340        , -1.906967392812366e+01, -1.897781197333470e+01,  1.155580239200253e+01
s341        , -2.371082699534004e+01, -2.389217072157856e+01,  1.904391419992078e+01
s342        , -1.901967676945428e+01, -1.931092438091684e+01,  1.206337277511127e+01
s343        , -1.943128604912865e+01, -1.859415091986623e+01,  1.097120997376643e+01
s344        , -2.171448714042025e+01, -2.226814393222547e+01,  1.656935041638013e+01
s345        , -1.896311499883081e+01, -1.869200463517277e+01,  1.112031173832471e+01
s346        , -2.211462969107367e+01, -2.195794203416825e+01,  1.609668925860222e+01
s347        , -1.640817037109120e+01, -1.682846256522415e+01,  8.280793483064793e+00
s348        , -2.058778590237884e+01, -2.060185464187153e+01,  1.403039037098949e+01
s349        , -1.918353701640313e+01, -1.901094749116765e+01,  1.160629167759549e+01
s350        , -2.047073332015930e+01, -2.093115323586474e+01,  1.453214956610170e+01
s351        , -2.167714580870165e+01, -2.205979205058440e+01,  1.625188027123127e+01
s352        , -2.086238589025425e+01, -2.065176517299298e+01,  1.410644009722562e+01
s353        , -1.920058764071421e+01, -1.959151061502883e+01,  1.249090792271198e+01
s354        , -2.053223705409261e+01, -2.070177594025188e+01,  1.418264255537302e+01
s355        , -1.704257081119439e+01, -1.778647815661149e+01,  9.740541993407236e+00
s356        , -2.127143545968418e+01, -2.122803467764053e+01,  1.498451406442155e+01
s357        , -1.906625211198675e+01, -1.937707691482929e+01,  1.216417078268255e+01
s358        , -2.032987192881253e+01, -1.995581760914214e+01,  1.304601015355785e+01
s359        , -2.136102912880764e+01, -2.143038937028231e+01,  1.529284616652949e+01
s360        , -1.881386071055488e+01, -1.841371446377229e+01,  1.069627514977972e+01
s361        , -2.182643688719446e+01, -2.143913666540121e+01,  1.530617460411874e+01
s362        , -2.091897008712596e+01, -2.105633140140783e+01,  1.472288617030905e+01
s363        , -1.798497754334610e+01, -1.861092052852712e+01,  1.099676217926478e+01
s364        , -1.789393844733154e+01, -1.758774979743702e+01,  9.437735411890507e+00
s365        , -2.184332997178521e+01, -2.132083756142240e+01,  1.512591977073149e+01
s366        , -2.293131491804218e+01, -2.280358317939536e+01,  1.738521046131244e+01
s367        , -2.320311495695380e+01, -2.271228606343156e+01,  1.724609912510368e+01
s368        , -1.944159222026194e+01, -1.981137493949893e+01,  1.282591981918634e+01
s369        , -2.221834550731525e+01, -2.263775352104381e+01,  1.713253232232858e+01
s370        , -1.739352775780219e+01, -1.817690812959667e+01,  1.033544835670850e+01
s371        , -2.131349702655302e+01, -2.069767761261124e+01,  1.417639784733058e+01
s372        , -2.230067528571091e+01, -2.195649861618860e+01,  1.609448989226149e+01
s373        , -1.609460498694387e+01, -1.626729733256107e+01,  7.425734212839719e+00
s374        , -1.846307154319872e+01, -1.887362911560648e+01,  1.139705677999036e+01
s375        , -2.092466765927065e+01, -2.093643223865361e+01,  1.454019329370532e+01
s376        , -2.335896110191541e+01, -2.402324115854355e+01,  1.924362898204923e+01
s377        , -2.209438728501526e+01, -2.255085280616429e+01,  1.700011987493890e+01
s378        , -2.111108779470583e+01, -2.138950966292180e+01,  1.523055689643908e+01
s379        , -1.875225846070942e+01, -1.823288262344711e+01,  1.042073787052219e+01
s380        , -1.834869608623442e+01, -1.828560860782128e+01,  1.050107756210808e+01
s381        , -2.068155326614140e+01, -2.020893573096743e+01,  1.343169156062145e+01
s382        , -1.804666933121612e+01, -1.809535819758154e+01,  1.021118900973356e+01
s383        , -2.062194236740874e+01, -2.116546703238960e+01,  1.488917842711901e+01
s384        , -1.800916137079852e+01, -1.833862422536205e+01,  1.058185857384293e+01
s385        , -2.216424509641620e+01, -2.207895768199830e+01,  1.628108334700347e+01
s386        , -2.182057698940036e+01, -2.183076272841774e+01,  1.590290347496289e+01
s387        , -1.799817167842237e+01, -1.760933222477146e+01,  9.470621010448880e+00
s388        , -2.351217009702901e+01, -2.400042903398938e+01,  1.920886966796806e+01
s389        , -2.149803565649794e+01, -2.192582225329429e+01,  1.604774767278169e+01
s390        , -2.025125341850577e+01, -2.000180272502388e+01,  1.311607864201437e+01
s391        , -1.925641978436478e+01, -1.909124494901882e+01,  1.172864260333856e+01
s392        , -1.954014294555121e+01, -2.036539332413852e+01,  1.367008928672999e+01
s393        , -2.007195889273447e+01, -2.008505963200333e+01,  1.324293894265204e+01
s394        , -1.933645012315517e+01, -1.893480427076990e+01,  1.149027065085279e+01
s395        , -2.191328817199827e+01, -2.097936434243840e+01,  1.460560984340360e+01
s396        , -1.985518647713905e+01, -1.938449158661040e+01,  1.217546867405766e+01
s397        , -1.859895904181181e+01, -1.876417031541167e+01,  1.123027210345199e+01
s398        , -2.089338265909714e+01, -2.105156850790767e+01,  1.471562884928602e+01
s399        , -1.650074457052408e+01, -1.684672277207487e+01,  8.308616944382672e+00
s400        , -1.659170957499870e+01, -1.712999949482035e+01,  8.740251646113959e+00
s401        , -1.654426837808786e+01, -1.702281784801628e+01,  8.576936716101475e+00
s402        , -1.877939202276407e+01, -1.863448899133510e+01,  1.103267394185435e+01
s403        , -2.106694758002669e+01, -2.086699362330155e+01,  1.443438821471530e+01
s404        , -2.165676773412189e+01, -2.168577744741569e+01,  1.568198635224902e+01
s405        , -2.212611753855641e+01, -2.214502494986514e+01,  1.638175143290731e+01
s406        , -1.885653015374473e+01, -1.890051302608887e+01,  1.143802035994839e+01
s407        , -1.790225292709843e+01, -1.756765145803593e+01,  9.407111149336899e+00
s408        , -1.653237145459570e+01, -1.704550728343263e+01,  8.611509086162350e+00
s409        , -1.984138826084547e+01, -1.994247738713172e+01,  1.302568337664272e+01
s410        , -1.632163885458830e+01, -1.717564102008021e+01,  8.809796598311824e+00
s411        , -1.826950002229553e+01, -1.827871322717391e+01,  1.049057092555776e+01
s412        , -2.254085603631221e+01, -2.242370363101460e+01,  1.680638000192990e+01
s413        , -1.907038707751166e+01, -1.935968343866758e+01,  1.213766797714892e+01
s414        , -1.996831080241482e+01, -1.996299813513674e+01,  1.305695127207233e+01
s415        , -2.069762370804266e+01, -2.004602748677573e+01,  1.318346484185066e+01
s416        , -1.735494379178349e+01, -1.797114325744484e+01,  1.002192009234126e+01
s417        , -1.714858900796163e+01, -1.686378325206257e+01,  8.334612356640735e+00
s418        , -2.014294405560549e+01, -2.004650208624647e+01,  1.318418799904836e+01
s419        , -1.771416578387462e+01, -1.789131124187515e+01,  9.900278370793981e+00
s420        , -2.335906844703241e+01, -2.337604278227852e+01,  1.825747920104118e+01
s421        , -2.045819521600993e+01, -2.024785222636762e+01,  1.349098944334789e+01
s422        , -1.913624718404630e+01, -1.900411294431365e+01,  1.159587773477590e+01
s423        , -2.001718266940652e+01, -2.014869230061990e+01,  1.333989737846166e+01
s424        , -2.199980092896302e+01, -2.171529580172706e+01,  1.572696408969000e+01
s425        , -1.799669141475633e+01, -1.833987158600428e+01,  1.058375920349418e+01
s426        , -2.179879403652462e+01, -2.148382814306332e+01,  1.537427194880579e+01
s427        , -1.855895626610580e+01, -1.907919968162559e+01,  1.171028897601556e+01
s428        , -2.201089453299450e+01, -2.228396564814432e+01,  1.659345829776665e+01
s429        , -2.010895188317044e+01, -2.040543225726323e+01,  1.373109745142996e+01
s430        , -2.197039083997888e+01, -2.162348731589177e+01,  1.558707356845038e+01
s431        , -2.053790779896415e+01, -2.028797998931953e+01,  1.355213295992427e+01
s432        , -2.056150222449639e+01, -2.005956102416785e+01,  1.320408617747966e+01
s433        , -1.961788415450921e+01, -1.993110535350668e+01,  1.300835556977511e+01
s434        , -2.169585176655818e+01, -2.155111600107686e+01,  1.547679987359368e+01
s435        , -1.969212203292086e+01, -1.970622970113652e+01,  1.266570780755627e+01
s436        , -1.841763911968392e+01, -1.822743215421452e+01,  1.041243287589113e+01
s437        , -2.085473352476042e+01, -2.031936085620206e+01,  1.359994864695154e+01
s438        , -2.075193174001312e+01, -2.107249259888790e+01,  1.474751132689206e+01
s439        , -1.747889033992054e+01, -1.730817242078476e+01,  9.011737481624490e+00
s440        , -2.292628299240021e+01, -2.304088743448265e+01,  1.774679594695150e+01
s441        , -1.928590410708185e+01, -1.898326993086326e+01,  1.156411879670769e+01
s442        , -2.265396374356312e+01, -2.233991426824057e+01,  1.667870838719676e+01
s443        , -1.939450551490213e+01, -1.889299759238201e+01,  1.142656893550730e+01
s444        , -2.014197468633274e+01, -2.031883945722910e+01,  1.359915418036779e+01
s445        , -2.136890748153691e+01, -2.139321114662398e+01,  1.523619692502411e+01
s446        , -1.984877428373165e+01, -1.985796571082753e+01,  1.289691115758839e+01
s447        , -2.124129540469972e+01, -2.119762001606995e+01,  1.493817060475412e+01
s448        , -1.996883442559681e+01, -2.026015751583033e+01,  1.350973927176822e+01
s449        , -2.213132573342666e+01, -2.226777967839620e+01,  1.656879539515766e+01
s450        , -2.393776981346641e+01, -2.284081715198968e+01,  1.744194464864438e+01
s451        , -1.778758837631850e+01, -1.781322218747714e+01,  9.781292435850606e+00
s452        , -2.093231028730361e+01, -2.083923016429378e+01,  1.439208444816610e+01
s453        , -1.913112365245808e+01, -1.910839361367480e+01,  1.175477238443082e+01
s454        , -1.694745233262931e+01, -1.746638789647854e+01,  9.252813730313367e+00
s455        , -1.959305905778561e+01, -1.936037613842012e+01,  1.213872345833417e+01
s456        , -1.690137029519855e+01, -1.738854234563729e+01,  9.134198826862002e+00
s457        , -1.744399185749123e+01, -1.728620603119088e+01,  8.978266831694000e+00
s458        , -2.020627098912283e+01, -2.032484366741653e+01,  1.360830292174077e+01
s459        , -1.884232545378780e+01, -1.898837346381377e+01,  1.157189515722725e+01
s460        , -2.233016805188693e+01, -2.247066812832265e+01,  1.687794079446889e+01
s461        , -1.623645396367353e+01, -1.630523333420658e+01,  7.483538096605524e+00
s462        , -2.313545884021418e+01, -2.277314873962209e+01,  1.733883686518150e+01
s463        , -2.090493117250811e+01, -2.042164354352037e+01,  1.375579892933631e+01
s464        , -1.633431188033305e+01, -1.674289466962045e+01,  8.150411880444151e+00
s465        , -1.999082968954132e+01, -2.029557569819202e+01,  1.356370670132398e+01
s466        , -1.900684695054017e+01, -1.818208042012785e+01,  1.034332948460020e+01
s467        , -1.783078222536251e+01, -1.787507374738022e+01,  9.875536958844368e+00
s468        , -1.945030486126850e+01, -1.845790308271074e+01,  1.076360627805090e+01
s469        , -2.270314762369042e+01, -2.251718725641931e+01,  1.694882296857130e+01
s470        , -2.119907484802825e+01, -2.126742475243688e+01,  1.504453355003658e+01
s471        , -1.972012875359749e+01, -1.972931115204779e+01,  1.270087749987357e+01
s472        , -1.766462305551830e+01, -1.780108087573166e+01,  9.762792463727612e+00
s473        , -2.127822401317911e+01, -2.149806079957298e+01,  1.539595854694152e+01
s474        , -1.654177405306909e+01, -1.676602124733694e+01,  8.185650333423901e+00
s475        , -2.297159509003216e+01, -2.350238110834486e+01,  1.844998356624406e+01
s476        , -2.252587602064435e+01, -2.235349029482814e+01,  1.669939446450672e+01
s477        , -2.178946083596680e+01, -2.108680212967240e+01,  1.476931505997758e+01
s478        , -1.788602657411998e+01, -1.790098404633758e+01,  9.915017026439878e+00
s479        , -1.952938513246325e+01, -1.900477588181187e+01,  1.159688786658813e+01
s480        , -2.203955610850313e+01, -2.195015620295241e+01,  1.608482582378835e+01
s481        , -1.615402914764109e+01, -1.730795345743062e+01,  9.011403842555463e+00
s482        , -2.215324565636576e+01, -2.197773166336830e+01,  1.612684313292817e+01
s483        , -2.217560840271064e+01, -2.192793088151914e+01,  1.605096063396704e+01
s484        , -2.403070638423247e+01, -2.414202294751296e+01,  1.942461929271089e+01
s485        , -1.896886917982663e+01, -1.905068629233659e+01,  1.166684252492059e+01
s486        , -2.293847835350512e+01, -2.312883365603069e+01,  1.788080145484631e+01
s487        , -1.935879902533930e+01, -1.986248023056299e+01,  1.290379002628113e+01
s488        , -2.071941340396909e+01, -2.032965700287914e+01,  1.361563710224315e+01
s489        , -2.120929532988995e+01, -2.097249049062380e+01,  1.459513601078868e+01
s490        , -2.336106814107168e+01, -2.317631522465635e+01,  1.795315011982957e+01
s491        , -1.878377211600346e+01, -1.860237415540978e+01,  1.098373989075610e+01
s492        , -2.196689093989351e+01, -2.224333245302006e+01,  1.653154464355649e+01
s493        , -2.118321097196467e+01, -2.078130877416617e+01,  1.430382840753809e+01
s494        , -2.014379663919148e+01, -2.011547094795495e+01,  1.328927730452947e+01
s495        , -1.971897958689983e+01, -1.961889951378881e+01,  1.253264096393201e+01
s496        , -2.171934681583978e+01, -2.161848934455912e+01,  1.557945805438864e+01
s497        , -1.930074135275753e+01, -1.916493006995685e+01,  1.184091817222354e+01
s498        , -2.146882601091719e+01, -2.193289186917168e+01,  1.605851979521736e+01
s499        , -1.852368794388046e+01, -1.834857399496769e+01,  1.059701924710405e+01
s500        , -2.050589701281523e+01, -2.080354938230656e+01,  1.433771689003661e+01
s501        , -2.141899489528082e+01, -2.140547877904023e+01,  1.525488937461056e+01
s502        , -1.777920620854658e+01, -1.784647743092342e+01,  9.831964149879276e+00
s503        , -2.264989988763092e+01, -2.280401676934420e+01,  1.738587113143890e+01
s504        , -1.994570445298742e+01, -2.001873993633932e+01,  1.314188622720332e+01
s505        , -2.256898602446125e+01, -2.240192133331319e+01,  1.677318985668870e+01
s506        , -2.050664132584332e+01, -2.015617313037001e+01,  1.335129607612591e+01
s507        , -2.255451727781655e+01, -2.199092135429277e+01,  1.614694054246094e+01
s508        , -2.063695726234980e+01, -2.068366939576349e+01,  1.415505323262923e+01
s509        , -2.049565878814769e+01, -2.048820208684299e+01,  1.385721558198708e+01
s510        , -1.886667658587990e+01, -1.911665441473091e+01,  1.176735954078225e+01
s511        , -2.270091090950000e+01, -2.318290591901234e+01,  1.796319249946804e+01
s512        , -2.052865138648571e+01, -2.071479548075800e+01,  1.420248070313388e+01
s513        , -1.872228566034903e+01, -1.885742654897444e+01,  1.137236858836021e+01
s514        , -2.338235400416073e+01, -2.328226601910682e+01,  1.811458957421748e+01
s515        , -2.063189590001077e+01, -2.072430866833027e+01,  1.421697614716640e+01
s516        , -2.353360034901451e+01, -2.339330986166121e+01,  1.828378941314362e+01
s517        , -2.274108402549141e+01, -2.248004163054522e+01,  1.689222339699552e+01
s518        , -2.095244706423326e+01, -2.122242349754782e+01,  1.497596419127206e+01
s519        , -2.165153402286209e+01, -2.128582321189372e+01,  1.507256766975881e+01
s520        , -1.917430642162448e+01, -2.001402838601196e+01,  1.313470713885278e+01
s521        , -2.048146586988528e+01, -1.932171895733880e+01,  1.207982069829058e+01
s522        , -1.837039701152461e+01, -1.874470211116563e+01,  1.120060799109026e+01
s523        , -2.237538522976599e+01, -2.231243773321947e+01,  1.663684181276206e+01
s524        , -2.219430447580721e+01, -2.187675278597932e+01,  1.597297949316094e+01
s525        , -2.096151325596525e+01, -2.051530740809181e+01,  1.389851653018776e+01
s526        , -2.193172581512368e+01, -2.172031738430979e+01,  1.573461558071017e+01
s527        , -2.063376120076111e+01, -2.063251956610529e+01,  1.407711516114159e+01
s528        , -1.776721144005281e+01, -1.748061076509029e+01,  9.274485414423152e+00
s529        , -2.226349149791107e+01, -2.278931261475297e+01,  1.736346610175738e+01
s530        , -2.300566448791293e+01, -2.295289290493580e+01,  1.761271683114266e+01
s531        , -1.846679125419261e+01, -1.794916577687730e+01,  9.988432542860899e+00
s532        , -1.859817726729017e+01, -1.931107967388978e+01,  1.206360939828102e+01
s533        , -2.134099683522431e+01, -2.214952013356972e+01,  1.638860083888302e+01
s534        , -2.286936511308830e+01, -2.296581676851314e+01,  1.763240919395440e+01
s535        , -1.777040539985326e+01, -1.827379658148655e+01,  1.048307932909261e+01
s536        , -1.995222678224889e+01, -2.005962592678827e+01,  1.320418507096776e+01
s537        , -2.015268820600640e+01, -2.097500305045178e+01,  1.459896445105521e+01
s538        , -1.740140208992538e+01, -1.810137095489209e+01,  1.022035077453784e+01
s539        , -1.924950405987826e+01, -1.996718765174141e+01,  1.306333492665761e+01
s540        , -2.157643164881004e+01, -2.163592167598302e+01,  1.560602006450267e+01
s541        , -1.586673793577160e+01, -1.656934600957322e+01,  7.885972136192191e+00
s542        , -2.009907109345192e+01, -2.001532230367583e+01,  1.313667870841732e+01
s543        , -1.879069098033760e+01, -1.844815531959920e+01,  1.074875340633445e+01
s544        , -2.248614661420541e+01, -2.204405851875977e+01,  1.622790675780425e+01
s545        , -1.987972862262733e+01, -2.025245104055962e+01,  1.349799675327736e+01
s546        , -2.126472237694319e+01, -2.066306511134696e+01,  1.412365805101204e+01
s547        , -1.738356621674509e+01, -1.725898328547316e+01,  8.936786961359816e+00
s548        , -1.943625792183643e+01, -1.994601316065748e+01,  1.303107090914588e+01
s549        , -2.233202963006129e+01, -2.246043125902305e+01,  1.686234266136439e+01
s550        , -2.412763530103872e+01, -2.403017231842106e+01,  1.925419013616520e+01
s551        , -1.731823103856605e+01, -1.746867214596367e+01,  9.256294289307538e+00
s552        , -2.060923402045430e+01, -2.121530893911210e+01,  1.496512358891479e+01
s553        , -1.992869680942914e+01, -1.987824832294168e+01,  1.292781620035143e+01
s554        , -1.812921854031919e+01, -1.794884513211846e+01,  9.987943969696445e+00
s555        , -2.102602816640752e+01, -2.028476401242148e+01,  1.354723270827030e+01
s556        , -1.941820686683750e+01, -1.946932509901466e+01,  1.230473128154812e+01
s557        , -2.190718211184164e+01, -2.162614675720710e+01,  1.559112581512913e+01
s558        , -1.909304407213536e+01, -1.893098012715256e+01,  1.148444372277464e+01
s559        , -2.023025085829861e+01, -2.026271003052257e+01,  1.351362859210196e+01
s560        , -2.107002513254548e+01, -2.116036654870349e+01,  1.488140671282775e+01
s561        , -2.121559386756793e+01, -2.123164249112154e+01,  1.499001136572003e+01
s562        , -1.764234380631898e+01, -1.813853628266801e+01,  1.027698036631591e+01
s563        , -1.646928563220792e+01, -1.743711480051241e+01,  9.208209698172517e+00
s564        , -1.863449571719480e+01, -1.822255727246404e+01,  1.040500491601519e+01
s565        , -2.028655126138008e+01, -2.026624429010182e+01,  1.351901381777299e+01
s566        , -1.821002786093300e+01, -1.823140956172765e+01,  1.041849333539149e+01
s567        , -2.066943738863287e+01, -2.098636239451919e+01,  1.461627292257692e+01
s568        , -2.062629415098700e+01, -2.060943468418966e+01,  1.404194024093076e+01
s569        , -2.065075063553067e+01, -2.124796704315524e+01,  1.501488542907289e+01
s570        , -2.031634942577389e+01, -2.030802479354762e+01,  1.358267564980856e+01
s571        , -2.047206271335130e+01, -2.027362074543522e+01,  1.353025347794277e+01
s572        , -2.393038589894997e+01, -2.391350490394245e+01,  1.907642154239521e+01
s573        , -1.926109501090367e+01, -1.884029200598739e+01,  1.134626032475196e+01
s574        , -2.085894290369713e+01, -2.097754380242505e+01,  1.460283584828661e+01
s575        , -2.021973442813006e+01, -2.085981720739723e+01,  1.442345335883184e+01
s576        , -1.844714179521902e+01, -1.837527679709934e+01,  1.063770686845809e+01
s577        , -1.949977509463960e+01, -1.929733525655854e+01,  1.204266674045251e+01
s578        , -2.108198153892643e+01, -2.088743839549597e+01,  1.446554034420401e+01
s579        , -2.029210259566103e+01, -2.035195079905586e+01,  1.364960662847154e+01
s580        , -2.195204710511243e+01, -2.226874741455950e+01,  1.657026995510792e+01
s581        , -2.000078291173359e+01, -2.029243115786797e+01,  1.355891529908063e+01
s582        , -2.354247422413414e+01, -2.330167538487839e+01,  1.814416403315787e+01
s583        , -1.881717670098672e+01, -1.934485669309224e+01,  1.211507615300596e+01
s584        , -2.079214981383572e+01, -2.048860650212263e+01,  1.385783179805635e+01
s585        , -2.214462266832296e+01, -2.238663469404054e+01,  1.674989728284439e+01
s586        , -1.671124709479596e+01, -1.676867893285353e+01,  8.189699904755187e+00
s587        , -1.722924462132460e+01, -1.683766065795227e+01,  8.294808810454642e+00
s588        , -2.306180681354529e+01, -2.280205549552743e+01,  1.738288269726504e+01
s589        , -2.054966159202169e+01, -2.118899838139657e+01,  1.492503363862921e+01
s590        , -2.302597507766974e+01, -2.331841245520645e+01,  1.816966665931398e+01
s591        , -2.031576031139625e+01, -2.045710677105271e+01,  1.380983499516621e+01
s592        , -1.675983730084032e+01, -1.616324755542341e+01,  7.267191378523000e+00
s593        , -1.833051427645905e+01, -1.890196182220837e+01,  1.144022792107396e+01
s594        , -1.700453572465554e+01, -1.723063212458836e+01,  8.893587701097120e+00
s595        , -2.121342929627275e+01, -2.091561293982797e+01,  1.450847049010972e+01
s596        , -1.895402289388661e+01, -1.886530265657394e+01,  1.138436957919900e+01
s597        , -2.389559541191659e+01, -2.399931394978579e+01,  1.920717059070905e+01
s598        , -1.923753651242740e+01, -1.942391957072981e+01,  1.223554592290573e+01
s599        , -2.358158831573873e+01, -2.337838663593749e+01,  1.826105058016893e+01
s600        , -1.942143232536245e+01, -1.973130267893928e+01,  1.270391203129383e+01
s601        , -2.073803555561576e+01, -2.027234103104558e+01,  1.352830355020595e+01
s602        , -1.821856306700227e+01, -1.766854883424542e+01,  9.560850604042413e+00
s603        , -1.722454836479658e+01, -1.749798877740577e+01,  9.300964657368985e+00
s604        , -1.805154515236764e+01, -1.786162220314636e+01,  9.855040557915498e+00
s605        , -2.021935755598555e+01, -1.944793487399873e+01,  1.227213854570582e+01
s606        , -1.827906736534894e+01, -1.879673720863806e+01,  1.127989496376981e+01
s607        , -2.237721630921111e+01, -2.257808694692849e+01,  1.704161710814511e+01
s608        , -2.098562136420296e+01, -2.130277719813110e+01,  1.509840081524920e+01
s609        , -1.946776205882490e+01, -1.951265136924541e+01,  1.237074843095218e+01
s610        , -2.069261977150295e+01, -2.069088576390820e+01,  1.416604896458184e+01
s611        , -2.170289912291919e+01, -2.153378434881174e+01,  1.545039127043188e+01
s612        , -1.930046031145336e+01, -1.899029200738156e+01,  1.157481848242183e+01
s613        , -2.385958137896088e+01, -2.385826163421195e+01,  1.899224621015581e+01
s614        , -1.933674081040147e+01, -1.932440384675370e+01,  1.208391172077402e+01
s615        , -1.973716697922491e+01, -1.971081421183396e+01,  1.267269332295018e+01
s616        , -1.815004309366292e+01, -1.785270867937917e+01,  9.841458834237889e+00
s617        , -1.832352306169715e+01, -1.783742612668589e+01,  9.818172487200535e+00
s618        , -1.700993990522181e+01, -1.718166750025914e+01,  8.818979272939339e+00
s619        , -2.331208521979489e+01, -2.282570467925485e+01,  1.741891745601767e+01
s620        , -2.294394567846179e+01, -2.331562508792766e+01,  1.816541948915352e+01
s621        , -2.117716243218820e+01, -2.135666874855300e+01,  1.518051650434201e+01
s622        , -2.002792552777272e+01, -1.961024175468193e+01,  1.251944895424784e+01
s623        , -1.988853831837967e+01, -1.963757217484953e+01,  1.256109289040645e+01
s624        , -2.364575476956619e+01, -2.318140092854773e+01,  1.796089931383667e+01
s625        , -2.144171537166414e+01, -2.115516434829886e+01,  1.487348001063269e+01
s626        , -2.037069722396305e+01, -2.026011701651199e+01,  1.350967756210489e+01
s627        , -1.998545144661707e+01, -2.003940475852642e+01,  1.317337365149506e+01
s628        , -2.158119065398551e+01, -2.158637812903780e+01,  1.553052951977611e+01
s629        , -1.843917864187274e+01, -1.790695284652559e+01,  9.924111812851823e+00
s630        , -1.962256463480217e+01, -1.997147388703705e+01,  1.306986595354698e+01
s631        , -2.101091990223662e+01, -2.073314177317872e+01,  1.423043533484574e+01
s632        , -2.022844039713042e+01, -1.977381002000959e+01,  1.276868136110833e+01
s633        , -2.473876586737651e+01, -2.459615378419907e+01,  2.011658800210644e+01
s634        , -2.051539403555230e+01, -2.049396430278776e+01,  1.386599559164170e+01
s635        , -2.382235458298951e+01, -2.383187145486992e+01,  1.895203493872295e+01
s636        , -1.910586081968059e+01, -1.940940709260974e+01,  1.221343295469562e+01
s637        , -1.917066616024459e+01, -1.904977756336903e+01,  1.166545787547582e+01
s638        , -2.192001400012589e+01, -2.180683757909675e+01,  1.586644822162984e+01
s639        , -2.010078758798683e+01, -1.967077677587515e+01,  1.261168743951339e+01
s640        , -1.983289623130970e+01, -1.965403526280078e+01,  1.258617804385125e+01
s641        , -2.307886864739055e+01, -2.293802429580227e+01,  1.759006121861542e+01
s642        , -2.260273435105626e+01, -2.267015382198981e+01,  1.718190134248417e+01
s643        , -2.012782689900612e+01, -1.990617889143968e+01,  1.297037459514638e+01
s644        , -1.902512926743999e+01, -1.817102578400299e+01,  1.032648530298069e+01
s645        , -2.049081123370357e+01, -2.020298624397017e+01,  1.342262620212456e+01
s646        , -2.159630341817387e+01, -2.209336844869328e+01,  1.630304133537546e+01
s647        , -2.046804100673445e+01, -2.029623563608705e+01,  1.356471226257774e+01
s648        , -2.112203592795417e+01, -2.137019217888884e+01,  1.520112243963672e+01
s649        , -2.130712394597167e+01, -2.193942713610138e+01,  1.606847771892037e+01
s650        , -1.872664219670308e+01, -1.834667458980417e+01,  1.059412508349866e+01
s651        , -2.286060777226206e+01, -2.334985955179716e+01,  1.821758326194089e+01
s652        , -2.513277458672901e+01, -2.496933795490109e+01,  2.068521657366943e+01
s653        , -2.212366926194319e+01, -2.197765406805706e+01,  1.612672489932008e+01
s654        , -2.219498706816524e+01, -2.224626410891862e+01,  1.653601166932228e+01
s655        , -2.136195741190379e+01, -2.152323875283673e+01,  1.543432272399736e+01
s656        , -2.204727614381470e+01, -2.168841260915815e+01,  1.568600160363182e+01
s657        , -2.036339525797458e+01, -2.005435316952094e+01,  1.319615085979668e+01
s658        , -1.602366185676991e+01, -1.588786080139470e+01,  6.847578788106482e+00
s659        , -1.871169938684588e+01, -1.895388956093020e+01,  1.151935130896672e+01
s660        , -2.183022460938435e+01, -2.111636290321258e+01,  1.481435743248987e+01
s661        , -2.183692812512830e+01, -2.215598170553375e+01,  1.639844647201653e+01
s662        , -1.575332316936146e+01, -1.557788452163520e+01,  6.375261409675137e+00
s663        , -2.161244100467384e+01, -2.176957201152403e+01,  1.580966589236465e+01
s664        , -1.792030659393350e+01, -1.771871231092532e+01,  9.637285748747143e+00
s665        , -2.036353189911458e+01, -2.031001050708937e+01,  1.358570132330553e+01
s666        , -1.896012969757172e+01, -1.843709046468243e+01,  1.073189365412674e+01
s667        , -1.834472710605888e+01, -1.877833531589333e+01,  1.125185561267458e+01
s668        , -2.315183675604283e+01, -2.269318110096054e+01,  1.721698849187605e+01
s669        , -2.168824836514504e+01, -2.096514443102792e+01,  1.458394266524360e+01
s670        , -1.765957516951316e+01, -1.776571573750738e+01,  9.708905858639909e+00
s671        , -1.925271531654228e+01, -1.970678172271850e+01,  1.266654893445360e+01
s672        , -2.010246672918431e+01, -2.011567053580391e+01,  1.328958142073367e+01
s673        , -2.045224673553428e+01, -2.042134740158475e+01,  1.375534769163908e+01
s674        , -1.961862741224291e+01, -1.948953080363384e+01,  1.233551913874317e+01
s675        , -1.819835804307071e+01, -1.822568918167860e+01,  1.040977707197128e+01
s676        , -2.030955144796039e+01, -2.025510967360795e+01,  1.350204776838268e+01
s677        , -1.708028116046972e+01, -1.713144012853561e+01,  8.742446770012473e+00
s678        , -1.996975063415185e+01, -1.971378297073196e+01,  1.267721688333675e+01
s679        , -2.075675552323975e+01, -2.054025587922347e+01,  1.393653104049131e+01
s680        , -1.844365265503332e+01, -1.855054656290742e+01,  1.090476909776472e+01
s681        , -1.908965101407623e+01, -1.930083841147117e+01,  1.204800457128866e+01
s682        , -2.132701003782740e+01, -2.151962016517150e+01,  1.542880900584773e+01
s683        , -2.134055790648813e+01, -2.062848174233979e+01,  1.407096264412652e+01
s684        , -2.228765611405496e+01, -2.230562708637619e+01,  1.662646428689158e+01
s685        , -2.220524684044785e+01, -2.266093010608771e+01,  1.716784697252510e+01
s686        , -2.092862014660340e+01, -2.089163965065964e+01,  1.447194188507856e+01
s687        , -2.266843571203506e+01, -2.236668574306683e+01,  1.671950064658026e+01
s688        , -1.791243182954496e+01, -1.854937505768487e+01,  1.090298405061220e+01
s689        , -2.022924986754604e+01, -2.031375671170618e+01,  1.359140949408896e+01
s690        , -1.926971843911773e+01, -1.869846606665740e+01,  1.113015715740678e+01
s691        , -1.839442212707931e+01, -1.861046206770174e+01,  1.099606361286052e+01
s692        , -1.811967055159425e+01, -1.820999262115813e+01,  1.038585989249818e+01
s693        , -1.897178714286070e+01, -1.905174302003980e+01,  1.166845268315232e+01
s694        , -2.117746495604092e+01, -2.074344728884325e+01,  1.424613806586062e+01
s695        , -2.262578130233349e+01, -2.282881278888651e+01,  1.742365334804865e+01
s696        , -2.110358706695218e+01, -2.060341422696360e+01,  1.403276674360323e+01
s697        , -2.080079623838923e+01, -2.054935597891331e+01,  1.395039705382725e+01
s698        , -2.284382050270110e+01, -2.315042450814778e+01,  1.791369989042323e+01
s699        , -1.710021253686445e+01, -1.743570811149014e+01,  9.206066296516813e+00
s700        , -1.768315556313765e+01, -1.759244732989889e+01,  9.444893140924513e+00
s701        , -1.903295584190279e+01, -1.922365091977412e+01,  1.193039236639888e+01
s702        , -1.837939645173277e+01, -1.853509874906272e+01,  1.088123093883435e+01
s703        , -2.091048572489854e+01, -2.012727283266203e+01,  1.330726008453355e+01
s704        , -2.101614044515869e+01, -2.092349958122224e+01,  1.452048753151321e+01
s705        , -1.998067347119072e+01, -1.944681774342988e+01,  1.227043635035700e+01
s706        , -2.205053681559340e+01, -2.200341616782454e+01,  1.616597915269231e+01
s707        , -2.095566328486310e+01, -2.085650251171468e+01,  1.441840268728919e+01
s708        , -2.098548818691052e+01, -2.104677657731003e+01,  1.470832728382670e+01
s709        , -2.115794840593145e+01, -2.162577869758833e+01,  1.559056499494514e+01
s710        , -2.144561556804213e+01, -2.135369222644780e+01,  1.517598111499331e+01
s711        , -2.158487030708884e+01, -2.168098939590068e+01,  1.567469069742950e+01
s712        , -1.701606937532507e+01, -1.724006082005683e+01,  8.907954402733617e+00
s713        , -2.069677260469373e+01, -2.057830301680446e+01,  1.399450426441996e+01
s714        , -1.667903695847065e+01, -1.633487578209207e+01,  7.528704918035944e+00
s715        , -1.903979308955687e+01, -1.921463308837222e+01,  1.191665170698396e+01
s716        , -1.775292931769286e+01, -1.756145850411226e+01,  9.397674815162405e+00
s717        , -1.980553907801730e+01, -2.045866454179845e+01,  1.381220860322226e+01
s718        , -2.205506805307129e+01, -2.248931050121565e+01,  1.690634657022501e+01
s719        , -2.211926724507942e+01, -2.239334920145942e+01,  1.676012831905142e+01
s720        , -2.227273745316376e+01, -2.276218319452958e+01,  1.732212843344220e+01
s721        , -1.785735939085095e+01, -1.795248188855997e+01,  9.993485371992717e+00
s722        , -2.185625504194673e+01, -2.175814804543345e+01,  1.579225895490680e+01
s723        , -2.033801839240394e+01, -2.024361435676825e+01,  1.348453211228738e+01
s724        , -2.101306363073858e+01, -2.101132380058425e+01,  1.465430714211060e+01
s725        , -1.977835943733275e+01, -2.009838327340322e+01,  1.326324045534210e+01
s726        , -1.782642809085736e+01, -1.751084583135120e+01,  9.320555220939086e+00
s727        , -2.098840179836340e+01, -2.090169387191104e+01,  1.448726171350967e+01
s728        , -2.135488943619893e+01, -2.102020670016613e+01,  1.466784220307282e+01
s729        , -1.830313789299144e+01, -1.891960633958579e+01,  1.146711324338912e+01
s730        , -1.974102380594271e+01, -1.952507216942299e+01,  1.238967426547876e+01
s731        , -1.858542568590836e+01, -1.788146095270761e+01,  9.885269277969162e+00
s732        , -1.728575125425960e+01, -1.811434289038120e+01,  1.024011638553282e+01
s733        , -2.189672381410002e+01, -2.202864790166566e+01,  1.620442527634527e+01
s734        , -1.907291800543370e+01, -1.916564447765079e+01,  1.184200673025578e+01
s735        , -2.104653345651221e+01, -2.024477940258514e+01,  1.348630731710762e+01
s736        , -1.839280423093862e+01, -1.877091506062472e+01,  1.124054921362212e+01
s737        , -2.165426899727042e+01, -2.115624005796929e+01,  1.487511909208720e+01
s738        , -1.806822955624155e+01, -1.823948651767913e+01,  1.043080036308944e+01
s739        , -1.955458939471557e+01, -1.987007170541403e+01,  1.291535731621330e+01
s740        , -1.834079412742093e+01, -1.827678149129638e+01,  1.048762749896331e+01
s741        , -2.108323768665554e+01, -2.081694631827047e+01,  1.435813008319577e+01
s742        , -1.784982580383593e+01, -1.802369253446991e+01,  1.010199053122194e+01
s743        , -2.007117762213282e+01, -1.990615375517487e+01,  1.297033629449090e+01
s744        , -2.048858578542649e+01, -2.066415387009383e+01,  1.412531701561883e+01
s745        , -2.120349313282904e+01, -2.102829785356113e+01,  1.468017086371413e+01
s746        , -1.892251493836264e+01, -1.859200213430291e+01,  1.096793582399965e+01
s747        , -2.116880416688591e+01, -2.060668580604579e+01,  1.403775171747487e+01
s748        , -2.167842994358758e+01, -2.118874374885723e+01,  1.492464564967233e+01
s749        , -2.059667445248301e+01, -2.046741476649138e+01,  1.382554150466510e+01
s750        , -2.032384862658092e+01, -2.052942830644199e+01,  1.392003284006483e+01
s751        , -2.236553637276776e+01, -2.172677515455376e+01,  1.574445542108283e+01
s752        , -1.716732359631470e+01, -1.742315275214864e+01,  9.186935431361444e+00
s753        , -2.206691124025960e+01, -2.225600709562634e+01,  1.655085726313176e+01
s754        , -1.859855862913608e+01, -1.882974465943773e+01,  1.133018911093002e+01
s755        , -2.251644582892857e+01, -2.208325163911748e+01,  1.628762613979781e+01
s756        , -2.026279534630465e+01, -2.037579348664729e+01,  1.368593623313251e+01
s757        , -1.901185247831666e+01, -1.930965165829545e+01,  1.206143350087883e+01
s758        , -1.866312886885699e+01, -1.898863467948716e+01,  1.157229317704398e+01
s759        , -2.105033567951521e+01, -2.128095297688034e+01,  1.506514679021392e+01
s760        , -1.976737462921502e+01, -1.960279951173849e+01,  1.250810905211267e+01
s761        , -2.282845273202710e+01, -2.270966020600149e+01,  1.724209805089740e+01
s762        , -1.737428124739802e+01, -1.683746157461180e+01,  8.294505462980649e+00
s763        , -2.048674857080450e+01, -2.056897144706266e+01,  1.398028555529643e+01
s764        , -1.996103637141938e+01, -1.984513351104801e+01,  1.287735846483374e+01
s765        , -1.985538741097363e+01, -2.000227647673062e+01,  1.311680050745624e+01
s766        , -1.902823974868692e+01, -1.909387518045476e+01,  1.173265034230960e+01
s767        , -2.019726225103009e+01, -1.977976968921911e+01,  1.277776223445626e+01
s768        , -2.180287541987858e+01, -2.137008418572277e+01,  1.520095788817775e+01
s769        , -2.332774774981945e+01, -2.342893419725272e+01,  1.833807096271248e+01
s770        , -2.255011500408412e+01, -2.244313845847267e+01,  1.683599325737765e+01
s771        , -1.837836194936116e+01, -1.790740904633189e+01,  9.924806934093748e+00
s772        , -2.036442085092615e+01, -2.041213347892463e+01,  1.374130824384883e+01
s773        , -2.207703951964118e+01, -2.218225474778392e+01,  1.643847925919831e+01
s774        , -2.410464814655394e+01, -2.382033329020933e+01,  1.893445399450158e+01
s775        , -2.145476048405246e+01, -2.062001092224804e+01,  1.405805547735232e+01
s776        , -1.783304251394927e+01, -1.785142429649685e+01,  9.839501793020583e+00
s777        , -1.926023008452307e+01, -1.960648084395130e+01,  1.251371837544941e+01
s778        , -1.976550707196644e+01, -1.966509901962428e+01,  1.260303612287115e+01
s779        , -2.301809423461469e+01, -2.279747774293453e+01,  1.737590747933719e+01
s780        , -1.989864127452180e+01, -2.008976775466660e+01,  1.325011280819869e+01
s781        , -1.803783397921168e+01, -1.761652896662765e+01,  9.481586837412802e+00
s782        , -2.003060740563550e+01, -2.004991320292156e+01,  1.318938558928577e+01
s783        , -2.170310297580588e+01, -2.096590891405383e+01,  1.458510752411258e+01
s784        , -1.828106793020000e+01, -1.887713104221420e+01,  1.140239273923245e+01
s785        , -1.904288077315707e+01, -1.905759881333249e+01,  1.167737527858054e+01
s786        , -2.022975758111321e+01, -1.983029409931667e+01,  1.285474734100243e+01
s787        , -1.858814151939532e+01, -1.968942053315988e+01,  1.264009532469629e+01
s788        , -1.926046054059691e+01, -1.957635752648659e+01,  1.246781884292509e+01
s789        , -2.212378523930028e+01, -2.219624807374263e+01,  1.645980118433879e+01
s790        , -2.174169856486492e+01, -2.171352483900226e+01,  1.572426563653053e+01
s791        , -1.907773631846257e+01, -1.921399115918580e+01,  1.191567358597837e+01
s792        , -2.217884458062024e+01, -2.187729422528523e+01,  1.597380449562161e+01
s793        , -2.046845693654859e+01, -1.940849261215553e+01,  1.221203954158964e+01
s794        , -1.973890233992908e+01, -1.903784673873669e+01,  1.164727862699511e+01
s795        , -2.098054198937622e+01, -2.083254800345635e+01,  1.438190269912569e+01
s796        , -1.872193723420701e+01, -1.877575829522948e+01,  1.124792895207638e+01
s797        , -1.738396768625594e+01, -1.817915379636178e+01,  1.033887012640053e+01
s798        , -1.812351947027918e+01, -1.840121995765757e+01,  1.067723700796618e+01
s799        , -2.115781411801412e+01, -1.973183661857426e+01,  1.270472560634812e+01
s800        , -2.197753832223543e+01, -2.180777002190858e+01,  1.586786900435800e+01
s801        , -2.000340332694237e+01, -2.054920531529222e+01,  1.395016748449829e+01
s802        , -2.346278750692302e+01, -2.324675235186127e+01,  1.806047665233546e+01
s803        , -2.201425716118592e+01, -2.200601866530689e+01,  1.616994463285483e+01
s804        , -1.618324989548500e+01, -1.636456400419735e+01,  7.573941486608005e+00
s805        , -2.141738653455062e+01, -2.067109717980208e+01,  1.413589668268750e+01
s806        , -2.157933013723432e+01, -2.169934310105197e+01,  1.570265662407486e+01
s807        , -1.912040169626662e+01, -1.992384089396953e+01,  1.299728655995613e+01
s808        , -2.304047586711122e+01, -2.238832495716991e+01,  1.675247277233262e+01
s809        , -2.047218776779852e+01, -2.038598578499510e+01,  1.370146645254015e+01
s810        , -2.119146876442327e+01, -2.190269741910548e+01,  1.601251187645175e+01
s811        , -2.180116494254657e+01, -2.191056435476448e+01,  1.602449889181187e+01
s812        , -2.372646511684069e+01, -2.335795530942264e+01,  1.822991893814505e+01
s813        , -2.269928091374550e+01, -2.247735213713180e+01,  1.688812535930271e+01
s814        , -1.832573741415099e+01, -1.885212957512353e+01,  1.136429747787128e+01
s815        , -2.057906464758977e+01, -2.005725707214687e+01,  1.320057559731712e+01
s816        , -1.808215553271357e+01, -1.779281838802963e+01,  9.750202737398325e+00
s817        , -2.152086258044021e+01, -2.151709529883431e+01,  1.542496181389422e+01
s818        , -2.057353864229959e+01, -2.081258258985885e+01,  1.435148097841536e+01
s819        , -2.244567325669163e+01, -2.254114453910441e+01,  1.698532718418723e+01
s820        , -2.103220827040201e+01, -2.119802976948711e+01,  1.493879495465582e+01
s821        , -2.251724700203312e+01, -2.277915381596191e+01,  1.734798692632909e+01
s822        , -1.967652212859418e+01, -1.987026790284161e+01,  1.291565626636110e+01
s823        , -1.898228811729100e+01, -1.925147777819701e+01,  1.197279273597064e+01
s824        , -2.375965705343503e+01, -2.388560785381378e+01,  1.903391422024474e+01
s825        , -2.074394606294202e+01, -2.008591663689619e+01,  1.324424477903609e+01
s826        , -2.229590893513048e+01, -2.229550403758027e+01,  1.661103958448296e+01
s827        , -2.030439908572953e+01, -1.900030570484491e+01,  1.159007656390460e+01
s828        , -2.126632247755481e+01, -2.088386846259642e+01,  1.446010076234438e+01
s829        , -1.836528680868646e+01, -1.752899905924904e+01,  9.348215676175949e+00
s830        , -2.038358031572328e+01, -2.052519058137235e+01,  1.391357572922733e+01
s831        , -2.014217587228185e+01, -2.005015818673931e+01,  1.318975887628258e+01
s832        , -1.638297894992474e+01, -1.730213639701738e+01,  9.002540265230470e+00
s833        , -2.087813803835245e+01, -2.065216147287485e+01,  1.410704394769257e+01
s834        , -2.163260872857058e+01, -2.170712676117115e+01,  1.571451675074309e+01
s835        , -1.845033213930005e+01, -1.819200391535234e+01,  1.035845012303403e+01
s836        , -2.085703068105029e+01, -2.053349834038887e+01,  1.392623443641089e+01
s837        , -1.604298594536770e+01, -1.652074727941826e+01,  7.811921228685020e+00
s838        , -1.819387371328009e+01, -1.758708824868673e+01,  9.436727396142706e+00
s839        , -2.199016371973259e+01, -2.164600857092513e+01,  1.562138967852367e+01
s840        , -1.816847175772266e+01, -1.863606447604109e+01,  1.103507454104430e+01
s841        , -2.076446728280485e+01, -2.046892698662815e+01,  1.382784570630003e+01
s842        , -1.719569444321167e+01, -1.746388988479976e+01,  9.249007457367810e+00
s843        , -1.999816334280537e+01, -1.968841630776927e+01,  1.263856516534276e+01
s844        , -1.581596700213373e+01, -1.589844364783802e+01,  6.863704093863198e+00
s845        , -2.003183538643507e+01, -2.005341812536109e+01,  1.319472611333983e+01
s846        , -2.166933569232110e+01, -2.126817344619166e+01,  1.504567435046099e+01
s847        , -2.001719781047365e+01, -1.988164268874337e+01,  1.293298826693065e+01
s848        , -1.670780899311153e+01, -1.707795199403758e+01,  8.660945774249518e+00
s849        , -2.103364362191806e+01, -2.128389422471314e+01,  1.506962843141172e+01
s850        , -1.674889176362534e+01, -1.630346677158917e+01,  7.480846347982256e+00
s851        , -1.887785873496733e+01, -1.951987851754048e+01,  1.238176058884667e+01
s852        , -1.916613881673827e+01, -1.963604117789436e+01,  1.255876007813831e+01
s853        , -2.151831650372089e+01, -2.158411765525780e+01,  1.552708518832400e+01
s854        , -2.092228526657664e+01, -2.049937645516698e+01,  1.387424220207721e+01
s855        , -1.984690981488844e+01, -1.972593304706273e+01,  1.269573021024275e+01
s856        , -1.857995804240183e+01, -1.839931206461413e+01,  1.067432991119959e+01
s857        , -2.294003947989728e+01, -2.314051455364311e+01,  1.789859988426905e+01
s858        , -2.107902559750898e+01, -2.123141978828310e+01,  1.498967202872010e+01
s859        , -1.829183386036745e+01, -1.847647037328029e+01,  1.079189764929127e+01
s860        , -2.148418071954308e+01, -2.144488047875413e+01,  1.531492657335702e+01
s861        , -2.060440939951398e+01, -2.017210861438149e+01,  1.337557730834849e+01
s862        , -1.983634035476443e+01, -1.949283436789813e+01,  1.234055284910966e+01
s863        , -2.017821382918477e+01, -2.083474826841299e+01,  1.438525528912703e+01
s864        , -2.145828954671971e+01, -2.066750144837706e+01,  1.413041779107189e+01
s865        , -2.179521899962700e+01, -2.190802534080309e+01,  1.602063014282573e+01
s866        , -2.240641608733365e+01, -2.227378867965365e+01,  1.657795143678483e+01
s867        , -1.970162478711471e+01, -1.946420171640946e+01,  1.229692467569212e+01
s868        , -1.579821539399930e+01, -1.550734767149618e+01,  6.267782927236688e+00
s869        , -1.927595790821999e+01, -1.943785175753314e+01,  1.225677468902898e+01
s870        , -1.834436146157947e+01, -1.868824835717378e+01,  1.111458821851694e+01
s871        , -1.954632707936713e+01, -1.942138255228355e+01,  1.223168021452800e+01
s872        , -2.222687656829416e+01, -2.240194692268785e+01,  1.677322884775720e+01
s873        , -2.174135075548704e+01, -2.122980713368909e+01,  1.498721479298983e+01
s874        , -2.306987923711809e+01, -2.359507658319355e+01,  1.859122561130298e+01
s875        , -2.178123430913379e+01, -2.181289278284785e+01,  1.587567466296853e+01
s876        , -2.287277527114560e+01, -2.265462234957710e+01,  1.715823571123379e+01
s877        , -2.189016288213647e+01, -2.151022430429916e+01,  1.541449233497610e+01
s878        , -1.876974537203656e+01, -1.863690580000701e+01,  1.103635648407008e+01
s879        , -1.761744622782913e+01, -1.756469289523554e+01,  9.402603124958747e+00
s880        , -1.792977215528789e+01, -1.853968373670753e+01,  1.088821718096300e+01
s881        , -2.116921283478955e+01, -1.981094624654595e+01,  1.282526661071548e+01
s882        , -1.809005639564229e+01, -1.834499886581153e+01,  1.059157174759892e+01
s883        , -1.958200153707774e+01, -2.001494765987879e+01,  1.313610785578241e+01
s884        , -1.866641101726497e+01, -1.901599541077742e+01,  1.161398329889784e+01
s885        , -1.949202935470739e+01, -1.990983870739930e+01,  1.297595113371550e+01
s886        , -1.753621319174707e+01, -1.734612367575934e+01,  9.069564607208687e+00
s887        , -2.072504645987743e+01, -2.023109402770313e+01,  1.346545462350107e+01
s888        , -2.163711888094086e+01, -2.198494459661393e+01,  1.613783363105281e+01
s889        , -1.784767272504274e+01, -1.769404395282176e+01,  9.599698052557223e+00
s890        , -2.036577167825686e+01, -2.083363802343290e+01,  1.438356358549467e+01
s891        , -1.925489904031788e+01, -1.931338381638902e+01,  1.206712026867929e+01
s892        , -1.797999052112338e+01, -1.925274939248153e+01,  1.197473032140688e+01
s893        , -2.224398236502422e+01, -2.241448663986754e+01,  1.679233587862154e+01
s894        , -2.015695897880840e+01, -1.991990255252326e+01,  1.299128562624368e+01
s895        , -1.853378696029952e+01, -1.881358291670670e+01,  1.130556312353666e+01
s896        , -2.478440805107692e+01, -2.400019572113953e+01,  1.920851416427054e+01
s897        , -2.202247365131235e+01, -2.205840644156729e+01,  1.624976898962289e+01
s898        , -2.008627742560493e+01, -1.937875729042604e+01,  1.216673120632933e+01
s899        , -1.802005794967191e+01, -1.768119582008807e+01,  9.580121082425119e+00
s900        , -1.770516073583232e+01, -1.775347579330466e+01,  9.690255598166882e+00
s901        , -2.425916197575684e+01, -2.389638685960064e+01,  1.905033841811980e+01
s902        , -1.641892815066793e+01, -1.659022541690173e+01,  7.917786528378102e+00
s903        , -2.332207101034287e+01, -2.336633730202379e+01,  1.824269075660315e+01
s904        , -2.132463334662818e+01, -2.020029571252796e+01,  1.341852658276543e+01
s905        , -2.166343218809494e+01, -2.211923550841890e+01,  1.634245551844396e+01
s906        , -1.790842270146736e+01, -1.746253926240390e+01,  9.246949485610237e+00
s907        , -1.911599503394165e+01, -1.965270579124660e+01,  1.258415230007610e+01
s908        , -2.062377494321661e+01, -1.991902198956967e+01,  1.298994389394692e+01
s909        , -2.034650826700463e+01, -2.075988720957291e+01,  1.427118791892253e+01
s910        , -1.701866755175476e+01, -1.653683204940053e+01,  7.836429931081847e+00
s911        , -1.800428066961873e+01, -1.820139298079998e+01,  1.037275643957408e+01
s912        , -2.018815932170212e+01, -2.040925198356438e+01,  1.373691764875049e+01
s913        , -1.735412329082851e+01, -1.753691024330778e+01,  9.360270113753598e+00
s914        , -2.004618788210774e+01, -2.082161441224634e+01,  1.436524295618936e+01
s915        , -1.937730144245923e+01, -1.929082283373515e+01,  1.203274362479487e+01
s916        , -2.191302790761547e+01, -2.220329323123220e+01,  1.647053603901441e+01
s917        , -1.792924589211810e+01, -1.749441289360696e+01,  9.295516007998975e+00
s918        , -2.621730238337609e+01, -2.576253790431162e+01,  2.189383202311005e+01
s919        , -1.919355775511356e+01, -1.903788096205288e+01,  1.164733077378195e+01
s920        , -1.675861595936722e+01, -1.641135028260157e+01,  7.645230723254057e+00
s921        , -2.192756432754418e+01, -2.178636442242669e+01,  1.583525284211849e+01
s922        , -2.290193110331377e+01, -2.289063901127066e+01,  1.751785926373178e+01
s923        , -1.925371616601646e+01, -1.897102304252259e+01,  1.154545795530557e+01
s924        , -1.798705044323696e+01, -1.857787352006101e+01,  1.094640775725604e+01
s925        , -2.338449219749342e+01, -2.369522289871016e+01,  1.874382065903069e+01
s926        , -1.762302148317026e+01, -1.763684173897523e+01,  9.512537835957991e+00
s927        , -1.720744831710588e+01, -1.722391156303591e+01,  8.883347440079399e+00
s928        , -1.827654667645005e+01, -1.855483925752707e+01,  1.091130996686199e+01
s929        , -2.066098735264480e+01, -2.100528426940579e+01,  1.464510458140055e+01
s930        , -1.982419875205301e+01, -2.067117744376572e+01,  1.413601898257740e+01
s931        , -2.184683786579889e+01, -2.226440218821829e+01,  1.656364904232143e+01
s932        , -2.007807490293144e+01, -2.018683922947496e+01,  1.339802265645394e+01
s933        , -2.186904116931162e+01, -2.207897730216188e+01,  1.628111324265945e+01
s934        , -1.595875499840616e+01, -1.612645688961165e+01,  7.211132667061470e+00
s935        , -1.706347068237267e+01, -1.694693061985979e+01,  8.461305750122074e+00
s936        , -1.818003510858343e+01, -1.745905120431416e+01,  9.241634658120727e+00
s937        , -2.175658784400171e+01, -2.179322008819064e+01,  1.584569896426545e+01
s938        , -2.010166135357230e+01, -1.979385557890615e+01,  1.279922520089685e+01
s939        , -1.813809060682595e+01, -1.780305599092985e+01,  9.765801988305526e+00
s940        , -2.094308051046411e+01, -2.081996509901646e+01,  1.436272986292443e+01
s941        , -1.827480816862776e+01, -1.839185500436788e+01,  1.066296743162841e+01
s942        , -1.770857434290158e+01, -1.775852880292015e+01,  9.697954975218028e+00
s943        , -1.938132201948424e+01, -1.955650916904353e+01,  1.243757548313979e+01
s944        , -1.770272330222015e+01, -1.811868184208222e+01,  1.024672773751806e+01
s945        , -1.924477319915050e+01, -1.922873839043372e+01,  1.193814425246789e+01
s946        , -2.185513295241253e+01, -2.168875205070769e+01,  1.568651881786167e+01
s947        , -2.017292248813791e+01, -1.961984929044486e+01,  1.253408815860326e+01
s948        , -1.792501053388721e+01, -1.822115265740305e+01,  1.040286467449791e+01
s949        , -2.005207290213696e+01, -2.035232290078176e+01,  1.365017360769919e+01
s950        , -2.257823345395823e+01, -2.260510135267068e+01,  1.708277952647574e+01
s951        , -1.571913272603913e+01, -1.614244760416789e+01,  7.235498055227001e+00
s952        , -2.233989362366768e+01, -2.292627617032230e+01,  1.757216035267663e+01
s953        , -2.342860552534396e+01, -2.328193303463424e+01,  1.811408219877161e+01
s954        , -2.204077204416149e+01, -2.246143115083844e+01,  1.686386621755819e+01
s955        , -1.756302978982562e+01, -1.804853579797141e+01,  1.013984473444618e+01
s956        , -2.291971088639473e+01, -2.281114436036343e+01,  1.739673159181783e+01
s957        , -1.872997367448807e+01, -1.844751348462820e+01,  1.074777542888686e+01
s958        , -2.138547156076431e+01, -2.136628356633758e+01,  1.519516680446701e+01
s959        , -1.926386090665138e+01, -1.883028842812896e+01,  1.133101766272410e+01
s960        , -1.680470785163838e+01, -1.758869733513812e+01,  9.439179195018992e+00
s961        , -2.001579976967623e+01, -2.016123922462325e+01,  1.335901539051485e+01
s962        , -1.871905926332032e+01, -1.863501879046303e+01,  1.103348120793095e+01
s963        , -1.918665598310528e+01, -1.980770388268868e+01,  1.282032615269664e+01
s964        , -1.746488927974545e+01, -1.754621766708512e+01,  9.374452031163123e+00
s965        , -1.971186761143078e+01, -1.970204439847643e+01,  1.265933057384701e+01
s966        , -1.765956881606673e+01, -1.739789005148214e+01,  9.148442122905223e+00
s967        , -2.223688117086612e+01, -2.164682916022239e+01,  1.562264002769862e+01
s968        , -1.998239594820018e+01, -2.022627445991510e+01,  1.345811094667335e+01
s969        , -2.101894011109180e+01, -2.088269736313535e+01,  1.445831633345916e+01
s970        , -1.986554229461376e+01, -1.998347673711881e+01,  1.308815494872015e+01
s971        , -1.914500631305469e+01, -1.840323078357210e+01,  1.068030094571382e+01
s972        , -1.930540895911451e+01, -1.971539703555282e+01,  1.267967626785933e+01
s973        , -2.013055280326089e+01, -2.031665775952536e+01,  1.359582988168029e+01
s974        , -1.991254970003848e+01, -1.992338152989477e+01,  1.299658661725179e+01
s975        , -2.002907222040815e+01, -2.070196515787655e+01,  1.418293087024830e+01
s976        , -2.147573630129902e+01, -2.138253154514333e+01,  1.521992419158157e+01
s977        , -1.918950409415471e+01, -1.938112049923848e+01,  1.217033207731161e+01
s978        , -1.698999961978807e+01, -1.777790861787890e+01,  9.727484406963255e+00
s979        , -2.115978794608996e+01, -2.100805136857675e+01,  1.464932086861873e+01
s980        , -1.730989298326385e+01, -1.695808826886532e+01,  8.478306894634933e+00
s981        , -2.142850865946883e+01, -2.118260005576492e+01,  1.491528437526288e+01
s982        , -2.110948756566415e+01, -2.160090713817793e+01,  1.555266767664926e+01
s983        , -1.831465175322002e+01, -1.838973274969108e+01,  1.065973370753158e+01
s984        , -2.150201864035685e+01, -2.126671137168051e+01,  1.504344655677073e+01
s985        , -1.659952594735737e+01, -1.645192570501450e+01,  7.707056347968606e+00
s986        , -2.105203087443673e+01, -2.071651294619181e+01,  1.420509764134566e+01
s987        , -2.066592788190784e+01, -2.091498366930306e+01,  1.450751165737296e+01
s988        , -2.133344594608628e+01, -2.162080874691505e+01,  1.558299217655157e+01
s989        , -2.008246059204520e+01, -2.015290530516636e+01,  1.334631682211796e+01
s990        , -2.181814335912880e+01, -2.232073321533296e+01,  1.664948181337020e+01
s991        , -1.674874949890157e+01, -1.658583519624860e+01,  7.911097056811990e+00
s992        , -1.990187356431624e+01, -1.957970259799239e+01,  1.247291579874866e+01
s993        , -2.167451347953028e+01, -2.153850131964775e+01,  1.545757861812547e+01
s994        , -2.085856003252748e+01, -2.055326546466812e+01,  1.395635401951559e+01
s995        , -1.532250426373563e+01, -1.527683384744104e+01,  5.916544164211402e+00
s996        , -2.197589637081217e+01, -2.196012166287988e+01,  1.610001040472292e+01
s997        , -1.843774602570321e+01, -1.791606573627352e+01,  9.937997314668339e+00
s998        , -2.004154224207673e+01, -1.967763462032748e+01,  1.262213688137368e+01
s999        , -1.918982967461324e+01, -1.957142039554816e+01,  1.246029603265194e+01
s1000       , -2.386287011937712e+01, -2.390699347900681e+01,  1.906649994724011e+01
s1001       , -2.142986106465667e+01, -2.130960642859329e+01,  1.510880665737077e+01
s1002       , -1.703565403983971e+01, -1.779774795187951e+01,  9.757714017539474e+00
s1003       , -2.272857267296788e+01, -2.293423951285680e+01,  1.758429426522104e+01
s1004       , -1.957549960274314e+01, -1.889719222190390e+01,  1.143296038075210e+01
s1005       , -2.033955634118916e+01, -2.008962282129770e+01,  1.324989197017554e+01
s1006       , -2.103463075725037e+01, -2.115488454523513e+01,  1.487305366881827e+01
s1007       , -1.845815321471510e+01, -1.928279406887491e+01,  1.202051002687644e+01
s1008       , -2.105860584214290e+01, -2.099399125217683e+01,  1.462789717347791e+01
s1009       , -2.225664818829298e+01, -2.207936941976948e+01,  1.628171072050713e+01
s1010       , -2.029000137617794e+01, -2.049083441542658e+01,  1.386122651642612e+01
s1011       , -2.150175758271834e+01, -2.074436822407388e+01,  1.424754131424522e+01
s1012       , -1.789395613621291e+01, -1.745342503783718e+01,  9.233061949902250e+00
s1013       , -1.907481979836395e+01, -1.942388396351012e+01,  1.223549166743603e+01
s1014       , -1.701362802016618e+01, -1.657948104253671e+01,  7.901415099129034e+00
s1015       , -1.771043360260808e+01, -1.772778387402374e+01,  9.651108280278404e+00
s1016       , -2.325177194237830e+01, -2.276940392890807e+01,  1.733313081831707e+01
s1017       , -2.061131053204120e+01, -2.088741921246623e+01,  1.446551111461804e+01
s1018       , -1.637685178145171e+01, -1.629333978477086e+01,  7.465415645126076e+00
s1019       , -2.229355013298489e+01, -2.237694650108092e+01,  1.673513517942158e+01
s1020       , -1.626620443538163e+01, -1.706108488715527e+01,  8.635245008660130e+00
s1021       , -2.225684084822025e+01, -2.217798282606205e+01,  1.643197004220241e+01
s1022       , -1.619907626993357e+01, -1.638048240994575e+01,  7.598196696321869e+00
s1023       , -2.164326276096592e+01, -2.132475609458605e+01,  1.513189052214701e+01
s1024       , -1.814482992541786e+01, -1.808853104210683e+01,  1.020078632931407e+01
s1025       , -1.966276460675046e+01, -1.999863727464082e+01,  1.311125537867422e+01
s1026       , -1.787958226759213e+01, -1.798269650147664e+01,  1.003952401331776e+01
s1027       , -2.228548280106830e+01, -2.278562534315998e+01,  1.735784772846212e+01
s1028       , -1.939576101741603e+01, -1.936726793215461e+01,  1.214922462942987e+01
s1029       , -2.072177297910414e+01, -1.995493722068237e+01,  1.304466868714099e+01
s1030       , -2.116639743005703e+01, -2.090465715815001e+01,  1.449177693509056e+01
s1031       , -1.871817432191781e+01, -1.896928692245875e+01,  1.154281259264160e+01
s1032       , -1.793076662035363e+01, -1.906728897174443e+01,  1.169214037680439e+01
s1033       , -2.190726556241366e+01, -2.186787425517599e+01,  1.595945108899852e+01
s1034       , -1.655942363042545e+01, -1.716900388794136e+01,  8.799683460446705e+00
s1035       , -1.920990065585595e+01, -1.954903039607468e+01,  1.242617991943644e+01
s1036       , -1.624542641970273e+01, -1.617936383210212e+01,  7.291748088335984e+00
s1037       , -1.865413258865576e+01, -1.912511954328656e+01,  1.178025803524315e+01
s1038       , -2.303917859954092e+01, -2.295408492504039e+01,  1.761453313725253e+01
s1039       , -2.268866240524940e+01, -2.334938943550465e+01,  1.821686693585617e+01
s1040       , -2.002650999928207e+01, -2.050695905896533e+01,  1.388579597499976e+01
s1041       , -2.439240447433291e+01, -2.420264532708888e+01,  1.951699088778191e+01
