# c0 + a0 * (cub_root_V - E_T)
# Property Label: $ln_{D}$; Unit of the Property: Unitless
# RMSE: 0.521694701051432; Max AE: 2.73093189054741
# Coefficients
# Task   a0                      c0
# all ,  7.378787232351625e-01, -1.065568134488363e+01, 
# Feature Rung, Units, and Expressions
# 0;  1; Unitless;                                         22|0|sub; (cub_root_V - E_T); $\left(cub_{root, V} - E_{T}\right)$; (cub_root_V - E_T); (newdata$cub_root_V - newdata$E_T); cub_root_V,E_T
# Number of Samples Per Task
# Task, n_samples               
# all , 1041                  

# Sample ID , Property Value        ,  Property Value (EST) ,  Feature 0 Value      
s1          , -2.244947812336508e+01, -2.194102985449757e+01, -1.529431348844747e+01
s2          , -2.298888400764099e+01, -2.312625419900412e+01, -1.690057249441262e+01
s3          , -1.755271246623431e+01, -1.781736401310557e+01, -9.705772022836216e+00
s4          , -1.917258847351942e+01, -1.936241943682071e+01, -1.179968715422932e+01
s5          , -2.000094091703784e+01, -2.056128811770029e+01, -1.342443745956847e+01
s6          , -2.179532463031582e+01, -2.143753237611706e+01, -1.461195544975384e+01
s7          , -2.156980503382011e+01, -2.066483133481645e+01, -1.356476298171144e+01
s8          , -2.070680399014268e+01, -2.152310934849768e+01, -1.472793246560465e+01
s9          , -2.311678210871720e+01, -2.283022030589922e+01, -1.649937662877367e+01
s10         , -1.955558688693647e+01, -1.921249256714219e+01, -1.159650082433872e+01
s11         , -1.929232032084748e+01, -1.965896978185582e+01, -1.220158293424981e+01
s12         , -1.972420304545977e+01, -1.895067618979105e+01, -1.124167777672024e+01
s13         , -1.649771434553038e+01, -1.729908328496957e+01, -9.003379188057556e+00
s14         , -1.814284237715737e+01, -1.871861318109702e+01, -1.092717757311418e+01
s15         , -2.140988745272463e+01, -2.129716519191309e+01, -1.442172475223684e+01
s16         , -2.271802967642396e+01, -2.234113832577478e+01, -1.583655499599897e+01
s17         , -1.845283706311921e+01, -1.844527934120934e+01, -1.055674564266188e+01
s18         , -2.106370881996578e+01, -2.106834770802667e+01, -1.411162300152747e+01
s19         , -2.166440903696862e+01, -2.231809701392511e+01, -1.580532857474014e+01
s20         , -1.957524373940041e+01, -1.983071151103015e+01, -1.243433355270014e+01
s21         , -2.230012329283520e+01, -2.241477859786703e+01, -1.593635496281381e+01
s22         , -1.709175230426198e+01, -1.714170534583933e+01, -8.790094898682423e+00
s23         , -2.271630669020732e+01, -2.342322405422021e+01, -1.730303680984111e+01
s24         , -1.997593461761007e+01, -2.008504251215885e+01, -1.277901214705452e+01
s25         , -2.228124530569044e+01, -2.239327383561775e+01, -1.590721092928619e+01
s26         , -1.806502239865187e+01, -1.762636556293900e+01, -9.446923997880083e+00
s27         , -2.017409009594002e+01, -2.019225174162436e+01, -1.292430598205692e+01
s28         , -1.658938425028538e+01, -1.705591636895698e+01, -8.673830566643929e+00
s29         , -2.262132344831001e+01, -2.314129492434677e+01, -1.692095623074901e+01
s30         , -1.697997334312175e+01, -1.737041438600217e+01, -9.100049682525617e+00
s31         , -1.964904728113367e+01, -1.894051868264190e+01, -1.122791195473717e+01
s32         , -2.151059652715050e+01, -2.170684317205663e+01, -1.497693520517868e+01
s33         , -2.289264810431292e+01, -2.341767401436347e+01, -1.729551519459192e+01
s34         , -2.302504917991390e+01, -2.253693871831578e+01, -1.610191078737148e+01
s35         , -2.244061385591441e+01, -2.216901394659818e+01, -1.560328579639129e+01
s36         , -2.239655424600443e+01, -2.149192252122382e+01, -1.468566694649992e+01
s37         , -2.226102540809307e+01, -2.186154283510374e+01, -1.518658979769606e+01
s38         , -2.102436377352775e+01, -2.095652655541655e+01, -1.396007892105874e+01
s39         , -2.141661104833067e+01, -1.979227474891552e+01, -1.238224265902847e+01
s40         , -1.990275935468409e+01, -1.905842804653606e+01, -1.138770699988659e+01
s41         , -1.952311408648237e+01, -1.913786251465018e+01, -1.149535947123831e+01
s42         , -1.862175379272403e+01, -1.946023553714323e+01, -1.193225108003769e+01
s43         , -2.257821044890805e+01, -2.173910309173771e+01, -1.502065501802224e+01
s44         , -1.984867902879579e+01, -1.948876711933359e+01, -1.197091811473043e+01
s45         , -1.928264199244582e+01, -1.934529565909574e+01, -1.177648038977637e+01
s46         , -2.007096062658339e+01, -2.058208037712210e+01, -1.345261588343011e+01
s47         , -1.842882744186564e+01, -1.910123891009348e+01, -1.144572583443126e+01
s48         , -1.712958329507449e+01, -1.738734173103214e+01, -9.122990234267977e+00
s49         , -2.142142340445580e+01, -2.230769122244090e+01, -1.579122626882382e+01
s50         , -2.022197746600499e+01, -2.031130423732450e+01, -1.308565024087789e+01
s51         , -2.208446385448407e+01, -2.222016161625022e+01, -1.567260297283431e+01
s52         , -2.030062191637932e+01, -2.051781096050858e+01, -1.336551563973188e+01
s53         , -1.881589086732163e+01, -1.805178153456825e+01, -1.002346314751710e+01
s54         , -2.389190768082197e+01, -2.479554906709577e+01, -1.916286142554317e+01
s55         , -1.989931101552115e+01, -1.978627845339579e+01, -1.237411626192430e+01
s56         , -2.293632659980805e+01, -2.309659163229033e+01, -1.686037270848610e+01
s57         , -2.165250835772914e+01, -2.177967692160712e+01, -1.507564214340175e+01
s58         , -2.493828100106786e+01, -2.492240665501203e+01, -1.933478342833526e+01
s59         , -2.019609135900962e+01, -2.005885027812598e+01, -1.274351548180575e+01
s60         , -1.686951544328429e+01, -1.761976585608822e+01, -9.437979835861363e+00
s61         , -1.698686520707895e+01, -1.756124343078781e+01, -9.358668123167138e+00
s62         , -1.961666852236879e+01, -1.967020111304911e+01, -1.221680404151259e+01
s63         , -2.363642228074260e+01, -2.319296855423339e+01, -1.699098620757238e+01
s64         , -2.123215125329894e+01, -2.097238381933056e+01, -1.398156926007336e+01
s65         , -2.229595939650926e+01, -2.170704660924989e+01, -1.497721091063929e+01
s66         , -2.209517036440609e+01, -2.200646277402337e+01, -1.538299055347912e+01
s67         , -2.100952424313996e+01, -2.047023739321885e+01, -1.330104221640134e+01
s68         , -2.306714632630091e+01, -2.283124165876157e+01, -1.650076080320531e+01
s69         , -2.116954741071400e+01, -2.162798566035679e+01, -1.487006464607908e+01
s70         , -2.268552320802911e+01, -2.126652514829131e+01, -1.438020025416291e+01
s71         , -1.844586653395837e+01, -1.934926941451444e+01, -1.178186576720163e+01
s72         , -2.185924535832699e+01, -2.142948759991506e+01, -1.460105287735449e+01
s73         , -1.814705961150877e+01, -1.879456800455454e+01, -1.103011430386107e+01
s74         , -2.269683109870329e+01, -2.346189270358300e+01, -1.735544196551935e+01
s75         , -2.162544692540680e+01, -2.109988619422921e+01, -1.415436510156291e+01
s76         , -1.799713371423827e+01, -1.870991790865453e+01, -1.091539342462381e+01
s77         , -1.808839931225978e+01, -1.791575971773351e+01, -9.839121449414780e+00
s78         , -1.710463489071706e+01, -1.766040946462020e+01, -9.493061527814456e+00
s79         , -2.130172009097587e+01, -2.155440902289044e+01, -1.477035091921654e+01
s80         , -2.075517304342145e+01, -2.130470202757595e+01, -1.443193894520045e+01
s81         , -1.679587307458704e+01, -1.726796181423602e+01, -8.961202242505994e+00
s82         , -1.961963418382102e+01, -1.918305078973298e+01, -1.155660026008323e+01
s83         , -1.732943596118787e+01, -1.745873565078984e+01, -9.219745862949999e+00
s84         , -2.091958911511147e+01, -2.155071259543525e+01, -1.476534138670288e+01
s85         , -1.931803893900067e+01, -1.901359841341932e+01, -1.132695225563785e+01
s86         , -2.124992178205270e+01, -2.015681815513084e+01, -1.287628510087719e+01
s87         , -2.000999990609716e+01, -1.989378048366910e+01, -1.251980691119791e+01
s88         , -1.933594922663024e+01, -1.940262482167783e+01, -1.185417494956898e+01
s89         , -2.128477820873118e+01, -2.088758107349336e+01, -1.386664150410639e+01
s90         , -2.009844325702736e+01, -2.031280320968827e+01, -1.308768170257555e+01
s91         , -2.185233402642529e+01, -2.185084567799958e+01, -1.517209262252714e+01
s92         , -1.852873985612102e+01, -1.813951074107696e+01, -1.014235694909479e+01
s93         , -2.244477787769646e+01, -2.176339542225329e+01, -1.505357686513699e+01
s94         , -2.069748145715988e+01, -2.080818859391811e+01, -1.375904593714497e+01
s95         , -1.839144268754908e+01, -1.811665691789273e+01, -1.011138461927337e+01
s96         , -2.061908691885885e+01, -2.083888262715664e+01, -1.380064360390511e+01
s97         , -2.336181657728519e+01, -2.400393914657879e+01, -1.809004295878180e+01
s98         , -1.913590175727989e+01, -1.871923225894847e+01, -1.092801656986521e+01
s99         , -1.764848235022367e+01, -1.772147541796640e+01, -9.575820321940487e+00
s100        , -2.003395952271198e+01, -1.948638412579812e+01, -1.196768859548773e+01
s101        , -2.047737186068138e+01, -2.065912590639085e+01, -1.355703077823958e+01
s102        , -1.813404261594337e+01, -1.816696743119836e+01, -1.017956725108183e+01
s103        , -2.094885731266024e+01, -2.066957894116375e+01, -1.357119710997370e+01
s104        , -1.695125455205811e+01, -1.659200836430295e+01, -8.045125618193774e+00
s105        , -2.089913046364001e+01, -2.139495704502368e+01, -1.455425581734444e+01
s106        , -2.193421435204462e+01, -2.218496221737280e+01, -1.562489947120319e+01
s107        , -1.938858975045087e+01, -1.923428502136273e+01, -1.162603474845703e+01
s108        , -2.184761912256448e+01, -2.188471266772952e+01, -1.521799039497063e+01
s109        , -1.765266017099491e+01, -1.854659139377821e+01, -1.069404740971199e+01
s110        , -2.222643790681205e+01, -2.118600428362370e+01, -1.427107545881093e+01
s111        , -2.198367498730207e+01, -2.156721788802132e+01, -1.478770995767034e+01
s112        , -2.341727175416096e+01, -2.256015667537233e+01, -1.613337660461954e+01
s113        , -2.064750776227555e+01, -1.985276473483858e+01, -1.246422088121903e+01
s114        , -2.335281852671257e+01, -2.303786235989060e+01, -1.678078066910294e+01
s115        , -2.467653405274963e+01, -2.500792206729326e+01, -1.945067701570732e+01
s116        , -2.119630992652875e+01, -2.050804921165815e+01, -1.335228616374477e+01
s117        , -1.681518237222159e+01, -1.761226441040825e+01, -9.427813604685758e+00
s118        , -1.725426000439147e+01, -1.738582744718246e+01, -9.120938021889444e+00
s119        , -2.026224064054247e+01, -2.035754012353253e+01, -1.314831079030438e+01
s120        , -2.061376236446881e+01, -2.008243672365032e+01, -1.277548068798616e+01
s121        , -2.090204853596659e+01, -2.092582751700769e+01, -1.391847447111028e+01
s122        , -1.679179791839329e+01, -1.711604935613020e+01, -8.755324971184528e+00
s123        , -1.729435756680531e+01, -1.761038344846945e+01, -9.425264456865698e+00
s124        , -1.927065840811719e+01, -1.958168148562885e+01, -1.209683903285622e+01
s125        , -2.074667074869674e+01, -2.094763079681793e+01, -1.394802306646027e+01
s126        , -1.981090987888966e+01, -1.968709119535519e+01, -1.223969409346047e+01
s127        , -1.791042209268825e+01, -1.745201089187274e+01, -9.210632225836816e+00
s128        , -2.199486439730610e+01, -2.195138533027890e+01, -1.530834760469889e+01
s129        , -1.847106084369403e+01, -1.846555505834370e+01, -1.058422402968660e+01
s130        , -2.183307419908922e+01, -2.034889776266177e+01, -1.313659834949449e+01
s131        , -1.937195493711046e+01, -1.983705413771179e+01, -1.244292931035233e+01
s132        , -1.756898825137140e+01, -1.781795942766355e+01, -9.706578950233942e+00
s133        , -1.952720456066259e+01, -1.961430664293125e+01, -1.214105382896711e+01
s134        , -1.792604080418195e+01, -1.882345316232750e+01, -1.106926051700341e+01
s135        , -2.163690184151209e+01, -2.198337396764991e+01, -1.535169976591958e+01
s136        , -2.266590946104735e+01, -2.213804876104342e+01, -1.556132065418067e+01
s137        , -1.871948299194560e+01, -1.839919570084018e+01, -1.049429142231642e+01
s138        , -2.098569970792443e+01, -2.072031705197626e+01, -1.363995923742745e+01
s139        , -1.946420871832499e+01, -1.938489005065701e+01, -1.183014014484787e+01
s140        , -1.890485827097119e+01, -1.974461506728043e+01, -1.231765253041475e+01
s141        , -2.048387804329865e+01, -2.139547534991016e+01, -1.455495824291949e+01
s142        , -1.712146112463541e+01, -1.729562805562305e+01, -8.998696535966209e+00
s143        , -2.146398341435241e+01, -2.167426645736888e+01, -1.493278606025563e+01
s144        , -2.296743054539722e+01, -2.150228320138300e+01, -1.469970811591291e+01
s145        , -2.169591974109321e+01, -2.144447594069221e+01, -1.462136562022833e+01
s146        , -2.268369172314783e+01, -2.251462913687735e+01, -1.607167603369729e+01
s147        , -2.121406114253308e+01, -2.135448791905617e+01, -1.449941059048918e+01
s148        , -2.139826235530006e+01, -2.048508271131845e+01, -1.332116112975680e+01
s149        , -1.818204101397333e+01, -1.857900263769992e+01, -1.073797230265321e+01
s150        , -2.236615053154114e+01, -2.155947943939582e+01, -1.477722253150962e+01
s151        , -2.007280490017163e+01, -1.984433459884529e+01, -1.245279605525803e+01
s152        , -2.043501428229088e+01, -2.056514206434008e+01, -1.342966046779249e+01
s153        , -2.294208833005412e+01, -2.263237058378894e+01, -1.623124351166355e+01
s154        , -1.941555486932839e+01, -1.992742704946890e+01, -1.256540595713905e+01
s155        , -2.030625886040805e+01, -2.103773863241208e+01, -1.407014047241972e+01
s156        , -1.755225478861601e+01, -1.771047319551713e+01, -9.560909711154707e+00
s157        , -1.981494689568535e+01, -1.895543184249419e+01, -1.124812280969568e+01
s158        , -2.120666701656112e+01, -2.082968334300218e+01, -1.378817640046804e+01
s159        , -2.199339551508707e+01, -2.158017932591995e+01, -1.480527576827104e+01
s160        , -1.822712376873660e+01, -1.784748830640807e+01, -9.746597557377196e+00
s161        , -1.850131544535105e+01, -1.997419378445199e+01, -1.262878593207321e+01
s162        , -2.165239460618542e+01, -2.127332015635054e+01, -1.438940909546062e+01
s163        , -2.054863013411503e+01, -2.065710981124832e+01, -1.355429849300213e+01
s164        , -2.244259094688993e+01, -2.292649260465778e+01, -1.662984833872684e+01
s165        , -2.169401378729562e+01, -2.109451324111188e+01, -1.414708348068385e+01
s166        , -1.893544650248816e+01, -1.911754336375388e+01, -1.146782222120457e+01
s167        , -1.990371422830687e+01, -2.072079747422978e+01, -1.364061032308476e+01
s168        , -2.358382467591309e+01, -2.442610542180694e+01, -1.866217800202740e+01
s169        , -2.234616115486217e+01, -2.318854334967064e+01, -1.698498900989829e+01
s170        , -1.980105726485419e+01, -2.013288231137879e+01, -1.284384637755000e+01
s171        , -2.225344967355102e+01, -2.208438408004196e+01, -1.548859233269421e+01
s172        , -2.076076397080535e+01, -2.055800641437147e+01, -1.341998997622806e+01
s173        , -2.167162181633835e+01, -2.117238782846862e+01, -1.425262194507445e+01
s174        , -2.217746151284670e+01, -2.185948033814135e+01, -1.518379462702987e+01
s175        , -1.912249737452136e+01, -1.960433361307203e+01, -1.212753801729618e+01
s176        , -2.262880123350610e+01, -2.247662691799142e+01, -1.602017404876498e+01
s177        , -1.998504477748202e+01, -2.016925981135369e+01, -1.289314648450445e+01
s178        , -1.778030448780716e+01, -1.830443464811182e+01, -1.036586780777867e+01
s179        , -2.322340610724453e+01, -2.306948909306061e+01, -1.682364236462838e+01
s180        , -1.682543251402466e+01, -1.680870166336092e+01, -8.338796234020595e+00
s181        , -1.586682207916231e+01, -1.554755497482977e+01, -6.629644514613682e+00
s182        , -2.348293513803748e+01, -2.289852199089254e+01, -1.659194154878363e+01
s183        , -2.155098810628208e+01, -2.121711442481041e+01, -1.431323705014984e+01
s184        , -2.324937775466465e+01, -2.297880188408989e+01, -1.670073977086188e+01
s185        , -2.378592453308165e+01, -2.364265516526883e+01, -1.760041780774622e+01
s186        , -2.071202883303041e+01, -2.121962777338257e+01, -1.431664323126472e+01
s187        , -2.027503475690737e+01, -2.019896433249509e+01, -1.293340312859247e+01
s188        , -2.214013663755619e+01, -2.222343549313324e+01, -1.567703984949159e+01
s189        , -2.074030596943589e+01, -2.064720480221890e+01, -1.354087486562608e+01
s190        , -1.914542963593283e+01, -1.913140974485488e+01, -1.148661444364487e+01
s191        , -1.679323473828856e+01, -1.715060469602598e+01, -8.802155620731208e+00
s192        , -1.690928184419942e+01, -1.736483585670737e+01, -9.092489457356974e+00
s193        , -2.273712334380998e+01, -2.275832222985035e+01, -1.640193774920598e+01
s194        , -2.090019731082972e+01, -2.130772900314761e+01, -1.443604121224833e+01
s195        , -1.910778599576077e+01, -1.961298557022463e+01, -1.213926346333516e+01
s196        , -1.918378235513936e+01, -1.922164838645725e+01, -1.160890912264947e+01
s197        , -2.010118773573690e+01, -2.034810579382155e+01, -1.313552504460673e+01
s198        , -2.040069724820686e+01, -2.013018494858883e+01, -1.284019081369511e+01
s199        , -2.033728659050214e+01, -1.962405668343575e+01, -1.215426743737926e+01
s200        , -1.788348829912646e+01, -1.821250489182322e+01, -1.024128126883423e+01
s201        , -1.891783601993355e+01, -2.016583497713172e+01, -1.288850502498797e+01
s202        , -2.174492495952721e+01, -2.162174196227890e+01, -1.486160296005768e+01
s203        , -2.185008698942601e+01, -2.206571143212065e+01, -1.546328648319168e+01
s204        , -2.086349108831322e+01, -2.089602217020941e+01, -1.387808118443628e+01
s205        , -2.088054945703831e+01, -2.124931283385661e+01, -1.435687350155073e+01
s206        , -2.114956534802060e+01, -2.100276383974993e+01, -1.402274136527539e+01
s207        , -1.936064601068155e+01, -1.841092114819214e+01, -1.051018217371328e+01
s208        , -2.173553987268506e+01, -2.156378279774020e+01, -1.478305459877063e+01
s209        , -1.958079034508013e+01, -1.966370000672803e+01, -1.220799350650681e+01
s210        , -2.077095411669474e+01, -2.128018877691756e+01, -1.439871769909795e+01
s211        , -2.106003856984427e+01, -2.099744384372131e+01, -1.401553151376307e+01
s212        , -1.921431398034701e+01, -1.901452932630554e+01, -1.132821386253462e+01
s213        , -1.891211086691480e+01, -1.856037374601545e+01, -1.071272575318938e+01
s214        , -1.797391097043976e+01, -1.757376270454519e+01, -9.375634696891467e+00
s215        , -2.046416066581664e+01, -2.062721791544911e+01, -1.351378791198394e+01
s216        , -2.054695205981560e+01, -1.996193201563797e+01, -1.261216833838484e+01
s217        , -2.064527960557822e+01, -2.110032229882818e+01, -1.415495612632788e+01
s218        , -2.267569057486860e+01, -2.259897387235286e+01, -1.618598307741542e+01
s219        , -1.969996813819463e+01, -2.049789773975900e+01, -1.333852852095134e+01
s220        , -2.056541179285701e+01, -2.131686099986812e+01, -1.444841722531518e+01
s221        , -2.147236245537334e+01, -2.188849088846803e+01, -1.522311077670754e+01
s222        , -1.817717386569833e+01, -1.827195227970676e+01, -1.032184652435875e+01
s223        , -2.049263974761081e+01, -2.065998459866719e+01, -1.355819450914726e+01
s224        , -2.147370851727396e+01, -2.138694397235144e+01, -1.454339621071816e+01
s225        , -2.297636192643720e+01, -2.212819809404454e+01, -1.554797067309475e+01
s226        , -2.349615644619751e+01, -2.232312924746493e+01, -1.581214844009384e+01
s227        , -1.994214785348108e+01, -2.033165797865181e+01, -1.311323436911792e+01
s228        , -1.935600154849446e+01, -1.967055110464647e+01, -1.221727836281545e+01
s229        , -1.931982821700711e+01, -1.912563963648907e+01, -1.147879458357286e+01
s230        , -1.663964761443124e+01, -1.731139553191248e+01, -9.020065191536464e+00
s231        , -1.912412961575534e+01, -1.936286418098880e+01, -1.180028988765162e+01
s232        , -2.205202611453251e+01, -2.207173571617402e+01, -1.547145081137146e+01
s233        , -2.108987100746543e+01, -2.037050060153899e+01, -1.316587530002439e+01
s234        , -2.119865480781422e+01, -2.084164900107902e+01, -1.380439269414890e+01
s235        , -1.634470488909293e+01, -1.614375493302388e+01, -7.437636315190508e+00
s236        , -2.035495556536669e+01, -2.146594805094507e+01, -1.465046540258650e+01
s237        , -2.057488800817375e+01, -2.035915608037820e+01, -1.315050079361357e+01
s238        , -2.181497599002021e+01, -2.078299483529277e+01, -1.372490244197157e+01
s239        , -1.938605784207409e+01, -1.889301417968597e+01, -1.116353212989596e+01
s240        , -1.879589433372550e+01, -1.856578069065347e+01, -1.072005344060976e+01
s241        , -1.732119998261703e+01, -1.698246735765985e+01, -8.574289803393439e+00
s242        , -2.017650413285683e+01, -2.047326606101161e+01, -1.330514677680863e+01
s243        , -1.996072124442394e+01, -2.013197667901881e+01, -1.284261903173902e+01
s244        , -2.121993688931675e+01, -2.095020484601476e+01, -1.395151151126262e+01
s245        , -2.152256201120388e+01, -2.184243910987986e+01, -1.516069973660293e+01
s246        , -1.806013829922115e+01, -1.807236782482079e+01, -1.005136243449244e+01
s247        , -1.662499542985015e+01, -1.715330307578131e+01, -8.805812562814447e+00
s248        , -2.087245838906029e+01, -2.027868650635520e+01, -1.304144550920289e+01
s249        , -2.031192930505803e+01, -1.997689558300609e+01, -1.263244750743651e+01
s250        , -1.829082894515480e+01, -1.842091802397418e+01, -1.052373030224340e+01
s251        , -2.316191337748571e+01, -2.323020401371940e+01, -1.704144905236449e+01
s252        , -1.836403387539604e+01, -1.851588368831132e+01, -1.065243121385225e+01
s253        , -1.948978591890307e+01, -2.039913462854219e+01, -1.320468117164196e+01
s254        , -1.974328758235917e+01, -2.044671041321112e+01, -1.326915760004519e+01
s255        , -2.045692599174058e+01, -2.040921933196017e+01, -1.321834832736881e+01
s256        , -1.776850461240055e+01, -1.793308147293647e+01, -9.862596520124256e+00
s257        , -2.163660994039700e+01, -2.138562136294274e+01, -1.454160376249185e+01
s258        , -1.860059101905129e+01, -1.887765872116242e+01, -1.114272185574111e+01
s259        , -2.094542362420654e+01, -2.116065872698676e+01, -1.423672624146826e+01
s260        , -1.742875942837962e+01, -1.770670999017745e+01, -9.555809678830723e+00
s261        , -2.065616574581777e+01, -2.061314773189150e+01, -1.349471948906491e+01
s262        , -2.014040040752147e+01, -1.919715621249958e+01, -1.157571644045600e+01
s263        , -1.686996628366655e+01, -1.658244541312748e+01, -8.032165560023866e+00
s264        , -2.074271161967796e+01, -1.983188254864033e+01, -1.243592058532936e+01
s265        , -2.059536695716665e+01, -2.019404309171540e+01, -1.292673368465172e+01
s266        , -2.198651133619990e+01, -2.143586433099892e+01, -1.460969485452916e+01
s267        , -1.899333543245141e+01, -1.903026782595088e+01, -1.134954324790616e+01
s268        , -1.857298059991068e+01, -1.821236178368095e+01, -1.024108732349097e+01
s269        , -2.106917022960664e+01, -2.123966618606462e+01, -1.434380001469140e+01
s270        , -1.920756052964929e+01, -2.000981669843605e+01, -1.267706339673281e+01
s271        , -1.965184309682283e+01, -1.986931025385883e+01, -1.248664396850864e+01
s272        , -2.112049940018463e+01, -2.090610370738899e+01, -1.389174404916205e+01
s273        , -1.945398506004425e+01, -1.898563789362725e+01, -1.128905914541306e+01
s274        , -2.135203005648119e+01, -2.162981516018493e+01, -1.487254405058084e+01
s275        , -2.088724638081418e+01, -2.067114262093715e+01, -1.357331626549908e+01
s276        , -1.839432489855567e+01, -1.877183309616038e+01, -1.099930313167483e+01
s277        , -2.199306195501885e+01, -1.926213006447144e+01, -1.166377136049352e+01
s278        , -2.276883612887764e+01, -2.277067885398790e+01, -1.641868389426811e+01
s279        , -2.262380984036664e+01, -2.293157067992269e+01, -1.663673033044853e+01
s280        , -1.620731240668889e+01, -1.639977699355804e+01, -7.784606694566205e+00
s281        , -2.072632910940930e+01, -1.935369968555341e+01, -1.178786983114801e+01
s282        , -1.840721485531197e+01, -1.842235659505994e+01, -1.052567990593905e+01
s283        , -1.945843055355910e+01, -2.002246801457918e+01, -1.269420891908594e+01
s284        , -2.290375248734285e+01, -2.396909399005321e+01, -1.804281953923015e+01
s285        , -2.162506652538119e+01, -2.110368525553800e+01, -1.415951372719632e+01
s286        , -2.308167299949378e+01, -2.396768549333759e+01, -1.804091069341136e+01
s287        , -1.888746545864790e+01, -1.824036314633340e+01, -1.027903578544103e+01
s288        , -2.031934863671701e+01, -2.061427818120084e+01, -1.349625151495716e+01
s289        , -2.410980627565496e+01, -2.435711219633684e+01, -1.856867588128918e+01
s290        , -2.087284446952964e+01, -2.093868549420954e+01, -1.393590006802338e+01
s291        , -2.204275686911580e+01, -2.016172790297198e+01, -1.288293896917092e+01
s292        , -1.820983264392220e+01, -1.783288400955374e+01, -9.726805284752373e+00
s293        , -1.668568749246811e+01, -1.669543076568818e+01, -8.185287406477615e+00
s294        , -2.280852590517532e+01, -2.340285073308110e+01, -1.727542614633021e+01
s295        , -1.673628435422914e+01, -1.735943312739232e+01, -9.085167482695129e+00
s296        , -2.103716924286631e+01, -2.000919843661372e+01, -1.267622550589404e+01
s297        , -2.124288787488653e+01, -2.077648428718250e+01, -1.371607911111074e+01
s298        , -2.177880180045448e+01, -2.157443879542054e+01, -1.479749599319602e+01
s299        , -1.893486515270964e+01, -1.943729081257304e+01, -1.190115555736211e+01
s300        , -1.774017522269403e+01, -1.717830706956654e+01, -8.839698881795979e+00
s301        , -2.283171483494903e+01, -2.302391696706918e+01, -1.676188136711430e+01
s302        , -1.721456897049112e+01, -1.766934568371787e+01, -9.505172215948262e+00
s303        , -2.130552121943375e+01, -2.004899950337546e+01, -1.273016535469092e+01
s304        , -2.313677054561944e+01, -2.310610221235004e+01, -1.687326179142105e+01
s305        , -1.858159986173835e+01, -1.890528913499816e+01, -1.118016759440477e+01
s306        , -2.163460095493751e+01, -2.168246398300142e+01, -1.494389564422167e+01
s307        , -1.987289536762319e+01, -2.063569443025678e+01, -1.352527559219582e+01
s308        , -2.028550026196297e+01, -1.854037248189240e+01, -1.068561931483680e+01
s309        , -2.129242792516701e+01, -2.153438952313422e+01, -1.474321976727270e+01
s310        , -1.894855963686166e+01, -1.921690412059406e+01, -1.160247952153238e+01
s311        , -2.010039836844276e+01, -2.033343616934131e+01, -1.311564423761461e+01
s312        , -1.830057188159682e+01, -1.884154574486520e+01, -1.109378024086586e+01
s313        , -1.990312271450173e+01, -1.936172416613633e+01, -1.179874489818847e+01
s314        , -1.980645538479249e+01, -1.986129014750946e+01, -1.247577482958808e+01
s315        , -1.914671781515828e+01, -1.966692553473010e+01, -1.221236485900757e+01
s316        , -2.257620253811652e+01, -2.219412355182454e+01, -1.563731524382714e+01
s317        , -1.647333233405121e+01, -1.633927179598083e+01, -7.702607856990390e+00
s318        , -2.027102701488289e+01, -1.996709171244738e+01, -1.261916094658309e+01
s319        , -1.996146248057647e+01, -1.982031214679358e+01, -1.242023995722286e+01
s320        , -2.548773082504399e+01, -2.489105234560907e+01, -1.929229093137657e+01
s321        , -1.727661852750149e+01, -1.761606401105893e+01, -9.432962961254853e+00
s322        , -2.011073789818953e+01, -2.064525397021701e+01, -1.353823102736315e+01
s323        , -2.178223238748198e+01, -2.128887049327433e+01, -1.441048347588943e+01
s324        , -1.879130547869734e+01, -1.926197582372725e+01, -1.166356232784447e+01
s325        , -2.032679436678044e+01, -1.998114510259251e+01, -1.263820661046064e+01
s326        , -2.071891083121713e+01, -1.995969519410626e+01, -1.260913691674159e+01
s327        , -1.834375983430116e+01, -1.933677225043805e+01, -1.176492915731865e+01
s328        , -2.099505369246730e+01, -2.091073217197148e+01, -1.389801671218478e+01
s329        , -2.140321290954873e+01, -2.053841695899435e+01, -1.339344163601948e+01
s330        , -2.114112529442132e+01, -2.148010839479083e+01, -1.466965601399710e+01
s331        , -1.934637322166436e+01, -2.000623818925916e+01, -1.267221367134543e+01
s332        , -1.962462779654497e+01, -2.020610089364949e+01, -1.294307485502890e+01
s333        , -2.293624249800790e+01, -2.305684818351936e+01, -1.680651094567944e+01
s334        , -1.807355423930957e+01, -1.819735729393457e+01, -1.022075269494850e+01
s335        , -1.850164643907080e+01, -1.847413236488649e+01, -1.059584830651245e+01
s336        , -2.151296308555482e+01, -2.122959834007004e+01, -1.433015570475597e+01
s337        , -1.775953587894473e+01, -1.597208719051285e+01, -7.204985966148909e+00
s338        , -2.118082550420247e+01, -2.114353370662143e+01, -1.421351779294403e+01
s339        , -1.761381998690202e+01, -1.833659228933708e+01, -1.040944900915044e+01
s340        , -1.906967392812366e+01, -1.911897617454004e+01, -1.146976401833335e+01
s341        , -2.371082699534004e+01, -2.396753667143057e+01, -1.804070900456693e+01
s342        , -1.901967676945428e+01, -1.920833648905925e+01, -1.159086835662814e+01
s343        , -1.943128604912865e+01, -1.867570916735320e+01, -1.086903249805941e+01
s344        , -2.171448714042025e+01, -2.242959308943956e+01, -1.595643209894206e+01
s345        , -1.896311499883081e+01, -1.880065326021566e+01, -1.103836126297441e+01
s346        , -2.211462969107367e+01, -2.167195718333191e+01, -1.492965644835024e+01
s347        , -1.640817037109120e+01, -1.705263208952887e+01, -8.669379592080377e+00
s348        , -2.058778590237884e+01, -2.070153923250417e+01, -1.361451085562596e+01
s349        , -1.918353701640313e+01, -1.939937265365268e+01, -1.184976749354301e+01
s350        , -2.047073332015930e+01, -2.088038349391585e+01, -1.385688708329052e+01
s351        , -2.167714580870165e+01, -2.189950258429977e+01, -1.523803422616474e+01
s352        , -2.086238589025425e+01, -2.108431583406351e+01, -1.413326358491065e+01
s353        , -1.920058764071421e+01, -1.989188434402529e+01, -1.251723719400171e+01
s354        , -2.053223705409261e+01, -2.002787403103034e+01, -1.270153534859386e+01
s355        , -1.704257081119439e+01, -1.783343488007806e+01, -9.727551844460598e+00
s356        , -2.127143545968418e+01, -2.124683911991490e+01, -1.435352103472410e+01
s357        , -1.906625211198675e+01, -1.961875362108766e+01, -1.214708053500479e+01
s358        , -2.032987192881253e+01, -1.990696226724490e+01, -1.253767134224967e+01
s359        , -2.136102912880764e+01, -2.142945121745080e+01, -1.460100357051976e+01
s360        , -1.881386071055488e+01, -1.816012961847231e+01, -1.017030039934762e+01
s361        , -2.182643688719446e+01, -2.076388192545682e+01, -1.369899993355914e+01
s362        , -2.091897008712596e+01, -2.114278716375410e+01, -1.421250605098181e+01
s363        , -1.798497754334610e+01, -1.866666844409151e+01, -1.085678018209338e+01
s364        , -1.789393844733154e+01, -1.797558900185422e+01, -9.920204264566838e+00
s365        , -2.184332997178521e+01, -2.101446341772716e+01, -1.403859705755764e+01
s366        , -2.293131491804218e+01, -2.248551149760098e+01, -1.603221475319214e+01
s367        , -2.320311495695380e+01, -2.236694128376013e+01, -1.587152410023364e+01
s368        , -1.944159222026194e+01, -2.012309677364486e+01, -1.283058466200544e+01
s369        , -2.221834550731525e+01, -2.253112588048274e+01, -1.609403301877618e+01
s370        , -1.739352775780219e+01, -1.794380653990310e+01, -9.877131519750769e+00
s371        , -2.131349702655302e+01, -2.086590411534322e+01, -1.383726410445039e+01
s372        , -2.230067528571091e+01, -2.161091599379871e+01, -1.484693121504147e+01
s373        , -1.609460498694387e+01, -1.594520831478349e+01, -7.168558739176555e+00
s374        , -1.846307154319872e+01, -1.860064723819217e+01, -1.076730585003801e+01
s375        , -2.092466765927065e+01, -2.122903166643891e+01, -1.432938772810440e+01
s376        , -2.335896110191541e+01, -2.420124231099000e+01, -1.835743536108087e+01
s377        , -2.209438728501526e+01, -2.206482462997816e+01, -1.546208465677419e+01
s378        , -2.111108779470583e+01, -2.170708187185474e+01, -1.497725869979994e+01
s379        , -1.875225846070942e+01, -1.848352494828151e+01, -1.060857747608903e+01
s380        , -1.834869608623442e+01, -1.873034453109324e+01, -1.094307632398856e+01
s381        , -2.068155326614140e+01, -2.020648473396070e+01, -1.294359504933608e+01
s382        , -1.804666933121612e+01, -1.845272879638765e+01, -1.056684141442455e+01
s383        , -2.062194236740874e+01, -2.117418010939700e+01, -1.425505090917376e+01
s384        , -1.800916137079852e+01, -1.888431118955408e+01, -1.115173752211308e+01
s385        , -2.216424509641620e+01, -2.224585379750244e+01, -1.570742194842365e+01
s386        , -2.182057698940036e+01, -2.185396195573438e+01, -1.517631591510446e+01
s387        , -1.799817167842237e+01, -1.766544292726455e+01, -9.499883058895183e+00
s388        , -2.351217009702901e+01, -2.397317588631079e+01, -1.804835147304128e+01
s389        , -2.149803565649794e+01, -2.205880636565888e+01, -1.545392848675631e+01
s390        , -2.025125341850577e+01, -1.983715522141663e+01, -1.244306630265426e+01
s391        , -1.925641978436478e+01, -1.934528795758733e+01, -1.177646995241293e+01
s392        , -1.954014294555121e+01, -2.038034376846412e+01, -1.317921511673840e+01
s393        , -2.007195889273447e+01, -2.048995904977735e+01, -1.332776972044434e+01
s394        , -1.933645012315517e+01, -1.904003703797122e+01, -1.136278283825172e+01
s395        , -2.191328817199827e+01, -2.055988711694710e+01, -1.342253877254976e+01
s396        , -1.985518647713905e+01, -1.884740669216728e+01, -1.110172320915797e+01
s397        , -1.859895904181181e+01, -1.868966525766240e+01, -1.088794629767138e+01
s398        , -2.089338265909714e+01, -2.094724715395245e+01, -1.394750313973871e+01
s399        , -1.650074457052408e+01, -1.688221554208171e+01, -8.438424907955611e+00
s400        , -1.659170957499870e+01, -1.667224118833573e+01, -8.153860050433551e+00
s401        , -1.654426837808786e+01, -1.704914918411229e+01, -8.664659432375396e+00
s402        , -1.877939202276407e+01, -1.905071804896773e+01, -1.137725813163012e+01
s403        , -2.106694758002669e+01, -2.072692407639433e+01, -1.364891331647869e+01
s404        , -2.165676773412189e+01, -2.211653968821309e+01, -1.553217077879731e+01
s405        , -2.212611753855641e+01, -2.186606583147488e+01, -1.519271952637466e+01
s406        , -1.885653015374473e+01, -1.918209389587099e+01, -1.155530344282605e+01
s407        , -1.790225292709843e+01, -1.773748890295976e+01, -9.597522377426181e+00
s408        , -1.653237145459570e+01, -1.713043222530950e+01, -8.774817156995542e+00
s409        , -1.984138826084547e+01, -2.050291181999032e+01, -1.334532378428314e+01
s410        , -1.632163885458830e+01, -1.684016517182190e+01, -8.381436721502102e+00
s411        , -1.826950002229553e+01, -1.855781690210107e+01, -1.070926062560964e+01
s412        , -2.254085603631221e+01, -2.286349634076509e+01, -1.654447351775831e+01
s413        , -1.907038707751166e+01, -1.986054795014169e+01, -1.247476897680443e+01
s414        , -1.996831080241482e+01, -2.027551939578213e+01, -1.303715332612004e+01
s415        , -2.069762370804266e+01, -2.021952164515738e+01, -1.296126314408682e+01
s416        , -1.735494379178349e+01, -1.805356898862303e+01, -1.002588557006230e+01
s417        , -1.714858900796163e+01, -1.693844910439025e+01, -8.514634670532843e+00
s418        , -2.014294405560549e+01, -2.028641960736977e+01, -1.305192568808739e+01
s419        , -1.771416578387462e+01, -1.800615805990795e+01, -9.961632560425137e+00
s420        , -2.335906844703241e+01, -2.346770320408772e+01, -1.736331656648255e+01
s421        , -2.045819521600993e+01, -1.976610793817927e+01, -1.234678044835309e+01
s422        , -1.913624718404630e+01, -1.914476763966383e+01, -1.150471754702530e+01
s423        , -2.001718266940652e+01, -2.028466376388081e+01, -1.304954610532715e+01
s424        , -2.199980092896302e+01, -2.119671972317099e+01, -1.428559741100968e+01
s425        , -1.799669141475633e+01, -1.878746161998392e+01, -1.102048347382513e+01
s426        , -2.179879403652462e+01, -2.103509382397614e+01, -1.406655613213093e+01
s427        , -1.855895626610580e+01, -1.945367744329420e+01, -1.192336331346777e+01
s428        , -2.201089453299450e+01, -2.260103418434272e+01, -1.618877528692760e+01
s429        , -2.010895188317044e+01, -2.027600822824930e+01, -1.303781580960380e+01
s430        , -2.197039083997888e+01, -2.106953017008082e+01, -1.411322551697739e+01
s431        , -2.053790779896415e+01, -2.063294315154809e+01, -1.352154695953294e+01
s432        , -2.056150222449639e+01, -1.975647085970487e+01, -1.233371993017993e+01
s433        , -1.961788415450921e+01, -1.960431565337765e+01, -1.212751367766717e+01
s434        , -2.169585176655818e+01, -2.117116532460573e+01, -1.425096516351347e+01
s435        , -1.969212203292086e+01, -1.991766036932481e+01, -1.255216979808399e+01
s436        , -1.841763911968392e+01, -1.830911487691451e+01, -1.037221062354949e+01
s437        , -2.085473352476042e+01, -2.012188360845141e+01, -1.282894053654790e+01
s438        , -2.075193174001312e+01, -2.109984682911595e+01, -1.415431175253412e+01
s439        , -1.747889033992054e+01, -1.767594499217498e+01, -9.514115838049428e+00
s440        , -2.292628299240021e+01, -2.289554950218819e+01, -1.658791312431394e+01
s441        , -1.928590410708185e+01, -1.919561325605930e+01, -1.157362536994307e+01
s442        , -2.265396374356312e+01, -2.246331634329797e+01, -1.600213507532083e+01
s443        , -1.939450551490213e+01, -1.933854933948643e+01, -1.176733753283136e+01
s444        , -2.014197468633274e+01, -2.022204390152796e+01, -1.296468139737312e+01
s445        , -2.136890748153691e+01, -2.162390275841755e+01, -1.486453134933170e+01
s446        , -1.984877428373165e+01, -1.991685337210841e+01, -1.255107612619594e+01
s447        , -2.124129540469972e+01, -2.090291239715397e+01, -1.388741906981988e+01
s448        , -1.996883442559681e+01, -2.018499945230668e+01, -1.291447741661749e+01
s449        , -2.213132573342666e+01, -2.208463709015914e+01, -1.548893522117875e+01
s450        , -2.393776981346641e+01, -2.275399676998603e+01, -1.639607572916378e+01
s451        , -1.778758837631850e+01, -1.824964657730924e+01, -1.029161702770145e+01
s452        , -2.093231028730361e+01, -2.127529987471733e+01, -1.439209208157263e+01
s453        , -1.913112365245808e+01, -1.955386636328150e+01, -1.205914297052040e+01
s454        , -1.694745233262931e+01, -1.755870214449814e+01, -9.355224079844504e+00
s455        , -1.959305905778561e+01, -1.952006841224674e+01, -1.201333876181985e+01
s456        , -1.690137029519855e+01, -1.727880805261606e+01, -8.975901458025421e+00
s457        , -1.744399185749123e+01, -1.734779478391454e+01, -9.069394777626808e+00
s458        , -2.020627098912283e+01, -2.000675613299072e+01, -1.267291560747023e+01
s459        , -1.884232545378780e+01, -1.884342642889584e+01, -1.109632901205470e+01
s460        , -2.233016805188693e+01, -2.233146752463295e+01, -1.582344877564418e+01
s461        , -1.623645396367353e+01, -1.650502655031947e+01, -7.927244710065521e+00
s462        , -2.313545884021418e+01, -2.230885188142796e+01, -1.579279923596666e+01
s463        , -2.090493117250811e+01, -2.062912693403591e+01, -1.351637508319065e+01
s464        , -1.633431188033305e+01, -1.661206710584834e+01, -8.072309952033144e+00
s465        , -1.999082968954132e+01, -2.024927829170839e+01, -1.300159043041993e+01
s466        , -1.900684695054017e+01, -1.806871168952057e+01, -1.004640750736812e+01
s467        , -1.783078222536251e+01, -1.829367294959775e+01, -1.035128316375086e+01
s468        , -1.945030486126850e+01, -1.851465366397021e+01, -1.065076424026652e+01
s469        , -2.270314762369042e+01, -2.258254851871265e+01, -1.616372284260583e+01
s470        , -2.119907484802825e+01, -2.119761369454671e+01, -1.428680895343199e+01
s471        , -1.972012875359749e+01, -2.002475165137822e+01, -1.269730378647693e+01
s472        , -1.766462305551830e+01, -1.762667519475076e+01, -9.447343622138128e+00
s473        , -2.127822401317911e+01, -2.131075414985628e+01, -1.444014100075478e+01
s474        , -1.654177405306909e+01, -1.699026592321202e+01, -8.584858702192928e+00
s475        , -2.297159509003216e+01, -2.365510718211954e+01, -1.761729323247200e+01
s476        , -2.252587602064435e+01, -2.217376696884112e+01, -1.560972726447172e+01
s477        , -2.178946083596680e+01, -2.086079191316150e+01, -1.383033586269365e+01
s478        , -1.788602657411998e+01, -1.777478721570314e+01, -9.648070403231626e+00
s479        , -1.952938513246325e+01, -1.909570370758482e+01, -1.143822432729417e+01
s480        , -2.203955610850313e+01, -2.158992484219930e+01, -1.481848324528924e+01
s481        , -1.615402914764109e+01, -1.752733606841177e+01, -9.312715636249816e+00
s482        , -2.215324565636576e+01, -2.184829866170650e+01, -1.516864081369613e+01
s483        , -2.217560840271064e+01, -2.178115719676980e+01, -1.507764826597456e+01
s484        , -2.403070638423247e+01, -2.423225035680639e+01, -1.839945858907210e+01
s485        , -1.896886917982663e+01, -1.955718631592747e+01, -1.206364229072225e+01
s486        , -2.293847835350512e+01, -2.324757547757280e+01, -1.706499149003939e+01
s487        , -1.935879902533930e+01, -1.921414862606338e+01, -1.159874517543469e+01
s488        , -2.071941340396909e+01, -2.024571793072835e+01, -1.299676530012693e+01
s489        , -2.120929532988995e+01, -2.131720363548808e+01, -1.444888157753076e+01
s490        , -2.336106814107168e+01, -2.296496846074603e+01, -1.668199221396904e+01
s491        , -1.878377211600346e+01, -1.875877898990731e+01, -1.098161173356021e+01
s492        , -2.196689093989351e+01, -2.227251336746677e+01, -1.574355196427158e+01
s493        , -2.118321097196467e+01, -2.012400842120645e+01, -1.283182015983576e+01
s494        , -2.014379663919148e+01, -2.079451118065569e+01, -1.374050981077118e+01
s495        , -1.971897958689983e+01, -1.990382284867732e+01, -1.253341668837672e+01
s496        , -2.171934681583978e+01, -2.140093902749689e+01, -1.456236281688900e+01
s497        , -1.930074135275753e+01, -1.919454809832732e+01, -1.157218182956382e+01
s498        , -2.146882601091719e+01, -2.173879701235130e+01, -1.502024020813983e+01
s499        , -1.852368794388046e+01, -1.846691654927505e+01, -1.058606917156219e+01
s500        , -2.050589701281523e+01, -2.077168920187195e+01, -1.370958063763596e+01
s501        , -2.141899489528082e+01, -2.127609766282061e+01, -1.439317327293668e+01
s502        , -1.777920620854658e+01, -1.802735761633835e+01, -9.990362967960742e+00
s503        , -2.264989988763092e+01, -2.250876481859453e+01, -1.606372849692986e+01
s504        , -1.994570445298742e+01, -2.047548954260973e+01, -1.330816011969019e+01
s505        , -2.256898602446125e+01, -2.239282591933453e+01, -1.590660389689846e+01
s506        , -2.050664132584332e+01, -2.035273224815782e+01, -1.314179498327089e+01
s507        , -2.255451727781655e+01, -2.158685253491969e+01, -1.481431954306710e+01
s508        , -2.063695726234980e+01, -2.081526124201150e+01, -1.376863104628375e+01
s509        , -2.049565878814769e+01, -2.050778776497571e+01, -1.335193184172111e+01
s510        , -1.886667658587990e+01, -1.859033752128115e+01, -1.075333374786678e+01
s511        , -2.270091090950000e+01, -2.303506834136110e+01, -1.677699411388523e+01
s512        , -2.052865138648571e+01, -2.107371378361101e+01, -1.411889530172447e+01
s513        , -1.872228566034903e+01, -1.903915321116497e+01, -1.136158504411777e+01
s514        , -2.338235400416073e+01, -2.330333029797865e+01, -1.714055244423168e+01
s515        , -2.063189590001077e+01, -2.130855935132754e+01, -1.443716653020883e+01
s516        , -2.353360034901451e+01, -2.340139163848981e+01, -1.727344872843571e+01
s517        , -2.274108402549141e+01, -2.248338716920372e+01, -1.602933578632351e+01
s518        , -2.095244706423326e+01, -2.187051232663426e+01, -1.519874557783727e+01
s519        , -2.165153402286209e+01, -2.072589732615864e+01, -1.364752182733100e+01
s520        , -1.917430642162448e+01, -1.991472566891308e+01, -1.254819258567859e+01
s521        , -2.048146586988528e+01, -1.953884195131121e+01, -1.203878134265773e+01
s522        , -1.837039701152461e+01, -1.922755582053557e+01, -1.161691509150628e+01
s523        , -2.237538522976599e+01, -2.200874596298299e+01, -1.538608481394189e+01
s524        , -2.219430447580721e+01, -2.147381048624226e+01, -1.466112085998025e+01
s525        , -2.096151325596525e+01, -2.075771170868434e+01, -1.369063783206714e+01
s526        , -2.193172581512368e+01, -2.154519128698572e+01, -1.475785870929849e+01
s527        , -2.063376120076111e+01, -2.001042486010734e+01, -1.267788759948069e+01
s528        , -1.776721144005281e+01, -1.787868401546461e+01, -9.788875113395850e+00
s529        , -2.226349149791107e+01, -2.256414966733261e+01, -1.613878805210345e+01
s530        , -2.300566448791293e+01, -2.303807606878275e+01, -1.678107029514232e+01
s531        , -1.846679125419261e+01, -1.772753654848434e+01, -9.584034585785053e+00
s532        , -1.859817726729017e+01, -1.959250997758599e+01, -1.211151419777989e+01
s533        , -2.134099683522431e+01, -2.227434269737388e+01, -1.574603113849019e+01
s534        , -2.286936511308830e+01, -2.305219541624669e+01, -1.680020534676982e+01
s535        , -1.777040539985326e+01, -1.816954530951368e+01, -1.018306088524438e+01
s536        , -1.995222678224889e+01, -2.003701584905093e+01, -1.271392467184267e+01
s537        , -2.015268820600640e+01, -2.068176294789099e+01, -1.358770931766255e+01
s538        , -1.740140208992538e+01, -1.796941746834044e+01, -9.911840378579290e+00
s539        , -1.924950405987826e+01, -2.017804263150483e+01, -1.290504928082392e+01
s540        , -2.157643164881004e+01, -2.101602677628605e+01, -1.404071577776145e+01
s541        , -1.586673793577160e+01, -1.624330490065861e+01, -7.572550040847572e+00
s542        , -2.009907109345192e+01, -2.044055311311995e+01, -1.326081300370803e+01
s543        , -1.879069098033760e+01, -1.872730038872594e+01, -1.093895079187679e+01
s544        , -2.248614661420541e+01, -2.135879611213515e+01, -1.450524920995781e+01
s545        , -1.987972862262733e+01, -2.006714318626564e+01, -1.275475433160385e+01
s546        , -2.126472237694319e+01, -2.078668128983660e+01, -1.372989845883415e+01
s547        , -1.738356621674509e+01, -1.764784546087767e+01, -9.476034334392418e+00
s548        , -1.943625792183643e+01, -1.988540911286265e+01, -1.250846172594884e+01
s549        , -2.233202963006129e+01, -2.254986606841965e+01, -1.611943040095674e+01
s550        , -2.412763530103872e+01, -2.390314755206065e+01, -1.795344653535300e+01
s551        , -1.731823103856605e+01, -1.734933201363773e+01, -9.071478087085097e+00
s552        , -2.060923402045430e+01, -2.100481387254545e+01, -1.402551964405070e+01
s553        , -1.992869680942914e+01, -1.985170577499096e+01, -1.246278574043740e+01
s554        , -1.812921854031919e+01, -1.766713916050170e+01, -9.502181855680794e+00
s555        , -2.102602816640752e+01, -1.997167137944862e+01, -1.262536747735438e+01
s556        , -1.941820686683750e+01, -1.923359914268563e+01, -1.162510522080499e+01
s557        , -2.190718211184164e+01, -2.122909876418311e+01, -1.432947866140020e+01
s558        , -1.909304407213536e+01, -1.898211377268647e+01, -1.128428312893528e+01
s559        , -2.023025085829861e+01, -2.053649726743231e+01, -1.339084000040974e+01
s560        , -2.107002513254548e+01, -2.154655093565430e+01, -1.475970135447278e+01
s561        , -2.121559386756793e+01, -2.061642228597789e+01, -1.349915728349274e+01
s562        , -1.764234380631898e+01, -1.824439939265174e+01, -1.028450585279932e+01
s563        , -1.646928563220792e+01, -1.737052387197953e+01, -9.100198061891909e+00
s564        , -1.863449571719480e+01, -1.860338331604157e+01, -1.077101388194521e+01
s565        , -2.028655126138008e+01, -2.063765622383581e+01, -1.352793428598554e+01
s566        , -1.821002786093300e+01, -1.826943263979640e+01, -1.031843181699422e+01
s567        , -2.066943738863287e+01, -2.099890961159088e+01, -1.401751797552626e+01
s568        , -2.062629415098700e+01, -2.088903409852984e+01, -1.386861069632012e+01
s569        , -2.065075063553067e+01, -2.124657609094602e+01, -1.435316456832848e+01
s570        , -2.031634942577389e+01, -2.083119518203110e+01, -1.379022529953683e+01
s571        , -2.047206271335130e+01, -2.046244451541842e+01, -1.329048102584924e+01
s572        , -2.393038589894997e+01, -2.407205050298148e+01, -1.818234993858476e+01
s573        , -1.926109501090367e+01, -1.937028624463159e+01, -1.181034853741217e+01
s574        , -2.085894290369713e+01, -2.122409220307625e+01, -1.432269358825848e+01
s575        , -2.021973442813006e+01, -2.096905902508990e+01, -1.397706337836685e+01
s576        , -1.844714179521902e+01, -1.856161980688464e+01, -1.071441446005942e+01
s577        , -1.949977509463960e+01, -1.923859907273164e+01, -1.163188130729260e+01
s578        , -2.108198153892643e+01, -2.060378827932656e+01, -1.348203521959050e+01
s579        , -2.029210259566103e+01, -2.068390171021577e+01, -1.359060784591311e+01
s580        , -2.195204710511243e+01, -2.272748084623171e+01, -1.636014038786803e+01
s581        , -2.000078291173359e+01, -2.025215638977787e+01, -1.300549093327880e+01
s582        , -2.354247422413414e+01, -2.298572080203251e+01, -1.671011653932633e+01
s583        , -1.881717670098672e+01, -1.963291002580102e+01, -1.216626580796034e+01
s584        , -2.079214981383572e+01, -2.060334026790036e+01, -1.348142805826155e+01
s585        , -2.214462266832296e+01, -2.204657765919935e+01, -1.543735570036953e+01
s586        , -1.671124709479596e+01, -1.690081741721568e+01, -8.463634843610643e+00
s587        , -1.722924462132460e+01, -1.689191741970305e+01, -8.451573244282219e+00
s588        , -2.306180681354529e+01, -2.258752062235996e+01, -1.617046121774899e+01
s589        , -2.054966159202169e+01, -2.086423951300705e+01, -1.383500817500865e+01
s590        , -2.302597507766974e+01, -2.294666769617558e+01, -1.665719035426749e+01
s591        , -2.031576031139625e+01, -2.059418667384125e+01, -1.346902277569835e+01
s592        , -1.675983730084032e+01, -1.654217914594085e+01, -7.977595254743764e+00
s593        , -1.833051427645905e+01, -1.862074858468615e+01, -1.079454792364850e+01
s594        , -1.700453572465554e+01, -1.721051501393900e+01, -8.883348255816751e+00
s595        , -2.121342929627275e+01, -2.027867140801435e+01, -1.304142504738393e+01
s596        , -1.895402289388661e+01, -1.856141093567041e+01, -1.071413139021658e+01
s597        , -2.389559541191659e+01, -2.396116078668582e+01, -1.803206817438173e+01
s598        , -1.923753651242740e+01, -1.913673489659129e+01, -1.149383128235932e+01
s599        , -2.358158831573873e+01, -2.306505076227440e+01, -1.681762737782032e+01
s600        , -1.942143232536245e+01, -1.910308422975004e+01, -1.144822667853809e+01
s601        , -2.073803555561576e+01, -2.069005640563802e+01, -1.359894891230850e+01
s602        , -1.821856306700227e+01, -1.779424879729902e+01, -9.674445444255378e+00
s603        , -1.722454836479658e+01, -1.759517563366892e+01, -9.404654274837618e+00
s604        , -1.805154515236764e+01, -1.796575647805437e+01, -9.906878871802103e+00
s605        , -2.021935755598555e+01, -1.944918853142697e+01, -1.191727977734472e+01
s606        , -1.827906736534894e+01, -1.900554902283240e+01, -1.131604342965675e+01
s607        , -2.237721630921111e+01, -2.229936396000559e+01, -1.577994086083861e+01
s608        , -2.098562136420296e+01, -2.107019431901511e+01, -1.411412559569409e+01
s609        , -1.946776205882490e+01, -1.964123075547679e+01, -1.217754236251296e+01
s610        , -2.069261977150295e+01, -2.012913059734116e+01, -1.283876191865522e+01
s611        , -2.170289912291919e+01, -2.121323825705684e+01, -1.430798392706671e+01
s612        , -1.930046031145336e+01, -1.877815757552998e+01, -1.100787429543177e+01
s613        , -2.385958137896088e+01, -2.391615983719411e+01, -1.797108125596997e+01
s614        , -1.933674081040147e+01, -1.957199968211657e+01, -1.208371790169006e+01
s615        , -1.973716697922491e+01, -1.977242956917416e+01, -1.235534775188933e+01
s616        , -1.815004309366292e+01, -1.789080188729736e+01, -9.805297692677739e+00
s617        , -1.832352306169715e+01, -1.778486922213802e+01, -9.661733903909187e+00
s618        , -1.700993990522181e+01, -1.698251358933231e+01, -8.574352458232244e+00
s619        , -2.331208521979489e+01, -2.264773404409925e+01, -1.625206463012994e+01
s620        , -2.294394567846179e+01, -2.313232717077222e+01, -1.690880280594875e+01
s621        , -2.117716243218820e+01, -2.180820202041674e+01, -1.511430039158183e+01
s622        , -2.002792552777272e+01, -1.911630720857790e+01, -1.146614693888912e+01
s623        , -1.988853831837967e+01, -1.995863332044774e+01, -1.260769782705776e+01
s624        , -2.364575476956619e+01, -2.312819236013260e+01, -1.690319916064849e+01
s625        , -2.144171537166414e+01, -2.051677403489824e+01, -1.336411036054752e+01
s626        , -2.037069722396305e+01, -2.060820700129185e+01, -1.348802363181347e+01
s627        , -1.998545144661707e+01, -2.029468042406993e+01, -1.306312104640311e+01
s628        , -2.158119065398551e+01, -2.138958313308190e+01, -1.454697289703171e+01
s629        , -1.843917864187274e+01, -1.818553426837501e+01, -1.020472970202668e+01
s630        , -1.962256463480217e+01, -1.997466798416214e+01, -1.262942858471411e+01
s631        , -2.101091990223662e+01, -2.065050766636256e+01, -1.354535102687000e+01
s632        , -2.022844039713042e+01, -1.972761780949747e+01, -1.229461723037461e+01
s633        , -2.473876586737651e+01, -2.463517495211605e+01, -1.894551661002041e+01
s634        , -2.051539403555230e+01, -2.059725133929567e+01, -1.347317612144192e+01
s635        , -2.382235458298951e+01, -2.386596723925416e+01, -1.790305842734051e+01
s636        , -1.910586081968059e+01, -1.941763102382758e+01, -1.187451189882258e+01
s637        , -1.917066616024459e+01, -1.926819123259697e+01, -1.167198567530525e+01
s638        , -2.192001400012589e+01, -2.155348893385630e+01, -1.476910398119657e+01
s639        , -2.010078758798683e+01, -1.965573258888746e+01, -1.219719577296378e+01
s640        , -1.983289623130970e+01, -1.980477906391435e+01, -1.239918896010083e+01
s641        , -2.307886864739055e+01, -2.289533688518801e+01, -1.658762497804615e+01
s642        , -2.260273435105626e+01, -2.257796690413963e+01, -1.615751367241465e+01
s643        , -2.012782689900612e+01, -2.009210376914277e+01, -1.278858181854873e+01
s644        , -1.902512926743999e+01, -1.818136846311224e+01, -1.019908405168931e+01
s645        , -2.049081123370357e+01, -2.070360169663048e+01, -1.361730598179150e+01
s646        , -2.159630341817387e+01, -2.208514970358776e+01, -1.548962993348373e+01
s647        , -2.046804100673445e+01, -2.060184410845154e+01, -1.347940040872824e+01
s648        , -2.112203592795417e+01, -2.168353419607039e+01, -1.494534603577691e+01
s649        , -2.130712394597167e+01, -2.177444154706952e+01, -1.506854697400230e+01
s650        , -1.872664219670308e+01, -1.832050173319380e+01, -1.038764250404791e+01
s651        , -2.286060777226206e+01, -2.358753817079123e+01, -1.752572125837841e+01
s652        , -2.513277458672901e+01, -2.494496629717320e+01, -1.936535707336768e+01
s653        , -2.212366926194319e+01, -2.141199433806069e+01, -1.457734537461250e+01
s654        , -2.219498706816524e+01, -2.234940629684565e+01, -1.584776005017727e+01
s655        , -2.136195741190379e+01, -2.145360137699760e+01, -1.463373274238274e+01
s656        , -2.204727614381470e+01, -2.163458422950994e+01, -1.487900726624873e+01
s657        , -2.036339525797458e+01, -2.031135045843418e+01, -1.308571288140163e+01
s658        , -1.602366185676991e+01, -1.579937141823667e+01, -6.970915289169747e+00
s659        , -1.871169938684588e+01, -1.942859569564148e+01, -1.188937161962578e+01
s660        , -2.183022460938435e+01, -2.137459250169018e+01, -1.452665704983396e+01
s661        , -2.183692812512830e+01, -2.202451331870627e+01, -1.540745330611652e+01
s662        , -1.575332316936146e+01, -1.577321379317092e+01, -6.935465527248081e+00
s663        , -2.161244100467384e+01, -2.172777967293396e+01, -1.500530911029080e+01
s664        , -1.792030659393350e+01, -1.777903796936781e+01, -9.653831178723339e+00
s665        , -2.036353189911458e+01, -2.022803045458449e+01, -1.297279459113791e+01
s666        , -1.896012969757172e+01, -1.858033602238508e+01, -1.073977935392488e+01
s667        , -1.834472710605888e+01, -1.844634735630475e+01, -1.055819305544366e+01
s668        , -2.315183675604283e+01, -2.254911470853220e+01, -1.611841213079419e+01
s669        , -2.168824836514504e+01, -2.120570779410557e+01, -1.429777837063292e+01
s670        , -1.765957516951316e+01, -1.787025667777923e+01, -9.777454079803180e+00
s671        , -1.925271531654228e+01, -1.974103105915595e+01, -1.231279535265420e+01
s672        , -2.010246672918431e+01, -1.958365929674471e+01, -1.209951943419262e+01
s673        , -2.045224673553428e+01, -2.076078645938264e+01, -1.369480484569888e+01
s674        , -1.961862741224291e+01, -1.960969320566826e+01, -1.213480153151263e+01
s675        , -1.819835804307071e+01, -1.838705073682966e+01, -1.047783212673290e+01
s676        , -2.030955144796039e+01, -2.048969090799775e+01, -1.332740632498223e+01
s677        , -1.708028116046972e+01, -1.752919248904358e+01, -9.315231524800812e+00
s678        , -1.996975063415185e+01, -2.002754985875887e+01, -1.270109601857760e+01
s679        , -2.075675552323975e+01, -2.089513474975823e+01, -1.387687852006444e+01
s680        , -1.844365265503332e+01, -1.879926833042090e+01, -1.103648435590127e+01
s681        , -1.908965101407623e+01, -1.869349411878821e+01, -1.089313530909730e+01
s682        , -2.132701003782740e+01, -2.156058995822637e+01, -1.477872754689437e+01
s683        , -2.134055790648813e+01, -2.015527334858509e+01, -1.287419152303425e+01
s684        , -2.228765611405496e+01, -2.218970343765207e+01, -1.563132494483452e+01
s685        , -2.220524684044785e+01, -2.251013486426193e+01, -1.606558523249393e+01
s686        , -2.092862014660340e+01, -2.121687606295419e+01, -1.431291401351967e+01
s687        , -2.266843571203506e+01, -2.210691358533881e+01, -1.551912513515540e+01
s688        , -1.791243182954496e+01, -1.805063923184084e+01, -1.002191505744290e+01
s689        , -2.022924986754604e+01, -2.033851159463789e+01, -1.312252263800313e+01
s690        , -1.926971843911773e+01, -1.936522781673627e+01, -1.180349317251814e+01
s691        , -1.839442212707931e+01, -1.871648562514574e+01, -1.092429423214732e+01
s692        , -1.811967055159425e+01, -1.847891301084412e+01, -1.060232721125261e+01
s693        , -1.897178714286070e+01, -1.924883515990211e+01, -1.164575362376975e+01
s694        , -2.117746495604092e+01, -2.034895773939794e+01, -1.313667963214201e+01
s695        , -2.262578130233349e+01, -2.326173631614687e+01, -1.708418277192373e+01
s696        , -2.110358706695218e+01, -2.021192247261352e+01, -1.295096446992186e+01
s697        , -2.080079623838923e+01, -2.092904082624396e+01, -1.392282926429660e+01
s698        , -2.284382050270110e+01, -2.328519278797814e+01, -1.711597183304265e+01
s699        , -1.710021253686445e+01, -1.765746334365289e+01, -9.489068837858046e+00
s700        , -1.768315556313765e+01, -1.751243545887469e+01, -9.292521789933502e+00
s701        , -1.903295584190279e+01, -1.908322488205960e+01, -1.142131257048064e+01
s702        , -1.837939645173277e+01, -1.855880446600413e+01, -1.071059900801851e+01
s703        , -2.091048572489854e+01, -1.970694350204633e+01, -1.226659865930036e+01
s704        , -2.101614044515869e+01, -2.126857873626622e+01, -1.438298335104623e+01
s705        , -1.998067347119072e+01, -1.924995631847279e+01, -1.164727305851610e+01
s706        , -2.205053681559340e+01, -2.164734872481040e+01, -1.489630617309956e+01
s707        , -2.095566328486310e+01, -2.109489202668347e+01, -1.414759682462460e+01
s708        , -2.098548818691052e+01, -2.150732600750972e+01, -1.470654230961972e+01
s709        , -2.115794840593145e+01, -2.184313094464672e+01, -1.516163733616378e+01
s710        , -2.144561556804213e+01, -2.102480269033160e+01, -1.405260921467623e+01
s711        , -2.158487030708884e+01, -2.127576172854806e+01, -1.439271800263009e+01
s712        , -1.701606937532507e+01, -1.738497808353274e+01, -9.119786933474810e+00
s713        , -2.069677260469373e+01, -2.086989684128914e+01, -1.384267519142198e+01
s714        , -1.667903695847065e+01, -1.678768060520516e+01, -8.310307733818835e+00
s715        , -1.903979308955687e+01, -1.932731346860903e+01, -1.175211027322405e+01
s716        , -1.775292931769286e+01, -1.764288062597286e+01, -9.469305810112658e+00
s717        , -1.980553907801730e+01, -2.056359916856154e+01, -1.342756947949053e+01
s718        , -2.205506805307129e+01, -2.283034058238025e+01, -1.649953963182179e+01
s719        , -2.211926724507942e+01, -2.213710822236677e+01, -1.556004600206368e+01
s720        , -2.227273745316376e+01, -2.255727825073589e+01, -1.612947565918527e+01
s721        , -1.785735939085095e+01, -1.830954936272089e+01, -1.037279945446804e+01
s722        , -2.185625504194673e+01, -2.116110081174004e+01, -1.423732537075517e+01
s723        , -2.033801839240394e+01, -2.058438706765470e+01, -1.345574199407669e+01
s724        , -2.101306363073858e+01, -2.077313311743725e+01, -1.371153748436406e+01
s725        , -1.977835943733275e+01, -2.010209267539320e+01, -1.280211914648066e+01
s726        , -1.782642809085736e+01, -1.733211087213872e+01, -9.048139371715303e+00
s727        , -2.098840179836340e+01, -2.116121862852257e+01, -1.423748504033070e+01
s728        , -2.135488943619893e+01, -2.098742186345104e+01, -1.400194936272024e+01
s729        , -1.830313789299144e+01, -1.850985537793332e+01, -1.064426142905134e+01
s730        , -1.974102380594271e+01, -1.950073252886565e+01, -1.198713407157438e+01
s731        , -1.858542568590836e+01, -1.792785946592424e+01, -9.855519466879871e+00
s732        , -1.728575125425960e+01, -1.798792878844434e+01, -9.936927590774184e+00
s733        , -2.189672381410002e+01, -2.203853774872544e+01, -1.542645972218132e+01
s734        , -1.907291800543370e+01, -1.932939232339944e+01, -1.175492761261189e+01
s735        , -2.104653345651221e+01, -2.037371982450139e+01, -1.317023810770678e+01
s736        , -1.839280423093862e+01, -1.883515982582226e+01, -1.108512581183592e+01
s737        , -2.165426899727042e+01, -2.116660840512134e+01, -1.424478946100181e+01
s738        , -1.806822955624155e+01, -1.844785125645114e+01, -1.056023119545099e+01
s739        , -1.955458939471557e+01, -1.961720214203658e+01, -1.214497791434068e+01
s740        , -1.834079412742093e+01, -1.851313060672831e+01, -1.064870013786874e+01
s741        , -2.108323768665554e+01, -2.113353510997005e+01, -1.419996733222936e+01
s742        , -1.784982580383593e+01, -1.824038150613992e+01, -1.027906066731653e+01
s743        , -2.007117762213282e+01, -2.058842544698194e+01, -1.346121495216599e+01
s744        , -2.048858578542649e+01, -2.092238265905465e+01, -1.391380587470743e+01
s745        , -2.120349313282904e+01, -2.085701890484658e+01, -1.382522254502219e+01
s746        , -1.892251493836264e+01, -1.879088860446432e+01, -1.102512784744980e+01
s747        , -2.116880416688591e+01, -2.056429564286400e+01, -1.342851336671824e+01
s748        , -2.167842994358758e+01, -2.125676136317120e+01, -1.436696801854930e+01
s749        , -2.059667445248301e+01, -2.013468948123164e+01, -1.284629551965959e+01
s750        , -2.032384862658092e+01, -2.124946360927674e+01, -1.435707783786695e+01
s751        , -2.236553637276776e+01, -2.194926022832183e+01, -1.530546758947396e+01
s752        , -1.716732359631470e+01, -1.701275246902278e+01, -8.615333284400919e+00
s753        , -2.206691124025960e+01, -2.240599769527051e+01, -1.592445476523390e+01
s754        , -1.859855862913608e+01, -1.926287133477365e+01, -1.166477595688432e+01
s755        , -2.251644582892857e+01, -2.167679597598303e+01, -1.493621415559771e+01
s756        , -2.026279534630465e+01, -2.092570949376436e+01, -1.391831452173160e+01
s757        , -1.901185247831666e+01, -1.964767617744139e+01, -1.218627743205980e+01
s758        , -1.866312886885699e+01, -1.894484189538481e+01, -1.123377092939895e+01
s759        , -2.105033567951521e+01, -2.165420960348261e+01, -1.490560428464034e+01
s760        , -1.976737462921502e+01, -1.937821486022095e+01, -1.182109368473747e+01
s761        , -2.282845273202710e+01, -2.275026773714879e+01, -1.639102200865413e+01
s762        , -1.737428124739802e+01, -1.705036278815272e+01, -8.666304152574275e+00
s763        , -2.048674857080450e+01, -2.045269145506910e+01, -1.327726332483388e+01
s764        , -1.996103637141938e+01, -1.930736891392736e+01, -1.172508068956264e+01
s765        , -1.985538741097363e+01, -2.025541565185500e+01, -1.300990800342122e+01
s766        , -1.902823974868692e+01, -1.909037936816029e+01, -1.143100858945423e+01
s767        , -2.019726225103009e+01, -2.010071550214513e+01, -1.280025275136083e+01
s768        , -2.180287541987858e+01, -2.135173940145145e+01, -1.449568569977451e+01
s769        , -2.332774774981945e+01, -2.391546277391569e+01, -1.797013657054069e+01
s770        , -2.255011500408412e+01, -2.286230331253259e+01, -1.654285668264038e+01
s771        , -1.837836194936116e+01, -1.799726822548631e+01, -9.949584734486127e+00
s772        , -2.036442085092615e+01, -2.073229592044063e+01, -1.365619343430448e+01
s773        , -2.207703951964118e+01, -2.199698380718574e+01, -1.537014431392898e+01
s774        , -2.410464814655394e+01, -2.389006097929938e+01, -1.793571113744928e+01
s775        , -2.145476048405246e+01, -2.058471139522284e+01, -1.345618153455663e+01
s776        , -1.783304251394927e+01, -1.808359233506431e+01, -1.006657429775679e+01
s777        , -1.926023008452307e+01, -1.972774464842896e+01, -1.229478912709354e+01
s778        , -1.976550707196644e+01, -1.995713566349627e+01, -1.260566814805455e+01
s779        , -2.301809423461469e+01, -2.290036048037659e+01, -1.659443313639304e+01
s780        , -1.989864127452180e+01, -2.070212394308733e+01, -1.361530327660890e+01
s781        , -1.803783397921168e+01, -1.763889886859310e+01, -9.463909588139622e+00
s782        , -2.003060740563550e+01, -2.036918298335319e+01, -1.316408961608433e+01
s783        , -2.170310297580588e+01, -2.032500431276186e+01, -1.310421707985285e+01
s784        , -1.828106793020000e+01, -1.934763963524403e+01, -1.177965703124125e+01
s785        , -1.904288077315707e+01, -1.924297195340939e+01, -1.163780759374057e+01
s786        , -2.022975758111321e+01, -2.004623682092697e+01, -1.272642126726640e+01
s787        , -1.858814151939532e+01, -1.992321633047817e+01, -1.255969943808906e+01
s788        , -1.926046054059691e+01, -1.986273345595286e+01, -1.247773085352257e+01
s789        , -2.212378523930028e+01, -2.207213660042397e+01, -1.547199410424241e+01
s790        , -2.174169856486492e+01, -2.137343472682338e+01, -1.452508799135546e+01
s791        , -1.907773631846257e+01, -1.933827546768121e+01, -1.176696637183078e+01
s792        , -2.217884458062024e+01, -2.125425836513288e+01, -1.436357586485317e+01
s793        , -2.046845693654859e+01, -1.942503041176899e+01, -1.188453981765045e+01
s794        , -1.973890233992908e+01, -1.892249723198036e+01, -1.120348863137241e+01
s795        , -2.098054198937622e+01, -2.125274165247988e+01, -1.436152036087231e+01
s796        , -1.872193723420701e+01, -1.893788725430376e+01, -1.122434574764203e+01
s797        , -1.738396768625594e+01, -1.813932843569513e+01, -1.014210988223123e+01
s798        , -1.812351947027918e+01, -1.869621071314495e+01, -1.089681693626881e+01
s799        , -2.115781411801412e+01, -1.896616048019824e+01, -1.126266264851502e+01
s800        , -2.197753832223543e+01, -2.196485333031055e+01, -1.532659992666936e+01
s801        , -2.000340332694237e+01, -2.055512701862126e+01, -1.341608771470521e+01
s802        , -2.346278750692302e+01, -2.318449453824520e+01, -1.697950191385127e+01
s803        , -2.201425716118592e+01, -2.156004107034015e+01, -1.477798367412919e+01
s804        , -1.618324989548500e+01, -1.673079234770874e+01, -8.233210704584808e+00
s805        , -2.141738653455062e+01, -2.041080437741974e+01, -1.322049643844677e+01
s806        , -2.157933013723432e+01, -2.151135023366052e+01, -1.471199608681112e+01
s807        , -1.912040169626662e+01, -2.043966925725770e+01, -1.325961517019634e+01
s808        , -2.304047586711122e+01, -2.229427262047562e+01, -1.577304089290398e+01
s809        , -2.047218776779852e+01, -2.049387710401650e+01, -1.333307960961145e+01
s810        , -2.119146876442327e+01, -2.192105261873802e+01, -1.526723961420434e+01
s811        , -2.180116494254657e+01, -2.187914479516601e+01, -1.521044461219064e+01
s812        , -2.372646511684069e+01, -2.325892930266592e+01, -1.708037860547665e+01
s813        , -2.269928091374550e+01, -2.230824900843712e+01, -1.579198220063029e+01
s814        , -1.832573741415099e+01, -1.928415882635063e+01, -1.169362553731895e+01
s815        , -2.057906464758977e+01, -1.977211015976119e+01, -1.235491487667161e+01
s816        , -1.808215553271357e+01, -1.763136907219706e+01, -9.453704935045637e+00
s817        , -2.152086258044021e+01, -2.175320153739938e+01, -1.503976174276943e+01
s818        , -2.057353864229959e+01, -2.088401678317402e+01, -1.386181104863030e+01
s819        , -2.244567325669163e+01, -2.241867743169127e+01, -1.594163880377774e+01
s820        , -2.103220827040201e+01, -2.129301233489052e+01, -1.441609664982407e+01
s821        , -2.251724700203312e+01, -2.262617291022253e+01, -1.622284419972888e+01
s822        , -1.967652212859418e+01, -2.036673547263015e+01, -1.316077266080975e+01
s823        , -1.898228811729100e+01, -1.926396050042710e+01, -1.166625203366923e+01
s824        , -2.375965705343503e+01, -2.397242191107381e+01, -1.804732965846222e+01
s825        , -2.074394606294202e+01, -2.035258085310482e+01, -1.314158980720574e+01
s826        , -2.229590893513048e+01, -2.212182077433757e+01, -1.553932789819673e+01
s827        , -2.030439908572953e+01, -1.791315308825533e+01, -9.835588850633854e+00
s828        , -2.126632247755481e+01, -2.131129480719297e+01, -1.444087371918080e+01
s829        , -1.836528680868646e+01, -1.754882479080167e+01, -9.341837931978423e+00
s830        , -2.038358031572328e+01, -2.054659673884293e+01, -1.340452717025567e+01
s831        , -2.014217587228185e+01, -1.966829521176930e+01, -1.221422109499334e+01
s832        , -1.638297894992474e+01, -1.745346582377560e+01, -9.212604002305021e+00
s833        , -2.087813803835245e+01, -2.075812888756572e+01, -1.369120320801340e+01
s834        , -2.163260872857058e+01, -2.113275660147144e+01, -1.419891226928462e+01
s835        , -1.845033213930005e+01, -1.828334365874271e+01, -1.033728453426098e+01
s836        , -2.085703068105029e+01, -2.093226751146916e+01, -1.392720218510811e+01
s837        , -1.604298594536770e+01, -1.620780583121779e+01, -7.524440414803371e+00
s838        , -1.819387371328009e+01, -1.759458425215567e+01, -9.403852813168339e+00
s839        , -2.199016371973259e+01, -2.101385509377395e+01, -1.403777263487941e+01
s840        , -1.816847175772266e+01, -1.870808746506848e+01, -1.091291274110711e+01
s841        , -2.076446728280485e+01, -2.072648572488961e+01, -1.364831924662559e+01
s842        , -1.719569444321167e+01, -1.768179521580597e+01, -9.522044273233663e+00
s843        , -1.999816334280537e+01, -1.994128722970459e+01, -1.258418977594186e+01
s844        , -1.581596700213373e+01, -1.634554777802654e+01, -7.711113295415547e+00
s845        , -2.003183538643507e+01, -2.038396256162239e+01, -1.318411943643800e+01
s846        , -2.166933569232110e+01, -2.118426258315597e+01, -1.426871504318587e+01
s847        , -2.001719781047365e+01, -2.012287537271187e+01, -1.283028461143343e+01
s848        , -1.670780899311153e+01, -1.663977080680325e+01, -8.109855012057974e+00
s849        , -2.103364362191806e+01, -2.125837485667234e+01, -1.436915468344468e+01
s850        , -1.674889176362534e+01, -1.612875166307952e+01, -7.417303339767969e+00
s851        , -1.887785873496733e+01, -1.991273706227165e+01, -1.254549755385451e+01
s852        , -1.916613881673827e+01, -1.986816416459598e+01, -1.248509074678432e+01
s853        , -2.151831650372089e+01, -2.088517238827080e+01, -1.386337716655780e+01
s854        , -2.092228526657664e+01, -2.054272349426643e+01, -1.339927800876810e+01
s855        , -1.984690981488844e+01, -1.981651897031409e+01, -1.241509930692349e+01
s856        , -1.857995804240183e+01, -1.845597379157713e+01, -1.057123914956353e+01
s857        , -2.294003947989728e+01, -2.316595120117960e+01, -1.695437131110899e+01
s858        , -2.107902559750898e+01, -2.139418437048534e+01, -1.455320866079418e+01
s859        , -1.829183386036745e+01, -1.851108792367177e+01, -1.064593181972617e+01
s860        , -2.148418071954308e+01, -2.104380647047059e+01, -1.407836382656648e+01
s861        , -2.060440939951398e+01, -2.000982927856638e+01, -1.267708044578158e+01
s862        , -1.983634035476443e+01, -1.964220451869183e+01, -1.217886204172903e+01
s863        , -2.017821382918477e+01, -2.081741513674822e+01, -1.377155008252765e+01
s864        , -2.145828954671971e+01, -2.095828049558785e+01, -1.396245592437387e+01
s865        , -2.179521899962700e+01, -2.184530026102966e+01, -1.516457727238179e+01
s866        , -2.240641608733365e+01, -2.201260565338987e+01, -1.539131560632733e+01
s867        , -1.970162478711471e+01, -1.933178437249549e+01, -1.175816940427863e+01
s868        , -1.579821539399930e+01, -1.601780663443605e+01, -7.266946614265652e+00
s869        , -1.927595790821999e+01, -1.946412364430443e+01, -1.193752038383894e+01
s870        , -1.834436146157947e+01, -1.871438505415698e+01, -1.092144746218010e+01
s871        , -1.954632707936713e+01, -2.006436407383886e+01, -1.275098797767703e+01
s872        , -2.222687656829416e+01, -2.194421095668035e+01, -1.529862463346712e+01
s873        , -2.174135075548704e+01, -2.131759086638927e+01, -1.444940636688840e+01
s874        , -2.306987923711809e+01, -2.359594556390502e+01, -1.753711526236449e+01
s875        , -2.178123430913379e+01, -2.150773578962762e+01, -1.470709766120392e+01
s876        , -2.287277527114560e+01, -2.254998592498131e+01, -1.611959283491490e+01
s877        , -2.189016288213647e+01, -2.107221631312076e+01, -1.411686587542026e+01
s878        , -1.876974537203656e+01, -1.846629024936390e+01, -1.058522038721400e+01
s879        , -1.761744622782913e+01, -1.754427873254703e+01, -9.335676948999120e+00
s880        , -1.792977215528789e+01, -1.872275738405796e+01, -1.093279394722885e+01
s881        , -2.116921283478955e+01, -1.892437667884596e+01, -1.120603572591033e+01
s882        , -1.809005639564229e+01, -1.876487607285659e+01, -1.098987472144330e+01
s883        , -1.958200153707774e+01, -2.048701615314861e+01, -1.332378140022847e+01
s884        , -1.866641101726497e+01, -1.906660460850116e+01, -1.139878817313041e+01
s885        , -1.949202935470739e+01, -2.042518601367370e+01, -1.323998695335266e+01
s886        , -1.753621319174707e+01, -1.727777378710505e+01, -8.974499783904141e+00
s887        , -2.072504645987743e+01, -2.050197253308099e+01, -1.334405082860662e+01
s888        , -2.163711888094086e+01, -2.173513309584259e+01, -1.501527473563963e+01
s889        , -1.784767272504274e+01, -1.767014727557420e+01, -9.506258562296370e+00
s890        , -2.036577167825686e+01, -2.076313397181951e+01, -1.369798627967029e+01
s891        , -1.925489904031788e+01, -1.954370284862824e+01, -1.204536900694993e+01
s892        , -1.797999052112338e+01, -1.922426047443115e+01, -1.161244911898173e+01
s893        , -2.224398236502422e+01, -2.280279379576832e+01, -1.646220722780402e+01
s894        , -2.015695897880840e+01, -2.025542146232439e+01, -1.300991587798001e+01
s895        , -1.853378696029952e+01, -1.847039938103670e+01, -1.059078923144735e+01
s896        , -2.478440805107692e+01, -2.440447617132899e+01, -1.863286525753855e+01
s897        , -2.202247365131235e+01, -2.164462790156054e+01, -1.489261881477876e+01
s898        , -2.008627742560493e+01, -1.947999350372419e+01, -1.195902779273966e+01
s899        , -1.802005794967191e+01, -1.793596666901047e+01, -9.866506642456219e+00
s900        , -1.770516073583232e+01, -1.821361092734952e+01, -1.024278020828251e+01
s901        , -2.425916197575684e+01, -2.369223373393710e+01, -1.766760848164301e+01
s902        , -1.641892815066793e+01, -1.625568367761752e+01, -7.589326208216429e+00
s903        , -2.332207101034287e+01, -2.328690753163015e+01, -1.711829571581364e+01
s904        , -2.132463334662818e+01, -1.920870263629037e+01, -1.159136457263165e+01
s905        , -2.166343218809494e+01, -2.183670045648166e+01, -1.515292250544354e+01
s906        , -1.790842270146736e+01, -1.720081772878765e+01, -8.870206143371995e+00
s907        , -1.911599503394165e+01, -1.994811974264370e+01, -1.259344944521264e+01
s908        , -2.062377494321661e+01, -2.019423384367119e+01, -1.292699219861854e+01
s909        , -2.034650826700463e+01, -2.039103395682836e+01, -1.319370284761832e+01
s910        , -1.701866755175476e+01, -1.688597016448231e+01, -8.443513308369354e+00
s911        , -1.800428066961873e+01, -1.858961804265597e+01, -1.075235868434682e+01
s912        , -2.018815932170212e+01, -2.076346600934805e+01, -1.369843626896810e+01
s913        , -1.735412329082851e+01, -1.744719557001148e+01, -9.204106327054774e+00
s914        , -2.004618788210774e+01, -2.084943758232331e+01, -1.381494806185233e+01
s915        , -1.937730144245923e+01, -1.948878891378111e+01, -1.197094765135594e+01
s916        , -2.191302790761547e+01, -2.193961604291854e+01, -1.529239743973308e+01
s917        , -1.792924589211810e+01, -1.733173366749757e+01, -9.047628170308803e+00
s918        , -2.621730238337609e+01, -2.602215337637823e+01, -2.082520006014227e+01
s919        , -1.919355775511356e+01, -1.928131616828524e+01, -1.168977306403863e+01
s920        , -1.675861595936722e+01, -1.633062978690008e+01, -7.690895892939097e+00
s921        , -2.192756432754418e+01, -2.147772828545489e+01, -1.466643040352618e+01
s922        , -2.290193110331377e+01, -2.306928404510293e+01, -1.682336447620143e+01
s923        , -1.925371616601646e+01, -1.939949699871029e+01, -1.184993601047364e+01
s924        , -1.798705044323696e+01, -1.835836337340730e+01, -1.043895397166618e+01
s925        , -2.338449219749342e+01, -2.349388116748480e+01, -1.739879389164828e+01
s926        , -1.762302148317026e+01, -1.720162083830012e+01, -8.871294546502728e+00
s927        , -1.720744831710588e+01, -1.716634008543051e+01, -8.823480790991631e+00
s928        , -1.827654667645005e+01, -1.878309954082734e+01, -1.101457182599029e+01
s929        , -2.066098735264480e+01, -2.117618901003951e+01, -1.425777344416393e+01
s930        , -1.982419875205301e+01, -2.046228097276735e+01, -1.329025938691873e+01
s931        , -2.184683786579889e+01, -2.253926911159527e+01, -1.610506902084008e+01
s932        , -2.007807490293144e+01, -2.026768527658445e+01, -1.302653624373104e+01
s933        , -2.186904116931162e+01, -2.248565492985072e+01, -1.603240913777761e+01
s934        , -1.595875499840616e+01, -1.627256902076613e+01, -7.612209837486258e+00
s935        , -1.706347068237267e+01, -1.716253394548794e+01, -8.818322572137072e+00
s936        , -1.818003510858343e+01, -1.783501232883050e+01, -9.729689660205603e+00
s937        , -2.175658784400171e+01, -2.139912142147711e+01, -1.455989953130759e+01
s938        , -2.010166135357230e+01, -1.994237311359006e+01, -1.258566140515582e+01
s939        , -1.813809060682595e+01, -1.788187026367864e+01, -9.793193232503629e+00
s940        , -2.094308051046411e+01, -2.082854240775138e+01, -1.378663016364771e+01
s941        , -1.827480816862776e+01, -1.878113826078276e+01, -1.101191382816109e+01
s942        , -1.770857434290158e+01, -1.768381308399074e+01, -9.524778961362246e+00
s943        , -1.938132201948424e+01, -1.993544109670690e+01, -1.257626688453220e+01
s944        , -1.770272330222015e+01, -1.799300946877217e+01, -9.943813112971586e+00
s945        , -1.924477319915050e+01, -1.915849302218741e+01, -1.152331868308111e+01
s946        , -2.185513295241253e+01, -2.204092023788780e+01, -1.542968855787930e+01
s947        , -2.017292248813791e+01, -1.978700050754044e+01, -1.237509481588162e+01
s948        , -1.792501053388721e+01, -1.846158752362309e+01, -1.057884708277692e+01
s949        , -2.005207290213696e+01, -2.030994168557310e+01, -1.308380366134051e+01
s950        , -2.257823345395823e+01, -2.228098328148428e+01, -1.575503069885329e+01
s951        , -1.571913272603913e+01, -1.572034541027621e+01, -6.863816377828357e+00
s952        , -2.233989362366768e+01, -2.289847678308305e+01, -1.659188028152106e+01
s953        , -2.342860552534396e+01, -2.346353912386158e+01, -1.735767325397738e+01
s954        , -2.204077204416149e+01, -2.232152476760563e+01, -1.580997399081271e+01
s955        , -1.756302978982562e+01, -1.807510592820280e+01, -1.005507321147488e+01
s956        , -2.291971088639473e+01, -2.274505492478093e+01, -1.638395741632519e+01
s957        , -1.872997367448807e+01, -1.867341962423726e+01, -1.086592962621363e+01
s958        , -2.138547156076431e+01, -2.136014966610344e+01, -1.450708359537329e+01
s959        , -1.926386090665138e+01, -1.872374782340354e+01, -1.093413622654167e+01
s960        , -1.680470785163838e+01, -1.711687960379865e+01, -8.756450152928235e+00
s961        , -2.001579976967623e+01, -1.957310272718453e+01, -1.208521278836078e+01
s962        , -1.871905926332032e+01, -1.777662990474303e+01, -9.650567682231365e+00
s963        , -1.918665598310528e+01, -1.994557875410031e+01, -1.259000580540657e+01
s964        , -1.746488927974545e+01, -1.752156452612972e+01, -9.304893832882525e+00
s965        , -1.971186761143078e+01, -1.945187665050726e+01, -1.192092281378912e+01
s966        , -1.765956881606673e+01, -1.745570912134137e+01, -9.215644200504443e+00
s967        , -2.223688117086612e+01, -2.104532855096803e+01, -1.408042660524474e+01
s968        , -1.998239594820018e+01, -2.050117947401192e+01, -1.334297604620120e+01
s969        , -2.101894011109180e+01, -2.092327275023862e+01, -1.391501215855320e+01
s970        , -1.986554229461376e+01, -2.026472969510094e+01, -1.302253073254004e+01
s971        , -1.914500631305469e+01, -1.841813849704897e+01, -1.051996338657327e+01
s972        , -1.930540895911451e+01, -2.014485591026814e+01, -1.286007343290790e+01
s973        , -2.013055280326089e+01, -2.033659688375052e+01, -1.311992775238429e+01
s974        , -1.991254970003848e+01, -2.006000954752020e+01, -1.274508656572201e+01
s975        , -2.002907222040815e+01, -2.037486140491530e+01, -1.317178521887555e+01
s976        , -2.147573630129902e+01, -2.137447999938126e+01, -1.452650458262576e+01
s977        , -1.918950409415471e+01, -1.914515315370076e+01, -1.150524000962627e+01
s978        , -1.698999961978807e+01, -1.683327086800764e+01, -8.372093310996863e+00
s979        , -2.115978794608996e+01, -2.082250365310512e+01, -1.377844622439576e+01
s980        , -1.730989298326385e+01, -1.705840338110721e+01, -8.677201055684911e+00
s981        , -2.142850865946883e+01, -2.123572597241552e+01, -1.433846009428845e+01
s982        , -2.110948756566415e+01, -2.144144615674169e+01, -1.461725954716360e+01
s983        , -1.831465175322002e+01, -1.831791240912606e+01, -1.038413335818666e+01
s984        , -2.150201864035685e+01, -2.125761326159397e+01, -1.436812254218029e+01
s985        , -1.659952594735737e+01, -1.674302447352870e+01, -8.249788125012831e+00
s986        , -2.105203087443673e+01, -2.111818635240673e+01, -1.417916613945879e+01
s987        , -2.066592788190784e+01, -2.111806989189856e+01, -1.417900830795545e+01
s988        , -2.133344594608628e+01, -2.148015263772184e+01, -1.466971597362138e+01
s989        , -2.008246059204520e+01, -2.005526907242648e+01, -1.273866210199315e+01
s990        , -2.181814335912880e+01, -2.177877180165476e+01, -1.507441549202415e+01
s991        , -1.674874949890157e+01, -1.665100448358412e+01, -8.125079298146099e+00
s992        , -1.990187356431624e+01, -2.022143778903136e+01, -1.296385997174107e+01
s993        , -2.167451347953028e+01, -2.134536618286119e+01, -1.448704848285855e+01
s994        , -2.085856003252748e+01, -1.995470742981568e+01, -1.260237731772684e+01
s995        , -1.532250426373563e+01, -1.528122361489356e+01, -6.268702598890041e+00
s996        , -2.197589637081217e+01, -2.174537073223391e+01, -1.502914915167704e+01
s997        , -1.843774602570321e+01, -1.781329869267011e+01, -9.700262553180224e+00
s998        , -2.004154224207673e+01, -1.991906253801588e+01, -1.255407006793446e+01
s999        , -1.918982967461324e+01, -1.937787717210001e+01, -1.182063603755195e+01
s1000       , -2.386287011937712e+01, -2.359155520120333e+01, -1.753116528364382e+01
s1001       , -2.142986106465667e+01, -2.131094306439229e+01, -1.444039702458370e+01
s1002       , -1.703565403983971e+01, -1.710367144948766e+01, -8.738549983299976e+00
s1003       , -2.272857267296788e+01, -2.284348084322951e+01, -1.651734778976899e+01
s1004       , -1.957549960274314e+01, -1.898223577392331e+01, -1.128444846943500e+01
s1005       , -2.033955634118916e+01, -2.003319427394608e+01, -1.270874553469654e+01
s1006       , -2.103463075725037e+01, -2.186363116550957e+01, -1.518941997878148e+01
s1007       , -1.845815321471510e+01, -1.931553097361652e+01, -1.173614220879628e+01
s1008       , -2.105860584214290e+01, -2.056965670569628e+01, -1.343577887345189e+01
s1009       , -2.225664818829298e+01, -2.151111650267317e+01, -1.471167932610236e+01
s1010       , -2.029000137617794e+01, -2.043104506927970e+01, -1.324792735794966e+01
s1011       , -2.150175758271834e+01, -2.107652894773719e+01, -1.412271051422150e+01
s1012       , -1.789395613621291e+01, -1.766910487509595e+01, -9.504845863372505e+00
s1013       , -1.907481979836395e+01, -1.922664585064690e+01, -1.161568186731914e+01
s1014       , -1.701362802016618e+01, -1.674125703857151e+01, -8.247392833074564e+00
s1015       , -1.771043360260808e+01, -1.756014450924776e+01, -9.357178824850973e+00
s1016       , -2.325177194237830e+01, -2.277143099725283e+01, -1.641970322609222e+01
s1017       , -2.061131053204120e+01, -2.111172459542244e+01, -1.417040893210098e+01
s1018       , -1.637685178145171e+01, -1.620328011697550e+01, -7.518307002767240e+00
s1019       , -2.229355013298489e+01, -2.210221308248703e+01, -1.551275484325814e+01
s1020       , -1.626620443538163e+01, -1.618618267757896e+01, -7.495135932971950e+00
s1021       , -2.225684084822025e+01, -2.196066380547154e+01, -1.532092213070224e+01
s1022       , -1.619907626993357e+01, -1.683854006586724e+01, -8.379234318988672e+00
s1023       , -2.164326276096592e+01, -2.174121292068319e+01, -1.502351433470808e+01
s1024       , -1.814482992541786e+01, -1.826708405254235e+01, -1.031524892639161e+01
s1025       , -1.966276460675046e+01, -1.983257620042986e+01, -1.243686064738521e+01
s1026       , -1.787958226759213e+01, -1.796439501315838e+01, -9.905033765210579e+00
s1027       , -2.228548280106830e+01, -2.287265668149195e+01, -1.655688794365027e+01
s1028       , -1.939576101741603e+01, -1.931166479338307e+01, -1.173090262116254e+01
s1029       , -2.072177297910414e+01, -2.015222224774158e+01, -1.287005656054321e+01
s1030       , -2.116639743005703e+01, -2.094457709975488e+01, -1.394388458547838e+01
s1031       , -1.871817432191781e+01, -1.887748360163243e+01, -1.114248452740452e+01
s1032       , -1.793076662035363e+01, -1.895123280767681e+01, -1.124243212546106e+01
s1033       , -2.190726556241366e+01, -2.168738504966143e+01, -1.495056485218912e+01
s1034       , -1.655942363042545e+01, -1.695473472947041e+01, -8.536705540131523e+00
s1035       , -1.920990065585595e+01, -1.966259663287301e+01, -1.220649817425197e+01
s1036       , -1.624542641970273e+01, -1.635998226875923e+01, -7.730675440627442e+00
s1037       , -1.865413258865576e+01, -1.942228967223174e+01, -1.188082546805485e+01
s1038       , -2.303917859954092e+01, -2.265682627012772e+01, -1.626438674451292e+01
s1039       , -2.268866240524940e+01, -2.338498011555659e+01, -1.725120723750172e+01
s1040       , -2.002650999928207e+01, -2.055770762033795e+01, -1.341958503972005e+01
s1041       , -2.439240447433291e+01, -2.411768858566671e+01, -1.824420032300177e+01
