# c0 + a0 * ((bottleneck_min * O) - (face-area-avg - E_T))
# Property Label: $ln_{D}$; Unit of the Property: Unitless
# RMSE: 0.442964612354453; Max AE: 2.57322155433214
# Coefficients
# Task   a0                      c0
# all , -7.495336954130030e-01, -1.231821775208325e+01, 
# Feature Rung, Units, and Expressions
# 0;  2; Unitless;                                         23|10|mult|30|0|sub|sub; ((bottleneck_min * O) - (face-area-avg - E_T)); $\left(\left(bottleneck_{min} O\right) - \left(face-area-avg - E_{T}\right)\right)$; ((bottleneck_min .* O) - (face_sub_area_sub_avg - E_T)); ((newdata$bottleneck_min * newdata$O) - (newdata$face_sub_area_sub_avg - newdata$E_T)); bottleneck_min,O,face-area-avg,E_T
# Number of Samples Per Task
# Task, n_samples               
# all , 1041                  

# Sample ID , Property Value        ,  Property Value (EST) ,  Feature 0 Value      
s1          , -2.244947812336508e+01, -2.217026210892469e+01,  1.314423142966620e+01
s2          , -2.298888400764099e+01, -2.337386558479504e+01,  1.475003445524886e+01
s3          , -1.755271246623431e+01, -1.774487848866672e+01,  7.240049072901664e+00
s4          , -1.917258847351942e+01, -1.915175630161001e+01,  9.117053164316232e+00
s5          , -2.000094091703784e+01, -2.064782082223569e+01,  1.111304684649663e+01
s6          , -2.179532463031582e+01, -2.154836891354083e+01,  1.231452464104586e+01
s7          , -2.156980503382011e+01, -2.102426847163257e+01,  1.161528930964494e+01
s8          , -2.070680399014268e+01, -2.119813387531084e+01,  1.184725406952471e+01
s9          , -2.311678210871720e+01, -2.287597137223311e+01,  1.408576250108729e+01
s10         , -1.955558688693647e+01, -1.929133197298733e+01,  9.303269837737986e+00
s11         , -1.929232032084748e+01, -1.964738208924038e+01,  9.778298670240128e+00
s12         , -1.972420304545977e+01, -1.856439892489868e+01,  8.333422781445076e+00
s13         , -1.649771434553038e+01, -1.693170064985174e+01,  6.155137422109360e+00
s14         , -1.814284237715737e+01, -1.852774154979974e+01,  8.284515873959428e+00
s15         , -2.140988745272463e+01, -2.131313703929396e+01,  1.200068701681835e+01
s16         , -2.271802967642396e+01, -2.239004013161583e+01,  1.343745109949043e+01
s17         , -1.845283706311921e+01, -1.850619410885471e+01,  8.255768079061216e+00
s18         , -2.106370881996578e+01, -2.137125582320139e+01,  1.207822693832304e+01
s19         , -2.166440903696862e+01, -2.193608935999379e+01,  1.283180685107287e+01
s20         , -1.957524373940041e+01, -1.952598010200818e+01,  9.616328650779812e+00
s21         , -2.230012329283520e+01, -2.243471274461940e+01,  1.349705163950212e+01
s22         , -1.709175230426198e+01, -1.674773372158829e+01,  5.909695583551210e+00
s23         , -2.271630669020732e+01, -2.314010602559265e+01,  1.443816113903511e+01
s24         , -1.997593461761007e+01, -2.039765322375540e+01,  1.077928253408311e+01
s25         , -2.228124530569044e+01, -2.236488766942156e+01,  1.340389361922209e+01
s26         , -1.806502239865187e+01, -1.795206101447313e+01,  7.516464298893938e+00
s27         , -2.017409009594002e+01, -2.023033169037745e+01,  1.055604836275510e+01
s28         , -1.658938425028538e+01, -1.717736138873457e+01,  6.482888849945390e+00
s29         , -2.262132344831001e+01, -2.305488980548426e+01,  1.432446882522735e+01
s30         , -1.697997334312175e+01, -1.737183476107499e+01,  6.742347995719033e+00
s31         , -1.964904728113367e+01, -1.910354304630314e+01,  9.052728830931466e+00
s32         , -2.151059652715050e+01, -2.148070929804451e+01,  1.222425569662030e+01
s33         , -2.289264810431292e+01, -2.352845799963570e+01,  1.495628590970211e+01
s34         , -2.302504917991390e+01, -2.236979065618660e+01,  1.341043500194451e+01
s35         , -2.244061385591441e+01, -2.223892450946713e+01,  1.323583825263178e+01
s36         , -2.239655424600443e+01, -2.213784013925672e+01,  1.310097524269771e+01
s37         , -2.226102540809307e+01, -2.232202095012424e+01,  1.334670243547725e+01
s38         , -2.102436377352775e+01, -2.076353175720120e+01,  1.126742407553069e+01
s39         , -2.141661104833067e+01, -1.997615389971216e+01,  1.021693380096713e+01
s40         , -1.990275935468409e+01, -1.904273506491061e+01,  8.971601082086192e+00
s41         , -1.952311408648237e+01, -1.879399025713513e+01,  8.639735004153007e+00
s42         , -1.862175379272403e+01, -1.938020703462817e+01,  9.421843641937507e+00
s43         , -2.257821044890805e+01, -2.187067791775268e+01,  1.274453733585106e+01
s44         , -1.984867902879579e+01, -1.964055697809552e+01,  9.769192860605903e+00
s45         , -1.928264199244582e+01, -1.948093018306268e+01,  9.556224723202973e+00
s46         , -2.007096062658339e+01, -2.043021631499433e+01,  1.082272700020680e+01
s47         , -1.842882744186564e+01, -1.888010891685587e+01,  8.754631319352400e+00
s48         , -1.712958329507449e+01, -1.701884393643140e+01,  6.271400756383662e+00
s49         , -2.142142340445580e+01, -2.227041341255574e+01,  1.327784957684751e+01
s50         , -2.022197746600499e+01, -2.042154498980690e+01,  1.081115804041152e+01
s51         , -2.208446385448407e+01, -2.242139235477707e+01,  1.347928007042678e+01
s52         , -2.030062191637932e+01, -2.056598249371493e+01,  1.100386119010574e+01
s53         , -1.881589086732163e+01, -1.826727750667931e+01,  7.937014427774391e+00
s54         , -2.389190768082197e+01, -2.445854991974831e+01,  1.619717998264985e+01
s55         , -1.989931101552115e+01, -1.985213511449176e+01,  1.005147254688426e+01
s56         , -2.293632659980805e+01, -2.304260462828575e+01,  1.430807839838771e+01
s57         , -2.165250835772914e+01, -2.155997629247274e+01,  1.233001077462857e+01
s58         , -2.493828100106786e+01, -2.509108611260802e+01,  1.704108626295547e+01
s59         , -2.019609135900962e+01, -1.983187375622185e+01,  1.002444059569394e+01
s60         , -1.686951544328429e+01, -1.737978994172871e+01,  6.752961502092934e+00
s61         , -1.698686520707895e+01, -1.781852769534052e+01,  7.338309107273060e+00
s62         , -1.961666852236879e+01, -1.980549317511894e+01,  9.989244604820744e+00
s63         , -2.363642228074260e+01, -2.332915125522699e+01,  1.469037825854723e+01
s64         , -2.123215125329894e+01, -2.111990867221930e+01,  1.174288891079967e+01
s65         , -2.229595939650926e+01, -2.196301864231761e+01,  1.286773489872253e+01
s66         , -2.209517036440609e+01, -2.197351801552349e+01,  1.288174277224461e+01
s67         , -2.100952424313996e+01, -2.068649599179355e+01,  1.116464582035804e+01
s68         , -2.306714632630091e+01, -2.307070679719416e+01,  1.434557126772819e+01
s69         , -2.116954741071400e+01, -2.140471665846320e+01,  1.212286914115739e+01
s70         , -2.268552320802911e+01, -2.176540639219474e+01,  1.260408797886794e+01
s71         , -1.844586653395837e+01, -1.941771476479106e+01,  9.471885061546020e+00
s72         , -2.185924535832699e+01, -2.149786276400597e+01,  1.224714121339750e+01
s73         , -1.814705961150877e+01, -1.845044775554926e+01,  8.181393366294326e+00
s74         , -2.269683109870329e+01, -2.342997012155552e+01,  1.482488704306956e+01
s75         , -2.162544692540680e+01, -2.101045781947519e+01,  1.159686365080946e+01
s76         , -1.799713371423827e+01, -1.873444363248223e+01,  8.560290110591437e+00
s77         , -1.808839931225978e+01, -1.785089738039890e+01,  7.381495538058597e+00
s78         , -1.710463489071706e+01, -1.744451851257208e+01,  6.839319955674805e+00
s79         , -2.130172009097587e+01, -2.139500976087393e+01,  1.210991855915063e+01
s80         , -2.075517304342145e+01, -2.080000224391056e+01,  1.131608164347267e+01
s81         , -1.679587307458704e+01, -1.734188600088346e+01,  6.702391472917180e+00
s82         , -1.961963418382102e+01, -1.940634463172913e+01,  9.456715452585794e+00
s83         , -1.732943596118787e+01, -1.761721482760760e+01,  7.069724960936600e+00
s84         , -2.091958911511147e+01, -2.181702020853541e+01,  1.267294921440216e+01
s85         , -1.931803893900067e+01, -1.914468425592730e+01,  9.107617903798950e+00
s86         , -2.124992178205270e+01, -2.013429272804428e+01,  1.042791674849824e+01
s87         , -2.000999990609716e+01, -1.976271865792154e+01,  9.932176433690920e+00
s88         , -1.933594922663024e+01, -1.956116038231007e+01,  9.663264873283470e+00
s89         , -2.128477820873118e+01, -2.135998274445917e+01,  1.206318681562914e+01
s90         , -2.009844325702736e+01, -2.052161464042468e+01,  1.094466724917717e+01
s91         , -2.185233402642529e+01, -2.205591270453168e+01,  1.299167070412069e+01
s92         , -1.852873985612102e+01, -1.816115360894349e+01,  7.795427867509963e+00
s93         , -2.244477787769646e+01, -2.201712197337960e+01,  1.293991755227513e+01
s94         , -2.069748145715988e+01, -2.065290991690712e+01,  1.111983652747106e+01
s95         , -1.839144268754908e+01, -1.816282072265379e+01,  7.797652068663955e+00
s96         , -2.061908691885885e+01, -2.052695119198598e+01,  1.095178707793731e+01
s97         , -2.336181657728519e+01, -2.366568012735308e+01,  1.513936257264222e+01
s98         , -1.913590175727989e+01, -1.848762126430742e+01,  8.230988880126000e+00
s99         , -1.764848235022367e+01, -1.781919232805597e+01,  7.339195835540938e+00
s100        , -2.003395952271198e+01, -1.918189138228276e+01,  9.157258268979538e+00
s101        , -2.047737186068138e+01, -2.034950595382030e+01,  1.071504623592900e+01
s102        , -1.813404261594337e+01, -1.821725085529691e+01,  7.870270728740504e+00
s103        , -2.094885731266024e+01, -2.054328945856284e+01,  1.097358498599248e+01
s104        , -1.695125455205811e+01, -1.670054517410076e+01,  5.846738377255726e+00
s105        , -2.089913046364001e+01, -2.144184200695167e+01,  1.217240040134711e+01
s106        , -2.193421435204462e+01, -2.189486913290390e+01,  1.277681235603929e+01
s107        , -1.938858975045087e+01, -1.957997332709845e+01,  9.688364405037031e+00
s108        , -2.184761912256448e+01, -2.171509943337399e+01,  1.253697030406742e+01
s109        , -1.765266017099491e+01, -1.861115887597677e+01,  8.395808170339869e+00
s110        , -2.222643790681205e+01, -2.205861061795049e+01,  1.299527015993611e+01
s111        , -2.198367498730207e+01, -2.163285672492346e+01,  1.242724513900301e+01
s112        , -2.341727175416096e+01, -2.259258377105647e+01,  1.370767729569771e+01
s113        , -2.064750776227555e+01, -2.001864910120789e+01,  1.027362931946856e+01
s114        , -2.335281852671257e+01, -2.328102034125771e+01,  1.462616378191485e+01
s115        , -2.467653405274963e+01, -2.497895764515763e+01,  1.689148862893768e+01
s116        , -2.119630992652875e+01, -2.059649074380390e+01,  1.104456416353532e+01
s117        , -1.681518237222159e+01, -1.724831897663505e+01,  6.577557826583433e+00
s118        , -1.725426000439147e+01, -1.749158113446240e+01,  6.902109156718510e+00
s119        , -2.026224064054247e+01, -2.064888324818187e+01,  1.111446429570898e+01
s120        , -2.061376236446881e+01, -2.008393928134831e+01,  1.036073705130235e+01
s121        , -2.090204853596659e+01, -2.112569566918163e+01,  1.175060970707307e+01
s122        , -1.679179791839329e+01, -1.743618012541661e+01,  6.828195189428131e+00
s123        , -1.729435756680531e+01, -1.748952095391281e+01,  6.899360540395857e+00
s124        , -1.927065840811719e+01, -1.963394260383160e+01,  9.760368208286208e+00
s125        , -2.074667074869674e+01, -2.082406864926767e+01,  1.134819014707216e+01
s126        , -1.981090987888966e+01, -1.937307605639152e+01,  9.412329755796971e+00
s127        , -1.791042209268825e+01, -1.763424001175924e+01,  7.092439328890732e+00
s128        , -2.199486439730610e+01, -2.190978319820048e+01,  1.279671014767676e+01
s129        , -1.847106084369403e+01, -1.819330458251927e+01,  7.838322501563826e+00
s130        , -2.183307419908922e+01, -2.051463472566867e+01,  1.093535490631823e+01
s131        , -1.937195493711046e+01, -1.944794688357227e+01,  9.512219630847216e+00
s132        , -1.756898825137140e+01, -1.785795148799208e+01,  7.390906866243507e+00
s133        , -1.952720456066259e+01, -1.934477573234028e+01,  9.374572515229367e+00
s134        , -1.792604080418195e+01, -1.824877628476768e+01,  7.912330785097817e+00
s135        , -2.163690184151209e+01, -2.201667095579693e+01,  1.293931582137840e+01
s136        , -2.266590946104735e+01, -2.243149250998052e+01,  1.349275532212694e+01
s137        , -1.871948299194560e+01, -1.821145018968782e+01,  7.862531696266594e+00
s138        , -2.098569970792443e+01, -2.096166079675196e+01,  1.153176047663349e+01
s139        , -1.946420871832499e+01, -1.954610663021398e+01,  9.643180716709569e+00
s140        , -1.890485827097119e+01, -1.959731232630335e+01,  9.711497453372299e+00
s141        , -2.048387804329865e+01, -2.128181824256114e+01,  1.195890264218053e+01
s142        , -1.712146112463541e+01, -1.736996732655299e+01,  6.739856533982985e+00
s143        , -2.146398341435241e+01, -2.154377153022600e+01,  1.230839098308896e+01
s144        , -2.296743054539722e+01, -2.170511927898164e+01,  1.252365515298960e+01
s145        , -2.169591974109321e+01, -2.170737196989603e+01,  1.252666060948632e+01
s146        , -2.268369172314783e+01, -2.253241353749123e+01,  1.362740040630171e+01
s147        , -2.121406114253308e+01, -2.159240893396431e+01,  1.237328119954749e+01
s148        , -2.139826235530006e+01, -2.102698330404053e+01,  1.161891133814689e+01
s149        , -1.818204101397333e+01, -1.821947924902053e+01,  7.873243768828312e+00
s150        , -2.236615053154114e+01, -2.187729970775825e+01,  1.275337188197766e+01
s151        , -2.007280490017163e+01, -1.972157748480417e+01,  9.877287409529432e+00
s152        , -2.043501428229088e+01, -2.048206633451826e+01,  1.089190336924962e+01
s153        , -2.294208833005412e+01, -2.276109712538681e+01,  1.393250155024638e+01
s154        , -1.941555486932839e+01, -1.971172197423567e+01,  9.864138553608985e+00
s155        , -2.030625886040805e+01, -2.103802391731727e+01,  1.163364131405632e+01
s156        , -1.755225478861601e+01, -1.749048214061664e+01,  6.900642919973609e+00
s157        , -1.981494689568535e+01, -1.905906323357718e+01,  8.993385517884741e+00
s158        , -2.120666701656112e+01, -2.113973337772076e+01,  1.176933829609454e+01
s159        , -2.199339551508707e+01, -2.182319796434119e+01,  1.268119134660193e+01
s160        , -1.822712376873660e+01, -1.821882877650215e+01,  7.872375932569105e+00
s161        , -1.850131544535105e+01, -1.932461534677146e+01,  9.347675278064180e+00
s162        , -2.165239460618542e+01, -2.158375143992873e+01,  1.236173069276099e+01
s163        , -2.054863013411503e+01, -2.044494014426513e+01,  1.084237098600878e+01
s164        , -2.244259094688993e+01, -2.288878114277516e+01,  1.410285282086937e+01
s165        , -2.169401378729562e+01, -2.122761398365454e+01,  1.188658533444863e+01
s166        , -1.893544650248816e+01, -1.874633536164351e+01,  8.576155613682293e+00
s167        , -1.990371422830687e+01, -2.026027161568610e+01,  1.059599309838456e+01
s168        , -2.358382467591309e+01, -2.400082543769973e+01,  1.558650099003116e+01
s169        , -2.234616115486217e+01, -2.300532124247704e+01,  1.425833629067877e+01
s170        , -1.980105726485419e+01, -2.009561771337072e+01,  1.037631798127770e+01
s171        , -2.225344967355102e+01, -2.209382005034921e+01,  1.304224527608392e+01
s172        , -2.076076397080535e+01, -2.062795914476476e+01,  1.108654813457416e+01
s173        , -2.167162181633835e+01, -2.143976021587346e+01,  1.216962295306033e+01
s174        , -2.217746151284670e+01, -2.234690508657248e+01,  1.337990192550756e+01
s175        , -1.912249737452136e+01, -1.937159090594035e+01,  9.410348323260637e+00
s176        , -2.262880123350610e+01, -2.236254275194633e+01,  1.340076511747551e+01
s177        , -1.998504477748202e+01, -2.032348390955794e+01,  1.068032859158345e+01
s178        , -1.778030448780716e+01, -1.866630150865436e+01,  8.469377421482340e+00
s179        , -2.322340610724453e+01, -2.320075214225012e+01,  1.451907293396657e+01
s180        , -1.682543251402466e+01, -1.699714893885903e+01,  6.242456096917204e+00
s181        , -1.586682207916231e+01, -1.627613978427473e+01,  5.280512479176290e+00
s182        , -2.348293513803748e+01, -2.344746050430877e+01,  1.484822206170886e+01
s183        , -2.155098810628208e+01, -2.135772711583832e+01,  1.206017743975363e+01
s184        , -2.324937775466465e+01, -2.301275861482846e+01,  1.426825895646009e+01
s185        , -2.378592453308165e+01, -2.381495350700003e+01,  1.533851756802198e+01
s186        , -2.071202883303041e+01, -2.099803640872227e+01,  1.158029146622465e+01
s187        , -2.027503475690737e+01, -2.020775597937756e+01,  1.052592868816534e+01
s188        , -2.214013663755619e+01, -2.222424791636277e+01,  1.321625728756753e+01
s189        , -2.074030596943589e+01, -2.094756189271376e+01,  1.151295024285151e+01
s190        , -1.914542963593283e+01, -1.916247648251049e+01,  9.131355631258135e+00
s191        , -1.679323473828856e+01, -1.683163019953158e+01,  6.021627146410525e+00
s192        , -1.690928184419942e+01, -1.732610948196273e+01,  6.681343027707474e+00
s193        , -2.273712334380998e+01, -2.288373567815794e+01,  1.409612134949177e+01
s194        , -2.090019731082972e+01, -2.134163731793691e+01,  1.203871102937092e+01
s195        , -1.910778599576077e+01, -1.928197930059402e+01,  9.290791849822904e+00
s196        , -1.918378235513936e+01, -1.900421163721784e+01,  8.920204556581709e+00
s197        , -2.010118773573690e+01, -2.040373942289479e+01,  1.078740251478130e+01
s198        , -2.040069724820686e+01, -2.020939555312128e+01,  1.052811614651946e+01
s199        , -2.033728659050214e+01, -1.976942836443059e+01,  9.941128274749047e+00
s200        , -1.788348829912646e+01, -1.798458986242088e+01,  7.559863078891178e+00
s201        , -1.891783601993355e+01, -1.950419216875736e+01,  9.587259999985116e+00
s202        , -2.174492495952721e+01, -2.204162312948287e+01,  1.297260608416263e+01
s203        , -2.185008698942601e+01, -2.181041356950783e+01,  1.266413488214730e+01
s204        , -2.086349108831322e+01, -2.096479335537668e+01,  1.153593981992906e+01
s205        , -2.088054945703831e+01, -2.120859651410142e+01,  1.186121293335512e+01
s206        , -2.114956534802060e+01, -2.151799662091129e+01,  1.227400305700579e+01
s207        , -1.936064601068155e+01, -1.971974197208698e+01,  9.874838536678983e+00
s208        , -2.173553987268506e+01, -2.152216402509059e+01,  1.227956305278023e+01
s209        , -1.958079034508013e+01, -1.976339783457593e+01,  9.933082565941604e+00
s210        , -2.077095411669474e+01, -2.128064063064554e+01,  1.195733151612867e+01
s211        , -2.106003856984427e+01, -2.082711604384678e+01,  1.135225586766319e+01
s212        , -1.921431398034701e+01, -1.883486786920722e+01,  8.694272394963125e+00
s213        , -1.891211086691480e+01, -1.847251843997344e+01,  8.210839253196074e+00
s214        , -1.797391097043976e+01, -1.793774277806135e+01,  7.497361440010607e+00
s215        , -2.046416066581664e+01, -2.066767590352815e+01,  1.113953675804293e+01
s216        , -2.054695205981560e+01, -1.985242819254878e+01,  1.005186356073570e+01
s217        , -2.064527960557822e+01, -2.038459597703665e+01,  1.076186204078353e+01
s218        , -2.267569057486860e+01, -2.274275716598617e+01,  1.390803305801864e+01
s219        , -1.969996813819463e+01, -2.052168781627465e+01,  1.094476487767663e+01
s220        , -2.056541179285701e+01, -2.116587191253097e+01,  1.180421135779967e+01
s221        , -2.147236245537334e+01, -2.153898820237051e+01,  1.230200924483655e+01
s222        , -1.817717386569833e+01, -1.825338299185322e+01,  7.918476882483075e+00
s223        , -2.049263974761081e+01, -2.041591102361786e+01,  1.080364141210847e+01
s224        , -2.147370851727396e+01, -2.170330148817322e+01,  1.252122992405121e+01
s225        , -2.297636192643720e+01, -2.248708959759037e+01,  1.356693089015023e+01
s226        , -2.349615644619751e+01, -2.282863939640326e+01,  1.402261393802801e+01
s227        , -1.994214785348108e+01, -2.034715246360538e+01,  1.071190629675172e+01
s228        , -1.935600154849446e+01, -1.977087549008875e+01,  9.943058976019731e+00
s229        , -1.931982821700711e+01, -1.989061299672251e+01,  1.010280830732603e+01
s230        , -1.663964761443124e+01, -1.704289432809122e+01,  6.303487895103385e+00
s231        , -1.912412961575534e+01, -1.922466669727129e+01,  9.214327504492635e+00
s232        , -2.205202611453251e+01, -2.197518493688311e+01,  1.288396671677148e+01
s233        , -2.108987100746543e+01, -2.069760150888650e+01,  1.117946238852691e+01
s234        , -2.119865480781422e+01, -2.099876728429897e+01,  1.158126657325609e+01
s235        , -1.634470488909293e+01, -1.608793802436061e+01,  5.029420685617342e+00
s236        , -2.035495556536669e+01, -2.125483509609641e+01,  1.192290273099593e+01
s237        , -2.057488800817375e+01, -2.043013867750961e+01,  1.082262341916008e+01
s238        , -2.181497599002021e+01, -2.111665142162801e+01,  1.173854320811649e+01
s239        , -1.938605784207409e+01, -1.899419393506922e+01,  8.906839310682924e+00
s240        , -1.879589433372550e+01, -1.842720898296907e+01,  8.150389059586818e+00
s241        , -1.732119998261703e+01, -1.702937236751495e+01,  6.285447397846196e+00
s242        , -2.017650413285683e+01, -2.023714894700540e+01,  1.056514369318476e+01
s243        , -1.996072124442394e+01, -2.002536601440627e+01,  1.028259077542375e+01
s244        , -2.121993688931675e+01, -2.100375284897576e+01,  1.158791812835936e+01
s245        , -2.152256201120388e+01, -2.169045138791371e+01,  1.250408579785895e+01
s246        , -1.806013829922115e+01, -1.795889865792318e+01,  7.525586828663973e+00
s247        , -1.662499542985015e+01, -1.675766738107967e+01,  5.922948702860152e+00
s248        , -2.087245838906029e+01, -2.069100703377038e+01,  1.117066428491066e+01
s249        , -2.031192930505803e+01, -1.984986914891539e+01,  1.004844937982688e+01
s250        , -1.829082894515480e+01, -1.811353097652875e+01,  7.731891521237360e+00
s251        , -2.316191337748571e+01, -2.307309162891318e+01,  1.434875302157544e+01
s252        , -1.836403387539604e+01, -1.845072547012555e+01,  8.181763882760741e+00
s253        , -1.948978591890307e+01, -1.998120484427572e+01,  1.022367258348547e+01
s254        , -1.974328758235917e+01, -2.029073406718114e+01,  1.063663496903223e+01
s255        , -2.045692599174058e+01, -2.021477264203996e+01,  1.053529005871525e+01
s256        , -1.776850461240055e+01, -1.761296426880974e+01,  7.064054023360507e+00
s257        , -2.163660994039700e+01, -2.164307675127288e+01,  1.244088031833114e+01
s258        , -1.860059101905129e+01, -1.875496596491864e+01,  8.587670243815605e+00
s259        , -2.094542362420654e+01, -2.092706049982990e+01,  1.148559804640012e+01
s260        , -1.742875942837962e+01, -1.743011587407869e+01,  6.820104490670993e+00
s261        , -2.065616574581777e+01, -2.044533077811675e+01,  1.084289215517570e+01
s262        , -2.014040040752147e+01, -1.918714859447162e+01,  9.164272246097623e+00
s263        , -1.686996628366655e+01, -1.685946952126666e+01,  6.058769334821067e+00
s264        , -2.074271161967796e+01, -2.015894270500570e+01,  1.046080383164377e+01
s265        , -2.059536695716665e+01, -2.039539377259889e+01,  1.077626805832260e+01
s266        , -2.198651133619990e+01, -2.164295774567196e+01,  1.244072154548123e+01
s267        , -1.899333543245141e+01, -1.889569521046789e+01,  8.775425973024955e+00
s268        , -1.857298059991068e+01, -1.804697995012670e+01,  7.643101615180655e+00
s269        , -2.106917022960664e+01, -2.101408994046669e+01,  1.160170949164854e+01
s270        , -1.920756052964929e+01, -1.946845140797711e+01,  9.539576005257498e+00
s271        , -1.965184309682283e+01, -1.999088907952366e+01,  1.023659293023867e+01
s272        , -2.112049940018463e+01, -2.062771110178392e+01,  1.108621720484766e+01
s273        , -1.945398506004425e+01, -1.923108775021038e+01,  9.222894234685546e+00
s274        , -2.135203005648119e+01, -2.146292875133888e+01,  1.220053355201967e+01
s275        , -2.088724638081418e+01, -2.074509960429529e+01,  1.124283258215459e+01
s276        , -1.839432489855567e+01, -1.877598308655524e+01,  8.615710506401825e+00
s277        , -2.199306195501885e+01, -1.941984040068671e+01,  9.474721005958738e+00
s278        , -2.276883612887764e+01, -2.296271525024362e+01,  1.420149295929266e+01
s279        , -2.262380984036664e+01, -2.309168613234325e+01,  1.437356111698711e+01
s280        , -1.620731240668889e+01, -1.688437588714384e+01,  6.091998482529299e+00
s281        , -2.072632910940930e+01, -1.941782878705297e+01,  9.472037185810230e+00
s282        , -1.840721485531197e+01, -1.870171553022235e+01,  8.516625492896232e+00
s283        , -1.945843055355910e+01, -1.995241182225909e+01,  1.018525800360357e+01
s284        , -2.290375248734285e+01, -2.391084916992424e+01,  1.546645799753312e+01
s285        , -2.162506652538119e+01, -2.128832105535804e+01,  1.196757845333710e+01
s286        , -2.308167299949378e+01, -2.382391733697195e+01,  1.535047677682977e+01
s287        , -1.888746545864790e+01, -1.830578969437747e+01,  7.988395957295809e+00
s288        , -2.031934863671701e+01, -2.061362874349899e+01,  1.106742904579474e+01
s289        , -2.410980627565496e+01, -2.451093598637895e+01,  1.626707152582027e+01
s290        , -2.087284446952964e+01, -2.081970485623564e+01,  1.134236813658919e+01
s291        , -2.204275686911580e+01, -2.025165969297033e+01,  1.058450339115928e+01
s292        , -1.820983264392220e+01, -1.815577786503305e+01,  7.788255749774173e+00
s293        , -1.668568749246811e+01, -1.684681298512946e+01,  6.041883454686982e+00
s294        , -2.280852590517532e+01, -2.329865148558906e+01,  1.464968659942026e+01
s295        , -1.673628435422914e+01, -1.704044459933068e+01,  6.300219558035243e+00
s296        , -2.103716924286631e+01, -2.007228675047629e+01,  1.034519067767921e+01
s297        , -2.124288787488653e+01, -2.074403576115088e+01,  1.124141324216904e+01
s298        , -2.177880180045448e+01, -2.165693397441481e+01,  1.245936811044339e+01
s299        , -1.893486515270964e+01, -1.903490019655502e+01,  8.961148091909056e+00
s300        , -1.774017522269403e+01, -1.740458852839192e+01,  6.786046854779505e+00
s301        , -2.283171483494903e+01, -2.305168345539407e+01,  1.432019103210102e+01
s302        , -1.721456897049112e+01, -1.749928184380596e+01,  6.912383156927823e+00
s303        , -2.130552121943375e+01, -2.029115226837387e+01,  1.063719291752111e+01
s304        , -2.313677054561944e+01, -2.322769017158464e+01,  1.455501265155281e+01
s305        , -1.858159986173835e+01, -1.887923383633707e+01,  8.753463819446594e+00
s306        , -2.163460095493751e+01, -2.172474031628896e+01,  1.254983281174917e+01
s307        , -1.987289536762319e+01, -2.033086347747718e+01,  1.069017413683965e+01
s308        , -2.028550026196297e+01, -1.881751778995629e+01,  8.671124564042239e+00
s309        , -2.129242792516701e+01, -2.183395309808293e+01,  1.269554044632561e+01
s310        , -1.894855963686166e+01, -1.916838063362126e+01,  9.139232730242345e+00
s311        , -2.010039836844276e+01, -2.036863335299866e+01,  1.074056530104297e+01
s312        , -1.830057188159682e+01, -1.869076834590872e+01,  8.502020166437099e+00
s313        , -1.990312271450173e+01, -1.918071186909439e+01,  9.155684606320222e+00
s314        , -1.980645538479249e+01, -1.956054030251998e+01,  9.662437585872796e+00
s315        , -1.914671781515828e+01, -1.980108728384658e+01,  9.983366428430102e+00
s316        , -2.257620253811652e+01, -2.229804608469841e+01,  1.331471606105199e+01
s317        , -1.647333233405121e+01, -1.633385947316231e+01,  5.357519942937840e+00
s318        , -2.027102701488289e+01, -1.966204099255485e+01,  9.797856034244148e+00
s319        , -1.996146248057647e+01, -1.966340296372730e+01,  9.799673125564770e+00
s320        , -2.548773082504399e+01, -2.518828435997339e+01,  1.717076455221746e+01
s321        , -1.727661852750149e+01, -1.784038118286005e+01,  7.367465218136751e+00
s322        , -2.011073789818953e+01, -2.051527418870775e+01,  1.093620805413934e+01
s323        , -2.178223238748198e+01, -2.150227793261293e+01,  1.225303176726318e+01
s324        , -1.879130547869734e+01, -1.904727934569143e+01,  8.977663892615766e+00
s325        , -2.032679436678044e+01, -1.990763870016246e+01,  1.012552336809534e+01
s326        , -2.071891083121713e+01, -2.021824120123197e+01,  1.053991768148022e+01
s327        , -1.834375983430116e+01, -1.924966518629256e+01,  9.247679559475962e+00
s328        , -2.099505369246730e+01, -2.084726134669703e+01,  1.137913298202580e+01
s329        , -2.140321290954873e+01, -2.088625450742317e+01,  1.143115620788579e+01
s330        , -2.114112529442132e+01, -2.154359264411878e+01,  1.230815231989301e+01
s331        , -1.934637322166436e+01, -1.997316437712302e+01,  1.021294529103430e+01
s332        , -1.962462779654497e+01, -2.032526809089218e+01,  1.068270898001048e+01
s333        , -2.293624249800790e+01, -2.310636361628422e+01,  1.439314327057247e+01
s334        , -1.807355423930957e+01, -1.817118122805578e+01,  7.808806344253102e+00
s335        , -1.850164643907080e+01, -1.859931412905773e+01,  8.380005349210510e+00
s336        , -2.151296308555482e+01, -2.148479954163686e+01,  1.222971274760730e+01
s337        , -1.775953587894473e+01, -1.653407657497424e+01,  5.624642159106670e+00
s338        , -2.118082550420247e+01, -2.137976210277446e+01,  1.208957570039354e+01
s339        , -1.761381998690202e+01, -1.868380369688573e+01,  8.492728190551809e+00
s340        , -1.906967392812366e+01, -1.895082558780995e+01,  8.848978873554245e+00
s341        , -2.371082699534004e+01, -2.384652745124328e+01,  1.538064235098568e+01
s342        , -1.901967676945428e+01, -1.947466042555444e+01,  9.547859845751022e+00
s343        , -1.943128604912865e+01, -1.845829932897358e+01,  8.191868643753322e+00
s344        , -2.171448714042025e+01, -2.225413021899575e+01,  1.325612514516466e+01
s345        , -1.896311499883081e+01, -1.861779071898593e+01,  8.404656128810240e+00
s346        , -2.211462969107367e+01, -2.181421567977423e+01,  1.266920751635930e+01
s347        , -1.640817037109120e+01, -1.685684649786234e+01,  6.055269794479683e+00
s348        , -2.058778590237884e+01, -2.060109243443893e+01,  1.105070356815874e+01
s349        , -1.918353701640313e+01, -1.914289588793483e+01,  9.105231929688088e+00
s350        , -2.047073332015930e+01, -2.099723341196783e+01,  1.157922013779825e+01
s351        , -2.167714580870165e+01, -2.204569580914835e+01,  1.297803970201117e+01
s352        , -2.086238589025425e+01, -2.090166408950436e+01,  1.145171509960138e+01
s353        , -1.920058764071421e+01, -1.961437395740842e+01,  9.734260447497148e+00
s354        , -2.053223705409261e+01, -2.048608742371572e+01,  1.089726815701310e+01
s355        , -1.704257081119439e+01, -1.760769334095048e+01,  7.057021747304721e+00
s356        , -2.127143545968418e+01, -2.102473142430226e+01,  1.161590696389121e+01
s357        , -1.906625211198675e+01, -1.953818825540823e+01,  9.632616315330141e+00
s358        , -2.032987192881253e+01, -1.983756644542984e+01,  1.003203557006644e+01
s359        , -2.136102912880764e+01, -2.139668735847967e+01,  1.211215674752830e+01
s360        , -1.881386071055488e+01, -1.837570668335618e+01,  8.081676605526283e+00
s361        , -2.182643688719446e+01, -2.118138488303320e+01,  1.182490818650418e+01
s362        , -2.091897008712596e+01, -2.111076983760626e+01,  1.173069621730374e+01
s363        , -1.798497754334610e+01, -1.839477625001431e+01,  8.107118512641119e+00
s364        , -1.789393844733154e+01, -1.776196366086128e+01,  7.262843474673211e+00
s365        , -2.184332997178521e+01, -2.134316292401029e+01,  1.204074643629488e+01
s366        , -2.293131491804218e+01, -2.284067777383481e+01,  1.403867509379087e+01
s367        , -2.320311495695380e+01, -2.268767889369931e+01,  1.383454967411753e+01
s368        , -1.944159222026194e+01, -1.988757877357921e+01,  1.009876015957514e+01
s369        , -2.221834550731525e+01, -2.253320517252387e+01,  1.362845657634115e+01
s370        , -1.739352775780219e+01, -1.823593668068030e+01,  7.895200662508322e+00
s371        , -2.131349702655302e+01, -2.071570853252491e+01,  1.120362010651773e+01
s372        , -2.230067528571091e+01, -2.195293402129094e+01,  1.285428037214368e+01
s373        , -1.609460498694387e+01, -1.635249897141906e+01,  5.382388068775041e+00
s374        , -1.846307154319872e+01, -1.881664091732920e+01,  8.669954673172143e+00
s375        , -2.092466765927065e+01, -2.095086296772802e+01,  1.151735441445107e+01
s376        , -2.335896110191541e+01, -2.402373454079284e+01,  1.561706546396116e+01
s377        , -2.209438728501526e+01, -2.234396494131109e+01,  1.337597929297030e+01
s378        , -2.111108779470583e+01, -2.140111252468506e+01,  1.211806063981822e+01
s379        , -1.875225846070942e+01, -1.829056950088594e+01,  7.968089740797904e+00
s380        , -1.834869608623442e+01, -1.826703281724693e+01,  7.936687972227598e+00
s381        , -2.068155326614140e+01, -2.014332900043858e+01,  1.043997260729365e+01
s382        , -1.804666933121612e+01, -1.821392743428530e+01,  7.865836743941755e+00
s383        , -2.062194236740874e+01, -2.126387634796396e+01,  1.193496523321948e+01
s384        , -1.800916137079852e+01, -1.832932577816687e+01,  8.019796925569061e+00
s385        , -2.216424509641620e+01, -2.207891291921672e+01,  1.302235673575049e+01
s386        , -2.182057698940036e+01, -2.188232652663642e+01,  1.276007847690320e+01
s387        , -1.799817167842237e+01, -1.771465451784673e+01,  7.199725374307519e+00
s388        , -2.351217009702901e+01, -2.395081007062053e+01,  1.551977234609523e+01
s389        , -2.149803565649794e+01, -2.170079384275381e+01,  1.251788431672927e+01
s390        , -2.025125341850577e+01, -1.994342029340490e+01,  1.017326183997648e+01
s391        , -1.925641978436478e+01, -1.911729538709308e+01,  9.071076692907653e+00
s392        , -1.954014294555121e+01, -2.029684965285651e+01,  1.064479415615456e+01
s393        , -2.007195889273447e+01, -2.018541362644405e+01,  1.049612035123500e+01
s394        , -1.933645012315517e+01, -1.910324096882077e+01,  9.052325810381189e+00
s395        , -2.191328817199827e+01, -2.059493737908181e+01,  1.104249172205391e+01
s396        , -1.985518647713905e+01, -1.903328527662556e+01,  8.958993525757665e+00
s397        , -1.859895904181181e+01, -1.882330903530254e+01,  8.678851028351575e+00
s398        , -2.089338265909714e+01, -2.090148835497215e+01,  1.145148064111969e+01
s399        , -1.650074457052408e+01, -1.678092778701855e+01,  5.953981871990807e+00
s400        , -1.659170957499870e+01, -1.712868173510915e+01,  6.417942265257699e+00
s401        , -1.654426837808786e+01, -1.696426575630228e+01,  6.198584576853476e+00
s402        , -1.877939202276407e+01, -1.862231174199488e+01,  8.410687909684963e+00
s403        , -2.106694758002669e+01, -2.082555812614454e+01,  1.135017735176486e+01
s404        , -2.165676773412189e+01, -2.134001148035575e+01,  1.203654189729439e+01
s405        , -2.212611753855641e+01, -2.216189118994627e+01,  1.313306326067040e+01
s406        , -1.885653015374473e+01, -1.876848391444543e+01,  8.605705389679638e+00
s407        , -1.790225292709843e+01, -1.798213539750908e+01,  7.556588423026051e+00
s408        , -1.653237145459570e+01, -1.703171144901772e+01,  6.288568113455224e+00
s409        , -1.984138826084547e+01, -2.008753043653757e+01,  1.036552823709056e+01
s410        , -1.632163885458830e+01, -1.696107305426694e+01,  6.194324992454697e+00
s411        , -1.826950002229553e+01, -1.835523148016120e+01,  8.054359350384486e+00
s412        , -2.254085603631221e+01, -2.258300561031933e+01,  1.369489846961456e+01
s413        , -1.907038707751166e+01, -1.944935171985963e+01,  9.514093911211067e+00
s414        , -1.996831080241482e+01, -1.984917367762225e+01,  1.004752150787476e+01
s415        , -2.069762370804266e+01, -2.016756003439832e+01,  1.047230075225635e+01
s416        , -1.735494379178349e+01, -1.802386254124121e+01,  7.612259227404149e+00
s417        , -1.714858900796163e+01, -1.700948603917956e+01,  6.258915797656517e+00
s418        , -2.014294405560549e+01, -1.997984943928105e+01,  1.022186425251522e+01
s419        , -1.771416578387462e+01, -1.792539670302456e+01,  7.480889765538407e+00
s420        , -2.335906844703241e+01, -2.336947219308121e+01,  1.474417295530466e+01
s421        , -2.045819521600993e+01, -1.998270824552611e+01,  1.022567836555984e+01
s422        , -1.913624718404630e+01, -1.909399446378040e+01,  9.039989467002691e+00
s423        , -2.001718266940652e+01, -2.016540889144309e+01,  1.046943077727270e+01
s424        , -2.199980092896302e+01, -2.146946398999299e+01,  1.220925262454983e+01
s425        , -1.799669141475633e+01, -1.843459480195249e+01,  8.160242944780531e+00
s426        , -2.179879403652462e+01, -2.140681545714461e+01,  1.212566928035626e+01
s427        , -1.855895626610580e+01, -1.906497130740625e+01,  9.001267850413912e+00
s428        , -2.201089453299450e+01, -2.240718907345237e+01,  1.346033058034832e+01
s429        , -2.010895188317044e+01, -2.028057628396594e+01,  1.062308283218051e+01
s430        , -2.197039083997888e+01, -2.148005518932711e+01,  1.222338300907949e+01
s431        , -2.053790779896415e+01, -2.033893516505355e+01,  1.070094308241977e+01
s432        , -2.056150222449639e+01, -1.967931386277574e+01,  9.820900855746633e+00
s433        , -1.961788415450921e+01, -2.021470812453316e+01,  1.053520398185547e+01
s434        , -2.169585176655818e+01, -2.144776957876496e+01,  1.218030874736219e+01
s435        , -1.969212203292086e+01, -1.980340803628922e+01,  9.986462690088308e+00
s436        , -1.841763911968392e+01, -1.808130741523618e+01,  7.688900043349476e+00
s437        , -2.085473352476042e+01, -2.082905914007723e+01,  1.135484827443867e+01
s438        , -2.075193174001312e+01, -2.112864600158028e+01,  1.175454593091024e+01
s439        , -1.747889033992054e+01, -1.739259870546212e+01,  6.770050478628342e+00
s440        , -2.292628299240021e+01, -2.330015690209105e+01,  1.465169507016841e+01
s441        , -1.928590410708185e+01, -1.890954907915917e+01,  8.793909289753831e+00
s442        , -2.265396374356312e+01, -2.250388431754491e+01,  1.358933778133781e+01
s443        , -1.939450551490213e+01, -1.899568232112031e+01,  8.908825060036420e+00
s444        , -2.014197468633274e+01, -2.034133526220631e+01,  1.070414520284138e+01
s445        , -2.136890748153691e+01, -2.151193523125869e+01,  1.226591617620284e+01
s446        , -1.984877428373165e+01, -1.990123528444135e+01,  1.011698016882318e+01
s447        , -2.124129540469972e+01, -2.116458713065518e+01,  1.180249724956990e+01
s448        , -1.996883442559681e+01, -2.043544643575602e+01,  1.082970483294961e+01
s449        , -2.213132573342666e+01, -2.231669432758614e+01,  1.333959585365086e+01
s450        , -2.393776981346641e+01, -2.298887961095758e+01,  1.423640047695876e+01
s451        , -1.778758837631850e+01, -1.786600336501053e+01,  7.401649381313511e+00
s452        , -2.093231028730361e+01, -2.106543898462014e+01,  1.167021747797083e+01
s453        , -1.913112365245808e+01, -1.916206092810557e+01,  9.130801214015172e+00
s454        , -1.694745233262931e+01, -1.764235136075890e+01,  7.103261189267799e+00
s455        , -1.959305905778561e+01, -1.944009218727655e+01,  9.501740186969249e+00
s456        , -1.690137029519855e+01, -1.747271450044360e+01,  6.876937994789095e+00
s457        , -1.744399185749123e+01, -1.724187701349391e+01,  6.568963198776082e+00
s458        , -2.020627098912283e+01, -2.036336334135549e+01,  1.073353424736865e+01
s459        , -1.884232545378780e+01, -1.902774774914925e+01,  8.951605562400987e+00
s460        , -2.233016805188693e+01, -2.248270290030812e+01,  1.356107832166785e+01
s461        , -1.623645396367353e+01, -1.624657010653673e+01,  5.241061714095338e+00
s462        , -2.313545884021418e+01, -2.272290637785633e+01,  1.388154887425035e+01
s463        , -2.090493117250811e+01, -2.063486257364834e+01,  1.109575843282471e+01
s464        , -1.633431188033305e+01, -1.682279745317188e+01,  6.009842824486432e+00
s465        , -1.999082968954132e+01, -2.031739383046739e+01,  1.067220343439863e+01
s466        , -1.900684695054017e+01, -1.803662833008181e+01,  7.629290868434733e+00
s467        , -1.783078222536251e+01, -1.795043777694722e+01,  7.514298635714496e+00
s468        , -1.945030486126850e+01, -1.838601277133179e+01,  8.095426605077581e+00
s469        , -2.270314762369042e+01, -2.262385535759855e+01,  1.374939868425363e+01
s470        , -2.119907484802825e+01, -2.133490224536367e+01,  1.202972534585268e+01
s471        , -1.972012875359749e+01, -1.972588358731410e+01,  9.883032451461887e+00
s472        , -1.766462305551830e+01, -1.790865730100285e+01,  7.458556677480913e+00
s473        , -2.127822401317911e+01, -2.161325419053627e+01,  1.240109216615183e+01
s474        , -1.654177405306909e+01, -1.684708315749872e+01,  6.042243908621086e+00
s475        , -2.297159509003216e+01, -2.335803114993644e+01,  1.472890874074729e+01
s476        , -2.252587602064435e+01, -2.226640300808207e+01,  1.327249904424542e+01
s477        , -2.178946083596680e+01, -2.131800802327904e+01,  1.200718570262113e+01
s478        , -1.788602657411998e+01, -1.814324118678543e+01,  7.771529779581849e+00
s479        , -1.952938513246325e+01, -1.897356056871164e+01,  8.879311040127705e+00
s480        , -2.203955610850313e+01, -2.184670347266279e+01,  1.271255152222239e+01
s481        , -1.615402914764109e+01, -1.719199968595479e+01,  6.502418722064286e+00
s482        , -2.215324565636576e+01, -2.191673020094881e+01,  1.280597858055821e+01
s483        , -2.217560840271064e+01, -2.179239402999037e+01,  1.264009388221930e+01
s484        , -2.403070638423247e+01, -2.431001674397903e+01,  1.599901253977400e+01
s485        , -1.896886917982663e+01, -1.925947912980526e+01,  9.260772958175391e+00
s486        , -2.293847835350512e+01, -2.315660190452818e+01,  1.446016932764156e+01
s487        , -1.935879902533930e+01, -1.963007585501173e+01,  9.755209335718449e+00
s488        , -2.071941340396909e+01, -2.038786093409886e+01,  1.076621802515381e+01
s489        , -2.120929532988995e+01, -2.120273234042516e+01,  1.185338917077828e+01
s490        , -2.336106814107168e+01, -2.320343241611597e+01,  1.452264885574600e+01
s491        , -1.878377211600346e+01, -1.870289071431240e+01,  8.518193379833464e+00
s492        , -2.196689093989351e+01, -2.234671870917263e+01,  1.337965326770739e+01
s493        , -2.118321097196467e+01, -2.028621865407228e+01,  1.063061067267771e+01
s494        , -2.014379663919148e+01, -2.039307005169777e+01,  1.077316783625741e+01
s495        , -1.971897958689983e+01, -1.970118866099664e+01,  9.850085398556068e+00
s496        , -2.171934681583978e+01, -2.106155750969913e+01,  1.166503895838624e+01
s497        , -1.930074135275753e+01, -1.922284736901807e+01,  9.211900224352529e+00
s498        , -2.146882601091719e+01, -2.163936352340682e+01,  1.243592626771435e+01
s499        , -1.852368794388046e+01, -1.838666760982178e+01,  8.096300266253850e+00
s500        , -2.050589701281523e+01, -2.091314352726823e+01,  1.146703053883263e+01
s501        , -2.141899489528082e+01, -2.144601996407945e+01,  1.217797447647321e+01
s502        , -1.777920620854658e+01, -1.761445854048812e+01,  7.066047625099189e+00
s503        , -2.264989988763092e+01, -2.273267158012443e+01,  1.389457724419271e+01
s504        , -1.994570445298742e+01, -2.009994907219824e+01,  1.038209671925043e+01
s505        , -2.256898602446125e+01, -2.242124646449008e+01,  1.347908542902789e+01
s506        , -2.050664132584332e+01, -2.023075218768249e+01,  1.055660937463169e+01
s507        , -2.255451727781655e+01, -2.204375032256027e+01,  1.297544410610936e+01
s508        , -2.063695726234980e+01, -2.071847950680437e+01,  1.120731703741814e+01
s509        , -2.049565878814769e+01, -2.057008238849280e+01,  1.100933111734579e+01
s510        , -1.886667658587990e+01, -1.895161898406531e+01,  8.850037393351576e+00
s511        , -2.270091090950000e+01, -2.306114449417691e+01,  1.433281359842558e+01
s512        , -2.052865138648571e+01, -2.090497437458330e+01,  1.145613155892696e+01
s513        , -1.872228566034903e+01, -1.883639365924640e+01,  8.696308047327415e+00
s514        , -2.338235400416073e+01, -2.345850916974373e+01,  1.486296278050853e+01
s515        , -2.063189590001077e+01, -2.113827299973374e+01,  1.176738991405920e+01
s516        , -2.353360034901451e+01, -2.340912135741885e+01,  1.479707139680273e+01
s517        , -2.274108402549141e+01, -2.255654274298870e+01,  1.365959269551450e+01
s518        , -2.095244706423326e+01, -2.154613429332954e+01,  1.231154329380962e+01
s519        , -2.165153402286209e+01, -2.108449664003930e+01,  1.169564349355331e+01
s520        , -1.917430642162448e+01, -1.971559468023936e+01,  9.869305374029988e+00
s521        , -2.048146586988528e+01, -1.930093850481218e+01,  9.316086515471948e+00
s522        , -1.837039701152461e+01, -1.874684936557306e+01,  8.576841378622152e+00
s523        , -2.237538522976599e+01, -2.238598451866994e+01,  1.343204025142488e+01
s524        , -2.219430447580721e+01, -2.161641715691254e+01,  1.240531207833940e+01
s525        , -2.096151325596525e+01, -2.068839758834120e+01,  1.116718285979908e+01
s526        , -2.193172581512368e+01, -2.179563427728093e+01,  1.264441689973057e+01
s527        , -2.063376120076111e+01, -2.053875932738038e+01,  1.096754105333117e+01
s528        , -1.776721144005281e+01, -1.775469924664312e+01,  7.253151563205312e+00
s529        , -2.226349149791107e+01, -2.263186419420396e+01,  1.376008377640415e+01
s530        , -2.300566448791293e+01, -2.300619624952342e+01,  1.425950369256041e+01
s531        , -1.846679125419261e+01, -1.784488735445603e+01,  7.373477184808237e+00
s532        , -1.859817726729017e+01, -1.939364416584537e+01,  9.439770963016503e+00
s533        , -2.134099683522431e+01, -2.206711398820485e+01,  1.300661504050173e+01
s534        , -2.286936511308830e+01, -2.296115649691305e+01,  1.419941332853009e+01
s535        , -1.777040539985326e+01, -1.819080536701891e+01,  7.834988141126578e+00
s536        , -1.995222678224889e+01, -2.006947373614383e+01,  1.034143765850252e+01
s537        , -2.015268820600640e+01, -2.077659322889605e+01,  1.128485020563635e+01
s538        , -1.740140208992538e+01, -1.794809009080820e+01,  7.511166440119569e+00
s539        , -1.924950405987826e+01, -2.012593111950092e+01,  1.041676100113887e+01
s540        , -2.157643164881004e+01, -2.127338719104215e+01,  1.194765424658392e+01
s541        , -1.586673793577160e+01, -1.642057821217885e+01,  5.473216861631753e+00
s542        , -2.009907109345192e+01, -2.007701736062908e+01,  1.035150208193193e+01
s543        , -1.879069098033760e+01, -1.829433548910191e+01,  7.973114182312696e+00
s544        , -2.248614661420541e+01, -2.185096012601129e+01,  1.271823059092143e+01
s545        , -1.987972862262733e+01, -2.020571697540272e+01,  1.052320832484169e+01
s546        , -2.126472237694319e+01, -2.067584342188231e+01,  1.115043355748523e+01
s547        , -1.738356621674509e+01, -1.737044345093993e+01,  6.740491761444876e+00
s548        , -1.943625792183643e+01, -1.995828137159276e+01,  1.019308893818275e+01
s549        , -2.233202963006129e+01, -2.250604020064307e+01,  1.359221408044398e+01
s550        , -2.412763530103872e+01, -2.410204288090803e+01,  1.572154154101336e+01
s551        , -1.731823103856605e+01, -1.750968519737436e+01,  6.926262924618150e+00
s552        , -2.060923402045430e+01, -2.110622531075056e+01,  1.172463307847021e+01
s553        , -1.992869680942914e+01, -1.987736154277485e+01,  1.008512870995935e+01
s554        , -1.812921854031919e+01, -1.798091060319248e+01,  7.554954347968327e+00
s555        , -2.102602816640752e+01, -2.004860529339483e+01,  1.031359575776248e+01
s556        , -1.941820686683750e+01, -1.940838091251736e+01,  9.459432182735082e+00
s557        , -2.190718211184164e+01, -2.144509956928781e+01,  1.217674651994868e+01
s558        , -1.909304407213536e+01, -1.900512603667109e+01,  8.921424514348571e+00
s559        , -2.023025085829861e+01, -2.021282993542241e+01,  1.053269817174680e+01
s560        , -2.107002513254548e+01, -2.142269515660891e+01,  1.214685538521250e+01
s561        , -2.121559386756793e+01, -2.072731484043256e+01,  1.121910481117969e+01
s562        , -1.764234380631898e+01, -1.824106547692096e+01,  7.902043311840892e+00
s563        , -1.646928563220792e+01, -1.726552281726264e+01,  6.600510551368023e+00
s564        , -1.863449571719480e+01, -1.827966570701679e+01,  7.953542304257194e+00
s565        , -2.028655126138008e+01, -2.042445621983668e+01,  1.081504209532140e+01
s566        , -1.821002786093300e+01, -1.828170498624182e+01,  7.956263034809412e+00
s567        , -2.066943738863287e+01, -2.095438798008367e+01,  1.152205735492889e+01
s568        , -2.062629415098700e+01, -2.070888201644903e+01,  1.119451242247677e+01
s569        , -2.065075063553067e+01, -2.131114229746075e+01,  1.199802570639907e+01
s570        , -2.031634942577389e+01, -2.039186708242331e+01,  1.077156287935978e+01
s571        , -2.047206271335130e+01, -2.042607008130820e+01,  1.081719524931754e+01
s572        , -2.393038589894997e+01, -2.395902041705012e+01,  1.553072628516405e+01
s573        , -1.926109501090367e+01, -1.893856447461996e+01,  8.832620552020424e+00
s574        , -2.085894290369713e+01, -2.095492742919375e+01,  1.152277706788294e+01
s575        , -2.021973442813006e+01, -2.083001634602557e+01,  1.135612534304039e+01
s576        , -1.844714179521902e+01, -1.832292564017257e+01,  8.011258099318201e+00
s577        , -1.949977509463960e+01, -1.920281354150656e+01,  9.185171836243875e+00
s578        , -2.108198153892643e+01, -2.104732828057601e+01,  1.164605484971947e+01
s579        , -2.029210259566103e+01, -2.048382924869489e+01,  1.089425538382538e+01
s580        , -2.195204710511243e+01, -2.207496414123522e+01,  1.301708842292391e+01
s581        , -2.000078291173359e+01, -2.027723661142337e+01,  1.061862716519316e+01
s582        , -2.354247422413414e+01, -2.315483291879724e+01,  1.445780921262369e+01
s583        , -1.881717670098672e+01, -1.941388524665053e+01,  9.466775860766971e+00
s584        , -2.079214981383572e+01, -2.044903044111339e+01,  1.084782810804784e+01
s585        , -2.214462266832296e+01, -2.226173242444136e+01,  1.326626772513423e+01
s586        , -1.671124709479596e+01, -1.674198648892401e+01,  5.902027839326429e+00
s587        , -1.722924462132460e+01, -1.697163269741363e+01,  6.208413275891877e+00
s588        , -2.306180681354529e+01, -2.275449383229478e+01,  1.392369168201439e+01
s589        , -2.054966159202169e+01, -2.139199316251923e+01,  1.210589392573768e+01
s590        , -2.302597507766974e+01, -2.335826425227247e+01,  1.472921973722077e+01
s591        , -2.031576031139625e+01, -2.057702148674099e+01,  1.101858900433693e+01
s592        , -1.675983730084032e+01, -1.632962546132615e+01,  5.351871081703093e+00
s593        , -1.833051427645905e+01, -1.870369947720740e+01,  8.519272401230294e+00
s594        , -1.700453572465554e+01, -1.715702760837126e+01,  6.455760275889617e+00
s595        , -2.121342929627275e+01, -2.052737648226841e+01,  1.095235448442623e+01
s596        , -1.895402289388661e+01, -1.900774153044456e+01,  8.924914008936307e+00
s597        , -2.389559541191659e+01, -2.393779412181068e+01,  1.550240695093087e+01
s598        , -1.923753651242740e+01, -1.924414179680552e+01,  9.240310458499126e+00
s599        , -2.358158831573873e+01, -2.337959542614897e+01,  1.475767899663371e+01
s600        , -1.942143232536245e+01, -2.016578325064024e+01,  1.046993023340049e+01
s601        , -2.073803555561576e+01, -2.031849420792133e+01,  1.067367151710214e+01
s602        , -1.821856306700227e+01, -1.756338427686625e+01,  6.997906240749920e+00
s603        , -1.722454836479658e+01, -1.747379050654158e+01,  6.878373562135243e+00
s604        , -1.805154515236764e+01, -1.780343805027476e+01,  7.318177063632991e+00
s605        , -2.021935755598555e+01, -1.946332980241094e+01,  9.532742949455576e+00
s606        , -1.827906736534894e+01, -1.855794224426399e+01,  8.324808518104808e+00
s607        , -2.237721630921111e+01, -2.238767638549754e+01,  1.343429747726802e+01
s608        , -2.098562136420296e+01, -2.137575008376999e+01,  1.208422301374446e+01
s609        , -1.946776205882490e+01, -1.960634388665443e+01,  9.723547025534764e+00
s610        , -2.069261977150295e+01, -2.070506485171605e+01,  1.118941970315496e+01
s611        , -2.170289912291919e+01, -2.137579376344377e+01,  1.208428128954186e+01
s612        , -1.930046031145336e+01, -1.887704899097366e+01,  8.750548879962508e+00
s613        , -2.385958137896088e+01, -2.394319373218304e+01,  1.550961091041314e+01
s614        , -1.933674081040147e+01, -1.929245918714583e+01,  9.304773724975346e+00
s615        , -1.973716697922491e+01, -1.971954415374843e+01,  9.874574614803615e+00
s616        , -1.815004309366292e+01, -1.800414295800138e+01,  7.585950092323888e+00
s617        , -1.832352306169715e+01, -1.782070400605317e+01,  7.341212660143291e+00
s618        , -1.700993990522181e+01, -1.742359590590543e+01,  6.811405791448840e+00
s619        , -2.331208521979489e+01, -2.275243237664080e+01,  1.392094136449484e+01
s620        , -2.294394567846179e+01, -2.331157674893099e+01,  1.466693100540363e+01
s621        , -2.117716243218820e+01, -2.145840128946030e+01,  1.219449318064440e+01
s622        , -2.002792552777272e+01, -1.944624269468857e+01,  9.509945965374762e+00
s623        , -1.988853831837967e+01, -1.973964719005976e+01,  9.901395338720841e+00
s624        , -2.364575476956619e+01, -2.337719742965992e+01,  1.475447967883956e+01
s625        , -2.144171537166414e+01, -2.079299701597185e+01,  1.130673552870613e+01
s626        , -2.037069722396305e+01, -2.033567756656100e+01,  1.069659691557966e+01
s627        , -1.998545144661707e+01, -2.015542490956623e+01,  1.045611051970729e+01
s628        , -2.158119065398551e+01, -2.135709952929524e+01,  1.205934013711211e+01
s629        , -1.843917864187274e+01, -1.819478806896777e+01,  7.840301714049640e+00
s630        , -1.962256463480217e+01, -2.004727896736145e+01,  1.031182622286166e+01
s631        , -2.101091990223662e+01, -2.074563864264887e+01,  1.124355174709257e+01
s632        , -2.022844039713042e+01, -1.972598324980132e+01,  9.883165417448367e+00
s633        , -2.473876586737651e+01, -2.486895253765761e+01,  1.674472390285101e+01
s634        , -2.051539403555230e+01, -2.058873714378250e+01,  1.103421959854932e+01
s635        , -2.382235458298951e+01, -2.398843062915864e+01,  1.556996429712869e+01
s636        , -1.910586081968059e+01, -1.962795749703924e+01,  9.752383101240342e+00
s637        , -1.917066616024459e+01, -1.908283406566500e+01,  9.025099678613330e+00
s638        , -2.192001400012589e+01, -2.157845675485513e+01,  1.235466672071276e+01
s639        , -2.010078758798683e+01, -1.980767253678493e+01,  9.992152228159529e+00
s640        , -1.983289623130970e+01, -1.974701936751806e+01,  9.911231023898727e+00
s641        , -2.307886864739055e+01, -2.300484685581761e+01,  1.425770338162834e+01
s642        , -2.260273435105626e+01, -2.270444974860355e+01,  1.385692472544193e+01
s643        , -2.012782689900612e+01, -1.989265011167364e+01,  1.010552615038444e+01
s644        , -1.902512926743999e+01, -1.806182147334173e+01,  7.662902623868938e+00
s645        , -2.049081123370357e+01, -2.032788054026686e+01,  1.068619441287451e+01
s646        , -2.159630341817387e+01, -2.203111405245576e+01,  1.295858526416291e+01
s647        , -2.046804100673445e+01, -2.031475496275143e+01,  1.066868275516551e+01
s648        , -2.112203592795417e+01, -2.100227161206789e+01,  1.158594191712704e+01
s649        , -2.130712394597167e+01, -2.180651169980650e+01,  1.265892915260477e+01
s650        , -1.872664219670308e+01, -1.837815982707954e+01,  8.084949498710900e+00
s651        , -2.286060777226206e+01, -2.325142652785612e+01,  1.458668081592853e+01
s652        , -2.513277458672901e+01, -2.533948177785626e+01,  1.737248652790468e+01
s653        , -2.212366926194319e+01, -2.181491805729006e+01,  1.267014460233707e+01
s654        , -2.219498706816524e+01, -2.220767620689641e+01,  1.319414792868510e+01
s655        , -2.136195741190379e+01, -2.151075167144240e+01,  1.226433711468294e+01
s656        , -2.204727614381470e+01, -2.176183797554134e+01,  1.259932712998917e+01
s657        , -2.036339525797458e+01, -2.008339930987818e+01,  1.036001664143494e+01
s658        , -1.602366185676991e+01, -1.602372655978752e+01,  4.943752136003024e+00
s659        , -1.871169938684588e+01, -1.902736769270552e+01,  8.951098505218560e+00
s660        , -2.183022460938435e+01, -2.121107077669885e+01,  1.186451400255664e+01
s661        , -2.183692812512830e+01, -2.207347414097567e+01,  1.301510051995347e+01
s662        , -1.575332316936146e+01, -1.575433322136984e+01,  4.584337555889666e+00
s663        , -2.161244100467384e+01, -2.174191567262080e+01,  1.257274753384498e+01
s664        , -1.792030659393350e+01, -1.782888751279706e+01,  7.352130790700963e+00
s665        , -2.036353189911458e+01, -2.025682337212250e+01,  1.059139257997597e+01
s666        , -1.896012969757172e+01, -1.834544979045974e+01,  8.041308983521292e+00
s667        , -1.834472710605888e+01, -1.871458464195387e+01,  8.533794983487880e+00
s668        , -2.315183675604283e+01, -2.248133497558611e+01,  1.355925328734267e+01
s669        , -2.168824836514504e+01, -2.102205057825371e+01,  1.161233027872688e+01
s670        , -1.765957516951316e+01, -1.797100127933189e+01,  7.541733696353543e+00
s671        , -1.925271531654228e+01, -1.952029816518718e+01,  9.608748021842423e+00
s672        , -2.010246672918431e+01, -1.998476658114425e+01,  1.022842452044352e+01
s673        , -2.045224673553428e+01, -2.051169670529761e+01,  1.093143510873070e+01
s674        , -1.961862741224291e+01, -1.956441056383087e+01,  9.667601144675526e+00
s675        , -1.819835804307071e+01, -1.833352990565367e+01,  8.025405916215549e+00
s676        , -2.030955144796039e+01, -2.022849963088206e+01,  1.055360409706484e+01
s677        , -1.708028116046972e+01, -1.717706400425163e+01,  6.482492090620548e+00
s678        , -1.996975063415185e+01, -1.969107045430600e+01,  9.836586063232568e+00
s679        , -2.075675552323975e+01, -2.063375306602062e+01,  1.109427816898265e+01
s680        , -1.844365265503332e+01, -1.867322439124530e+01,  8.478613674146246e+00
s681        , -1.908965101407623e+01, -1.947196637670487e+01,  9.544265545900252e+00
s682        , -2.132701003782740e+01, -2.181290662869791e+01,  1.266746102906416e+01
s683        , -2.134055790648813e+01, -2.026509172667763e+01,  1.060242391133003e+01
s684        , -2.228765611405496e+01, -2.214566869604930e+01,  1.311141981222205e+01
s685        , -2.220524684044785e+01, -2.296152997627065e+01,  1.419991161080864e+01
s686        , -2.092862014660340e+01, -2.105298917865469e+01,  1.165360740954877e+01
s687        , -2.266843571203506e+01, -2.223188033183431e+01,  1.322644017263094e+01
s688        , -1.791243182954496e+01, -1.835924599697376e+01,  8.059715369516274e+00
s689        , -2.022924986754604e+01, -2.031689932646301e+01,  1.067154368553422e+01
s690        , -1.926971843911773e+01, -1.871513817971784e+01,  8.534533493000341e+00
s691        , -1.839442212707931e+01, -1.892933826529335e+01,  8.820311286428936e+00
s692        , -1.811967055159425e+01, -1.822089450986400e+01,  7.875131957247500e+00
s693        , -1.897178714286070e+01, -1.906308828414831e+01,  8.998755590765743e+00
s694        , -2.117746495604092e+01, -2.037070684556512e+01,  1.074333167776379e+01
s695        , -2.262578130233349e+01, -2.281852781754710e+01,  1.400912344531495e+01
s696        , -2.110358706695218e+01, -2.038299274138375e+01,  1.075972306335968e+01
s697        , -2.080079623838923e+01, -2.069355845152915e+01,  1.117406829166096e+01
s698        , -2.284382050270110e+01, -2.316629190511364e+01,  1.447309736629380e+01
s699        , -1.710021253686445e+01, -1.751986485057258e+01,  6.939844239588400e+00
s700        , -1.768315556313765e+01, -1.769912062690360e+01,  7.179000634328258e+00
s701        , -1.903295584190279e+01, -1.942591919177938e+01,  9.482831103116311e+00
s702        , -1.837939645173277e+01, -1.847129295431308e+01,  8.209204255773194e+00
s703        , -2.091048572489854e+01, -1.977766586633901e+01,  9.952118443648505e+00
s704        , -2.101614044515869e+01, -2.106805567251162e+01,  1.167370856570643e+01
s705        , -1.998067347119072e+01, -1.942015562344879e+01,  9.475141564452654e+00
s706        , -2.205053681559340e+01, -2.191452479901078e+01,  1.280303621525627e+01
s707        , -2.095566328486310e+01, -2.100786336135302e+01,  1.159340222120590e+01
s708        , -2.098548818691052e+01, -2.121318807992740e+01,  1.186733882983461e+01
s709        , -2.115794840593145e+01, -2.186284704120949e+01,  1.273408967140167e+01
s710        , -2.144561556804213e+01, -2.127196196001013e+01,  1.194575275630971e+01
s711        , -2.158487030708884e+01, -2.131695784254968e+01,  1.200578459052198e+01
s712        , -1.701606937532507e+01, -1.729614508946199e+01,  6.641365648859635e+00
s713        , -2.069677260469373e+01, -2.061766945434761e+01,  1.107282001203595e+01
s714        , -1.667903695847065e+01, -1.654558615752651e+01,  5.639997816394264e+00
s715        , -1.903979308955687e+01, -1.925855447997322e+01,  9.259539324734103e+00
s716        , -1.775292931769286e+01, -1.758041949925618e+01,  7.020634001348519e+00
s717        , -1.980553907801730e+01, -2.059556988955575e+01,  1.104333559402099e+01
s718        , -2.205506805307129e+01, -2.236764946107563e+01,  1.340757829900498e+01
s719        , -2.211926724507942e+01, -2.222044495901829e+01,  1.321118352321544e+01
s720        , -2.227273745316376e+01, -2.245652221052142e+01,  1.352614901835978e+01
s721        , -1.785735939085095e+01, -1.812985255041200e+01,  7.753667158521099e+00
s722        , -2.185625504194673e+01, -2.150836437295228e+01,  1.226115206976137e+01
s723        , -2.033801839240394e+01, -2.013276633391047e+01,  1.042588029017335e+01
s724        , -2.101306363073858e+01, -2.081239405370280e+01,  1.133261433555586e+01
s725        , -1.977835943733275e+01, -2.016439121182238e+01,  1.046807302694481e+01
s726        , -1.782642809085736e+01, -1.754676312478265e+01,  6.975730917365100e+00
s727        , -2.098840179836340e+01, -2.109483817862904e+01,  1.170944078999645e+01
s728        , -2.135488943619893e+01, -2.100244942221354e+01,  1.158617914481506e+01
s729        , -1.830313789299144e+01, -1.881610807934223e+01,  8.669243780532854e+00
s730        , -1.974102380594271e+01, -1.957934084952020e+01,  9.687520576958160e+00
s731        , -1.858542568590836e+01, -1.772387787691326e+01,  7.212030837187947e+00
s732        , -1.728575125425960e+01, -1.816768698858674e+01,  7.804144459816922e+00
s733        , -2.189672381410002e+01, -2.194515716448002e+01,  1.284390477881344e+01
s734        , -1.907291800543370e+01, -1.926378621343183e+01,  9.266519309077200e+00
s735        , -2.104653345651221e+01, -2.020004187612890e+01,  1.051563681830563e+01
s736        , -1.839280423093862e+01, -1.880166013646708e+01,  8.649967872106627e+00
s737        , -2.165426899727042e+01, -2.107682914666425e+01,  1.168541380885470e+01
s738        , -1.806822955624155e+01, -1.845598146842725e+01,  8.188776240355693e+00
s739        , -1.955458939471557e+01, -1.981106972311007e+01,  9.996684627898098e+00
s740        , -1.834079412742093e+01, -1.830231782513195e+01,  7.983763918380458e+00
s741        , -2.108323768665554e+01, -2.090319158026720e+01,  1.145375302100798e+01
s742        , -1.784982580383593e+01, -1.800438815066380e+01,  7.586277219261503e+00
s743        , -2.007117762213282e+01, -2.049993198636982e+01,  1.091573905797303e+01
s744        , -2.048858578542649e+01, -2.067584224139252e+01,  1.115043198251963e+01
s745        , -2.120349313282904e+01, -2.089343702847933e+01,  1.144073886054051e+01
s746        , -1.892251493836264e+01, -1.857490616311162e+01,  8.347441148167261e+00
s747        , -2.116880416688591e+01, -2.060347278671097e+01,  1.105387934569431e+01
s748        , -2.167842994358758e+01, -2.131180309054926e+01,  1.199890731197939e+01
s749        , -2.059667445248301e+01, -2.033767877977220e+01,  1.069926685987095e+01
s750        , -2.032384862658092e+01, -2.059984420399904e+01,  1.104903822549633e+01
s751        , -2.236553637276776e+01, -2.213585033831802e+01,  1.309832052423624e+01
s752        , -1.716732359631470e+01, -1.745526218942645e+01,  6.853653770045149e+00
s753        , -2.206691124025960e+01, -2.227960874092721e+01,  1.329011764221634e+01
s754        , -1.859855862913608e+01, -1.897860840270813e+01,  8.886045672643069e+00
s755        , -2.251644582892857e+01, -2.194126014942182e+01,  1.283870552615537e+01
s756        , -2.026279534630465e+01, -2.061229207152657e+01,  1.106564570772656e+01
s757        , -1.901185247831666e+01, -1.939641460978038e+01,  9.443467186351040e+00
s758        , -1.866312886885699e+01, -1.899473197998276e+01,  8.907557150210119e+00
s759        , -2.105033567951521e+01, -2.126900983801861e+01,  1.194181414486424e+01
s760        , -1.976737462921502e+01, -1.960220452972092e+01,  9.718024449353278e+00
s761        , -2.282845273202710e+01, -2.284890077866773e+01,  1.404964592123098e+01
s762        , -1.737428124739802e+01, -1.706287819518032e+01,  6.330149627873245e+00
s763        , -2.048674857080450e+01, -2.072974103283977e+01,  1.122234174691995e+01
s764        , -1.996103637141938e+01, -1.968714590226525e+01,  9.831350071755782e+00
s765        , -1.985538741097363e+01, -1.999978404402295e+01,  1.024846026129226e+01
s766        , -1.902823974868692e+01, -1.903321422035972e+01,  8.958898725128588e+00
s767        , -2.019726225103009e+01, -1.971909141524906e+01,  9.873970587923777e+00
s768        , -2.180287541987858e+01, -2.115003282100858e+01,  1.178307943055033e+01
s769        , -2.332774774981945e+01, -2.370493502215061e+01,  1.519173499437291e+01
s770        , -2.255011500408412e+01, -2.279271525999182e+01,  1.397468529034841e+01
s771        , -1.837836194936116e+01, -1.779950369101754e+01,  7.312927987732466e+00
s772        , -2.036442085092615e+01, -2.049732424887715e+01,  1.091225991152687e+01
s773        , -2.207703951964118e+01, -2.190457761185443e+01,  1.278976504783947e+01
s774        , -2.410464814655394e+01, -2.396936496941146e+01,  1.554452760246926e+01
s775        , -2.145476048405246e+01, -2.063424025708168e+01,  1.109492816118986e+01
s776        , -1.783304251394927e+01, -1.772771703607602e+01,  7.217152900660541e+00
s777        , -1.926023008452307e+01, -1.946887542917269e+01,  9.540141718577889e+00
s778        , -1.976550707196644e+01, -1.970857521817292e+01,  9.859940268619260e+00
s779        , -2.301809423461469e+01, -2.300214960602198e+01,  1.425410481119431e+01
s780        , -1.989864127452180e+01, -2.025717427750914e+01,  1.059186074490143e+01
s781        , -1.803783397921168e+01, -1.750619053106813e+01,  6.921600470711647e+00
s782        , -2.003060740563550e+01, -1.999339420067014e+01,  1.023993516976948e+01
s783        , -2.170310297580588e+01, -2.065720981667437e+01,  1.112557329393474e+01
s784        , -1.828106793020000e+01, -1.874847300629562e+01,  8.579007579731575e+00
s785        , -1.904288077315707e+01, -1.897359615241371e+01,  8.879358514580534e+00
s786        , -2.022975758111321e+01, -1.975835164630857e+01,  9.926350129096882e+00
s787        , -1.858814151939532e+01, -1.987367417292798e+01,  1.008020915815075e+01
s788        , -1.926046054059691e+01, -1.951961443133758e+01,  9.607835809551254e+00
s789        , -2.212378523930028e+01, -2.210588352943530e+01,  1.305833992154138e+01
s790        , -2.174169856486492e+01, -2.149835455839709e+01,  1.224779734719660e+01
s791        , -1.907773631846257e+01, -1.929517882809578e+01,  9.308402168855304e+00
s792        , -2.217884458062024e+01, -2.170159456332095e+01,  1.251895260835117e+01
s793        , -2.046845693654859e+01, -1.938059967653962e+01,  9.422367490183222e+00
s794        , -1.973890233992908e+01, -1.885771089634755e+01,  8.724748712812639e+00
s795        , -2.098054198937622e+01, -2.091697199701033e+01,  1.147213834087746e+01
s796        , -1.872193723420701e+01, -1.880174597037995e+01,  8.650082388523167e+00
s797        , -1.738396768625594e+01, -1.804039096828848e+01,  7.634310840491617e+00
s798        , -1.812351947027918e+01, -1.855448555682017e+01,  8.320196734185050e+00
s799        , -2.115781411801412e+01, -1.910830073427175e+01,  9.059076361399702e+00
s800        , -2.197753832223543e+01, -2.189416303416226e+01,  1.277587030534037e+01
s801        , -2.000340332694237e+01, -2.034284157524733e+01,  1.070615486971858e+01
s802        , -2.346278750692302e+01, -2.332484635143235e+01,  1.468463481589617e+01
s803        , -2.201425716118592e+01, -2.198803526276321e+01,  1.290111114397834e+01
s804        , -1.618324989548500e+01, -1.642697406131362e+01,  5.481749965845627e+00
s805        , -2.141738653455062e+01, -2.052381839647629e+01,  1.094760741859864e+01
s806        , -2.157933013723432e+01, -2.173010747077691e+01,  1.255699346979670e+01
s807        , -1.912040169626662e+01, -1.999027951348505e+01,  1.023577966988448e+01
s808        , -2.304047586711122e+01, -2.245343414961367e+01,  1.352202904226445e+01
s809        , -2.047218776779852e+01, -2.050347448938668e+01,  1.092046533384100e+01
s810        , -2.119146876442327e+01, -2.204418773908833e+01,  1.297602769098452e+01
s811        , -2.180116494254657e+01, -2.174181818342891e+01,  1.257261746738835e+01
s812        , -2.372646511684069e+01, -2.341000356069728e+01,  1.479824839962973e+01
s813        , -2.269928091374550e+01, -2.250566858232109e+01,  1.359171828108998e+01
s814        , -1.832573741415099e+01, -1.871503108477404e+01,  8.534390610906513e+00
s815        , -2.057906464758977e+01, -1.999113342516595e+01,  1.023691892711351e+01
s816        , -1.808215553271357e+01, -1.791483351613913e+01,  7.466796754176699e+00
s817        , -2.152086258044021e+01, -2.148348774175208e+01,  1.222796259295407e+01
s818        , -2.057353864229959e+01, -2.082648316263746e+01,  1.135141150107474e+01
s819        , -2.244567325669163e+01, -2.240984309590078e+01,  1.346387147846223e+01
s820        , -2.103220827040201e+01, -2.150068454326265e+01,  1.225090592641035e+01
s821        , -2.251724700203312e+01, -2.286115477570202e+01,  1.406599474865433e+01
s822        , -1.967652212859418e+01, -2.000681888216753e+01,  1.025784588089500e+01
s823        , -1.898228811729100e+01, -1.911825801527311e+01,  9.072360995649369e+00
s824        , -2.375965705343503e+01, -2.393804005658637e+01,  1.550273506796842e+01
s825        , -2.074394606294202e+01, -2.005096290294074e+01,  1.031674119279807e+01
s826        , -2.229590893513048e+01, -2.232073158897215e+01,  1.334498221774725e+01
s827        , -2.030439908572953e+01, -1.844448333999082e+01,  8.173435864723768e+00
s828        , -2.126632247755481e+01, -2.098215420882237e+01,  1.155910202538017e+01
s829        , -1.836528680868646e+01, -1.739675414207077e+01,  6.775594507714797e+00
s830        , -2.038358031572328e+01, -2.063325809973620e+01,  1.109361780336141e+01
s831        , -2.014217587228185e+01, -1.981147981293854e+01,  9.997231754506249e+00
s832        , -1.638297894992474e+01, -1.708533612440278e+01,  6.360112162392893e+00
s833        , -2.087813803835245e+01, -2.063052615698244e+01,  1.108997294687199e+01
s834        , -2.163260872857058e+01, -2.201960326459924e+01,  1.294322799880318e+01
s835        , -1.845033213930005e+01, -1.824819070495220e+01,  7.911549526271079e+00
s836        , -2.085703068105029e+01, -2.091422150360137e+01,  1.146846873479332e+01
s837        , -1.604298594536770e+01, -1.653168191776225e+01,  5.621447296451866e+00
s838        , -1.819387371328009e+01, -1.771804757395113e+01,  7.204252263659076e+00
s839        , -2.199016371973259e+01, -2.141429586357886e+01,  1.213564936061154e+01
s840        , -1.816847175772266e+01, -1.841900454882877e+01,  8.139443008474640e+00
s841        , -2.076446728280485e+01, -2.060525315691215e+01,  1.105625464944926e+01
s842        , -1.719569444321167e+01, -1.746262878091190e+01,  6.863482002625663e+00
s843        , -1.999816334280537e+01, -1.974567877456402e+01,  9.909442454602587e+00
s844        , -1.581596700213373e+01, -1.601580914837152e+01,  4.933189019942395e+00
s845        , -2.003183538643507e+01, -2.004997067888610e+01,  1.031541740434038e+01
s846        , -2.166933569232110e+01, -2.102989438344717e+01,  1.162279519210096e+01
s847        , -2.001719781047365e+01, -1.989796283831304e+01,  1.011261419281925e+01
s848        , -1.670780899311153e+01, -1.709556205954122e+01,  6.373755225007719e+00
s849        , -2.103364362191806e+01, -2.122398927793485e+01,  1.188174938678962e+01
s850        , -1.674889176362534e+01, -1.649988323956215e+01,  5.579022681795180e+00
s851        , -1.887785873496733e+01, -1.960104340715465e+01,  9.716475322778480e+00
s852        , -1.916613881673827e+01, -1.962035772779228e+01,  9.742243771556470e+00
s853        , -2.151831650372089e+01, -2.130010558745223e+01,  1.198330093808503e+01
s854        , -2.092228526657664e+01, -2.051005684080891e+01,  1.092924726247544e+01
s855        , -1.984690981488844e+01, -1.980993447313214e+01,  9.995170019569109e+00
s856        , -1.857995804240183e+01, -1.841397062697969e+01,  8.132726937029300e+00
s857        , -2.294003947989728e+01, -2.332140660840678e+01,  1.468004563858951e+01
s858        , -2.107902559750898e+01, -2.122631086333494e+01,  1.188484675974869e+01
s859        , -1.829183386036745e+01, -1.853629388993718e+01,  8.295926088323071e+00
s860        , -2.148418071954308e+01, -2.130760059159813e+01,  1.199330049406467e+01
s861        , -2.060440939951398e+01, -2.012311636663540e+01,  1.041300566247598e+01
s862        , -1.983634035476443e+01, -1.937102279824870e+01,  9.409590375092156e+00
s863        , -2.017821382918477e+01, -2.095606558890731e+01,  1.152429555827307e+01
s864        , -2.145828954671971e+01, -2.072595326476795e+01,  1.121728824753093e+01
s865        , -2.179521899962700e+01, -2.182247936412974e+01,  1.268023261690660e+01
s866        , -2.240641608733365e+01, -2.202046387447083e+01,  1.294437619250929e+01
s867        , -1.970162478711471e+01, -1.953430893046319e+01,  9.627440664163583e+00
s868        , -1.579821539399930e+01, -1.562881306801277e+01,  4.416873232237199e+00
s869        , -1.927595790821999e+01, -1.941528093535799e+01,  9.468637936769703e+00
s870        , -1.834436146157947e+01, -1.858738201330306e+01,  8.364085963827705e+00
s871        , -1.954632707936713e+01, -1.944875810000283e+01,  9.513301925660006e+00
s872        , -2.222687656829416e+01, -2.213030994853772e+01,  1.309092874209995e+01
s873        , -2.174135075548704e+01, -2.131171539466668e+01,  1.199879031139206e+01
s874        , -2.306987923711809e+01, -2.344252142053237e+01,  1.484163251969543e+01
s875        , -2.178123430913379e+01, -2.178901767357102e+01,  1.263558927296690e+01
s876        , -2.287277527114560e+01, -2.254440754373436e+01,  1.364340236367406e+01
s877        , -2.189016288213647e+01, -2.140555218256912e+01,  1.212398386636726e+01
s878        , -1.876974537203656e+01, -1.870335750055077e+01,  8.518816148684589e+00
s879        , -1.761744622782913e+01, -1.768448104126012e+01,  7.159469043242932e+00
s880        , -1.792977215528789e+01, -1.853314446437903e+01,  8.291724241791796e+00
s881        , -2.116921283478955e+01, -1.925062459452963e+01,  9.248959566289450e+00
s882        , -1.809005639564229e+01, -1.845326376283497e+01,  8.185150378558003e+00
s883        , -1.958200153707774e+01, -2.014663331511370e+01,  1.044438110112833e+01
s884        , -1.866641101726497e+01, -1.904044923464531e+01,  8.968551412299114e+00
s885        , -1.949202935470739e+01, -1.987596901540264e+01,  1.008327085169262e+01
s886        , -1.753621319174707e+01, -1.735283704892294e+01,  6.717001954215744e+00
s887        , -2.072504645987743e+01, -2.034616807074701e+01,  1.071059295638504e+01
s888        , -2.163711888094086e+01, -2.185947270666092e+01,  1.272958775965411e+01
s889        , -1.784767272504274e+01, -1.784436244691221e+01,  7.372776872671464e+00
s890        , -2.036577167825686e+01, -2.065535733802805e+01,  1.112310178577218e+01
s891        , -1.925489904031788e+01, -1.944036182474992e+01,  9.502099927265144e+00
s892        , -1.797999052112338e+01, -1.905619357489701e+01,  8.989556925924516e+00
s893        , -2.224398236502422e+01, -2.274290877944627e+01,  1.390823533506240e+01
s894        , -2.015695897880840e+01, -1.998671822813983e+01,  1.023102833533206e+01
s895        , -1.853378696029952e+01, -1.893203684834071e+01,  8.823911635637888e+00
s896        , -2.478440805107692e+01, -2.412447432041602e+01,  1.575146873394046e+01
s897        , -2.202247365131235e+01, -2.252975503472751e+01,  1.362385353071761e+01
s898        , -2.008627742560493e+01, -1.939889667826340e+01,  9.446778669875018e+00
s899        , -1.802005794967191e+01, -1.768408631732395e+01,  7.158942417237213e+00
s900        , -1.770516073583232e+01, -1.779734134865116e+01,  7.310043070910692e+00
s901        , -2.425916197575684e+01, -2.411123838055875e+01,  1.573380983489661e+01
s902        , -1.641892815066793e+01, -1.661866633987984e+01,  5.737498679665079e+00
s903        , -2.332207101034287e+01, -2.327119476023394e+01,  1.461305485688066e+01
s904        , -2.132463334662818e+01, -1.961753922107937e+01,  9.738483424649901e+00
s905        , -2.166343218809494e+01, -2.220230710358233e+01,  1.318698467058618e+01
s906        , -1.790842270146736e+01, -1.768273225204424e+01,  7.157135873664856e+00
s907        , -1.911599503394165e+01, -1.975864821339876e+01,  9.926745797886694e+00
s908        , -2.062377494321661e+01, -2.000370331469518e+01,  1.025368920656346e+01
s909        , -2.034650826700463e+01, -2.050672290513540e+01,  1.092479924940556e+01
s910        , -1.701866755175476e+01, -1.673722794100198e+01,  5.895679161540292e+00
s911        , -1.800428066961873e+01, -1.830639795018653e+01,  7.989207469590434e+00
s912        , -2.018815932170212e+01, -2.031584101881440e+01,  1.067013173080146e+01
s913        , -1.735412329082851e+01, -1.748751778006255e+01,  6.896687980292807e+00
s914        , -2.004618788210774e+01, -2.068005708802370e+01,  1.115605527425017e+01
s915        , -1.937730144245923e+01, -1.913224682016293e+01,  9.091024339239427e+00
s916        , -2.191302790761547e+01, -2.223791338712342e+01,  1.323448925077916e+01
s917        , -1.792924589211810e+01, -1.735366255577483e+01,  6.718103314777580e+00
s918        , -2.621730238337609e+01, -2.613964124125617e+01,  1.844002954604614e+01
s919        , -1.919355775511356e+01, -1.878872423778019e+01,  8.632709276841265e+00
s920        , -1.675861595936722e+01, -1.649879287702533e+01,  5.577567960621881e+00
s921        , -2.192756432754418e+01, -2.153830387844746e+01,  1.230109624529132e+01
s922        , -2.290193110331377e+01, -2.282643809393343e+01,  1.401967704208417e+01
s923        , -1.925371616601646e+01, -1.909227929722374e+01,  9.037701155526962e+00
s924        , -1.798705044323696e+01, -1.838443956987148e+01,  8.093327698157271e+00
s925        , -2.338449219749342e+01, -2.372126494570722e+01,  1.521352177148052e+01
s926        , -1.762302148317026e+01, -1.781634162791297e+01,  7.335392537356425e+00
s927        , -1.720744831710588e+01, -1.735391598098038e+01,  6.718441425268271e+00
s928        , -1.827654667645005e+01, -1.845673169603877e+01,  8.189777166152776e+00
s929        , -2.066098735264480e+01, -2.094590498722955e+01,  1.151073966113335e+01
s930        , -1.982419875205301e+01, -2.034282434495318e+01,  1.070613188170048e+01
s931        , -2.184683786579889e+01, -2.230760932767078e+01,  1.332747498440779e+01
s932        , -2.007807490293144e+01, -2.031060388839182e+01,  1.066314454602960e+01
s933        , -2.186904116931162e+01, -2.225914415388140e+01,  1.326281455074621e+01
s934        , -1.595875499840616e+01, -1.632398670862477e+01,  5.344348067413147e+00
s935        , -1.706347068237267e+01, -1.718784617633729e+01,  6.496877263897807e+00
s936        , -1.818003510858343e+01, -1.734782580133524e+01,  6.710316133927261e+00
s937        , -2.175658784400171e+01, -2.152614200198424e+01,  1.228487032171023e+01
s938        , -2.010166135357230e+01, -1.999778926513436e+01,  1.024579890143507e+01
s939        , -1.813809060682595e+01, -1.774944544003064e+01,  7.246142129680666e+00
s940        , -2.094308051046411e+01, -2.073734278696893e+01,  1.123248372475988e+01
s941        , -1.827480816862776e+01, -1.843841532023611e+01,  8.165340138284975e+00
s942        , -1.770857434290158e+01, -1.787981744548134e+01,  7.420079614077361e+00
s943        , -1.938132201948424e+01, -1.949008709116634e+01,  9.568441529678395e+00
s944        , -1.770272330222015e+01, -1.811044940139508e+01,  7.727780198220752e+00
s945        , -1.924477319915050e+01, -1.913188637842047e+01,  9.090543451262452e+00
s946        , -2.185513295241253e+01, -2.175798300515549e+01,  1.259418397177035e+01
s947        , -2.017292248813791e+01, -1.967185781851741e+01,  9.810953278601051e+00
s948        , -1.792501053388721e+01, -1.820616889033280e+01,  7.855485582946633e+00
s949        , -2.005207290213696e+01, -2.042426134328450e+01,  1.081478209826806e+01
s950        , -2.257823345395823e+01, -2.231400521027647e+01,  1.333600813327733e+01
s951        , -1.571913272603913e+01, -1.613375901764980e+01,  5.090553351926549e+00
s952        , -2.233989362366768e+01, -2.288125741171172e+01,  1.409281493850400e+01
s953        , -2.342860552534396e+01, -2.323585619699563e+01,  1.456590745916583e+01
s954        , -2.204077204416149e+01, -2.236515516119507e+01,  1.340425049680499e+01
s955        , -1.756302978982562e+01, -1.783681671505731e+01,  7.362709637667780e+00
s956        , -2.291971088639473e+01, -2.292756119473124e+01,  1.415459172492853e+01
s957        , -1.872997367448807e+01, -1.836074205937112e+01,  8.061711360365674e+00
s958        , -2.138547156076431e+01, -2.151269989045811e+01,  1.226693635608814e+01
s959        , -1.926386090665138e+01, -1.885607270315275e+01,  8.722563096335598e+00
s960        , -1.680470785163838e+01, -1.751801587088570e+01,  6.937377399607488e+00
s961        , -2.001579976967623e+01, -2.017296152065002e+01,  1.047950721446713e+01
s962        , -1.871905926332032e+01, -1.867066645074429e+01,  8.475200964995649e+00
s963        , -1.918665598310528e+01, -1.998373397082704e+01,  1.022704685013526e+01
s964        , -1.746488927974545e+01, -1.761352370209508e+01,  7.064800398458470e+00
s965        , -1.971186761143078e+01, -1.982422990520439e+01,  1.001424245375017e+01
s966        , -1.765956881606673e+01, -1.746666861363692e+01,  6.868871797306995e+00
s967        , -2.223688117086612e+01, -2.138182001011137e+01,  1.209232128388032e+01
s968        , -1.998239594820018e+01, -2.012101610606737e+01,  1.041020357288231e+01
s969        , -2.101894011109180e+01, -2.089645230645211e+01,  1.144476173234899e+01
s970        , -1.986554229461376e+01, -2.005063839976148e+01,  1.031630825271646e+01
s971        , -1.914500631305469e+01, -1.827274501058470e+01,  7.944308968285175e+00
s972        , -1.930540895911451e+01, -1.963499970470053e+01,  9.761778552978377e+00
s973        , -2.013055280326089e+01, -2.044693699917634e+01,  1.084503511561820e+01
s974        , -1.991254970003848e+01, -1.986756853611967e+01,  1.007206324443710e+01
s975        , -2.002907222040815e+01, -2.086100707889362e+01,  1.139747202706235e+01
s976        , -2.147573630129902e+01, -2.131042378248320e+01,  1.199706709041963e+01
s977        , -1.918950409415471e+01, -1.938817532350387e+01,  9.432474636814003e+00
s978        , -1.698999961978807e+01, -1.768595654307877e+01,  7.161437602932350e+00
s979        , -2.115978794608996e+01, -2.089524567680849e+01,  1.144315189192286e+01
s980        , -1.730989298326385e+01, -1.711421115463162e+01,  6.398636154583707e+00
s981        , -2.142850865946883e+01, -2.129193847935628e+01,  1.197240468599399e+01
s982        , -2.110948756566415e+01, -2.154737635579982e+01,  1.231320040739621e+01
s983        , -1.831465175322002e+01, -1.848737413242614e+01,  8.230659165954648e+00
s984        , -2.150201864035685e+01, -2.155629771470976e+01,  1.232510295289154e+01
s985        , -1.659952594735737e+01, -1.675591140341281e+01,  5.920605942717936e+00
s986        , -2.105203087443673e+01, -2.080588118148151e+01,  1.132392510348911e+01
s987        , -2.066592788190784e+01, -2.106117621088369e+01,  1.166453024367765e+01
s988        , -2.133344594608628e+01, -2.174500535953060e+01,  1.257686967929183e+01
s989        , -2.008246059204520e+01, -2.024089531512199e+01,  1.057014195829213e+01
s990        , -2.181814335912880e+01, -2.207212359464717e+01,  1.301329867123505e+01
s991        , -1.674874949890157e+01, -1.688028461179150e+01,  6.086540055006454e+00
s992        , -1.990187356431624e+01, -1.988693611415903e+01,  1.009790274726118e+01
s993        , -2.167451347953028e+01, -2.149461057789116e+01,  1.224280226755062e+01
s994        , -2.085856003252748e+01, -2.030973647787705e+01,  1.066198727915811e+01
s995        , -1.532250426373563e+01, -1.544713146936961e+01,  4.174480395524159e+00
s996        , -2.197589637081217e+01, -2.185594178928734e+01,  1.272487694092082e+01
s997        , -1.843774602570321e+01, -1.815756616250990e+01,  7.790641629805712e+00
s998        , -2.004154224207673e+01, -1.970181888716391e+01,  9.850926222886082e+00
s999        , -1.918982967461324e+01, -1.974253202041085e+01,  9.905244172160542e+00
s1000       , -2.386287011937712e+01, -2.391834995749862e+01,  1.547646526954808e+01
s1001       , -2.142986106465667e+01, -2.139280594627270e+01,  1.210697831161444e+01
s1002       , -1.703565403983971e+01, -1.777599330966090e+01,  7.281561310689771e+00
s1003       , -2.272857267296788e+01, -2.267168896888573e+01,  1.381321651069681e+01
s1004       , -1.957549960274314e+01, -1.884629921264022e+01,  8.709523668525556e+00
s1005       , -2.033955634118916e+01, -2.003781343411747e+01,  1.029919766019409e+01
s1006       , -2.103463075725037e+01, -2.169988041045204e+01,  1.251666564929996e+01
s1007       , -1.845815321471510e+01, -1.942738336011099e+01,  9.484784542088525e+00
s1008       , -2.105860584214290e+01, -2.063677700433909e+01,  1.109831259510250e+01
s1009       , -2.225664818829298e+01, -2.200306439811470e+01,  1.292116245780648e+01
s1010       , -2.029000137617794e+01, -2.038813723882762e+01,  1.076658666065404e+01
s1011       , -2.150175758271834e+01, -2.053270894968666e+01,  1.095946886427449e+01
s1012       , -1.789395613621291e+01, -1.771872106521046e+01,  7.205150810666972e+00
s1013       , -1.907481979836395e+01, -1.952863273068332e+01,  9.619867689373246e+00
s1014       , -1.701362802016618e+01, -1.689313430971957e+01,  6.103683644423056e+00
s1015       , -1.771043360260808e+01, -1.779193954818597e+01,  7.302836189487953e+00
s1016       , -2.325177194237830e+01, -2.290982416662609e+01,  1.413092764122730e+01
s1017       , -2.061131053204120e+01, -2.090854379068938e+01,  1.146089374123835e+01
s1018       , -1.637685178145171e+01, -1.636355630206103e+01,  5.397140348371855e+00
s1019       , -2.229355013298489e+01, -2.226445111238269e+01,  1.326989489754552e+01
s1020       , -1.626620443538163e+01, -1.688771057225798e+01,  6.096447495475005e+00
s1021       , -2.225684084822025e+01, -2.198052016277324e+01,  1.289108477687042e+01
s1022       , -1.619907626993357e+01, -1.646747540685484e+01,  5.535785355834197e+00
s1023       , -2.164326276096592e+01, -2.157391387920849e+01,  1.234860578486099e+01
s1024       , -1.814482992541786e+01, -1.819150696496360e+01,  7.835924187029503e+00
s1025       , -1.966276460675046e+01, -1.983261851139402e+01,  1.002543422036582e+01
s1026       , -1.787958226759213e+01, -1.798786069473992e+01,  7.564226901810764e+00
s1027       , -2.228548280106830e+01, -2.258023098876063e+01,  1.369119667264975e+01
s1028       , -1.939576101741603e+01, -1.943389760998346e+01,  9.493475612166279e+00
s1029       , -2.072177297910414e+01, -1.986954306945173e+01,  1.007469759342520e+01
s1030       , -2.116639743005703e+01, -2.094629765840819e+01,  1.151126354842627e+01
s1031       , -1.871817432191781e+01, -1.904547492311678e+01,  8.975256499078039e+00
s1032       , -1.793076662035363e+01, -1.891587240768168e+01,  8.802345639662059e+00
s1033       , -2.190726556241366e+01, -2.177149238509690e+01,  1.261220768441207e+01
s1034       , -1.655942363042545e+01, -1.716674911777372e+01,  6.468730352434473e+00
s1035       , -1.920990065585595e+01, -1.954463550321913e+01,  9.641217993747471e+00
s1036       , -1.624542641970273e+01, -1.615024108201012e+01,  5.112543109640149e+00
s1037       , -1.865413258865576e+01, -1.919717899025825e+01,  9.177654427376481e+00
s1038       , -2.303917859954092e+01, -2.289430556178981e+01,  1.411022329540368e+01
s1039       , -2.268866240524940e+01, -2.319355722815008e+01,  1.450947374697327e+01
s1040       , -2.002650999928207e+01, -2.053169541576189e+01,  1.095811664498006e+01
s1041       , -2.439240447433291e+01, -2.443105495368155e+01,  1.616049722077400e+01
