# c0 + a0 * ((Na-Na * O) - (face-area-avg - E_T))
# Property Label: $ln_{D}$; Unit of the Property: Unitless
# RMSE: 0.445685453959938; Max AE: 2.45104644443699
# Coefficients
# Task   a0                      c0
# all , -7.400341324130668e-01, -1.236981485543728e+01, 
# Feature Rung, Units, and Expressions
# 0;  2; Unitless;                                         20|10|mult|30|0|sub|sub; ((Na-Na * O) - (face-area-avg - E_T)); $\left(\left(Na-Na O\right) - \left(face-area-avg - E_{T}\right)\right)$; ((Na_sub_Na .* O) - (face_sub_area_sub_avg - E_T)); ((newdata$Na_sub_Na * newdata$O) - (newdata$face_sub_area_sub_avg - newdata$E_T)); Na-Na,O,face-area-avg,E_T
# Number of Samples Per Task
# Task, n_samples               
# all , 1041                  

# Sample ID , Property Value        ,  Property Value (EST) ,  Feature 0 Value      
s1          , -2.244947812336508e+01, -2.221578951768420e+01,  1.330475748482256e+01
s2          , -2.298888400764099e+01, -2.341517062681379e+01,  1.492546801234742e+01
s3          , -1.755271246623431e+01, -1.772769828973009e+01,  7.240049072901664e+00
s4          , -1.917258847351942e+01, -1.911674538405585e+01,  9.117053164316232e+00
s5          , -2.000094091703784e+01, -2.078813384540811e+01,  1.137558204581833e+01
s6          , -2.179532463031582e+01, -2.165596154182561e+01,  1.254826808610641e+01
s7          , -2.156980503382011e+01, -2.103723451205796e+01,  1.171218904235995e+01
s8          , -2.070680399014268e+01, -2.113718724225518e+01,  1.184725406952471e+01
s9          , -2.311678210871720e+01, -2.285325223251379e+01,  1.416615385413729e+01
s10         , -1.955558688693647e+01, -1.925455207841237e+01,  9.303269837737986e+00
s11         , -1.929232032084748e+01, -1.960608962834428e+01,  9.778298670240128e+00
s12         , -1.972420304545977e+01, -1.857993584152046e+01,  8.391668321883376e+00
s13         , -1.649771434553038e+01, -1.692482663749118e+01,  6.155137422109360e+00
s14         , -1.814284237715737e+01, -1.850063937268513e+01,  8.284515873959428e+00
s15         , -2.140988745272463e+01, -2.125073286028921e+01,  1.200068701681835e+01
s16         , -2.271802967642396e+01, -2.239036712171928e+01,  1.354066228486985e+01
s17         , -1.845283706311921e+01, -1.847936502322884e+01,  8.255768079061216e+00
s18         , -2.106370881996578e+01, -2.147188565066056e+01,  1.229952835492019e+01
s19         , -2.166440903696862e+01, -2.193897676749553e+01,  1.293070345398204e+01
s20         , -1.957524373940041e+01, -1.948622628551604e+01,  9.616328650779812e+00
s21         , -2.230012329283520e+01, -2.237414950130995e+01,  1.351874759242662e+01
s22         , -1.709175230426198e+01, -1.674319129943594e+01,  5.909695583551210e+00
s23         , -2.271630669020732e+01, -2.314180393456538e+01,  1.455607060177526e+01
s24         , -1.997593461761007e+01, -2.043731447278660e+01,  1.090152367843252e+01
s25         , -2.228124530569044e+01, -2.230234469400268e+01,  1.342171854449185e+01
s26         , -1.806502239865187e+01, -1.793225499168305e+01,  7.516464298893938e+00
s27         , -2.017409009594002e+01, -2.022169942798284e+01,  1.061016543513002e+01
s28         , -1.658938425028538e+01, -1.716737388103696e+01,  6.482888849945390e+00
s29         , -2.262132344831001e+01, -2.300715754686563e+01,  1.437412441604907e+01
s30         , -1.697997334312175e+01, -1.735938250487619e+01,  6.742347995719033e+00
s31         , -1.964904728113367e+01, -1.909447937346203e+01,  9.086965348608038e+00
s32         , -2.151059652715050e+01, -2.141618131428118e+01,  1.222425569662030e+01
s33         , -2.289264810431292e+01, -2.352374435239366e+01,  1.507218249594272e+01
s34         , -2.302504917991390e+01, -2.229399448738311e+01,  1.341043500194451e+01
s35         , -2.244061385591441e+01, -2.220120836130680e+01,  1.328505412826271e+01
s36         , -2.239655424600443e+01, -2.240297340168357e+01,  1.355769701261030e+01
s37         , -2.226102540809307e+01, -2.249012504769972e+01,  1.367546407523479e+01
s38         , -2.102436377352775e+01, -2.071085502964344e+01,  1.127115603034161e+01
s39         , -2.141661104833067e+01, -2.002034000013965e+01,  1.033807065054677e+01
s40         , -1.990275935468409e+01, -1.900910587857507e+01,  8.971601082086192e+00
s41         , -1.952311408648237e+01, -1.876351365351446e+01,  8.639735004153007e+00
s42         , -1.862175379272403e+01, -1.934230074073007e+01,  9.421843641937507e+00
s43         , -2.257821044890805e+01, -2.183371709028722e+01,  1.278846720757394e+01
s44         , -1.984867902879579e+01, -1.959935101841170e+01,  9.769192860605903e+00
s45         , -1.928264199244582e+01, -1.945808369730721e+01,  9.578299880245858e+00
s46         , -2.007096062658339e+01, -2.044868055265923e+01,  1.091688253740240e+01
s47         , -1.842882744186564e+01, -1.884854084845050e+01,  8.754631319352400e+00
s48         , -1.712958329507449e+01, -1.701086547320232e+01,  6.271400756383662e+00
s49         , -2.142142340445580e+01, -2.235452469340429e+01,  1.349222880491926e+01
s50         , -2.022197746600499e+01, -2.037044081625377e+01,  1.081115804041152e+01
s51         , -2.208446385448407e+01, -2.244876984501169e+01,  1.361958124378594e+01
s52         , -2.030062191637932e+01, -2.063061439447993e+01,  1.116272774082223e+01
s53         , -1.881589086732163e+01, -1.843778102687102e+01,  8.199576081237785e+00
s54         , -2.389190768082197e+01, -2.440802193273685e+01,  1.626709708381420e+01
s55         , -1.989931101552115e+01, -1.980824762114454e+01,  1.005147254688426e+01
s56         , -2.293632659980805e+01, -2.298532115120674e+01,  1.434461713428668e+01
s57         , -2.165250835772914e+01, -2.173277992511058e+01,  1.265207192422734e+01
s58         , -2.493828100106786e+01, -2.497405715539283e+01,  1.703197426699261e+01
s59         , -2.019609135900962e+01, -1.978824305459798e+01,  1.002444059569394e+01
s60         , -1.686951544328429e+01, -1.736723686185747e+01,  6.752961502092934e+00
s61         , -1.698686520707895e+01, -1.780041406901701e+01,  7.338309107273060e+00
s62         , -1.961666852236879e+01, -1.976219682002771e+01,  9.989244604820744e+00
s63         , -2.363642228074260e+01, -2.328492743134828e+01,  1.474947181195486e+01
s64         , -2.123215125329894e+01, -2.102415389958053e+01,  1.169451335430111e+01
s65         , -2.229595939650926e+01, -2.198610521549874e+01,  1.299438760845413e+01
s66         , -2.209517036440609e+01, -2.198773856741123e+01,  1.299659473896466e+01
s67         , -2.100952424313996e+01, -2.076942752115534e+01,  1.135030439518920e+01
s68         , -2.306714632630091e+01, -2.305271909780141e+01,  1.443569123971329e+01
s69         , -2.116954741071400e+01, -2.135607828922696e+01,  1.214303913859718e+01
s70         , -2.268552320802911e+01, -2.178908592433633e+01,  1.272815760292725e+01
s71         , -1.844586653395837e+01, -1.937933309927478e+01,  9.471885061546020e+00
s72         , -2.185924535832699e+01, -2.151347641975768e+01,  1.235572950467189e+01
s73         , -1.814705961150877e+01, -1.842432519719292e+01,  8.181393366294326e+00
s74         , -2.269683109870329e+01, -2.337271138206711e+01,  1.486809330098346e+01
s75         , -2.162544692540680e+01, -2.104389912511197e+01,  1.172119486082441e+01
s76         , -1.799713371423827e+01, -1.870472172063297e+01,  8.560290110591437e+00
s77         , -1.808839931225978e+01, -1.783237350185540e+01,  7.381495538058597e+00
s78         , -1.710463489071706e+01, -1.743114506513046e+01,  6.839319955674805e+00
s79         , -2.130172009097587e+01, -2.146977942809163e+01,  1.229668223948216e+01
s80         , -2.075517304342145e+01, -2.074410151678001e+01,  1.131608164347267e+01
s81         , -1.679587307458704e+01, -1.732981331419028e+01,  6.702391472917180e+00
s82         , -1.961963418382102e+01, -1.936810707086885e+01,  9.456715452585794e+00
s83         , -1.732943596118787e+01, -1.760165263330300e+01,  7.069724960936600e+00
s84         , -2.091958911511147e+01, -2.178987753434371e+01,  1.272922729684096e+01
s85         , -1.931803893900067e+01, -1.921532219210464e+01,  9.250258922984900e+00
s86         , -2.124992178205270e+01, -2.023389348847206e+01,  1.062664313521861e+01
s87         , -2.000999990609716e+01, -1.971996442551725e+01,  9.932176433690920e+00
s88         , -1.933594922663024e+01, -1.952096069221528e+01,  9.663264873283470e+00
s89         , -2.128477820873118e+01, -2.147148373857167e+01,  1.229898525552614e+01
s90         , -2.009844325702736e+01, -2.054124924304560e+01,  1.104196959262312e+01
s91         , -2.185233402642529e+01, -2.205583899636726e+01,  1.308861810109524e+01
s92         , -1.852873985612102e+01, -1.813869755415866e+01,  7.795427867509963e+00
s93         , -2.244477787769646e+01, -2.207478329933164e+01,  1.311421732974516e+01
s94         , -2.069748145715988e+01, -2.065405285549603e+01,  1.119439987591642e+01
s95         , -1.839144268754908e+01, -1.814034353892997e+01,  7.797652068663955e+00
s96         , -2.061908691885885e+01, -2.047451110403126e+01,  1.095178707793731e+01
s97         , -2.336181657728519e+01, -2.362479858064807e+01,  1.520873596534135e+01
s98         , -1.913590175727989e+01, -1.848109457618596e+01,  8.258105204987396e+00
s99         , -1.764848235022367e+01, -1.780107027820141e+01,  7.339195835540938e+00
s100        , -2.003395952271198e+01, -1.914649853380394e+01,  9.157258268979538e+00
s101        , -2.047737186068138e+01, -2.045907787255222e+01,  1.093093232164559e+01
s102        , -1.813404261594337e+01, -1.819408382603672e+01,  7.870270728740504e+00
s103        , -2.094885731266024e+01, -2.050367433320355e+01,  1.099119502940193e+01
s104        , -1.695125455205811e+01, -1.669660081789591e+01,  5.846738377255726e+00
s105        , -2.089913046364001e+01, -2.156502823868205e+01,  1.242539091171575e+01
s106        , -2.193421435204462e+01, -2.189922952367088e+01,  1.287699343969521e+01
s107        , -1.938858975045087e+01, -1.953953520242050e+01,  9.688364405037031e+00
s108        , -2.184761912256448e+01, -2.173322464834310e+01,  1.265267287384984e+01
s109        , -1.765266017099491e+01, -1.858299947068128e+01,  8.395808170339869e+00
s110        , -2.222643790681205e+01, -2.209743821315747e+01,  1.314483066612189e+01
s111        , -2.198367498730207e+01, -2.164886066854370e+01,  1.253867275398470e+01
s112        , -2.341727175416096e+01, -2.268540777126040e+01,  1.393934747602323e+01
s113        , -2.064750776227555e+01, -1.999898231712395e+01,  1.030921024792446e+01
s114        , -2.335281852671257e+01, -2.330749950477689e+01,  1.477997320701215e+01
s115        , -2.467653405274963e+01, -2.504610682131006e+01,  1.712933418967927e+01
s116        , -2.119630992652875e+01, -2.068671303433152e+01,  1.123853321707595e+01
s117        , -1.681518237222159e+01, -1.723743215502973e+01,  6.577557826583433e+00
s118        , -1.725426000439147e+01, -1.747761121704975e+01,  6.902109156718510e+00
s119        , -2.026224064054247e+01, -2.077541993924545e+01,  1.135840188397740e+01
s120        , -2.061376236446881e+01, -2.008661843976519e+01,  1.042763197849447e+01
s121        , -2.090204853596659e+01, -2.113842073372398e+01,  1.184892087300684e+01
s122        , -1.679179791839329e+01, -1.742291235839281e+01,  6.828195189428131e+00
s123        , -1.729435756680531e+01, -1.747557714715408e+01,  6.899360540395857e+00
s124        , -1.927065840811719e+01, -1.966521023930665e+01,  9.858187702884598e+00
s125        , -2.074667074869674e+01, -2.076786290538434e+01,  1.134819014707216e+01
s126        , -1.981090987888966e+01, -1.933526014025419e+01,  9.412329755796971e+00
s127        , -1.791042209268825e+01, -1.761846204088525e+01,  7.092439328890732e+00
s128        , -2.199486439730610e+01, -2.189085866811292e+01,  1.286568199446408e+01
s129        , -1.847106084369403e+01, -1.817044104745589e+01,  7.838322501563826e+00
s130        , -2.183307419908922e+01, -2.044976228662269e+01,  1.091834427263336e+01
s131        , -1.937195493711046e+01, -1.940918205727385e+01,  9.512219630847216e+00
s132        , -1.756898825137140e+01, -1.783933820594357e+01,  7.390906866243507e+00
s133        , -1.952720456066259e+01, -1.930731849348843e+01,  9.374572515229367e+00
s134        , -1.792604080418195e+01, -1.822520970335234e+01,  7.912330785097817e+00
s135        , -2.163690184151209e+01, -2.212689498536494e+01,  1.318463527906781e+01
s136        , -2.266590946104735e+01, -2.236877787508025e+01,  1.351148897286513e+01
s137        , -1.871948299194560e+01, -1.820774061250591e+01,  7.888724994389931e+00
s138        , -2.098569970792443e+01, -2.107016952562431e+01,  1.175669376467453e+01
s139        , -1.946420871832499e+01, -1.950609773082986e+01,  9.643180716709569e+00
s140        , -1.890485827097119e+01, -1.955665444777536e+01,  9.711497453372299e+00
s141        , -2.048387804329865e+01, -2.135867794590852e+01,  1.214655202613533e+01
s142        , -1.712146112463541e+01, -1.735753873815192e+01,  6.739856533982985e+00
s143        , -2.146398341435241e+01, -2.155214203078732e+01,  1.240797792043558e+01
s144        , -2.296743054539722e+01, -2.182853346921666e+01,  1.278146263732033e+01
s145        , -2.169591974109321e+01, -2.165328831808176e+01,  1.254465578820450e+01
s146        , -2.268369172314783e+01, -2.255378079052312e+01,  1.376148138178230e+01
s147        , -2.121406114253308e+01, -2.162272511531422e+01,  1.250335606778771e+01
s148        , -2.139826235530006e+01, -2.110477609910287e+01,  1.180345724755027e+01
s149        , -1.818204101397333e+01, -1.819628397717873e+01,  7.873243768828312e+00
s150        , -2.236615053154114e+01, -2.191620186556266e+01,  1.289992797899333e+01
s151        , -2.007280490017163e+01, -1.967934467414290e+01,  9.877287409529432e+00
s152        , -2.043501428229088e+01, -2.043019511562689e+01,  1.089190336924962e+01
s153        , -2.294208833005412e+01, -2.284398523421475e+01,  1.415363146105682e+01
s154        , -1.941555486932839e+01, -1.966961407195959e+01,  9.864138553608985e+00
s155        , -2.030625886040805e+01, -2.097910651208976e+01,  1.163364131405632e+01
s156        , -1.755225478861601e+01, -1.747652615181232e+01,  6.900642919973609e+00
s157        , -1.981494689568535e+01, -1.902522710462136e+01,  8.993385517884741e+00
s158        , -2.120666701656112e+01, -2.106085945236561e+01,  1.174411316487388e+01
s159        , -2.199339551508707e+01, -2.182263596039364e+01,  1.277349339838294e+01
s160        , -1.822712376873660e+01, -1.819564174872557e+01,  7.872375932569105e+00
s161        , -1.850131544535105e+01, -1.928741361991858e+01,  9.347675278064180e+00
s162        , -2.165239460618542e+01, -2.164516666024053e+01,  1.253368108111263e+01
s163        , -2.054863013411503e+01, -2.039353946136890e+01,  1.084237098600878e+01
s164        , -2.244259094688993e+01, -2.280969096935863e+01,  1.410728999739446e+01
s165        , -2.169401378729562e+01, -2.129498935448761e+01,  1.206049033163857e+01
s166        , -1.893544650248816e+01, -1.871646273444811e+01,  8.576155613682293e+00
s167        , -1.990371422830687e+01, -2.021121141505515e+01,  1.059599309838456e+01
s168        , -2.358382467591309e+01, -2.395389253371572e+01,  1.565343701175735e+01
s169        , -2.234616115486217e+01, -2.299779924059077e+01,  1.436147863950312e+01
s170        , -1.980105726485419e+01, -2.012433277256941e+01,  1.047859494243405e+01
s171        , -2.225344967355102e+01, -2.211425697840476e+01,  1.316755767898608e+01
s172        , -2.076076397080535e+01, -2.057423888566258e+01,  1.108654813457416e+01
s173        , -2.167162181633835e+01, -2.141205085321554e+01,  1.221867424992112e+01
s174        , -2.217746151284670e+01, -2.243183251767447e+01,  1.359669401927105e+01
s175        , -1.912249737452136e+01, -1.941720342922865e+01,  9.523058822721589e+00
s176        , -2.262880123350610e+01, -2.240691363866659e+01,  1.356302141159467e+01
s177        , -1.998504477748202e+01, -2.041795586654219e+01,  1.087536460630799e+01
s178        , -1.778030448780716e+01, -1.863744322762278e+01,  8.469377421482340e+00
s179        , -2.322340610724453e+01, -2.306745679608613e+01,  1.445560612963419e+01
s180        , -1.682543251402466e+01, -1.698944543724607e+01,  6.242456096917204e+00
s181        , -1.586682207916231e+01, -1.627757432666088e+01,  5.280512479176290e+00
s182        , -2.348293513803748e+01, -2.329813006232259e+01,  1.476731238226917e+01
s183        , -2.155098810628208e+01, -2.131226818401358e+01,  1.208383902431254e+01
s184        , -2.324937775466465e+01, -2.301340178165444e+01,  1.438256218197811e+01
s185        , -2.378592453308165e+01, -2.367308599276212e+01,  1.527398621529481e+01
s186        , -2.071202883303041e+01, -2.104967460897122e+01,  1.172899920876769e+01
s187        , -2.027503475690737e+01, -2.015936136002553e+01,  1.052592868816534e+01
s188        , -2.214013663755619e+01, -2.221633607028980e+01,  1.330549603535916e+01
s189        , -2.074030596943589e+01, -2.104256187793187e+01,  1.171938785338850e+01
s190        , -1.914542963593283e+01, -1.912732969777057e+01,  9.131355631258135e+00
s191        , -1.679323473828856e+01, -1.682602447644616e+01,  6.021627146410525e+00
s192        , -1.690928184419942e+01, -1.731423674630087e+01,  6.681343027707474e+00
s193        , -2.273712334380998e+01, -2.277244017705817e+01,  1.405695341064947e+01
s194        , -2.090019731082972e+01, -2.147131289112316e+01,  1.229875439124431e+01
s195        , -1.910778599576077e+01, -1.924531794145137e+01,  9.290791849822904e+00
s196        , -1.918378235513936e+01, -1.897107069541431e+01,  8.920204556581709e+00
s197        , -2.010118773573690e+01, -2.037898378793551e+01,  1.082270206427145e+01
s198        , -2.040069724820686e+01, -2.023830907251048e+01,  1.063260986546120e+01
s199        , -2.033728659050214e+01, -1.991984226586394e+01,  1.020226916535309e+01
s200        , -1.788348829912646e+01, -1.796437157018609e+01,  7.559863078891178e+00
s201        , -1.891783601993355e+01, -1.946471449174476e+01,  9.587259999985116e+00
s202        , -2.174492495952721e+01, -2.205514159954786e+01,  1.308767571642830e+01
s203        , -2.185008698942601e+01, -2.174170692570922e+01,  1.266413488214730e+01
s204        , -2.086349108831322e+01, -2.095445775844691e+01,  1.160033372382061e+01
s205        , -2.088054945703831e+01, -2.138913846859962e+01,  1.218771299609191e+01
s206        , -2.114956534802060e+01, -2.158037919674867e+01,  1.244613449284836e+01
s207        , -1.936064601068155e+01, -1.979610823819165e+01,  1.003506873195034e+01
s208        , -2.173553987268506e+01, -2.145711064561305e+01,  1.227956305278023e+01
s209        , -1.958079034508013e+01, -1.972063499431124e+01,  9.933082565941604e+00
s210        , -2.077095411669474e+01, -2.135834283035166e+01,  1.214609918816181e+01
s211        , -2.106003856984427e+01, -2.081892501709363e+01,  1.141718981813163e+01
s212        , -1.921431398034701e+01, -1.880387318420669e+01,  8.694272394963125e+00
s213        , -1.891211086691480e+01, -1.844611615855939e+01,  8.210839253196074e+00
s214        , -1.797391097043976e+01, -1.791811822408271e+01,  7.497361440010607e+00
s215        , -2.046416066581664e+01, -2.061345227565905e+01,  1.113953675804293e+01
s216        , -2.054695205981560e+01, -1.991020678837285e+01,  1.018924885038509e+01
s217        , -2.064527960557822e+01, -2.033396009393764e+01,  1.076186204078353e+01
s218        , -2.267569057486860e+01, -2.273015749006465e+01,  1.399981727983934e+01
s219        , -1.969996813819463e+01, -2.054737860962783e+01,  1.105025213840549e+01
s220        , -2.056541179285701e+01, -2.127641140543942e+01,  1.203538615301425e+01
s221        , -2.147236245537334e+01, -2.147372159387743e+01,  1.230200924483655e+01
s222        , -1.817717386569833e+01, -1.822975802519857e+01,  7.918476882483075e+00
s223        , -2.049263974761081e+01, -2.036487825474885e+01,  1.080364141210847e+01
s224        , -2.147370851727396e+01, -2.176250212120463e+01,  1.269223520155771e+01
s225        , -2.297636192643720e+01, -2.255690893668162e+01,  1.376570841134958e+01
s226        , -2.349615644619751e+01, -2.282057251999087e+01,  1.412199411732034e+01
s227        , -1.994214785348108e+01, -2.037804791776141e+01,  1.082143743317795e+01
s228        , -1.935600154849446e+01, -1.972801787828800e+01,  9.943058976019731e+00
s229        , -1.931982821700711e+01, -1.989950607051919e+01,  1.017478908780796e+01
s230        , -1.663964761443124e+01, -1.703461105106638e+01,  6.303487895103385e+00
s231        , -1.912412961575534e+01, -1.918873171599435e+01,  9.214327504492635e+00
s232        , -2.205202611453251e+01, -2.194038961613250e+01,  1.293261262083677e+01
s233        , -2.108987100746543e+01, -2.080898583629859e+01,  1.140375911222267e+01
s234        , -2.119865480781422e+01, -2.089440327424629e+01,  1.151918275852015e+01
s235        , -1.634470488909293e+01, -1.609175782905844e+01,  5.029420685617342e+00
s236        , -2.035495556536669e+01, -2.119316983381524e+01,  1.192290273099593e+01
s237        , -2.057488800817375e+01, -2.055674333485811e+01,  1.106290658881543e+01
s238        , -2.181497599002021e+01, -2.117332292622524e+01,  1.189608382262303e+01
s239        , -1.938605784207409e+01, -1.896117995726112e+01,  8.906839310682924e+00
s240        , -1.879589433372550e+01, -1.840138095197756e+01,  8.150389059586818e+00
s241        , -1.732119998261703e+01, -1.702126046733036e+01,  6.285447397846196e+00
s242        , -2.017650413285683e+01, -2.018838180224265e+01,  1.056514369318476e+01
s243        , -1.996072124442394e+01, -1.997928299888660e+01,  1.028259077542375e+01
s244        , -2.121993688931675e+01, -2.102969404199408e+01,  1.170199968793209e+01
s245        , -2.152256201120388e+01, -2.167518695176780e+01,  1.257424717152981e+01
s246        , -1.806013829922115e+01, -1.793900597508683e+01,  7.525586828663973e+00
s247        , -1.662499542985015e+01, -1.675299906008549e+01,  5.922948702860152e+00
s248        , -2.087245838906029e+01, -2.080198042592825e+01,  1.139429277808549e+01
s249        , -2.031192930505803e+01, -1.986494399202264e+01,  1.012808573051301e+01
s250        , -1.829082894515480e+01, -1.809167848926812e+01,  7.731891521237360e+00
s251        , -2.316191337748571e+01, -2.331087005349834e+01,  1.478452779250196e+01
s252        , -1.836403387539604e+01, -1.842459939202469e+01,  8.181763882760741e+00
s253        , -1.948978591890307e+01, -1.993568152583221e+01,  1.022367258348547e+01
s254        , -1.974328758235917e+01, -2.033478619825768e+01,  1.076297834648331e+01
s255        , -2.045692599174058e+01, -2.016628909375863e+01,  1.053529005871525e+01
s256        , -1.776850461240055e+01, -1.759745594593391e+01,  7.064054023360507e+00
s257        , -2.163660994039700e+01, -2.164001204724331e+01,  1.252671570915010e+01
s258        , -1.860059101905129e+01, -1.872498395376887e+01,  8.587670243815605e+00
s259        , -2.094542362420654e+01, -2.086954944095021e+01,  1.148559804640012e+01
s260        , -1.742875942837962e+01, -1.741692496515745e+01,  6.820104490670993e+00
s261        , -2.065616574581777e+01, -2.039392514434118e+01,  1.084289215517570e+01
s262        , -2.014040040752147e+01, -1.923206538433798e+01,  9.272883814864871e+00
s263        , -1.686996628366655e+01, -1.685351096362248e+01,  6.058769334821067e+00
s264        , -2.074271161967796e+01, -2.012147083918003e+01,  1.047472764325955e+01
s265        , -2.059536695716665e+01, -2.046630440462781e+01,  1.094069745511588e+01
s266        , -2.198651133619990e+01, -2.160793893638547e+01,  1.248337566650469e+01
s267        , -1.899333543245141e+01, -1.886392960193990e+01,  8.775425973024955e+00
s268        , -1.857298059991068e+01, -1.802597092817241e+01,  7.643101615180655e+00
s269        , -2.106917022960664e+01, -2.095547587359785e+01,  1.160170949164854e+01
s270        , -1.920756052964929e+01, -1.942942670807652e+01,  9.539576005257498e+00
s271        , -1.965184309682283e+01, -1.994524302343219e+01,  1.023659293023867e+01
s272        , -2.112049940018463e+01, -2.057399398636953e+01,  1.108621720484766e+01
s273        , -1.945398506004425e+01, -1.932332296811633e+01,  9.396199186117791e+00
s274        , -2.135203005648119e+01, -2.150659043570473e+01,  1.234642455000650e+01
s275        , -2.088724638081418e+01, -2.081122265518657e+01,  1.140678170103312e+01
s276        , -1.839432489855567e+01, -1.874573470516450e+01,  8.615710506401825e+00
s277        , -2.199306195501885e+01, -1.954201551058186e+01,  9.691716018229886e+00
s278        , -2.276883612887764e+01, -2.304292413772883e+01,  1.442245541768351e+01
s279        , -2.262380984036664e+01, -2.309137031770790e+01,  1.448792020891022e+01
s280        , -1.620731240668889e+01, -1.687810166711757e+01,  6.091998482529299e+00
s281        , -2.072632910940930e+01, -1.951696267602649e+01,  9.657862397892572e+00
s282        , -1.840721485531197e+01, -1.878948097157960e+01,  8.674824356019078e+00
s283        , -1.945843055355910e+01, -1.990725342553729e+01,  1.018525800360357e+01
s284        , -2.290375248734285e+01, -2.394384995951665e+01,  1.563986659147642e+01
s285        , -2.162506652538119e+01, -2.130310120868567e+01,  1.207145179117506e+01
s286        , -2.308167299949378e+01, -2.375698949471774e+01,  1.538736409650420e+01
s287        , -1.888746545864790e+01, -1.828150052706674e+01,  7.988395957295809e+00
s288        , -2.031934863671701e+01, -2.056009010738516e+01,  1.106742904579474e+01
s289        , -2.410980627565496e+01, -2.447665614245020e+01,  1.635984173802299e+01
s290        , -2.087284446952964e+01, -2.076355441890768e+01,  1.134236813658919e+01
s291        , -2.204275686911580e+01, -2.031243669759830e+01,  1.073277771156596e+01
s292        , -1.820983264392220e+01, -1.829077255907251e+01,  8.000925152368943e+00
s293        , -1.668568749246811e+01, -1.684101483596742e+01,  6.041883454686982e+00
s294        , -2.280852590517532e+01, -2.330550035504675e+01,  1.477727177792586e+01
s295        , -1.673628435422914e+01, -1.703219237007973e+01,  6.300219558035243e+00
s296        , -2.103716924286631e+01, -2.008410796382195e+01,  1.042423959990911e+01
s297        , -2.124288787488653e+01, -2.071385766919883e+01,  1.127521346421375e+01
s298        , -2.177880180045448e+01, -2.166747864974268e+01,  1.256383102761495e+01
s299        , -1.893486515270964e+01, -1.900137030905821e+01,  8.961148091909056e+00
s300        , -1.774017522269403e+01, -1.739172115212845e+01,  6.786046854779505e+00
s301        , -2.283171483494903e+01, -2.299499154278483e+01,  1.435768462827721e+01
s302        , -1.721456897049112e+01, -1.748521432788106e+01,  6.912383156927823e+00
s303        , -2.130552121943375e+01, -2.042497089450199e+01,  1.088484393658823e+01
s304        , -2.313677054561944e+01, -2.319367718871387e+01,  1.462616636070916e+01
s305        , -1.858159986173835e+01, -1.884767685867061e+01,  8.753463819446594e+00
s306        , -2.163460095493751e+01, -2.172520519514267e+01,  1.264183627476721e+01
s307        , -1.987289536762319e+01, -2.028090859813802e+01,  1.069017413683965e+01
s308        , -2.028550026196297e+01, -1.900364308351775e+01,  8.964219267088678e+00
s309        , -2.129242792516701e+01, -2.186075903346005e+01,  1.282500868855220e+01
s310        , -1.894855963686166e+01, -1.913315901988328e+01,  9.139232730242345e+00
s311        , -2.010039836844276e+01, -2.031819977962051e+01,  1.074056530104297e+01
s312        , -1.830057188159682e+01, -1.866159997306496e+01,  8.502020166437099e+00
s313        , -1.990312271450173e+01, -1.914533396972314e+01,  9.155684606320222e+00
s314        , -1.980645538479249e+01, -1.952034847129406e+01,  9.662437585872796e+00
s315        , -1.914671781515828e+01, -1.998514610580300e+01,  1.029051352744234e+01
s316        , -2.257620253811652e+01, -2.228068840016476e+01,  1.339245463234323e+01
s317        , -1.647333233405121e+01, -1.633456247829499e+01,  5.357519942937840e+00
s318        , -2.027102701488289e+01, -1.962056274524728e+01,  9.797856034244148e+00
s319        , -1.996146248057647e+01, -1.968461817859835e+01,  9.884413438214423e+00
s320        , -2.548773082504399e+01, -2.535809174112016e+01,  1.755091598725501e+01
s321        , -1.727661852750149e+01, -1.782199058622456e+01,  7.367465218136751e+00
s322        , -2.011073789818953e+01, -2.054998799047153e+01,  1.105377816609720e+01
s323        , -2.178223238748198e+01, -2.147839744689733e+01,  1.230832767369693e+01
s324        , -1.879130547869734e+01, -1.901359256530531e+01,  8.977663892615766e+00
s325        , -2.032679436678044e+01, -1.986304775637395e+01,  1.012552336809534e+01
s326        , -2.071891083121713e+01, -2.039834708739771e+01,  1.084886747828966e+01
s327        , -1.834375983430116e+01, -1.921341337506813e+01,  9.247679559475962e+00
s328        , -2.099505369246730e+01, -2.108806005856528e+01,  1.178086904545872e+01
s329        , -2.140321290954873e+01, -2.099700053621390e+01,  1.165782131243800e+01
s330        , -2.114112529442132e+01, -2.175172636611907e+01,  1.267767404199278e+01
s331        , -1.934637322166436e+01, -2.003816545554629e+01,  1.036215799277316e+01
s332        , -1.962462779654497e+01, -2.040681622986619e+01,  1.086031173754411e+01
s333        , -2.293624249800790e+01, -2.303250540818264e+01,  1.440837670281097e+01
s334        , -1.807355423930957e+01, -1.814859808358828e+01,  7.808806344253102e+00
s335        , -1.850164643907080e+01, -1.857130484365714e+01,  8.380005349210510e+00
s336        , -2.151296308555482e+01, -2.148608626654097e+01,  1.231871749128354e+01
s337        , -1.775953587894473e+01, -1.665833335084955e+01,  5.795027969086338e+00
s338        , -2.118082550420247e+01, -2.141808230467139e+01,  1.222682448406801e+01
s339        , -1.761381998690202e+01, -1.865472359375228e+01,  8.492728190551809e+00
s340        , -1.906967392812366e+01, -1.891836125886955e+01,  8.848978873554245e+00
s341        , -2.371082699534004e+01, -2.386074759595763e+01,  1.552757127978851e+01
s342        , -1.901967676945428e+01, -1.945706134105055e+01,  9.576918381458331e+00
s343        , -1.943128604912865e+01, -1.843207726005908e+01,  8.191868643753322e+00
s344        , -2.171448714042025e+01, -2.229723602498539e+01,  1.341481525612510e+01
s345        , -1.896311499883081e+01, -1.858954726195153e+01,  8.404656128810240e+00
s346        , -2.211462969107367e+01, -2.179877721126104e+01,  1.274125333257030e+01
s347        , -1.640817037109120e+01, -1.685092118432210e+01,  6.055269794479683e+00
s348        , -2.058778590237884e+01, -2.062727900852667e+01,  1.115822067039510e+01
s349        , -1.918353701640313e+01, -1.910799726694376e+01,  9.105231929688088e+00
s350        , -2.047073332015930e+01, -2.103277153950518e+01,  1.170615827653808e+01
s351        , -2.167714580870165e+01, -2.204821001234514e+01,  1.307830913872719e+01
s352        , -2.086238589025425e+01, -2.084447490381241e+01,  1.145171509960138e+01
s353        , -1.920058764071421e+01, -1.957349984038366e+01,  9.734260447497148e+00
s354        , -2.053223705409261e+01, -2.041972905720672e+01,  1.087776069938919e+01
s355        , -1.704257081119439e+01, -1.759225182162407e+01,  7.057021747304721e+00
s356        , -2.127143545968418e+01, -2.116484461594567e+01,  1.188462717500608e+01
s357        , -1.906625211198675e+01, -1.956068289920186e+01,  9.716941055565847e+00
s358        , -2.032987192881253e+01, -1.979386359486842e+01,  1.003203557006644e+01
s359        , -2.136102912880764e+01, -2.134938453554510e+01,  1.213399394272218e+01
s360        , -1.881386071055488e+01, -1.835053139065090e+01,  8.081676605526283e+00
s361        , -2.182643688719446e+01, -2.109209601709369e+01,  1.178632279191666e+01
s362        , -2.091897008712596e+01, -2.105093045321090e+01,  1.173069621730374e+01
s363        , -1.798497754334610e+01, -1.836935927030957e+01,  8.107118512641119e+00
s364        , -1.789393844733154e+01, -1.774456692506897e+01,  7.262843474673211e+00
s365        , -2.184332997178521e+01, -2.144236149014898e+01,  1.225963268089862e+01
s366        , -2.293131491804218e+01, -2.285303555828024e+01,  1.416586106462385e+01
s367        , -2.320311495695380e+01, -2.260788935951847e+01,  1.383459769713241e+01
s368        , -1.944159222026194e+01, -1.984324206857612e+01,  1.009876015957514e+01
s369        , -2.221834550731525e+01, -2.257257676179859e+01,  1.378688017144917e+01
s370        , -1.739352775780219e+01, -1.821253282794370e+01,  7.895200662508322e+00
s371        , -2.131349702655302e+01, -2.066087614084972e+01,  1.120362010651773e+01
s372        , -2.230067528571091e+01, -2.193911456469158e+01,  1.293088965782051e+01
s373        , -1.609460498694387e+01, -1.635296574022366e+01,  5.382388068775041e+00
s374        , -1.846307154319872e+01, -1.892578802673799e+01,  8.859014583453494e+00
s375        , -2.092466765927065e+01, -2.089305023722939e+01,  1.151735441445107e+01
s376        , -2.335896110191541e+01, -2.398950877554476e+01,  1.570156484839227e+01
s377        , -2.209438728501526e+01, -2.236133219481115e+01,  1.350142770684647e+01
s378        , -2.111108779470583e+01, -2.133759334755409e+01,  1.211806063981822e+01
s379        , -1.875225846070942e+01, -1.826647323375812e+01,  7.968089740797904e+00
s380        , -1.834869608623442e+01, -1.824323485319795e+01,  7.936687972227598e+00
s381        , -2.068155326614140e+01, -2.009575092629202e+01,  1.043997260729365e+01
s382        , -1.804666933121612e+01, -1.819080252594304e+01,  7.865836743941755e+00
s383        , -2.062194236740874e+01, -2.132956767689117e+01,  1.210721563914677e+01
s384        , -1.800916137079852e+01, -1.830473831537976e+01,  8.019796925569061e+00
s385        , -2.216424509641620e+01, -2.221182892569028e+01,  1.329940558033540e+01
s386        , -2.182057698940036e+01, -2.185449510267963e+01,  1.281654430764588e+01
s387        , -1.799817167842237e+01, -1.769785737642529e+01,  7.199725374307519e+00
s388        , -2.351217009702901e+01, -2.393481058336795e+01,  1.562765178170918e+01
s389        , -2.149803565649794e+01, -2.194648567592935e+01,  1.294085015952566e+01
s390        , -2.025125341850577e+01, -1.989837585499523e+01,  1.017326183997648e+01
s391        , -1.925641978436478e+01, -1.908272122592559e+01,  9.071076692907653e+00
s392        , -1.954014294555121e+01, -2.037880136591213e+01,  1.082245555939365e+01
s393        , -2.007195889273447e+01, -2.013730217326661e+01,  1.049612035123500e+01
s394        , -1.933645012315517e+01, -1.906884493284314e+01,  9.052325810381189e+00
s395        , -2.191328817199827e+01, -2.064263509490723e+01,  1.117897118136206e+01
s396        , -1.985518647713905e+01, -1.927963364611059e+01,  9.337162284855845e+00
s397        , -1.859895904181181e+01, -1.879246084654569e+01,  8.678851028351575e+00
s398        , -2.089338265909714e+01, -2.090995173669005e+01,  1.154019322514964e+01
s399        , -1.650074457052408e+01, -1.677596466447913e+01,  5.953981871990807e+00
s400        , -1.659170957499870e+01, -1.711931119158442e+01,  6.417942265257699e+00
s401        , -1.654426837808786e+01, -1.695697901495806e+01,  6.198584576853476e+00
s402        , -1.877939202276407e+01, -1.859401098567806e+01,  8.410687909684963e+00
s403        , -2.106694758002669e+01, -2.079596351684075e+01,  1.138616219488133e+01
s404        , -2.165676773412189e+01, -2.167389112462412e+01,  1.257249613453445e+01
s405        , -2.212611753855641e+01, -2.220297356547221e+01,  1.328743942927530e+01
s406        , -1.885653015374473e+01, -1.873833057729131e+01,  8.605705389679638e+00
s407        , -1.790225292709843e+01, -1.796194821307399e+01,  7.556588423026051e+00
s408        , -1.653237145459570e+01, -1.702356990339860e+01,  6.288568113455224e+00
s409        , -1.984138826084547e+01, -2.004065955137574e+01,  1.036552823709056e+01
s410        , -1.632163885458830e+01, -1.695382677711307e+01,  6.194324992454697e+00
s411        , -1.826950002229553e+01, -1.833031568944214e+01,  8.054359350384486e+00
s412        , -2.254085603631221e+01, -2.250450716288353e+01,  1.369489846961456e+01
s413        , -1.907038707751166e+01, -1.941056908871681e+01,  9.514093911211067e+00
s414        , -1.996831080241482e+01, -1.980532371741901e+01,  1.004752150787476e+01
s415        , -2.069762370804266e+01, -2.011967485700202e+01,  1.047230075225635e+01
s416        , -1.735494379178349e+01, -1.800314650849267e+01,  7.612259227404149e+00
s417        , -1.714858900796163e+01, -1.700162617760246e+01,  6.258915797656517e+00
s418        , -2.014294405560549e+01, -1.993434329919152e+01,  1.022186425251522e+01
s419        , -1.771416578387462e+01, -1.790592862275529e+01,  7.480889765538407e+00
s420        , -2.335906844703241e+01, -2.332020585370173e+01,  1.479714315684055e+01
s421        , -2.045819521600993e+01, -2.007666285030809e+01,  1.041417909974058e+01
s422        , -1.913624718404630e+01, -1.905971561767388e+01,  9.039989467002691e+00
s423        , -2.001718266940652e+01, -2.011755097755495e+01,  1.046943077727270e+01
s424        , -2.199980092896302e+01, -2.143590852367762e+01,  1.225091285813813e+01
s425        , -1.799669141475633e+01, -1.840867316335779e+01,  8.160242944780531e+00
s426        , -2.179879403652462e+01, -2.140908139444275e+01,  1.221466165287630e+01
s427        , -1.855895626610580e+01, -1.903106029973597e+01,  9.001267850413912e+00
s428        , -2.201089453299450e+01, -2.243452766044121e+01,  1.360033593610799e+01
s429        , -2.010895188317044e+01, -2.036785331066063e+01,  1.080766157250576e+01
s430        , -2.197039083997888e+01, -2.150032281651124e+01,  1.233795518498809e+01
s431        , -2.053790779896415e+01, -2.028887798543741e+01,  1.070094308241977e+01
s432        , -2.056150222449639e+01, -1.981635961445916e+01,  1.006243419440742e+01
s433        , -1.961788415450921e+01, -2.033907965243188e+01,  1.076878004398096e+01
s434        , -2.169585176655818e+01, -2.146161154202019e+01,  1.228564506469023e+01
s435        , -1.969212203292086e+01, -1.976013810817224e+01,  9.986462690088308e+00
s436        , -1.841763911968392e+01, -1.805986332822820e+01,  7.688900043349476e+00
s437        , -2.085473352476042e+01, -2.072963660789023e+01,  1.129653537086682e+01
s438        , -2.075193174001312e+01, -2.117656354646608e+01,  1.190046283718318e+01
s439        , -1.747889033992054e+01, -1.737988328778167e+01,  6.770050478628342e+00
s440        , -2.292628299240021e+01, -2.331568102234428e+01,  1.479102880189493e+01
s441        , -1.928590410708185e+01, -1.887760788719947e+01,  8.793909289753831e+00
s442        , -2.265396374356312e+01, -2.246774337395770e+01,  1.364521996518403e+01
s443        , -1.939450551490213e+01, -1.896264947956112e+01,  8.908825060036420e+00
s444        , -2.014197468633274e+01, -2.037481462010173e+01,  1.081706831354136e+01
s445        , -2.136890748153691e+01, -2.147708812215465e+01,  1.230655839754421e+01
s446        , -1.984877428373165e+01, -1.985672549731254e+01,  1.011698016882318e+01
s447        , -2.124129540469972e+01, -2.112894309580501e+01,  1.183611384492009e+01
s448        , -1.996883442559681e+01, -2.048814391620604e+01,  1.097020894738586e+01
s449        , -2.213132573342666e+01, -2.240314659287966e+01,  1.355793104397251e+01
s450        , -2.393776981346641e+01, -2.289314506250792e+01,  1.422006059741688e+01
s451        , -1.778758837631850e+01, -1.784728803376334e+01,  7.401649381313511e+00
s452        , -2.093231028730361e+01, -2.100617412181924e+01,  1.167021747797083e+01
s453        , -1.913112365245808e+01, -1.912691941008718e+01,  9.130801214015172e+00
s454        , -1.694745233262931e+01, -1.762647058694048e+01,  7.103261189267799e+00
s455        , -1.959305905778561e+01, -1.940142691111544e+01,  9.501740186969249e+00
s456        , -1.690137029519855e+01, -1.745898369806948e+01,  6.876937994789095e+00
s457        , -1.744399185749123e+01, -1.723107183709691e+01,  6.568963198776082e+00
s458        , -2.020627098912283e+01, -2.041681919982650e+01,  1.087382864105193e+01
s459        , -1.884232545378780e+01, -1.917675126301935e+01,  9.198138449893312e+00
s460        , -2.233016805188693e+01, -2.251956121035673e+01,  1.371524083872139e+01
s461        , -1.623645396367353e+01, -1.624837941395117e+01,  5.241061714095338e+00
s462        , -2.313545884021418e+01, -2.263567352104872e+01,  1.387214212962992e+01
s463        , -2.090493117250811e+01, -2.058105482073769e+01,  1.109575843282471e+01
s464        , -1.633431188033305e+01, -1.681730367599499e+01,  6.009842824486432e+00
s465        , -1.999082968954132e+01, -2.026760966494822e+01,  1.067220343439863e+01
s466        , -1.900684695054017e+01, -1.801575050418631e+01,  7.629290868434733e+00
s467        , -1.783078222536251e+01, -1.793065232701095e+01,  7.514298635714496e+00
s468        , -1.945030486126850e+01, -1.836070685963953e+01,  8.095426605077581e+00
s469        , -2.270314762369042e+01, -2.259675499061490e+01,  1.381955194665159e+01
s470        , -2.119907484802825e+01, -2.136331892297285e+01,  1.215282332749977e+01
s471        , -1.972012875359749e+01, -1.968359620126506e+01,  9.883032451461887e+00
s472        , -1.766462305551830e+01, -1.788940137531056e+01,  7.458556677480913e+00
s473        , -2.127822401317911e+01, -2.165810699993651e+01,  1.255116722010162e+01
s474        , -1.654177405306909e+01, -1.684128158418183e+01,  6.042243908621086e+00
s475        , -2.297159509003216e+01, -2.335087554001132e+01,  1.483858676729888e+01
s476        , -2.252587602064435e+01, -2.219411796409916e+01,  1.327547295234515e+01
s477        , -2.178946083596680e+01, -2.137106551522626e+01,  1.216329121257981e+01
s478        , -1.788602657411998e+01, -1.822974150194923e+01,  7.918454554797613e+00
s479        , -1.952938513246325e+01, -1.894080809744396e+01,  8.879311040127705e+00
s480        , -2.203955610850313e+01, -2.170894171211412e+01,  1.261985960867004e+01
s481        , -1.615402914764109e+01, -1.718182665300661e+01,  6.502418722064286e+00
s482        , -2.215324565636576e+01, -2.190179058155818e+01,  1.288045416910637e+01
s483        , -2.217560840271064e+01, -2.176937420485382e+01,  1.270152137276009e+01
s484        , -2.403070638423247e+01, -2.414504941093380e+01,  1.591174520167119e+01
s485        , -1.896886917982663e+01, -1.922310293701500e+01,  9.260772958175391e+00
s486        , -2.293847835350512e+01, -2.312874543728691e+01,  1.453842479774201e+01
s487        , -1.935879902533930e+01, -1.972468563439202e+01,  9.938556151420118e+00
s488        , -2.071941340396909e+01, -2.033718367105190e+01,  1.076621802515381e+01
s489        , -2.120929532988995e+01, -2.114172742658863e+01,  1.185338917077828e+01
s490        , -2.336106814107168e+01, -2.308369063798517e+01,  1.447754274199842e+01
s491        , -1.878377211600346e+01, -1.867356870300907e+01,  8.518193379833464e+00
s492        , -2.196689093989351e+01, -2.243485952453268e+01,  1.360078438041201e+01
s493        , -2.118321097196467e+01, -2.046490169310440e+01,  1.093880198643143e+01
s494        , -2.014379663919148e+01, -2.034232676848239e+01,  1.077316783625741e+01
s495        , -1.971897958689983e+01, -1.965921425755234e+01,  9.850085398556068e+00
s496        , -2.171934681583978e+01, -2.134507385593173e+01,  1.212816896867765e+01
s497        , -1.930074135275753e+01, -1.921718833283989e+01,  9.252780618476379e+00
s498        , -2.146882601091719e+01, -2.180991251060848e+01,  1.275630034034969e+01
s499        , -1.852368794388046e+01, -1.836135339873013e+01,  8.096300266253850e+00
s500        , -2.050589701281523e+01, -2.105349155288430e+01,  1.173415700317999e+01
s501        , -2.141899489528082e+01, -2.156220711203636e+01,  1.242157875424607e+01
s502        , -1.777920620854658e+01, -1.759893127926697e+01,  7.066047625099189e+00
s503        , -2.264989988763092e+01, -2.268176609786381e+01,  1.393442652273595e+01
s504        , -1.994570445298742e+01, -2.005292079369632e+01,  1.038209671925043e+01
s505        , -2.256898602446125e+01, -2.236705319244921e+01,  1.350915842815713e+01
s506        , -2.050664132584332e+01, -2.018206611521650e+01,  1.055660937463169e+01
s507        , -2.255451727781655e+01, -2.207250219538363e+01,  1.311113489901919e+01
s508        , -2.063695726234980e+01, -2.067173971381702e+01,  1.121829993342230e+01
s509        , -2.049565878814769e+01, -2.061898987307528e+01,  1.114701965264696e+01
s510        , -1.886667658587990e+01, -1.903884600949243e+01,  9.011788594546450e+00
s511        , -2.270091090950000e+01, -2.314377815712472e+01,  1.455873834704925e+01
s512        , -2.052865138648571e+01, -2.088243777274020e+01,  1.150301390767663e+01
s513        , -1.872228566034903e+01, -1.880537963643800e+01,  8.696308047327415e+00
s514        , -2.338235400416073e+01, -2.332874586970487e+01,  1.480868318672443e+01
s515        , -2.063189590001077e+01, -2.107808504125435e+01,  1.176738991405920e+01
s516        , -2.353360034901451e+01, -2.334128430321192e+01,  1.482562623429194e+01
s517        , -2.274108402549141e+01, -2.251182640210250e+01,  1.370478887723009e+01
s518        , -2.095244706423326e+01, -2.148077711553759e+01,  1.231154329380962e+01
s519        , -2.165153402286209e+01, -2.106718359994121e+01,  1.175265891607456e+01
s520        , -1.917430642162448e+01, -1.986583851902872e+01,  1.012929449503737e+01
s521        , -2.048146586988528e+01, -1.926403685739963e+01,  9.316086515471948e+00
s522        , -1.837039701152461e+01, -1.871697022391042e+01,  8.576841378622152e+00
s523        , -2.237538522976599e+01, -2.238629458036126e+01,  1.353515910443581e+01
s524        , -2.219430447580721e+01, -2.154130966629157e+01,  1.239334026519606e+01
s525        , -2.096151325596525e+01, -2.063391133458676e+01,  1.116718285979908e+01
s526        , -2.193172581512368e+01, -2.167752161019438e+01,  1.257740196983480e+01
s527        , -2.063376120076111e+01, -2.049881623892766e+01,  1.098463033993275e+01
s528        , -1.776721144005281e+01, -1.773739457977440e+01,  7.253151563205312e+00
s529        , -2.226349149791107e+01, -2.260962792244945e+01,  1.383694699813735e+01
s530        , -2.300566448791293e+01, -2.294810968803592e+01,  1.429433369256288e+01
s531        , -1.846679125419261e+01, -1.782643964676439e+01,  7.373477184808237e+00
s532        , -1.859817726729017e+01, -1.935556757023126e+01,  9.439770963016503e+00
s533        , -2.134099683522431e+01, -2.213498008887454e+01,  1.319556059069261e+01
s534        , -2.286936511308830e+01, -2.290178711605812e+01,  1.423173850951807e+01
s535        , -1.777040539985326e+01, -1.816797350692256e+01,  7.834988141126578e+00
s536        , -1.995222678224889e+01, -2.008060565805306e+01,  1.041950697256734e+01
s537        , -2.015268820600640e+01, -2.087981471549516e+01,  1.149946939921391e+01
s538        , -1.740140208992538e+01, -1.795625076242917e+01,  7.548889520508892e+00
s539        , -1.924950405987826e+01, -2.011162150251644e+01,  1.046141834273921e+01
s540        , -2.157643164881004e+01, -2.139130140653240e+01,  1.219063575037856e+01
s541        , -1.586673793577160e+01, -1.642018214714351e+01,  5.473216861631753e+00
s542        , -2.009907109345192e+01, -2.003027971781183e+01,  1.035150208193193e+01
s543        , -1.879069098033760e+01, -1.827019149197537e+01,  7.973114182312696e+00
s544        , -2.248614661420541e+01, -2.192741885191041e+01,  1.291508536951959e+01
s545        , -1.987972862262733e+01, -2.028937069328421e+01,  1.070160887312484e+01
s546        , -2.126472237694319e+01, -2.062151627918041e+01,  1.115043355748523e+01
s547        , -1.738356621674509e+01, -1.735800882815557e+01,  6.740491761444876e+00
s548        , -1.943625792183643e+01, -2.002103009002513e+01,  1.033900316143411e+01
s549        , -2.233202963006129e+01, -2.241494855536942e+01,  1.357387890633836e+01
s550        , -2.412763530103872e+01, -2.403247418185735e+01,  1.575962353032426e+01
s551        , -1.731823103856605e+01, -1.749548582972186e+01,  6.926262924618150e+00
s552        , -2.060923402045430e+01, -2.113358869548608e+01,  1.184239139277578e+01
s553        , -1.992869680942914e+01, -1.985182142523278e+01,  1.011035335005230e+01
s554        , -1.812921854031919e+01, -1.796073894175635e+01,  7.554954347968327e+00
s555        , -2.102602816640752e+01, -2.017668999531683e+01,  1.054934468282331e+01
s556        , -1.941820686683750e+01, -1.944815147467585e+01,  9.564878576827088e+00
s557        , -2.190718211184164e+01, -2.143636361173949e+01,  1.225152781364078e+01
s558        , -1.909304407213536e+01, -1.900382983647075e+01,  8.964471624304133e+00
s559        , -2.023025085829861e+01, -2.016437100893462e+01,  1.053269817174680e+01
s560        , -2.107002513254548e+01, -2.135890244198001e+01,  1.214685538521250e+01
s561        , -2.121559386756793e+01, -2.092218754776052e+01,  1.155672734234039e+01
s562        , -1.764234380631898e+01, -1.821759662200594e+01,  7.902043311840892e+00
s563        , -1.646928563220792e+01, -1.725441795480221e+01,  6.600510551368023e+00
s564        , -1.863449571719480e+01, -1.825570763417888e+01,  7.953542304257194e+00
s565        , -2.028655126138008e+01, -2.037331514945924e+01,  1.081504209532140e+01
s566        , -1.821002786093300e+01, -1.825772106765262e+01,  7.956263034809412e+00
s567        , -2.066943738863287e+01, -2.093376335006679e+01,  1.157236959693279e+01
s568        , -2.062629415098700e+01, -2.066427225798297e+01,  1.120820924232174e+01
s569        , -2.065075063553067e+01, -2.132545883465183e+01,  1.210166340573025e+01
s570        , -2.031634942577389e+01, -2.034113904559709e+01,  1.077156287935978e+01
s571        , -2.047206271335130e+01, -2.037490855690874e+01,  1.081719524931754e+01
s572        , -2.393038589894997e+01, -2.390011238730407e+01,  1.558076449023960e+01
s573        , -1.926109501090367e+01, -1.890625554258554e+01,  8.832620552020424e+00
s574        , -2.085894290369713e+01, -2.089706318585721e+01,  1.152277706788294e+01
s575        , -2.021973442813006e+01, -2.095530649567139e+01,  1.160148061311572e+01
s576        , -1.844714179521902e+01, -1.829841929250338e+01,  8.011258099318201e+00
s577        , -1.949977509463960e+01, -1.924814682747826e+01,  9.294614492459225e+00
s578        , -2.108198153892643e+01, -2.107459675508236e+01,  1.176267623124484e+01
s579        , -2.029210259566103e+01, -2.043193568669288e+01,  1.089425538382538e+01
s580        , -2.195204710511243e+01, -2.230675768327215e+01,  1.342768176845165e+01
s581        , -2.000078291173359e+01, -2.022796139704882e+01,  1.061862716519316e+01
s582        , -2.354247422413414e+01, -2.321602334477236e+01,  1.465636247610404e+01
s583        , -1.881717670098672e+01, -1.937555211630893e+01,  9.466775860766971e+00
s584        , -2.079214981383572e+01, -2.040509005722976e+01,  1.085797917940818e+01
s585        , -2.214462266832296e+01, -2.219526986141418e+01,  1.327702949854291e+01
s586        , -1.671124709479596e+01, -1.673751690699098e+01,  5.902027839326429e+00
s587        , -1.722924462132460e+01, -1.696425258772369e+01,  6.208413275891877e+00
s588        , -2.306180681354529e+01, -2.270314068898921e+01,  1.396330977310131e+01
s589        , -2.054966159202169e+01, -2.144376108650795e+01,  1.226152394009557e+01
s590        , -2.302597507766974e+01, -2.333040460027199e+01,  1.481092461113240e+01
s591        , -2.031576031139625e+01, -2.052394680967792e+01,  1.101858900433693e+01
s592        , -1.675983730084032e+01, -1.633038212817201e+01,  5.351871081703093e+00
s593        , -1.833051427645905e+01, -1.890085949525592e+01,  8.825328932494681e+00
s594        , -1.700453572465554e+01, -1.714729781027199e+01,  6.455760275889617e+00
s595        , -2.121342929627275e+01, -2.054735158370126e+01,  1.105021561856757e+01
s596        , -1.895402289388661e+01, -1.901401042971161e+01,  8.978228548201233e+00
s597        , -2.389559541191659e+01, -2.397905376116105e+01,  1.568743710221708e+01
s598        , -1.923753651242740e+01, -1.930378607610907e+01,  9.369799198398912e+00
s599        , -2.358158831573873e+01, -2.330945480254341e+01,  1.478261537942134e+01
s600        , -1.942143232536245e+01, -2.018655144762432e+01,  1.056267035508026e+01
s601        , -2.073803555561576e+01, -2.026869609625803e+01,  1.067367151710214e+01
s602        , -1.821856306700227e+01, -1.754850432901863e+01,  6.997906240749920e+00
s603        , -1.722454836479658e+01, -1.746004606690501e+01,  6.878373562135243e+00
s604        , -1.805154515236764e+01, -1.785797468910582e+01,  7.416090141373646e+00
s605        , -2.021935755598555e+01, -1.942437001355442e+01,  9.532742949455576e+00
s606        , -1.827906736534894e+01, -1.853045730463788e+01,  8.324808518104808e+00
s607        , -2.237721630921111e+01, -2.252675046759506e+01,  1.372495560311326e+01
s608        , -2.098562136420296e+01, -2.146197138684542e+01,  1.228613131905266e+01
s609        , -1.946776205882490e+01, -1.956557154245656e+01,  9.723547025534764e+00
s610        , -2.069261977150295e+01, -2.082613649461329e+01,  1.142693460854576e+01
s611        , -2.170289912291919e+01, -2.158104248299554e+01,  1.244703078427307e+01
s612        , -1.930046031145336e+01, -1.884551970395847e+01,  8.750548879962508e+00
s613        , -2.385958137896088e+01, -2.379764300535436e+01,  1.544229873918623e+01
s614        , -1.933674081040147e+01, -1.925566500629931e+01,  9.304773724975346e+00
s615        , -1.973716697922491e+01, -1.971482276841197e+01,  9.925228568882970e+00
s616        , -1.815004309366292e+01, -1.798367685053901e+01,  7.585950092323888e+00
s617        , -1.832352306169715e+01, -1.780256279724625e+01,  7.341212660143291e+00
s618        , -1.700993990522181e+01, -1.741048763082546e+01,  6.811405791448840e+00
s619        , -2.331208521979489e+01, -2.268533073832377e+01,  1.393924338226152e+01
s620        , -2.294394567846179e+01, -2.330910954566527e+01,  1.478214883759169e+01
s621        , -2.117716243218820e+01, -2.139415603659252e+01,  1.219449318064440e+01
s622        , -2.002792552777272e+01, -1.958470841822368e+01,  9.749406475699205e+00
s623        , -1.988853831837967e+01, -1.969718536460634e+01,  9.901395338720841e+00
s624        , -2.364575476956619e+01, -2.329082600049508e+01,  1.475744248369613e+01
s625        , -2.144171537166414e+01, -2.089176097216356e+01,  1.151561224471949e+01
s626        , -2.037069722396305e+01, -2.029693134538224e+01,  1.071182549931395e+01
s627        , -1.998545144661707e+01, -2.010769353230400e+01,  1.045611051970729e+01
s628        , -2.158119065398551e+01, -2.128452157730849e+01,  1.204634533923803e+01
s629        , -1.843917864187274e+01, -1.817190573225069e+01,  7.840301714049640e+00
s630        , -1.962256463480217e+01, -2.000091822786702e+01,  1.031182622286166e+01
s631        , -2.101091990223662e+01, -2.085974531294342e+01,  1.147234983584149e+01
s632        , -2.022844039713042e+01, -1.969964368594198e+01,  9.904717241357440e+00
s633        , -2.473876586737651e+01, -2.474273867653255e+01,  1.671939614562136e+01
s634        , -2.051539403555230e+01, -2.053551398290498e+01,  1.103421959854932e+01
s635        , -2.382235458298951e+01, -2.378482152103580e+01,  1.542497320816410e+01
s636        , -1.910586081968059e+01, -1.976447285359107e+01,  9.992320183991586e+00
s637        , -1.917066616024459e+01, -1.904869666604134e+01,  9.025099678613330e+00
s638        , -2.192001400012589e+01, -2.152222877503873e+01,  1.236755646629123e+01
s639        , -2.010078758798683e+01, -1.979104654071132e+01,  1.002822891570590e+01
s640        , -1.983289623130970e+01, -1.972098296530528e+01,  9.933552775326282e+00
s641        , -2.307886864739055e+01, -2.296172699323184e+01,  1.431273460760110e+01
s642        , -2.260273435105626e+01, -2.266340588504842e+01,  1.390961656869300e+01
s643        , -2.012782689900612e+01, -1.984824913271459e+01,  1.010552615038444e+01
s644        , -1.902512926743999e+01, -1.803309118220339e+01,  7.652723136295849e+00
s645        , -2.049081123370357e+01, -2.027796346656623e+01,  1.068619441287451e+01
s646        , -2.159630341817387e+01, -2.202271274837886e+01,  1.304385496580527e+01
s647        , -2.046804100673445e+01, -2.026500424214644e+01,  1.066868275516551e+01
s648        , -2.112203592795417e+01, -2.111355481408870e+01,  1.181531982874933e+01
s649        , -2.130712394597167e+01, -2.181614438645241e+01,  1.276472140577220e+01
s650        , -1.872664219670308e+01, -1.835295344331926e+01,  8.084949498710900e+00
s651        , -2.286060777226206e+01, -2.322758460449413e+01,  1.467198507946163e+01
s652        , -2.513277458672901e+01, -2.519945592008630e+01,  1.733655314358915e+01
s653        , -2.212366926194319e+01, -2.196472139003103e+01,  1.296549187982337e+01
s654        , -2.219498706816524e+01, -2.228562449156986e+01,  1.339912471847697e+01
s655        , -2.136195741190379e+01, -2.159386320624191e+01,  1.246435528686671e+01
s656        , -2.204727614381470e+01, -2.178165555059074e+01,  1.271811702044579e+01
s657        , -2.036339525797458e+01, -2.003658078246652e+01,  1.036001664143494e+01
s658        , -1.602366185676991e+01, -1.602836017826953e+01,  4.943752136003024e+00
s659        , -1.871169938684588e+01, -1.899393327189060e+01,  8.951098505218560e+00
s660        , -2.183022460938435e+01, -2.114996018182197e+01,  1.186451400255664e+01
s661        , -2.183692812512830e+01, -2.204573516866053e+01,  1.307496490962178e+01
s662        , -1.575332316936146e+01, -1.576238112129873e+01,  4.584337555889666e+00
s663        , -2.161244100467384e+01, -2.173228364804455e+01,  1.265140131047549e+01
s664        , -1.792030659393350e+01, -1.781064258652106e+01,  7.352130790700963e+00
s665        , -2.036353189911458e+01, -2.039383870885645e+01,  1.084277535585396e+01
s666        , -1.896012969757172e+01, -1.832065797252286e+01,  8.041308983521292e+00
s667        , -1.834472710605888e+01, -1.877345950685694e+01,  8.653174726602101e+00
s668        , -2.315183675604283e+01, -2.251213265850974e+01,  1.370520271815151e+01
s669        , -2.168824836514504e+01, -2.096333561854891e+01,  1.161233027872688e+01
s670        , -1.765957516951316e+01, -1.795095520830867e+01,  7.541733696353543e+00
s671        , -1.925271531654228e+01, -1.957118763564185e+01,  9.731135990609896e+00
s672        , -2.010246672918431e+01, -2.013206629952223e+01,  1.048904517251682e+01
s673        , -2.045224673553428e+01, -2.045944995215655e+01,  1.093143510873070e+01
s674        , -1.961862741224291e+01, -1.953962319523013e+01,  9.688483308754813e+00
s675        , -1.819835804307071e+01, -1.830888915990655e+01,  8.025405916215549e+00
s676        , -2.030955144796039e+01, -2.017984210723965e+01,  1.055360409706484e+01
s677        , -1.708028116046972e+01, -1.716708026559423e+01,  6.482492090620548e+00
s678        , -1.996975063415185e+01, -1.964922428864806e+01,  9.836586063232568e+00
s679        , -2.075675552323975e+01, -2.057995937496958e+01,  1.109427816898265e+01
s680        , -1.844365265503332e+01, -1.864427836984967e+01,  8.478613674146246e+00
s681        , -1.908965101407623e+01, -1.958161190475384e+01,  9.745222191036902e+00
s682        , -2.132701003782740e+01, -2.178994384016809e+01,  1.272931689517362e+01
s683        , -2.134055790648813e+01, -2.035573581191307e+01,  1.079128732945829e+01
s684        , -2.228765611405496e+01, -2.212448956310025e+01,  1.318138485836512e+01
s685        , -2.220524684044785e+01, -2.301760087576972e+01,  1.438823637176391e+01
s686        , -2.092862014660340e+01, -2.099388210424519e+01,  1.165360740954877e+01
s687        , -2.266843571203506e+01, -2.215297160046092e+01,  1.321987232281193e+01
s688        , -1.791243182954496e+01, -1.852845265584446e+01,  8.322099658194684e+00
s689        , -2.022924986754604e+01, -2.026712142826974e+01,  1.067154368553422e+01
s690        , -1.926971843911773e+01, -1.868566094448005e+01,  8.534533493000341e+00
s691        , -1.839442212707931e+01, -1.902624771167735e+01,  8.994764652996610e+00
s692        , -1.811967055159425e+01, -1.819768130105735e+01,  7.875131957247500e+00
s693        , -1.897178714286070e+01, -1.902920114184684e+01,  8.998755590765743e+00
s694        , -2.117746495604092e+01, -2.034692924605587e+01,  1.077938711368245e+01
s695        , -2.262578130233349e+01, -2.277311893096363e+01,  1.405787060335146e+01
s696        , -2.110358706695218e+01, -2.035662415958966e+01,  1.079248774392255e+01
s697        , -2.080079623838923e+01, -2.063900678918096e+01,  1.117406829166096e+01
s698        , -2.284382050270110e+01, -2.315792195550461e+01,  1.457785070654781e+01
s699        , -1.710021253686445e+01, -1.750553646636290e+01,  6.939844239588400e+00
s700        , -1.768315556313765e+01, -1.768252036145525e+01,  7.179000634328258e+00
s701        , -1.903295584190279e+01, -1.961662589542028e+01,  9.792536212286532e+00
s702        , -1.837939645173277e+01, -1.844490620466005e+01,  8.209204255773194e+00
s703        , -2.091048572489854e+01, -1.976419407071246e+01,  9.991943467747834e+00
s704        , -2.101614044515869e+01, -2.100875764590283e+01,  1.167370856570643e+01
s705        , -1.998067347119072e+01, -1.938174302257799e+01,  9.475141564452654e+00
s706        , -2.205053681559340e+01, -2.195446618648093e+01,  1.295163413583437e+01
s707        , -2.095566328486310e+01, -2.094932820992311e+01,  1.159340222120590e+01
s708        , -2.098548818691052e+01, -2.115205065042583e+01,  1.186733882983461e+01
s709        , -2.115794840593145e+01, -2.184360466279893e+01,  1.280182817577614e+01
s710        , -2.144561556804213e+01, -2.123599763878527e+01,  1.198077547374413e+01
s711        , -2.158487030708884e+01, -2.136991068683245e+01,  1.216173070564746e+01
s712        , -1.701606937532507e+01, -1.728465212142907e+01,  6.641365648859635e+00
s713        , -2.069677260469373e+01, -2.056407960641035e+01,  1.107282001203595e+01
s714        , -1.667903695847065e+01, -1.654360574630420e+01,  5.639997816394264e+00
s715        , -1.903979308955687e+01, -1.922219000616156e+01,  9.259539324734103e+00
s716        , -1.775292931769286e+01, -1.756532364761491e+01,  7.020634001348519e+00
s717        , -1.980553907801730e+01, -2.066604154638128e+01,  1.121060006231344e+01
s718        , -2.205506805307129e+01, -2.238605304194904e+01,  1.353483271623067e+01
s719        , -2.211926724507942e+01, -2.227150600194953e+01,  1.338004655842738e+01
s720        , -2.227273745316376e+01, -2.253774588479975e+01,  1.373981358968860e+01
s721        , -1.785735939085095e+01, -1.810779320411313e+01,  7.753667158521099e+00
s722        , -2.185625504194673e+01, -2.146672710900940e+01,  1.229255767421073e+01
s723        , -2.033801839240394e+01, -2.008532213061821e+01,  1.042588029017335e+01
s724        , -2.101306363073858e+01, -2.080453392468847e+01,  1.139774329293120e+01
s725        , -1.977835943733275e+01, -2.037169281694353e+01,  1.081284985520075e+01
s726        , -1.782642809085736e+01, -1.753209383281657e+01,  6.975730917365100e+00
s727        , -2.098840179836340e+01, -2.103520071150448e+01,  1.170944078999645e+01
s728        , -2.135488943619893e+01, -2.094527258015696e+01,  1.158792189322032e+01
s729        , -1.830313789299144e+01, -1.896688837227074e+01,  8.914553029225898e+00
s730        , -1.974102380594271e+01, -1.953891074084025e+01,  9.687520576958160e+00
s731        , -1.858542568590836e+01, -1.770696383897195e+01,  7.212030837187947e+00
s732        , -1.728575125425960e+01, -1.814514812998414e+01,  7.804144459816922e+00
s733        , -2.189672381410002e+01, -2.203144243261015e+01,  1.305565129228393e+01
s734        , -1.907291800543370e+01, -1.933191546659583e+01,  9.407810134995900e+00
s735        , -2.104653345651221e+01, -2.015174502504299e+01,  1.051563681830563e+01
s736        , -1.839280423093862e+01, -1.904167170980926e+01,  9.015606932367721e+00
s737        , -2.165426899727042e+01, -2.110499392376374e+01,  1.180375159162351e+01
s738        , -1.806822955624155e+01, -1.849371895493269e+01,  8.275164389413876e+00
s739        , -1.955458939471557e+01, -1.994682388222731e+01,  1.023872912737592e+01
s740        , -1.834079412742093e+01, -1.827807266016671e+01,  7.983763918380458e+00
s741        , -2.108323768665554e+01, -2.084598303521247e+01,  1.145375302100798e+01
s742        , -1.784982580383593e+01, -1.798391893563848e+01,  7.586277219261503e+00
s743        , -2.007117762213282e+01, -2.044783433885178e+01,  1.091573905797303e+01
s744        , -2.048858578542649e+01, -2.066519334443924e+01,  1.120945389633962e+01
s745        , -2.120349313282904e+01, -2.090076271386654e+01,  1.152777619947334e+01
s746        , -1.892251493836264e+01, -1.854720622339038e+01,  8.347441148167261e+00
s747        , -2.116880416688591e+01, -2.057610320732543e+01,  1.108906737197309e+01
s748        , -2.167842994358758e+01, -2.124941581796276e+01,  1.199890731197939e+01
s749        , -2.059667445248301e+01, -2.030152976432574e+01,  1.071803929235684e+01
s750        , -2.032384862658092e+01, -2.054648027264127e+01,  1.104903822549633e+01
s751        , -2.236553637276776e+01, -2.220511143873307e+01,  1.329032831394592e+01
s752        , -1.716732359631470e+01, -1.744175257701219e+01,  6.853653770045149e+00
s753        , -2.206691124025960e+01, -2.230237217335133e+01,  1.342175567703406e+01
s754        , -1.859855862913608e+01, -1.894579195537458e+01,  8.886045672643069e+00
s755        , -2.251644582892857e+01, -2.185239769658145e+01,  1.281371010580800e+01
s756        , -2.026279534630465e+01, -2.055877037634508e+01,  1.106564570772656e+01
s757        , -1.901185247831666e+01, -1.935830290165984e+01,  9.443467186351040e+00
s758        , -1.866312886885699e+01, -1.896171118301284e+01,  8.907557150210119e+00
s759        , -2.105033567951521e+01, -2.120716492556998e+01,  1.194181414486424e+01
s760        , -1.976737462921502e+01, -1.960475940612796e+01,  9.776501155560657e+00
s761        , -2.282845273202710e+01, -2.282282752293905e+01,  1.412504127805173e+01
s762        , -1.737428124739802e+01, -1.705434164334536e+01,  6.330149627873245e+00
s763        , -2.048674857080450e+01, -2.070825041776973e+01,  1.126763644690669e+01
s764        , -1.996103637141938e+01, -1.981297820627794e+01,  1.005786493464884e+01
s765        , -1.985538741097363e+01, -1.995402525347249e+01,  1.024846026129226e+01
s766        , -1.902823974868692e+01, -1.902081483797185e+01,  8.987423270393375e+00
s767        , -2.019726225103009e+01, -1.967689011294359e+01,  9.873970587923777e+00
s768        , -2.180287541987858e+01, -2.119152370306210e+01,  1.192067833257830e+01
s769        , -2.332774774981945e+01, -2.366905557638027e+01,  1.526853995787867e+01
s770        , -2.255011500408412e+01, -2.271155896002591e+01,  1.397468529034841e+01
s771        , -1.837836194936116e+01, -1.778163117423811e+01,  7.312927987732466e+00
s772        , -2.036442085092615e+01, -2.044525965172996e+01,  1.091225991152687e+01
s773        , -2.207703951964118e+01, -2.193659597282561e+01,  1.292748631227785e+01
s774        , -2.410464814655394e+01, -2.383544289949028e+01,  1.549337732121415e+01
s775        , -2.145476048405246e+01, -2.072313977762107e+01,  1.128775627543783e+01
s776        , -1.783304251394927e+01, -1.771075434077005e+01,  7.217152900660541e+00
s777        , -1.926023008452307e+01, -1.942984535524278e+01,  9.540141718577889e+00
s778        , -1.976550707196644e+01, -1.966650719776960e+01,  9.859940268619260e+00
s779        , -2.301809423461469e+01, -2.299024076779750e+01,  1.435126495818464e+01
s780        , -1.989864127452180e+01, -2.020815333243043e+01,  1.059186074490143e+01
s781        , -1.803783397921168e+01, -1.749203545469025e+01,  6.921600470711647e+00
s782        , -2.003060740563550e+01, -1.997840922780274e+01,  1.028141005814925e+01
s783        , -2.170310297580588e+01, -2.063580308990435e+01,  1.116973916799451e+01
s784        , -1.828106793020000e+01, -1.871857328666906e+01,  8.579007579731575e+00
s785        , -1.904288077315707e+01, -1.894084323015947e+01,  8.879358514580534e+00
s786        , -2.022975758111321e+01, -1.971565276125182e+01,  9.926350129096882e+00
s787        , -1.858814151939532e+01, -1.982951369433163e+01,  1.008020915815075e+01
s788        , -1.926046054059691e+01, -1.947994129312574e+01,  9.607835809551254e+00
s789        , -2.212378523930028e+01, -2.197818992051984e+01,  1.298369175723293e+01
s790        , -2.174169856486492e+01, -2.147261080967659e+01,  1.230050825433870e+01
s791        , -1.907773631846257e+01, -1.925835017861803e+01,  9.308402168855304e+00
s792        , -2.217884458062024e+01, -2.177517723230692e+01,  1.270936294005940e+01
s793        , -2.046845693654859e+01, -1.943050276195560e+01,  9.541030065052778e+00
s794        , -1.973890233992908e+01, -1.889045025508681e+01,  8.811263040513230e+00
s795        , -2.098054198937622e+01, -2.085958879945121e+01,  1.147213834087746e+01
s796        , -1.872193723420701e+01, -1.877117107112957e+01,  8.650082388523167e+00
s797        , -1.738396768625594e+01, -1.801946545485217e+01,  7.634310840491617e+00
s798        , -1.812351947027918e+01, -1.852704442712595e+01,  8.320196734185050e+00
s799        , -2.115781411801412e+01, -1.920089244483234e+01,  9.230760163886796e+00
s800        , -2.197753832223543e+01, -2.182028208489092e+01,  1.277031263225389e+01
s801        , -2.000340332694237e+01, -2.039022464518194e+01,  1.083789171128107e+01
s802        , -2.346278750692302e+01, -2.330248404639760e+01,  1.477319587315738e+01
s803        , -2.201425716118592e+01, -2.192474339459971e+01,  1.291147005342333e+01
s804        , -1.618324989548500e+01, -1.642649693551721e+01,  5.481749965845627e+00
s805        , -2.141738653455062e+01, -2.057153919580543e+01,  1.108290007330387e+01
s806        , -2.157933013723432e+01, -2.178054548069005e+01,  1.271661699517389e+01
s807        , -1.912040169626662e+01, -1.994837201328387e+01,  1.024082109987927e+01
s808        , -2.304047586711122e+01, -2.248383919828581e+01,  1.366697007591964e+01
s809        , -2.047218776779852e+01, -2.045133194431327e+01,  1.092046533384100e+01
s810        , -2.119146876442327e+01, -2.208395147052806e+01,  1.312660617884665e+01
s811        , -2.180116494254657e+01, -2.184262802985121e+01,  1.280050846239408e+01
s812        , -2.372646511684069e+01, -2.341537510447851e+01,  1.492574432077127e+01
s813        , -2.269928091374550e+01, -2.244365927789269e+01,  1.361267539053518e+01
s814        , -1.832573741415099e+01, -1.868555520685371e+01,  8.534390610906513e+00
s815        , -2.057906464758977e+01, -1.998844614816639e+01,  1.029497283846442e+01
s816        , -1.808215553271357e+01, -1.789549931331914e+01,  7.466796754176699e+00
s817        , -2.152086258044021e+01, -2.155654498797077e+01,  1.241392758814765e+01
s818        , -2.057353864229959e+01, -2.077024681729883e+01,  1.135141150107474e+01
s819        , -2.244567325669163e+01, -2.236649327460395e+01,  1.350840181731888e+01
s820        , -2.103220827040201e+01, -2.143590339396246e+01,  1.225090592641035e+01
s821        , -2.251724700203312e+01, -2.287583318553920e+01,  1.419666724809626e+01
s822        , -1.967652212859418e+01, -1.996097093233236e+01,  1.025784588089500e+01
s823        , -1.898228811729100e+01, -1.928527397949312e+01,  9.344784005443433e+00
s824        , -2.375965705343503e+01, -2.384095378302755e+01,  1.550082411764677e+01
s825        , -2.074394606294202e+01, -2.000455547337975e+01,  1.031674119279807e+01
s826        , -2.229590893513048e+01, -2.225735491101058e+01,  1.336092434457380e+01
s827        , -2.030439908572953e+01, -1.866483491668733e+01,  8.506391510245020e+00
s828        , -2.126632247755481e+01, -2.092394489426362e+01,  1.155910202538017e+01
s829        , -1.836528680868646e+01, -1.738398605853674e+01,  6.775594507714797e+00
s830        , -2.038358031572328e+01, -2.072885540247361e+01,  1.129547973656239e+01
s831        , -2.014217587228185e+01, -1.981005967873490e+01,  1.005392116041571e+01
s832        , -1.638297894992474e+01, -1.707651494158350e+01,  6.360112162392893e+00
s833        , -2.087813803835245e+01, -2.057677336366008e+01,  1.108997294687199e+01
s834        , -2.163260872857058e+01, -2.205445114550552e+01,  1.308674271345979e+01
s835        , -1.845033213930005e+01, -1.822463154515431e+01,  7.911549526271079e+00
s836        , -2.085703068105029e+01, -2.085687316569643e+01,  1.146846873479332e+01
s837        , -1.604298594536770e+01, -1.652987772837282e+01,  5.621447296451866e+00
s838        , -1.819387371328009e+01, -1.770120742905910e+01,  7.204252263659076e+00
s839        , -2.199016371973259e+01, -2.149519686271524e+01,  1.233102853988959e+01
s840        , -1.816847175772266e+01, -1.849659959725116e+01,  8.279056969758896e+00
s841        , -2.076446728280485e+01, -2.055182067268040e+01,  1.105625464944926e+01
s842        , -1.719569444321167e+01, -1.744902580458306e+01,  6.863482002625663e+00
s843        , -1.999816334280537e+01, -1.970314050502632e+01,  9.909442454602587e+00
s844        , -1.581596700213373e+01, -1.602054311184002e+01,  4.933189019942395e+00
s845        , -2.003183538643507e+01, -2.000357582473696e+01,  1.031541740434038e+01
s846        , -2.166933569232110e+01, -2.116699318705271e+01,  1.188753051555882e+01
s847        , -2.001719781047365e+01, -1.985349452604834e+01,  1.011261419281925e+01
s848        , -1.670780899311153e+01, -1.708661127358912e+01,  6.373755225007719e+00
s849        , -2.103364362191806e+01, -2.123413867671075e+01,  1.197826347869810e+01
s850        , -1.674889176362534e+01, -1.649848206547240e+01,  5.579022681795180e+00
s851        , -1.887785873496733e+01, -1.956033824104263e+01,  9.716475322778480e+00
s852        , -1.916613881673827e+01, -1.961486017795677e+01,  9.790150217659834e+00
s853        , -2.151831650372089e+01, -2.134838017984161e+01,  1.213263676788457e+01
s854        , -2.092228526657664e+01, -2.045783087125118e+01,  1.092924726247544e+01
s855        , -1.984690981488844e+01, -1.976658182919020e+01,  9.995170019569109e+00
s856        , -1.857995804240183e+01, -1.838831037843414e+01,  8.132726937029300e+00
s857        , -2.294003947989728e+01, -2.328049947631975e+01,  1.474348836492912e+01
s858        , -2.107902559750898e+01, -2.128649340886429e+01,  1.204900985357519e+01
s859        , -1.829183386036745e+01, -1.850908332077237e+01,  8.295926088323071e+00
s860        , -2.148418071954308e+01, -2.139762723105047e+01,  1.219918376761319e+01
s861        , -2.060440939951398e+01, -2.007592503321921e+01,  1.041318209560716e+01
s862        , -1.983634035476443e+01, -1.935847739427066e+01,  9.443702976300699e+00
s863        , -2.017821382918477e+01, -2.099907053981963e+01,  1.166061848558862e+01
s864        , -2.145828954671971e+01, -2.070404818770767e+01,  1.126195801955043e+01
s865        , -2.179521899962700e+01, -2.188108453818312e+01,  1.285247431997758e+01
s866        , -2.240641608733365e+01, -2.205170176593155e+01,  1.308302750702058e+01
s867        , -1.970162478711471e+01, -1.949444955469986e+01,  9.627440664163583e+00
s868        , -1.579821539399930e+01, -1.563845180583444e+01,  4.416873232237199e+00
s869        , -1.927595790821999e+01, -1.937693011610810e+01,  9.468637936769703e+00
s870        , -1.834436146157947e+01, -1.855952395510683e+01,  8.364085963827705e+00
s871        , -1.954632707936713e+01, -1.940998299237664e+01,  9.513301925660006e+00
s872        , -2.222687656829416e+01, -2.239280421242610e+01,  1.354395549879077e+01
s873        , -2.174135075548704e+01, -2.125608537059296e+01,  1.200791980523894e+01
s874        , -2.306987923711809e+01, -2.346424817771116e+01,  1.499178596816568e+01
s875        , -2.178123430913379e+01, -2.176187364792393e+01,  1.269138595251207e+01
s876        , -2.287277527114560e+01, -2.245313430786742e+01,  1.362547889453550e+01
s877        , -2.189016288213647e+01, -2.133050901008209e+01,  1.210848765235492e+01
s878        , -1.876974537203656e+01, -1.867402957321551e+01,  8.518816148684589e+00
s879        , -1.761744622782913e+01, -1.766806631739178e+01,  7.159469043242932e+00
s880        , -1.792977215528789e+01, -1.850597381092007e+01,  8.291724241791796e+00
s881        , -2.116921283478955e+01, -1.928768806898804e+01,  9.348046138079191e+00
s882        , -1.809005639564229e+01, -1.842710551450394e+01,  8.185150378558003e+00
s883        , -1.958200153707774e+01, -2.009901336220222e+01,  1.044438110112833e+01
s884        , -1.866641101726497e+01, -1.900684901884004e+01,  8.968551412299114e+00
s885        , -1.949202935470739e+01, -1.983177945205560e+01,  1.008327085169262e+01
s886        , -1.753621319174707e+01, -1.735705936969780e+01,  6.739208768652818e+00
s887        , -2.072504645987743e+01, -2.029601922154519e+01,  1.071059295638504e+01
s888        , -2.163711888094086e+01, -2.195702112546234e+01,  1.295508659683516e+01
s889        , -1.784767272504274e+01, -1.782592139187983e+01,  7.372776872671464e+00
s890        , -2.036577167825686e+01, -2.066514634907639e+01,  1.120939039202165e+01
s891        , -1.925489904031788e+01, -1.953828779843214e+01,  9.686678801719939e+00
s892        , -1.797999052112338e+01, -1.918808259898256e+01,  9.213450359799767e+00
s893        , -2.224398236502422e+01, -2.266238372501694e+01,  1.390823533506240e+01
s894        , -2.015695897880840e+01, -1.994112503326824e+01,  1.023102833533206e+01
s895        , -1.853378696029952e+01, -1.901745383647063e+01,  8.982881585957465e+00
s896        , -2.478440805107692e+01, -2.417139492273193e+01,  1.594734560257732e+01
s897        , -2.202247365131235e+01, -2.260854087017600e+01,  1.383547807633248e+01
s898        , -2.008627742560493e+01, -1.936075351249650e+01,  9.446778669875018e+00
s899        , -1.802005794967191e+01, -1.766767659617253e+01,  7.158942417237213e+00
s900        , -1.770516073583232e+01, -1.777949623732083e+01,  7.310043070910692e+00
s901        , -2.425916197575684e+01, -2.402401789292956e+01,  1.574819663991826e+01
s902        , -1.641892815066793e+01, -1.661575971306435e+01,  5.737498679665079e+00
s903        , -2.332207101034287e+01, -2.333943813417051e+01,  1.482313152633112e+01
s904        , -2.132463334662818e+01, -1.974797711906857e+01,  9.970029678999989e+00
s905        , -2.166343218809494e+01, -2.221630188691186e+01,  1.330544984373577e+01
s906        , -1.790842270146736e+01, -1.766633969226729e+01,  7.157135873664856e+00
s907        , -1.911599503394165e+01, -1.981659975853271e+01,  1.006275869845804e+01
s908        , -2.062377494321661e+01, -1.995789485144970e+01,  1.025368920656346e+01
s909        , -2.034650826700463e+01, -2.064773813714547e+01,  1.118586686632404e+01
s910        , -1.701866755175476e+01, -1.673281866873355e+01,  5.895679161540292e+00
s911        , -1.800428066961873e+01, -1.828210107386363e+01,  7.989207469590434e+00
s912        , -2.018815932170212e+01, -2.026607653357407e+01,  1.067013173080146e+01
s913        , -1.735412329082851e+01, -1.747359936145689e+01,  6.896687980292807e+00
s914        , -2.004618788210774e+01, -2.078717373530081e+01,  1.137428465956918e+01
s915        , -1.937730144245923e+01, -1.909748316507240e+01,  9.091024339239427e+00
s916        , -2.191302790761547e+01, -2.227583041142547e+01,  1.338589008548449e+01
s917        , -1.792924589211810e+01, -1.734144061345006e+01,  6.718103314777580e+00
s918        , -2.621730238337609e+01, -2.598862320568195e+01,  1.840294623416508e+01
s919        , -1.919355775511356e+01, -1.875831437549874e+01,  8.632709276841265e+00
s920        , -1.675861595936722e+01, -1.649740552215101e+01,  5.577567960621881e+00
s921        , -2.192756432754418e+01, -2.148271952544657e+01,  1.231416805099838e+01
s922        , -2.290193110331377e+01, -2.273778531084621e+01,  1.401012467033319e+01
s923        , -1.925371616601646e+01, -1.905802218907625e+01,  9.037701155526962e+00
s924        , -1.798705044323696e+01, -1.851819678062673e+01,  8.308241006588581e+00
s925        , -2.338449219749342e+01, -2.367127993303509e+01,  1.527154570661024e+01
s926        , -1.762302148317026e+01, -1.779825570772913e+01,  7.335392537356425e+00
s927        , -1.720744831710588e+01, -1.734169082675369e+01,  6.718441425268271e+00
s928        , -1.827654667645005e+01, -1.843052949524750e+01,  8.189777166152776e+00
s929        , -2.066098735264480e+01, -2.093594311093968e+01,  1.157531508387375e+01
s930        , -1.982419875205301e+01, -2.052213005135078e+01,  1.101613403875147e+01
s931        , -2.184683786579889e+01, -2.234776707946856e+01,  1.348309731538418e+01
s932        , -2.007807490293144e+01, -2.026090577835342e+01,  1.066314454602960e+01
s933        , -2.186904116931162e+01, -2.218475031485416e+01,  1.326281455074621e+01
s934        , -1.595875499840616e+01, -1.632481484081882e+01,  5.344348067413147e+00
s935        , -1.706347068237267e+01, -1.733601133289597e+01,  6.710766787560410e+00
s936        , -1.818003510858343e+01, -1.733567783382555e+01,  6.710316133927261e+00
s937        , -2.175658784400171e+01, -2.151381291352885e+01,  1.235618420501128e+01
s938        , -2.010166135357230e+01, -1.995205575633954e+01,  1.024579890143507e+01
s939        , -1.813809060682595e+01, -1.773220735971729e+01,  7.246142129680666e+00
s940        , -2.094308051046411e+01, -2.074495590240754e+01,  1.131723616539281e+01
s941        , -1.827480816862776e+01, -1.841244526053060e+01,  8.165340138284975e+00
s942        , -1.770857434290158e+01, -1.786092703507691e+01,  7.420079614077361e+00
s943        , -1.938132201948424e+01, -1.945078818139799e+01,  9.568441529678395e+00
s944        , -1.770272330222015e+01, -1.808863596990645e+01,  7.727780198220752e+00
s945        , -1.924477319915050e+01, -1.916535160147962e+01,  9.182734212385302e+00
s946        , -2.185513295241253e+01, -2.169540991409151e+01,  1.260157423853651e+01
s947        , -2.017292248813791e+01, -1.963025515311195e+01,  9.810953278601051e+00
s948        , -1.792501053388721e+01, -1.818314231349655e+01,  7.855485582946633e+00
s949        , -2.005207290213696e+01, -2.052518727162521e+01,  1.102026522695013e+01
s950        , -2.257823345395823e+01, -2.239645502732028e+01,  1.354888880488340e+01
s951        , -1.571913272603913e+01, -1.613699808873267e+01,  5.090553351926549e+00
s952        , -2.233989362366768e+01, -2.287625499309267e+01,  1.419723723201322e+01
s953        , -2.342860552534396e+01, -2.315742227197491e+01,  1.457717548967901e+01
s954        , -2.204077204416149e+01, -2.232540967840572e+01,  1.345288600473835e+01
s955        , -1.756302978982562e+01, -1.781847129435808e+01,  7.362709637667780e+00
s956        , -2.291971088639473e+01, -2.289391247808374e+01,  1.422109759766080e+01
s957        , -1.872997367448807e+01, -1.833575642777006e+01,  8.061711360365674e+00
s958        , -2.138547156076431e+01, -2.150488577758170e+01,  1.234412106419636e+01
s959        , -1.926386090665138e+01, -1.882480926885223e+01,  8.722563096335598e+00
s960        , -1.680470785163838e+01, -1.750371092057783e+01,  6.937377399607488e+00
s961        , -2.001579976967623e+01, -2.027302688060508e+01,  1.067952365845261e+01
s962        , -1.871905926332032e+01, -1.878221671632672e+01,  8.665008247633386e+00
s963        , -1.918665598310528e+01, -1.993817859832492e+01,  1.022704685013526e+01
s964        , -1.746488927974545e+01, -1.759800828898198e+01,  7.064800398458470e+00
s965        , -1.971186761143078e+01, -1.991247783029011e+01,  1.019231768439935e+01
s966        , -1.765956881606673e+01, -1.745301443661395e+01,  6.868871797306995e+00
s967        , -2.223688117086612e+01, -2.139817966843391e+01,  1.219993027018549e+01
s968        , -1.998239594820018e+01, -2.007372082473865e+01,  1.041020357288231e+01
s969        , -2.101894011109180e+01, -2.083932917471044e+01,  1.144476173234899e+01
s970        , -1.986554229461376e+01, -2.000423508294207e+01,  1.031630825271646e+01
s971        , -1.914500631305469e+01, -1.824887465040355e+01,  7.944308968285175e+00
s972        , -1.930540895911451e+01, -1.959386417769912e+01,  9.761778552978377e+00
s973        , -2.013055280326089e+01, -2.044909270108689e+01,  1.091743946904868e+01
s974        , -1.991254970003848e+01, -1.991247635332759e+01,  1.019231568859610e+01
s975        , -2.002907222040815e+01, -2.095231956376928e+01,  1.159744440482304e+01
s976        , -2.147573630129902e+01, -2.130656377182913e+01,  1.207613071474330e+01
s977        , -1.918950409415471e+01, -1.944677571398542e+01,  9.563019526507430e+00
s978        , -1.698999961978807e+01, -1.769083131672457e+01,  7.190231136956855e+00
s979        , -2.115978794608996e+01, -2.078176850170818e+01,  1.136698062674706e+01
s980        , -1.730989298326385e+01, -1.710502401072152e+01,  6.398636154583707e+00
s981        , -2.142850865946883e+01, -2.125828520494710e+01,  1.201089241725477e+01
s982        , -2.110948756566415e+01, -2.167551577722857e+01,  1.257469150976552e+01
s983        , -1.831465175322002e+01, -1.846078357050219e+01,  8.230659165954648e+00
s984        , -2.150201864035685e+01, -2.149081172608210e+01,  1.232510295289154e+01
s985        , -1.659952594735737e+01, -1.698673874715825e+01,  6.238798576312051e+00
s986        , -2.105203087443673e+01, -2.074990594490839e+01,  1.132392510348911e+01
s987        , -2.066592788190784e+01, -2.115641779646068e+01,  1.187324010633466e+01
s988        , -2.133344594608628e+01, -2.182178768051264e+01,  1.277234712709105e+01
s989        , -2.008246059204520e+01, -2.019952539300079e+01,  1.058020190505643e+01
s990        , -2.181814335912880e+01, -2.208301223682106e+01,  1.312533700264805e+01
s991        , -1.674874949890157e+01, -1.687406224444136e+01,  6.086540055006454e+00
s992        , -1.990187356431624e+01, -1.984260755419823e+01,  1.009790274726118e+01
s993        , -2.167451347953028e+01, -2.156957297096060e+01,  1.243153215855761e+01
s994        , -2.085856003252748e+01, -2.044792227972016e+01,  1.091585789150318e+01
s995        , -1.532250426373563e+01, -1.545907283321436e+01,  4.174480395524159e+00
s996        , -2.197589637081217e+01, -2.180832980751150e+01,  1.275416165102760e+01
s997        , -1.843774602570321e+01, -1.813515557489167e+01,  7.790641629805712e+00
s998        , -2.004154224207673e+01, -1.971676076809117e+01,  9.927847366576628e+00
s999        , -1.918982967461324e+01, -1.984284523084622e+01,  1.009822391710670e+01
s1000       , -2.386287011937712e+01, -2.386381217911292e+01,  1.553171241736726e+01
s1001       , -2.142986106465667e+01, -2.141671407659761e+01,  1.222497561249052e+01
s1002       , -1.703565403983971e+01, -1.775841876260614e+01,  7.281561310689771e+00
s1003       , -2.272857267296788e+01, -2.269415195760597e+01,  1.395116339904972e+01
s1004       , -1.957549960274314e+01, -1.881515964720566e+01,  8.709523668525556e+00
s1005       , -2.033955634118916e+01, -1.999157266044970e+01,  1.029919766019409e+01
s1006       , -2.103463075725037e+01, -2.163257465992141e+01,  1.251666564929996e+01
s1007       , -1.845815321471510e+01, -1.938887915516663e+01,  9.484784542088525e+00
s1008       , -2.105860584214290e+01, -2.064909604963097e+01,  1.118770179856032e+01
s1009       , -2.225664818829298e+01, -2.202882120201819e+01,  1.305210925215745e+01
s1010       , -2.029000137617794e+01, -2.037637401196505e+01,  1.081917550264929e+01
s1011       , -2.150175758271834e+01, -2.059730390957283e+01,  1.111771564820634e+01
s1012       , -1.789395613621291e+01, -1.770187238451452e+01,  7.205150810666972e+00
s1013       , -1.907481979836395e+01, -1.962382849604222e+01,  9.802269007446194e+00
s1014       , -1.701362802016618e+01, -1.688674908576172e+01,  6.103683644423056e+00
s1015       , -1.771043360260808e+01, -1.787385689464186e+01,  7.437551591380345e+00
s1016       , -2.325177194237830e+01, -2.291980207939816e+01,  1.425608193173469e+01
s1017       , -2.061131053204120e+01, -2.094897357716572e+01,  1.159292300985352e+01
s1018       , -1.637685178145171e+01, -1.636388293065620e+01,  5.397140348371855e+00
s1019       , -2.229355013298489e+01, -2.218061319844253e+01,  1.325722411075105e+01
s1020       , -1.626620443538163e+01, -1.688139408855294e+01,  6.096447495475005e+00
s1021       , -2.225684084822025e+01, -2.192395214964974e+01,  1.291040085280769e+01
s1022       , -1.619907626993357e+01, -1.646648496846700e+01,  5.535785355834197e+00
s1023       , -2.164326276096592e+01, -2.150820462394787e+01,  1.234860578486099e+01
s1024       , -1.814482992541786e+01, -1.816866621284023e+01,  7.835924187029503e+00
s1025       , -1.966276460675046e+01, -1.984576692251824e+01,  1.010217196699258e+01
s1026       , -1.787958226759213e+01, -1.796760094809439e+01,  7.564226901810764e+00
s1027       , -2.228548280106830e+01, -2.258062885310452e+01,  1.379776087404553e+01
s1028       , -1.939576101741603e+01, -1.939531084367136e+01,  9.493475612166279e+00
s1029       , -2.072177297910414e+01, -1.982543494831171e+01,  1.007469759342520e+01
s1030       , -2.116639743005703e+01, -2.088854278847508e+01,  1.151126354842627e+01
s1031       , -1.871817432191781e+01, -1.901181101191724e+01,  8.975256499078039e+00
s1032       , -1.793076662035363e+01, -1.910671781866390e+01,  9.103503025271621e+00
s1033       , -2.190726556241366e+01, -2.183642363238674e+01,  1.279212452820414e+01
s1034       , -1.655942363042545e+01, -1.715689610961520e+01,  6.468730352434473e+00
s1035       , -1.920990065585595e+01, -1.971299727294392e+01,  9.922761796894898e+00
s1036       , -1.624542641970273e+01, -1.615327126000423e+01,  5.112543109640149e+00
s1037       , -1.865413258865576e+01, -1.916159238718778e+01,  9.177654427376481e+00
s1038       , -2.303917859954092e+01, -2.280434509803776e+01,  1.410006618015857e+01
s1039       , -2.268866240524940e+01, -2.324342092420173e+01,  1.469338452445204e+01
s1040       , -2.002650999928207e+01, -2.066026863942837e+01,  1.120279919651541e+01
s1041       , -2.439240447433291e+01, -2.436145099253215e+01,  1.620416628351064e+01
