# c0 + a0 * ((rho + E_T) - (AAV - E_T))
# Property Label: $ln_{D}$; Unit of the Property: Unitless
# RMSE: 0.43153770171928; Max AE: 1.37649484674825
# Coefficients
# Task   a0                      c0
# all , -1.720847461812097e-01, -1.554720987752086e+01, 
# Feature Rung, Units, and Expressions
# 0;  2; Unitless;                                         4|0|add|1|0|sub|sub; ((rho + E_T) - (AAV - E_T)); $\left(\left(rho + E_{T}\right) - \left(AAV - E_{T}\right)\right)$; ((rho + E_T) - (AAV - E_T)); ((newdata$rho + newdata$E_T) - (newdata$AAV - newdata$E_T)); rho,E_T,AAV,E_T
# Number of Samples Per Task
# Task, n_samples               
# all , 500                   

# Sample ID , Property Value        ,  Property Value (EST) ,  Feature 0 Value      
s1          , -1.575591211304615e+01, -1.589593586213429e+01,  2.026478187940141e+00
s2          , -1.676053957577113e+01, -1.617246608836627e+01,  3.633420304359803e+00
s3          , -1.469519139678599e+01, -1.432530532342397e+01, -7.100597706726383e+00
s4          , -1.482490640944098e+01, -1.475955394969331e+01, -4.577139725087124e+00
s5          , -1.661617250197141e+01, -1.677749255837760e+01,  7.149283757906225e+00
s6          , -1.434920619754616e+01, -1.430256549237395e+01, -7.232740918455772e+00
s7          , -1.650308689038163e+01, -1.651358885806538e+01,  5.615715523832106e+00
s8          , -1.458891392032861e+01, -1.402417946038256e+01, -8.850467289730082e+00
s9          , -1.601703755740822e+01, -1.588508986810979e+01,  1.963451137227124e+00
s10         , -1.658811786664458e+01, -1.614030448657412e+01,  3.446526332024365e+00
s11         , -1.506367336241177e+01, -1.475115428652733e+01, -4.625950926267816e+00
s12         , -1.549821089880063e+01, -1.507690689502018e+01, -2.732973101552183e+00
s13         , -1.453148296371105e+01, -1.424024396235624e+01, -7.594896957272107e+00
s14         , -1.465169748063443e+01, -1.427930060497462e+01, -7.367935280045671e+00
s15         , -1.581197879728031e+01, -1.513227912700565e+01, -2.411200061150534e+00
s16         , -1.619315500215883e+01, -1.621888151029092e+01,  3.903144512662222e+00
s17         , -1.684922037807049e+01, -1.616911090485727e+01,  3.613923030002550e+00
s18         , -1.426536183018756e+01, -1.432649823662675e+01, -7.093665580380168e+00
s19         , -1.606751413385304e+01, -1.541856777080400e+01, -7.475508990284876e-01
s20         , -1.502445348449817e+01, -1.490038126745755e+01, -3.758779464288931e+00
s21         , -1.635889943275450e+01, -1.593191811180870e+01,  2.235574290139221e+00
s22         , -1.609859360689693e+01, -1.670576472916168e+01,  6.732466865022650e+00
s23         , -1.425699056390511e+01, -1.450082944290106e+01, -6.080611197914862e+00
s24         , -1.783369299687520e+01, -1.728916162124720e+01,  1.012263888800475e+01
s25         , -1.437292967204356e+01, -1.463065046403754e+01, -5.326209520733217e+00
s26         , -1.507280660180631e+01, -1.468750990238683e+01, -4.995794189850736e+00
s27         , -1.727846250712225e+01, -1.660784647460015e+01,  6.163455045355471e+00
s28         , -1.397837986980880e+01, -1.373271010370368e+01, -1.054422204223996e+01
s29         , -1.642893168374653e+01, -1.685357977649615e+01,  7.591433453373359e+00
s30         , -1.682966437283499e+01, -1.645971191576744e+01,  5.302631746835333e+00
s31         , -1.420746367536026e+01, -1.452743426286458e+01, -5.926008186585140e+00
s32         , -1.693330532410375e+01, -1.654882727579007e+01,  5.820489151400363e+00
s33         , -1.474461208276328e+01, -1.460682813206577e+01, -5.464643243073031e+00
s34         , -1.716094441986192e+01, -1.657862691013965e+01,  5.993657517631942e+00
s35         , -1.490781329092262e+01, -1.542676445319306e+01, -6.999192374724714e-01
s36         , -1.262179431497255e+01, -1.231936391864899e+01, -1.875730435440725e+01
s37         , -1.644088958394727e+01, -1.659642309582781e+01,  6.097072759732633e+00
s38         , -1.461238558797282e+01, -1.413443672725997e+01, -8.209752355233151e+00
s39         , -1.501622627955599e+01, -1.482241800264972e+01, -4.211831036481936e+00
s40         , -1.623397018878606e+01, -1.623220579812856e+01,  3.980573152523295e+00
s41         , -1.477366635037428e+01, -1.503373053783753e+01, -2.983874812138295e+00
s42         , -1.422311445934928e+01, -1.383098972238470e+01, -9.973110303041825e+00
s43         , -1.258984560834217e+01, -1.346217721489838e+01, -1.211631308928966e+01
s44         , -1.596299994962497e+01, -1.627172531809694e+01,  4.210224651830281e+00
s45         , -1.348787700887648e+01, -1.286645743889487e+01, -1.557809450352496e+01
s46         , -1.542057609084416e+01, -1.442081122521330e+01, -6.545604286863599e+00
s47         , -1.436307499232010e+01, -1.467293464260842e+01, -5.080492340627366e+00
s48         , -1.488673519218485e+01, -1.507251005205110e+01, -2.758523553097969e+00
s49         , -1.670962096820184e+01, -1.730739383394687e+01,  1.022858792244431e+01
s50         , -1.470058355659457e+01, -1.439297288980224e+01, -6.707375367850318e+00
s51         , -1.422124899427813e+01, -1.508021665352368e+01, -2.713739796003887e+00
s52         , -1.445526933875853e+01, -1.446220087016450e+01, -6.305085322401624e+00
s53         , -1.689013290841563e+01, -1.698685875627148e+01,  8.365929640472803e+00
s54         , -1.720944815722343e+01, -1.632820662605833e+01,  4.538442632881974e+00
s55         , -1.562566680706692e+01, -1.631964813243513e+01,  4.488708453571363e+00
s56         , -1.398744736555374e+01, -1.411886566758319e+01, -8.300237189143914e+00
s57         , -1.422672185441562e+01, -1.441340063470103e+01, -6.588667897536368e+00
s58         , -1.312845606224703e+01, -1.257587819238914e+01, -1.726667674543811e+01
s59         , -1.619702485478463e+01, -1.616285190430664e+01,  3.577551412590048e+00
s60         , -1.672765451482195e+01, -1.691476976623163e+01,  7.947014009427050e+00
s61         , -1.650980416381348e+01, -1.659580752864847e+01,  6.093495643265307e+00
s62         , -1.380421394955886e+01, -1.354933166857965e+01, -1.160985068855194e+01
s63         , -1.727933600205615e+01, -1.711196233595563e+01,  9.092917839371147e+00
s64         , -1.494958812372483e+01, -1.454026818834783e+01, -5.851429086647157e+00
s65         , -1.623922548981244e+01, -1.652016621900183e+01,  5.653937162195795e+00
s66         , -1.367737338350917e+01, -1.451231598210172e+01, -6.013861881339370e+00
s67         , -1.741146232592018e+01, -1.658022761854900e+01,  6.002959378749042e+00
s68         , -1.487711888617207e+01, -1.488487298629770e+01, -3.848899486568671e+00
s69         , -1.433186966990272e+01, -1.496131028971001e+01, -3.404715413845425e+00
s70         , -1.495278133437334e+01, -1.432033568582108e+01, -7.129476719614917e+00
s71         , -1.570155986508802e+01, -1.557970120732762e+01,  1.888100516041593e-01
s72         , -1.639206679417054e+01, -1.661237694121431e+01,  6.189781995969629e+00
s73         , -1.656159175852897e+01, -1.601050221973663e+01,  2.692233637767716e+00
s74         , -1.616936532813614e+01, -1.615456066541383e+01,  3.529370274651892e+00
s75         , -1.476925333058890e+01, -1.481832199370641e+01, -4.235633314337516e+00
s76         , -1.554181169575925e+01, -1.566009936205032e+01,  6.560109889727919e-01
s77         , -1.355623132555349e+01, -1.410264361319230e+01, -8.394505012125787e+00
s78         , -1.613153244530022e+01, -1.617667070159870e+01,  3.657853691546853e+00
s79         , -1.369332123872701e+01, -1.476205834206078e+01, -4.562586474883076e+00
s80         , -1.596103871394553e+01, -1.505525273349383e+01, -2.858807389639171e+00
s81         , -1.371015102329203e+01, -1.343196905448286e+01, -1.229185543738196e+01
s82         , -1.618514068737401e+01, -1.659009684819727e+01,  6.060310363466085e+00
s83         , -1.463129145817202e+01, -1.491132684054118e+01, -3.695173750670929e+00
s84         , -1.558344435959043e+01, -1.577653565450444e+01,  1.332632799086655e+00
s85         , -1.436666926664573e+01, -1.422260051250676e+01, -7.697424637621571e+00
s86         , -1.340858470992052e+01, -1.322005461943573e+01, -1.352330935616205e+01
s87         , -1.690450093998452e+01, -1.606610801906943e+01,  3.015363959116743e+00
s88         , -1.434879628797493e+01, -1.427091001998865e+01, -7.416693727102501e+00
s89         , -1.503479473600998e+01, -1.455782040316743e+01, -5.749431581295237e+00
s90         , -1.481179943199058e+01, -1.490854682428331e+01, -3.711328676191988e+00
s91         , -1.288609925783191e+01, -1.316855959602351e+01, -1.382255158741711e+01
s92         , -1.580824275413979e+01, -1.566582523933424e+01,  6.892845789392670e-01
s93         , -1.408132744524983e+01, -1.380413278337965e+01, -1.012917840088920e+01
s94         , -1.417595748076664e+01, -1.457388234138551e+01, -5.656094207852753e+00
s95         , -1.290027811695738e+01, -1.339114024055133e+01, -1.252911536214329e+01
s96         , -1.563974152224070e+01, -1.504001658579163e+01, -2.947346019821749e+00
s97         , -1.649006866380947e+01, -1.713497555676877e+01,  9.226649743702158e+00
s98         , -1.474432582637551e+01, -1.456253300850963e+01, -5.722046206084633e+00
s99         , -1.617902320789352e+01, -1.655946656367924e+01,  5.882315014094564e+00
s100        , -1.588005443066773e+01, -1.495385994355856e+01, -3.448010048127559e+00
s101        , -1.606627254137342e+01, -1.605772265239333e+01,  2.966635836129793e+00
s102        , -1.451131934460694e+01, -1.442700506869414e+01, -6.509611303067549e+00
s103        , -1.502092590861538e+01, -1.512626170530620e+01, -2.446167842043289e+00
s104        , -1.557036849723766e+01, -1.547580120537634e+01, -4.149622423205521e-01
s105        , -1.434931863042170e+01, -1.422998547729950e+01, -7.654509940319066e+00
s106        , -1.213742527798283e+01, -1.229527979352889e+01, -1.889725938037299e+01
s107        , -1.659053433805247e+01, -1.675405607016460e+01,  7.013092208491859e+00
s108        , -1.700250083426357e+01, -1.683786970932844e+01,  7.500140834379851e+00
s109        , -1.566474756073793e+01, -1.507264786713515e+01, -2.757722697199325e+00
s110        , -1.431419118557280e+01, -1.399155448082312e+01, -9.040053992116158e+00
s111        , -1.645030650736458e+01, -1.620942606639863e+01,  3.848198074339765e+00
s112        , -1.338762259085481e+01, -1.322452636727716e+01, -1.349732362563882e+01
s113        , -1.433675892531957e+01, -1.442750030341234e+01, -6.506733449398432e+00
s114        , -1.609955695453763e+01, -1.643576559790391e+01,  5.163477531282050e+00
s115        , -1.546929652764100e+01, -1.505853662079278e+01, -2.839724423996852e+00
s116        , -1.637830542970395e+01, -1.622908715815912e+01,  3.962450454035177e+00
s117        , -1.674807484517825e+01, -1.682082955852743e+01,  7.401118979281412e+00
s118        , -1.523642937716048e+01, -1.461986987362680e+01, -5.388856505140476e+00
s119        , -1.525541306886539e+01, -1.527875896161611e+01, -1.559992514514075e+00
s120        , -1.490045415348265e+01, -1.585251034253941e+01,  1.774128572076105e+00
s121        , -1.709928581270984e+01, -1.680721183383515e+01,  7.321985151359540e+00
s122        , -1.651833889258148e+01, -1.658697088846936e+01,  6.042145129200531e+00
s123        , -1.584219836251522e+01, -1.659601684050355e+01,  6.094711973356870e+00
s124        , -1.434420835450800e+01, -1.450868884599114e+01, -6.034939496822849e+00
s125        , -1.696687428130489e+01, -1.632397070069100e+01,  4.513827288051407e+00
s126        , -1.626031865342975e+01, -1.585025071041166e+01,  1.760997645727961e+00
s127        , -1.444652906875201e+01, -1.478251154600059e+01, -4.443731059782738e+00
s128        , -1.550757694366739e+01, -1.473560849631478e+01, -4.716288917039956e+00
s129        , -1.437474319081911e+01, -1.449153566890705e+01, -6.134618157858991e+00
s130        , -1.294395503489043e+01, -1.381417122884631e+01, -1.007084408777061e+01
s131        , -1.368728725933399e+01, -1.399888796357924e+01, -8.997438461577470e+00
s132        , -1.634804464087011e+01, -1.621422779690166e+01,  3.876101363908345e+00
s133        , -1.526577331630236e+01, -1.492544594808156e+01, -3.613126341741904e+00
s134        , -1.358907204541357e+01, -1.357951252681289e+01, -1.143446699590636e+01
s135        , -1.251531043120831e+01, -1.305639557607486e+01, -1.447434683619841e+01
s136        , -1.551825006632732e+01, -1.511540311909861e+01, -2.509268067069367e+00
s137        , -1.251550668315227e+01, -1.351946370806591e+01, -1.178341610429365e+01
s138        , -1.515118812744504e+01, -1.578629681043398e+01,  1.389355757664671e+00
s139        , -1.716590059353486e+01, -1.665568028004697e+01,  6.441421608390952e+00
s140        , -1.517245768667761e+01, -1.529548747876109e+01, -1.462781590732609e+00
s141        , -1.515272979184492e+01, -1.457532919989251e+01, -5.647686382411404e+00
s142        , -1.571494590073632e+01, -1.498803005638323e+01, -3.249444436805538e+00
s143        , -1.317275764850951e+01, -1.251733200255973e+01, -1.760689394149198e+01
s144        , -1.567547130773729e+01, -1.587346745753611e+01,  1.895912259833302e+00
s145        , -1.717630807447705e+01, -1.707446780418270e+01,  8.875033729332394e+00
s146        , -1.271063083617605e+01, -1.266484094807793e+01, -1.674970613843785e+01
s147        , -1.416477604175418e+01, -1.450249432848503e+01, -6.070936397440544e+00
s148        , -1.546283640715642e+01, -1.485729663908142e+01, -4.009148130496946e+00
s149        , -1.308258050736013e+01, -1.316046587475847e+01, -1.386958493258364e+01
s150        , -1.343350672133549e+01, -1.285826383467926e+01, -1.562570827753708e+01
s151        , -1.536729547226238e+01, -1.467873986937276e+01, -5.046757643664549e+00
s152        , -1.677944164125962e+01, -1.646697133044112e+01,  5.344816861058259e+00
s153        , -1.538993954039009e+01, -1.517900372100758e+01, -2.139679225987534e+00
s154        , -1.352780543056411e+01, -1.474461990439326e+01, -4.663922810929742e+00
s155        , -1.695942368239437e+01, -1.639198950852444e+01,  4.909090722741954e+00
s156        , -1.421914414070176e+01, -1.469523898105390e+01, -4.950879815749648e+00
s157        , -1.721807371285914e+01, -1.609126571084456e+01,  3.161557577862262e+00
s158        , -1.306694656831443e+01, -1.329173737842120e+01, -1.310675437045760e+01
s159        , -1.610568644553464e+01, -1.578041478620316e+01,  1.355174783689050e+00
s160        , -1.469958879574686e+01, -1.466160309459782e+01, -5.146340989401059e+00
s161        , -1.397090813949345e+01, -1.437339768806046e+01, -6.821128632890833e+00
s162        , -1.446678342676426e+01, -1.415412964191439e+01, -8.095315049827349e+00
s163        , -1.369523421071183e+01, -1.376854190806800e+01, -1.033600019132362e+01
s164        , -1.529503222203964e+01, -1.514981485717079e+01, -2.309298349614346e+00
s165        , -1.633321206845500e+01, -1.654652685117506e+01,  5.807121176224955e+00
s166        , -1.489526954713951e+01, -1.503580721466332e+01, -2.971807055571404e+00
s167        , -1.316411969580279e+01, -1.316657187217366e+01, -1.383410243020796e+01
s168        , -1.521994145867225e+01, -1.505493648380765e+01, -2.860645145124188e+00
s169        , -1.646060855285067e+01, -1.649542979491376e+01,  5.510191568021993e+00
s170        , -1.475138591090689e+01, -1.506551589192139e+01, -2.799167249212401e+00
s171        , -1.413163078642262e+01, -1.388432192991922e+01, -9.663192028947043e+00
s172        , -1.511887280547885e+01, -1.496678370363631e+01, -3.372908911248537e+00
s173        , -1.616800548598967e+01, -1.608208487300704e+01,  3.108206900122022e+00
s174        , -1.589203754588484e+01, -1.568113800130954e+01,  7.782684215814033e-01
s175        , -1.342492585523155e+01, -1.332740169219621e+01, -1.289950582248080e+01
s176        , -1.466195030038903e+01, -1.458750330934156e+01, -5.576941533032217e+00
s177        , -1.747555642548953e+01, -1.703722352740997e+01,  8.658603873698892e+00
s178        , -1.492207724374237e+01, -1.446164531677874e+01, -6.308313693295000e+00
s179        , -1.518711745246239e+01, -1.477271315225486e+01, -4.500670410673335e+00
s180        , -1.493215977763767e+01, -1.461248979689365e+01, -5.431742797487237e+00
s181        , -1.370584339007942e+01, -1.408947480165199e+01, -8.471030165182876e+00
s182        , -1.416113528868485e+01, -1.399079531350396e+01, -9.044465581963651e+00
s183        , -1.392914200220966e+01, -1.448757993184206e+01, -6.157605303162526e+00
s184        , -1.304255064430975e+01, -1.301097981970487e+01, -1.473826189768889e+01
s185        , -1.429154097939297e+01, -1.390561933096113e+01, -9.539430908251987e+00
s186        , -1.585372480876657e+01, -1.582330449638689e+01,  1.604410762679072e+00
s187        , -1.656045021471009e+01, -1.660024613930635e+01,  6.119288810622512e+00
s188        , -1.630674891529737e+01, -1.627331560247497e+01,  4.219465937960063e+00
s189        , -1.339821218697675e+01, -1.344027175465896e+01, -1.224360769689160e+01
s190        , -1.487586583272424e+01, -1.473703947486739e+01, -4.707973371447659e+00
s191        , -1.620836932364004e+01, -1.634845536481461e+01,  4.656109882336827e+00
s192        , -1.717619838158209e+01, -1.579970353483384e+01,  1.467263443833054e+00
s193        , -1.284484832854133e+01, -1.305862767227894e+01, -1.446137592358927e+01
s194        , -1.656794461765075e+01, -1.629829876408067e+01,  4.364645346130196e+00
s195        , -1.552220045334882e+01, -1.627313176366530e+01,  4.218397634035647e+00
s196        , -1.348002981882103e+01, -1.353466032212827e+01, -1.169510720766219e+01
s197        , -1.539268838842849e+01, -1.549680937991818e+01, -2.928818429357172e-01
s198        , -1.637009230377727e+01, -1.622193563019356e+01,  3.920892279215728e+00
s199        , -1.644329163433837e+01, -1.623118659316980e+01,  3.974650460469634e+00
s200        , -1.565311565896740e+01, -1.551603089663107e+01, -1.811838735372344e-01
s201        , -1.494600080834396e+01, -1.492342070812456e+01, -3.624895194019308e+00
s202        , -1.723550588652722e+01, -1.698265253680170e+01,  8.341486919295502e+00
s203        , -1.467259466184894e+01, -1.434390503505718e+01, -6.992513102797419e+00
s204        , -1.336646670280753e+01, -1.381771895853283e+01, -1.005022791018811e+01
s205        , -1.429158726599310e+01, -1.449317358550261e+01, -6.125100076611771e+00
s206        , -1.412886778391386e+01, -1.452188339960034e+01, -5.958264754278805e+00
s207        , -1.525388554280862e+01, -1.594914723306164e+01,  2.335694269598601e+00
s208        , -1.384018553221394e+01, -1.413672771941180e+01, -8.196439192953127e+00
s209        , -1.432024360363505e+01, -1.443666833571327e+01, -6.453457185787736e+00
s210        , -1.368565584764942e+01, -1.362688726742345e+01, -1.115916810008981e+01
s211        , -1.480933047223258e+01, -1.497397558482387e+01, -3.331116240211996e+00
s212        , -1.259867993081356e+01, -1.304744907675225e+01, -1.452633575166675e+01
s213        , -1.726824394578118e+01, -1.670161767343111e+01,  6.708367949676573e+00
s214        , -1.454538375691559e+01, -1.454853058103357e+01, -5.803415576623244e+00
s215        , -1.465229298358164e+01, -1.515229245965859e+01, -2.294900777820269e+00
s216        , -1.521420631413675e+01, -1.468948138156002e+01, -4.984337746342883e+00
s217        , -1.568635291924512e+01, -1.606297589555734e+01,  2.997162906544741e+00
s218        , -1.327567767019652e+01, -1.328571541196682e+01, -1.314174856133169e+01
s219        , -1.640816312041515e+01, -1.701602167790208e+01,  8.535398011596733e+00
s220        , -1.515666577952049e+01, -1.455488765902910e+01, -5.766474022321631e+00
s221        , -1.680342370915705e+01, -1.658894812712228e+01,  6.053635041565165e+00
s222        , -1.445320010096292e+01, -1.474880044022580e+01, -4.639629339687728e+00
s223        , -1.528312427720172e+01, -1.480123155486161e+01, -4.334947397799652e+00
s224        , -1.385647391943025e+01, -1.366524094986853e+01, -1.093629138791048e+01
s225        , -1.519512789134073e+01, -1.561834507737314e+01,  4.133730701347478e-01
s226        , -1.212120416721036e+01, -1.199686959913211e+01, -2.063134796764695e+01
s227        , -1.526250314651463e+01, -1.526716994225321e+01, -1.627337352566707e+00
s228        , -1.544498832032832e+01, -1.534702872384442e+01, -1.163270761172786e+00
s229        , -1.425648540487167e+01, -1.396232035311349e+01, -9.209936148195464e+00
s230        , -1.410955358902456e+01, -1.414225329232316e+01, -8.164329589783849e+00
s231        , -1.491438480708190e+01, -1.500514739269014e+01, -3.149974049762172e+00
s232        , -1.742424998612843e+01, -1.730322866321043e+01,  1.020438373916326e+01
s233        , -1.583164830147902e+01, -1.547714571575228e+01, -4.071491711113211e-01
s234        , -1.638293701973929e+01, -1.619583044614020e+01,  3.769192697279101e+00
s235        , -1.627586490028168e+01, -1.583629672019237e+01,  1.679909748462528e+00
s236        , -1.393775181593451e+01, -1.391489493870041e+01, -9.485529514054534e+00
s237        , -1.690081744696345e+01, -1.586443062437379e+01,  1.843398406264863e+00
s238        , -1.687644618818508e+01, -1.648287676314089e+01,  5.437244766800847e+00
s239        , -1.361873033887506e+01, -1.305652734566567e+01, -1.447358111120689e+01
s240        , -1.273541291514849e+01, -1.257051618255316e+01, -1.729783586880595e+01
s241        , -1.514337202974105e+01, -1.528500884983815e+01, -1.523673849665890e+00
s242        , -1.704214219288776e+01, -1.685649808454960e+01,  7.608392005006836e+00
s243        , -1.321259524852956e+01, -1.221674270179785e+01, -1.935364551263561e+01
s244        , -1.593976621848501e+01, -1.541190349246880e+01, -7.862776222453682e-01
s245        , -1.570938600109272e+01, -1.519807180627421e+01, -2.028872860578767e+00
s246        , -1.336165500313448e+01, -1.400671929932553e+01, -8.951929862354840e+00
s247        , -1.644511421590129e+01, -1.659668404361164e+01,  6.098589150869074e+00
s248        , -1.472719117555502e+01, -1.487020905498059e+01, -3.934112915664025e+00
s249        , -1.493538393947397e+01, -1.500813276450550e+01, -3.132625784552060e+00
s250        , -1.722349336023687e+01, -1.690387000018729e+01,  7.883674484650939e+00
s251        , -1.466025892889519e+01, -1.423570456863600e+01, -7.621275784105883e+00
s252        , -1.505227471607330e+01, -1.502509298194158e+01, -3.034068429455530e+00
s253        , -1.462479835293133e+01, -1.469004166262046e+01, -4.981081902505036e+00
s254        , -1.302879342694494e+01, -1.383250940096320e+01, -9.964279313589083e+00
s255        , -1.377312018425192e+01, -1.360793501668447e+01, -1.126930134059808e+01
s256        , -1.458251483105969e+01, -1.465001032607227e+01, -5.213707614176430e+00
s257        , -1.452110280447198e+01, -1.462979548325955e+01, -5.331177891242296e+00
s258        , -1.546830801632554e+01, -1.571816464197104e+01,  9.934335741191589e-01
s259        , -1.639406896507808e+01, -1.703355018208004e+01,  8.637257732268912e+00
s260        , -1.424209261090179e+01, -1.401341130978243e+01, -8.913041985274491e+00
s261        , -1.419913997125934e+01, -1.368583729837756e+01, -1.081660414679183e+01
s262        , -1.615492564268721e+01, -1.652098037209261e+01,  5.658668279327619e+00
s263        , -1.427900815493067e+01, -1.420295602779609e+01, -7.811580512250806e+00
s264        , -1.600948145044856e+01, -1.656772164579010e+01,  5.930286041707740e+00
s265        , -1.636239272115105e+01, -1.632501292057869e+01,  4.519883721935406e+00
s266        , -1.457844565837979e+01, -1.457075738211605e+01, -5.674253628363880e+00
s267        , -1.575409903109665e+01, -1.633508367694636e+01,  4.578405796617535e+00
s268        , -1.227757272251924e+01, -1.247472587414924e+01, -1.785448200118916e+01
s269        , -1.622700900366220e+01, -1.638303874366358e+01,  4.857077019845625e+00
s270        , -1.546409444882736e+01, -1.541104269042916e+01, -7.912798206315692e-01
s271        , -1.422886887640718e+01, -1.476590886024641e+01, -4.540210765989190e+00
s272        , -1.746656343532695e+01, -1.689338400355829e+01,  7.822739411312387e+00
s273        , -1.483685347735423e+01, -1.496418800354392e+01, -3.387992758887508e+00
s274        , -1.535903505783984e+01, -1.555533605323431e+01,  4.722194089705134e-02
s275        , -1.382740673499197e+01, -1.411464500774741e+01, -8.324763824592079e+00
s276        , -1.515227513491734e+01, -1.440902609009171e+01, -6.614088771299967e+00
s277        , -1.373096432780352e+01, -1.384566179059824e+01, -9.887849589706461e+00
s278        , -1.480708276524996e+01, -1.437373735909911e+01, -6.819154773811583e+00
s279        , -1.362515716828419e+01, -1.474567911037021e+01, -4.657767669347143e+00
s280        , -1.648714264992866e+01, -1.598202936193256e+01,  2.526775289855333e+00
s281        , -1.669665260455353e+01, -1.673016978773143e+01,  6.874286864245860e+00
s282        , -1.437951906230024e+01, -1.437757609391225e+01, -6.796847539159295e+00
s283        , -1.569054308092746e+01, -1.554436808294844e+01, -1.651392488574999e-02
s284        , -1.408244861625093e+01, -1.420460292762999e+01, -7.802010228594405e+00
s285        , -1.507118865886332e+01, -1.472241424423880e+01, -4.792961907347218e+00
s286        , -1.607167169403725e+01, -1.610682343637870e+01,  3.251964925865970e+00
s287        , -1.521530310487212e+01, -1.524624023455780e+01, -1.748961774021087e+00
s288        , -1.241113414809566e+01, -1.279454238424065e+01, -1.599599938033774e+01
s289        , -1.624804696423284e+01, -1.584283555489353e+01,  1.717907507393925e+00
s290        , -1.528773160724545e+01, -1.576568509368353e+01,  1.269579210307327e+00
s291        , -1.504225897760969e+01, -1.470808384277003e+01, -4.876237164374867e+00
s292        , -1.651062533511386e+01, -1.635702755242806e+01,  4.705923638661410e+00
s293        , -1.411632155619445e+01, -1.478073202254556e+01, -4.454072031278008e+00
s294        , -1.459330008701092e+01, -1.491167153121595e+01, -3.693170722032912e+00
s295        , -1.497891998928428e+01, -1.431355095740606e+01, -7.168903389122683e+00
s296        , -1.635096107524269e+01, -1.620174147712940e+01,  3.803542232147114e+00
s297        , -1.394044684088756e+01, -1.401777251436433e+01, -8.887698631614867e+00
s298        , -1.390689281260246e+01, -1.364219740492356e+01, -1.107019950850999e+01
s299        , -1.691879923072396e+01, -1.642293217873941e+01,  5.088901373608049e+00
s300        , -1.494792565353429e+01, -1.514856986773919e+01, -2.316533095628872e+00
s301        , -1.498305372914210e+01, -1.504420299842196e+01, -2.923018397977112e+00
s302        , -1.688039087699787e+01, -1.677807817707229e+01,  7.152686841024829e+00
s303        , -1.435435685984294e+01, -1.411801968004569e+01, -8.305153299120366e+00
s304        , -1.350771639624432e+01, -1.430920562860783e+01, -7.194154487169827e+00
s305        , -1.449460775327996e+01, -1.365585901987278e+01, -1.099081063034160e+01
s306        , -1.471831019435806e+01, -1.465447388999382e+01, -5.187769441150609e+00
s307        , -1.344874549522846e+01, -1.327563115733698e+01, -1.320034907563418e+01
s308        , -1.638618109006332e+01, -1.632610683693253e+01,  4.526240568652564e+00
s309        , -1.279304785757977e+01, -1.324744711171407e+01, -1.336412910988100e+01
s310        , -1.469069298514492e+01, -1.470602153270842e+01, -4.888221434377735e+00
s311        , -1.368313770151841e+01, -1.369310479674891e+01, -1.077437205747177e+01
s312        , -1.659858795839794e+01, -1.620685981026193e+01,  3.833285328186166e+00
s313        , -1.330584008279445e+01, -1.365774137670475e+01, -1.097987208480667e+01
s314        , -1.480189358824097e+01, -1.459871941779812e+01, -5.511763713931710e+00
s315        , -1.579808967657021e+01, -1.596097572870862e+01,  2.404430725963685e+00
s316        , -1.409124791542818e+01, -1.483380031887542e+01, -4.145687369025691e+00
s317        , -1.673843059299944e+01, -1.734408870808348e+01,  1.044182514974606e+01
s318        , -1.553360556127604e+01, -1.519715233116600e+01, -2.034216013464890e+00
s319        , -1.442071004756051e+01, -1.476365587984772e+01, -4.553303038539104e+00
s320        , -1.652173868715270e+01, -1.613033581549870e+01,  3.388597484194181e+00
s321        , -1.546678284073158e+01, -1.604299544837998e+01,  2.881054723682736e+00
s322        , -1.260809918429022e+01, -1.272968945237615e+01, -1.637286562388155e+01
s323        , -1.712557566966305e+01, -1.667552185905757e+01,  6.556722815795487e+00
s324        , -1.527667193755660e+01, -1.490429266336976e+01, -3.736049989428393e+00
s325        , -1.462380908482325e+01, -1.431588909843691e+01, -7.155316240448974e+00
s326        , -1.494119228123524e+01, -1.529350889047749e+01, -1.474279345923046e+00
s327        , -1.504367598132431e+01, -1.522098723852010e+01, -1.895709214442713e+00
s328        , -1.420735566635725e+01, -1.480371642864518e+01, -4.320507571849278e+00
s329        , -1.496079477552641e+01, -1.543869757075558e+01, -6.305748137084191e-01
s330        , -1.578988147075448e+01, -1.650979692267555e+01,  5.593680244854847e+00
s331        , -1.391180755293236e+01, -1.399908248246834e+01, -8.996308094747109e+00
s332        , -1.428779435430565e+01, -1.448922256501667e+01, -6.148059813448548e+00
s333        , -1.615043990479463e+01, -1.603019651525140e+01,  2.806678967477756e+00
s334        , -1.424218739063992e+01, -1.408473910788386e+01, -8.498549709321583e+00
s335        , -1.395485873248244e+01, -1.363320222099560e+01, -1.112247133461650e+01
s336        , -1.376016700074109e+01, -1.446222596842275e+01, -6.304939474156463e+00
s337        , -1.661537577483661e+01, -1.615061881056748e+01,  3.506463800174490e+00
s338        , -1.406917330007404e+01, -1.435500137323879e+01, -6.928031279580352e+00
s339        , -1.440015264581368e+01, -1.497986096482481e+01, -3.296915765553205e+00
s340        , -1.448971313646447e+01, -1.524885981770137e+01, -1.733739139814972e+00
s341        , -1.704823486464181e+01, -1.670546814406627e+01,  6.730743382250395e+00
s342        , -1.378698005276823e+01, -1.435701524851891e+01, -6.916328468466563e+00
s343        , -1.282187662277631e+01, -1.270565886136339e+01, -1.651250955831517e+01
s344        , -1.604444874790081e+01, -1.631893421455763e+01,  4.484559812315556e+00
s345        , -1.651729679491657e+01, -1.639510288792671e+01,  4.927182851599165e+00
s346        , -1.366498206169004e+01, -1.410380393646967e+01, -8.387762268779174e+00
s347        , -1.416920132255300e+01, -1.352574733051301e+01, -1.174690140681729e+01
s348        , -1.655053243550404e+01, -1.591082288842330e+01,  2.112988042063614e+00
s349        , -1.436089518094581e+01, -1.517299179003889e+01, -2.174615099748010e+00
s350        , -1.328457651012228e+01, -1.384685458847740e+01, -9.880918133516261e+00
s351        , -1.466353338705915e+01, -1.483891346238419e+01, -4.115974430358905e+00
s352        , -1.380494433693140e+01, -1.456148681283379e+01, -5.728125743632583e+00
s353        , -1.584039716110287e+01, -1.576231472227397e+01,  1.249993677688328e+00
s354        , -1.285894064638033e+01, -1.299233888692405e+01, -1.484658604142906e+01
s355        , -1.582609968705746e+01, -1.579163933630192e+01,  1.420401657934686e+00
s356        , -1.676821402079628e+01, -1.647883145262898e+01,  5.413737102108403e+00
s357        , -1.371538274887149e+01, -1.447714320599668e+01, -6.218254059528144e+00
s358        , -1.502019486056102e+01, -1.471787741304108e+01, -4.819325843131205e+00
s359        , -1.309300572816658e+01, -1.306758792344288e+01, -1.440930709492910e+01
s360        , -1.332759674805454e+01, -1.404264845690866e+01, -8.743142283092610e+00
s361        , -1.507785912916742e+01, -1.486576454144452e+01, -3.959940385179518e+00
s362        , -1.287159809181426e+01, -1.360388412113970e+01, -1.129284146042081e+01
s363        , -1.657712579031443e+01, -1.712619142423163e+01,  9.175604356286557e+00
s364        , -1.476732359161688e+01, -1.468863394788328e+01, -4.989262259965079e+00
s365        , -1.276762384028792e+01, -1.245102819390049e+01, -1.799219136111000e+01
s366        , -1.557812077007947e+01, -1.521209871269053e+01, -1.947361240707787e+00
s367        , -1.643211937338644e+01, -1.633333440701625e+01,  4.568240631087534e+00
s368        , -1.587808942619374e+01, -1.640079360167360e+01,  4.960252103076573e+00
s369        , -1.334509750418027e+01, -1.401714060909061e+01, -8.891370690224004e+00
s370        , -1.389741635648629e+01, -1.372436313112624e+01, -1.059272705365246e+01
s371        , -1.224387315119496e+01, -1.354777362860165e+01, -1.161890459956136e+01
s372        , -1.439031770625260e+01, -1.498398526306788e+01, -3.272949096022053e+00
s373        , -1.635455326754398e+01, -1.635345679358288e+01,  4.685173636558281e+00
s374        , -1.656603765226025e+01, -1.678944267795640e+01,  7.218726981922295e+00
s375        , -1.702574287600585e+01, -1.695082475517093e+01,  8.156532806063057e+00
s376        , -1.420967858175217e+01, -1.552785917132892e+01, -1.124487011275317e-01
s377        , -1.335519732321907e+01, -1.391667747734608e+01, -9.475171021014159e+00
s378        , -1.312943052714917e+01, -1.366520387623908e+01, -1.093650682611911e+01
s379        , -1.573842731388836e+01, -1.512530764041698e+01, -2.451711999270419e+00
s380        , -1.483123354466367e+01, -1.509799787096349e+01, -2.610411535746088e+00
s381        , -1.534008487837916e+01, -1.541514789006412e+01, -7.674241348368458e-01
s382        , -1.616955683505209e+01, -1.674444876027001e+01,  6.957263263115902e+00
s383        , -1.302435960935340e+01, -1.392707148003403e+01, -9.414770532774453e+00
s384        , -1.550294140856363e+01, -1.515607234421185e+01, -2.272935527342584e+00
s385        , -1.462255500509942e+01, -1.505348263070178e+01, -2.869093616811174e+00
s386        , -1.354694341898450e+01, -1.340060278919860e+01, -1.247412763744801e+01
s387        , -1.648504393550231e+01, -1.657771354827733e+01,  5.988349889369793e+00
s388        , -1.635539967920453e+01, -1.655010394796294e+01,  5.827908008685490e+00
s389        , -1.486753558001227e+01, -1.557082752640471e+01,  1.372442904322497e-01
s390        , -1.371438538008965e+01, -1.294607044787015e+01, -1.511545611899641e+01
s391        , -1.827401207772271e+01, -1.749027979825694e+01,  1.129135477638432e+01
s392        , -1.496052458473144e+01, -1.534814874742160e+01, -1.156762203023144e+00
s393        , -1.585960298906335e+01, -1.607191670861269e+01,  3.049118778600556e+00
s394        , -1.488774557823675e+01, -1.551277259712722e+01, -2.001181461915937e-01
s395        , -1.577068615364065e+01, -1.532930057100382e+01, -1.266290658252602e+00
s396        , -1.483079932990779e+01, -1.467453889088988e+01, -5.071169908993744e+00
s397        , -1.420385337366483e+01, -1.371265616003705e+01, -1.066075731983807e+01
s398        , -1.658928924334047e+01, -1.665988630955416e+01,  6.465863225678481e+00
s399        , -1.388129039931987e+01, -1.493139601932050e+01, -3.578549940457187e+00
s400        , -1.281592195452373e+01, -1.282091420880720e+01, -1.584275032630029e+01
s401        , -1.512682270962376e+01, -1.518742697999477e+01, -2.090730907359033e+00
s402        , -1.677580535287182e+01, -1.677453127069129e+01,  7.132075447744981e+00
s403        , -1.592927040302984e+01, -1.605791647414366e+01,  2.967762151823841e+00
s404        , -1.616373904886767e+01, -1.509277462693952e+01, -2.640764278449218e+00
s405        , -1.502074650550808e+01, -1.451532955173350e+01, -5.996349756071705e+00
s406        , -1.414977642950634e+01, -1.435729411711477e+01, -6.914707937873061e+00
s407        , -1.655219633009565e+01, -1.668107622296107e+01,  6.588999726019987e+00
s408        , -1.376243011238371e+01, -1.287647178620239e+01, -1.551990022698530e+01
s409        , -1.299998158470711e+01, -1.316149013539794e+01, -1.386363286151288e+01
s410        , -1.287546881786366e+01, -1.353331036777058e+01, -1.170295191434101e+01
s411        , -1.515776876104137e+01, -1.528713219517698e+01, -1.511334898155425e+00
s412        , -1.310216228524447e+01, -1.352365511047301e+01, -1.175905948640556e+01
s413        , -1.711815806273814e+01, -1.640722114833887e+01,  4.997603157181626e+00
s414        , -1.644988598747962e+01, -1.640242985168217e+01,  4.969760499636276e+00
s415        , -1.619553879917628e+01, -1.594849235714295e+01,  2.331888726497204e+00
s416        , -1.670132919253141e+01, -1.677118892733149e+01,  7.112652788654206e+00
s417        , -1.546129571144714e+01, -1.515448648484353e+01, -2.282151099341364e+00
s418        , -1.360899181090573e+01, -1.326424900210205e+01, -1.326649180755854e+01
s419        , -1.576401553091309e+01, -1.529300764493514e+01, -1.477192129034144e+00
s420        , -1.572685393978109e+01, -1.583471039542568e+01,  1.670691471991802e+00
s421        , -1.612000510793109e+01, -1.624192098918289e+01,  4.037029005060587e+00
s422        , -1.609404534477568e+01, -1.665954845065041e+01,  6.463899897078795e+00
s423        , -1.519895534547688e+01, -1.503379969085631e+01, -2.983472957701418e+00
s424        , -1.632164309937506e+01, -1.627117268804368e+01,  4.207013268686074e+00
s425        , -1.444566056832646e+01, -1.433478066783172e+01, -7.045535624711398e+00
s426        , -1.592207711736753e+01, -1.645389911250528e+01,  5.268853022159526e+00
s427        , -1.652858363203112e+01, -1.636459738664486e+01,  4.749912628881570e+00
s428        , -1.676243951947160e+01, -1.657946027055899e+01,  5.998500250284483e+00
s429        , -1.539788232161528e+01, -1.593718106951388e+01,  2.266157812630160e+00
s430        , -1.286167951362512e+01, -1.339876442872457e+01, -1.248481051617393e+01
s431        , -1.453473211914181e+01, -1.476857319479893e+01, -4.524728077304454e+00
s432        , -1.636733331862478e+01, -1.609856012800312e+01,  3.203946094685698e+00
s433        , -1.262474385020636e+01, -1.312918432206616e+01, -1.405136486012801e+01
s434        , -1.571290810656474e+01, -1.613789511526232e+01,  3.432525257755618e+00
s435        , -1.512044490177769e+01, -1.571861981197777e+01,  9.960786081319277e-01
s436        , -1.685711603759757e+01, -1.659960370688952e+01,  6.115555577834117e+00
s437        , -1.402457764497363e+01, -1.358057861323170e+01, -1.142827187145480e+01
s438        , -1.373212049851018e+01, -1.366804174484173e+01, -1.092001571539821e+01
s439        , -1.460172732266207e+01, -1.463529502044830e+01, -5.299219584008252e+00
s440        , -1.517482395629285e+01, -1.483344214581851e+01, -4.147768745003882e+00
s441        , -1.217812394069901e+01, -1.188166682211973e+01, -2.130080170813755e+01
s442        , -1.351336434227487e+01, -1.371855801741594e+01, -1.062646109364801e+01
s443        , -1.619423709573005e+01, -1.659806892505599e+01,  6.106636822002530e+00
s444        , -1.676731171959576e+01, -1.642161213988443e+01,  5.081230508616988e+00
s445        , -1.401770546679031e+01, -1.376273996728054e+01, -1.036971579317800e+01
s446        , -1.464584761211533e+01, -1.490096102796957e+01, -3.755410423598903e+00
s447        , -1.491435358734036e+01, -1.454836240424304e+01, -5.804392867140043e+00
s448        , -1.665092345044499e+01, -1.643599576001579e+01,  5.164815024098765e+00
s449        , -1.667139557466283e+01, -1.670730434718938e+01,  6.741413724415244e+00
s450        , -1.481210548218973e+01, -1.476103055661167e+01, -4.568559028941035e+00
s451        , -1.631743950609136e+01, -1.675926620589243e+01,  7.043368777702389e+00
s452        , -1.443299971912318e+01, -1.457736415898657e+01, -5.635861051350908e+00
s453        , -1.612012913490960e+01, -1.595804197901824e+01,  2.387382441583573e+00
s454        , -1.413849581242285e+01, -1.349979332439802e+01, -1.189772248010204e+01
s455        , -1.507049628372260e+01, -1.478843667261687e+01, -4.409299613952854e+00
s456        , -1.322157077016988e+01, -1.339887767880017e+01, -1.248415240975769e+01
s457        , -1.607694171766630e+01, -1.596702890322246e+01,  2.439606269689497e+00
s458        , -1.706402886578920e+01, -1.694982397212518e+01,  8.150717165409498e+00
s459        , -1.447080446629908e+01, -1.465070532827990e+01, -5.209668893586358e+00
s460        , -1.690706284313252e+01, -1.706674645960207e+01,  8.830164298706082e+00
s461        , -1.772051314013882e+01, -1.722103087564116e+01,  9.726724972809196e+00
s462        , -1.413223236043502e+01, -1.407426818910807e+01, -8.559397163893530e+00
s463        , -1.535420761445792e+01, -1.496257249052416e+01, -3.397380650932634e+00
s464        , -1.458200954714616e+01, -1.461179547324262e+01, -5.435777574923561e+00
s465        , -1.638994424372458e+01, -1.639794673749315e+01,  4.943708718240725e+00
s466        , -1.623486048340570e+01, -1.595003737986372e+01,  2.340866993049321e+00
s467        , -1.507437091684449e+01, -1.544470832261843e+01, -5.956457918384608e-01
s468        , -1.537992113023538e+01, -1.594404094327757e+01,  2.306021158545020e+00
s469        , -1.688831688844773e+01, -1.647342197678201e+01,  5.382302149464378e+00
s470        , -1.246905936495125e+01, -1.264159864662117e+01, -1.688476925107589e+01
s471        , -1.560470833398571e+01, -1.534557536753778e+01, -1.171716345914531e+00
s472        , -1.258719815799923e+01, -1.296633465152626e+01, -1.499769900161205e+01
s473        , -1.574141284760104e+01, -1.480006746215362e+01, -4.341712045647977e+00
s474        , -1.419503348629057e+01, -1.408044929329547e+01, -8.523478209282146e+00
s475        , -1.520645964410357e+01, -1.462852985156032e+01, -5.338532591338126e+00
s476        , -1.364211291008551e+01, -1.416365471645923e+01, -8.039963981494978e+00
s477        , -1.622440908019061e+01, -1.662567885381663e+01,  6.267080611317633e+00
s478        , -1.450658975724722e+01, -1.476017658511907e+01, -4.573521534401564e+00
s479        , -1.661904461415436e+01, -1.640115382906848e+01,  4.962345416998215e+00
s480        , -1.492790201790967e+01, -1.438811481399221e+01, -6.735606085086051e+00
s481        , -1.420522205049059e+01, -1.393476597212101e+01, -9.370057144413616e+00
s482        , -1.670710738767636e+01, -1.680208078654014e+01,  7.292168172174145e+00
s483        , -1.590685478420236e+01, -1.578662360525420e+01,  1.391254791875799e+00
s484        , -1.363414499374147e+01, -1.390122936280876e+01, -9.564941409617067e+00
s485        , -1.653312124543369e+01, -1.683826539688731e+01,  7.502440210516596e+00
s486        , -1.369916691094825e+01, -1.441674478802323e+01, -6.569234720590625e+00
s487        , -1.416860120688891e+01, -1.375149955504425e+01, -1.043503484373727e+01
s488        , -1.567715364740370e+01, -1.605433273264256e+01,  2.946936706334736e+00
s489        , -1.406303277722796e+01, -1.430038343912095e+01, -7.245421026957036e+00
s490        , -1.359570323331145e+01, -1.356560796748333e+01, -1.151526764580779e+01
s491        , -1.445574367969524e+01, -1.401164195697845e+01, -8.923323854198070e+00
s492        , -1.278035403065666e+01, -1.336023847241460e+01, -1.270868832733911e+01
s493        , -1.382187883962455e+01, -1.399063557967557e+01, -9.045393809664983e+00
s494        , -1.538651067106373e+01, -1.630364916866252e+01,  4.395737030318248e+00
s495        , -1.300175100305644e+01, -1.367009164223225e+01, -1.090810357654802e+01
s496        , -1.406671079754677e+01, -1.431597096259452e+01, -7.154840520436402e+00
s497        , -1.656349248954072e+01, -1.701778497164784e+01,  8.545644670785821e+00
s498        , -1.289311225521770e+01, -1.293771316534702e+01, -1.516402104243432e+01
s499        , -1.703491581634914e+01, -1.710707688223214e+01,  9.064528026607876e+00
s500        , -1.289098034700617e+01, -1.300770287815894e+01, -1.475730450093319e+01
