# c0 + a0 * ((PF - AAV) / (rho + E_T))
# Property Label: $ln_{D}$; Unit of the Property: Unitless
# RMSE: 0.430888739371842; Max AE: 1.36533157623149
# Coefficients
# Task   a0                      c0
# all , -1.632230887364663e+00, -1.844208595747538e+01, 
# Feature Rung, Units, and Expressions
# 0;  2; Unitless;                                         3|1|sub|4|0|add|div; ((PF - AAV) / (rho + E_T)); $\left(\frac{ \left(PF - AAV\right) }{ \left(rho + E_{T}\right) } \right)$; ((PF - AAV) ./ (rho + E_T)); ((newdata$PF - newdata$AAV) / (newdata$rho + newdata$E_T)); PF,AAV,rho,E_T
# Number of Samples Per Task
# Task, n_samples               
# all , 500                   

# Sample ID , Property Value        ,  Property Value (EST) ,  Feature 0 Value      
s1          , -1.575591211304615e+01, -1.582038649481675e+01, -1.606206256083983e+00
s2          , -1.676053957577113e+01, -1.622133344912040e+01, -1.360562727703630e+00
s3          , -1.469519139678599e+01, -1.433772991911311e+01, -2.514568294310987e+00
s4          , -1.482490640944098e+01, -1.486068767330399e+01, -2.194173821789257e+00
s5          , -1.661617250197141e+01, -1.667280964929929e+01, -1.083962031274079e+00
s6          , -1.434920619754616e+01, -1.447863401886011e+01, -2.428242210888750e+00
s7          , -1.650308689038163e+01, -1.657836056994779e+01, -1.141827055200928e+00
s8          , -1.458891392032861e+01, -1.393836625203596e+01, -2.759241808437383e+00
s9          , -1.601703755740822e+01, -1.599557884601837e+01, -1.498873186628055e+00
s10         , -1.658811786664458e+01, -1.626286309823710e+01, -1.335119238404300e+00
s11         , -1.506367336241177e+01, -1.487201354442704e+01, -2.187234931457793e+00
s12         , -1.549821089880063e+01, -1.512900333467028e+01, -2.029787972064590e+00
s13         , -1.453148296371105e+01, -1.428549192021271e+01, -2.546572344292387e+00
s14         , -1.465169748063443e+01, -1.430925230689023e+01, -2.532015343281405e+00
s15         , -1.581197879728031e+01, -1.519840446766568e+01, -1.987268783429788e+00
s16         , -1.619315500215883e+01, -1.628361824601767e+01, -1.322403422314039e+00
s17         , -1.684922037807049e+01, -1.629809532521877e+01, -1.313533917813680e+00
s18         , -1.426536183018756e+01, -1.436197432903872e+01, -2.499714752380561e+00
s19         , -1.606751413385304e+01, -1.547639330333321e+01, -1.816956582000764e+00
s20         , -1.502445348449817e+01, -1.516019817395777e+01, -2.010676191048204e+00
s21         , -1.635889943275450e+01, -1.602658582516788e+01, -1.479876499707387e+00
s22         , -1.609859360689693e+01, -1.666989738555191e+01, -1.085746254186364e+00
s23         , -1.425699056390511e+01, -1.461096075634506e+01, -2.347171120695985e+00
s24         , -1.783369299687520e+01, -1.682598249786647e+01, -9.901193955581890e-01
s25         , -1.437292967204356e+01, -1.484501393281270e+01, -2.203776470907482e+00
s26         , -1.507280660180631e+01, -1.475648971980791e+01, -2.258011575567040e+00
s27         , -1.727846250712225e+01, -1.656971867529697e+01, -1.147121584741888e+00
s28         , -1.397837986980880e+01, -1.390835907532871e+01, -2.777625957971332e+00
s29         , -1.642893168374653e+01, -1.674441430916374e+01, -1.040092833344574e+00
s30         , -1.682966437283499e+01, -1.647019914097727e+01, -1.208093065609022e+00
s31         , -1.420746367536026e+01, -1.456830682434119e+01, -2.373303411374996e+00
s32         , -1.693330532410375e+01, -1.642692544254598e+01, -1.234605061409541e+00
s33         , -1.474461208276328e+01, -1.468731748855836e+01, -2.300390525619404e+00
s34         , -1.716094441986192e+01, -1.647470686281521e+01, -1.205331371860405e+00
s35         , -1.490781329092262e+01, -1.552283207124267e+01, -1.788505479727827e+00
s36         , -1.262179431497255e+01, -1.255233550502593e+01, -3.608405218920235e+00
s37         , -1.644088958394727e+01, -1.661555989135786e+01, -1.119036577641637e+00
s38         , -1.461238558797282e+01, -1.415823939398931e+01, -2.624534676220105e+00
s39         , -1.501622627955599e+01, -1.490744972638369e+01, -2.165524656134021e+00
s40         , -1.623397018878606e+01, -1.622133610561502e+01, -1.360561100179826e+00
s41         , -1.477366635037428e+01, -1.511993837911420e+01, -2.035341693432231e+00
s42         , -1.422311445934928e+01, -1.395649174679483e+01, -2.748137071418134e+00
s43         , -1.258984560834217e+01, -1.294780135324794e+01, -3.366119736343366e+00
s44         , -1.596299994962497e+01, -1.638155879491181e+01, -1.262399320166289e+00
s45         , -1.348787700887648e+01, -1.301561352523463e+01, -3.324574038052991e+00
s46         , -1.542057609084416e+01, -1.446840807179050e+01, -2.434507223485173e+00
s47         , -1.436307499232010e+01, -1.473823051810353e+01, -2.269198229272545e+00
s48         , -1.488673519218485e+01, -1.523616585389592e+01, -1.964133952124642e+00
s49         , -1.670962096820184e+01, -1.690779658563309e+01, -9.399953056393273e-01
s50         , -1.470058355659457e+01, -1.444560955243729e+01, -2.448474928378943e+00
s51         , -1.422124899427813e+01, -1.523779449964865e+01, -1.963136148587568e+00
s52         , -1.445526933875853e+01, -1.462011330745152e+01, -2.341563733176667e+00
s53         , -1.689013290841563e+01, -1.674271059329919e+01, -1.041136629217905e+00
s54         , -1.720944815722343e+01, -1.631989099291880e+01, -1.300180618431376e+00
s55         , -1.562566680706692e+01, -1.632222152693130e+01, -1.298752797140565e+00
s56         , -1.398744736555374e+01, -1.424234801674902e+01, -2.573004820112859e+00
s57         , -1.422672185441562e+01, -1.461558350090317e+01, -2.344338957309118e+00
s58         , -1.312845606224703e+01, -1.251170271681414e+01, -3.633299238832691e+00
s59         , -1.619702485478463e+01, -1.626078715288415e+01, -1.336391083808662e+00
s60         , -1.672765451482195e+01, -1.676439707195878e+01, -1.027850225420828e+00
s61         , -1.650980416381348e+01, -1.643296002469047e+01, -1.230907923834702e+00
s62         , -1.380421394955886e+01, -1.348013531343875e+01, -3.039980852248182e+00
s63         , -1.727933600205615e+01, -1.683699383510415e+01, -9.833732070606459e-01
s64         , -1.494958812372483e+01, -1.461597558049070e+01, -2.344098746447674e+00
s65         , -1.623922548981244e+01, -1.643337448008004e+01, -1.230654004249685e+00
s66         , -1.367737338350917e+01, -1.460803450800438e+01, -2.348963911387142e+00
s67         , -1.741146232592018e+01, -1.647822501660270e+01, -1.203175945312158e+00
s68         , -1.487711888617207e+01, -1.506909661816577e+01, -2.066490326473058e+00
s69         , -1.433186966990272e+01, -1.496794181771340e+01, -2.128463666908794e+00
s70         , -1.495278133437334e+01, -1.442972845768168e+01, -2.458204614833568e+00
s71         , -1.570155986508802e+01, -1.564215188688656e+01, -1.715403189746944e+00
s72         , -1.639206679417054e+01, -1.660051704298569e+01, -1.128252705389629e+00
s73         , -1.656159175852897e+01, -1.606745893939778e+01, -1.454835242035875e+00
s74         , -1.616936532813614e+01, -1.611306978483281e+01, -1.426891373439766e+00
s75         , -1.476925333058890e+01, -1.495730206359361e+01, -2.134982201879643e+00
s76         , -1.554181169575925e+01, -1.565627524526239e+01, -1.706750395289271e+00
s77         , -1.355623132555349e+01, -1.413059071916630e+01, -2.641473869711079e+00
s78         , -1.613153244530022e+01, -1.638814976275836e+01, -1.258361308205134e+00
s79         , -1.369332123872701e+01, -1.473932989850252e+01, -2.268524684611983e+00
s80         , -1.596103871394553e+01, -1.514736521665552e+01, -2.018538410420225e+00
s81         , -1.371015102329203e+01, -1.340644088754320e+01, -3.085130362936915e+00
s82         , -1.618514068737401e+01, -1.659239507804775e+01, -1.133228695613074e+00
s83         , -1.463129145817202e+01, -1.496428560907508e+01, -2.130703673924112e+00
s84         , -1.558344435959043e+01, -1.594468072848590e+01, -1.530056347004739e+00
s85         , -1.436666926664573e+01, -1.454783483631374e+01, -2.385845747257699e+00
s86         , -1.340858470992052e+01, -1.325152866875150e+01, -3.180038638470049e+00
s87         , -1.690450093998452e+01, -1.622900437267551e+01, -1.355863071782096e+00
s88         , -1.434879628797493e+01, -1.452441425264229e+01, -2.400194565095149e+00
s89         , -1.503479473600998e+01, -1.463310552875462e+01, -2.333603939373183e+00
s90         , -1.481179943199058e+01, -1.508931198805813e+01, -2.054105209852088e+00
s91         , -1.288609925783191e+01, -1.318758084137774e+01, -3.219216813487311e+00
s92         , -1.580824275413979e+01, -1.569915193482110e+01, -1.680481630318196e+00
s93         , -1.408132744524983e+01, -1.364560284714263e+01, -2.938605774135894e+00
s94         , -1.417595748076664e+01, -1.466062484612403e+01, -2.316743997815625e+00
s95         , -1.290027811695738e+01, -1.322273507744892e+01, -3.197679274684862e+00
s96         , -1.563974152224070e+01, -1.512326215838277e+01, -2.033305352070050e+00
s97         , -1.649006866380947e+01, -1.684354770041291e+01, -9.793579262817501e-01
s98         , -1.474432582637551e+01, -1.478539759627186e+01, -2.240300921585593e+00
s99         , -1.617902320789352e+01, -1.639909396334459e+01, -1.251656251542532e+00
s100        , -1.588005443066773e+01, -1.503143987776181e+01, -2.089561045631401e+00
s101        , -1.606627254137342e+01, -1.611655228886027e+01, -1.424757788017252e+00
s102        , -1.451131934460694e+01, -1.458860118509506e+01, -2.360869900337453e+00
s103        , -1.502092590861538e+01, -1.513239184815900e+01, -2.027711970737230e+00
s104        , -1.557036849723766e+01, -1.563670972530193e+01, -1.718737375876339e+00
s105        , -1.434931863042170e+01, -1.428887815018428e+01, -2.544497741981042e+00
s106        , -1.213742527798283e+01, -1.203815765886460e+01, -3.923420606842160e+00
s107        , -1.659053433805247e+01, -1.656268800518061e+01, -1.151428984001870e+00
s108        , -1.700250083426357e+01, -1.668625890867479e+01, -1.075722229246305e+00
s109        , -1.566474756073793e+01, -1.519627602420040e+01, -1.988572792244815e+00
s110        , -1.431419118557280e+01, -1.411260938848479e+01, -2.652490283394157e+00
s111        , -1.645030650736458e+01, -1.623339313697942e+01, -1.353174258368576e+00
s112        , -1.338762259085481e+01, -1.295382470420776e+01, -3.362429479648408e+00
s113        , -1.433675892531957e+01, -1.467190793310577e+01, -2.309831319548665e+00
s114        , -1.609955695453763e+01, -1.628978968665396e+01, -1.318622437231556e+00
s115        , -1.546929652764100e+01, -1.515440624453198e+01, -2.014224665391279e+00
s116        , -1.637830542970395e+01, -1.624306147464653e+01, -1.347250869868850e+00
s117        , -1.674807484517825e+01, -1.667792903411139e+01, -1.080825597052838e+00
s118        , -1.523642937716048e+01, -1.468335943625384e+01, -2.302815459698989e+00
s119        , -1.525541306886539e+01, -1.532083217681798e+01, -1.912262416315904e+00
s120        , -1.490045415348265e+01, -1.589985551388335e+01, -1.557518892254647e+00
s121        , -1.709928581270984e+01, -1.659502311301425e+01, -1.131618607857203e+00
s122        , -1.651833889258148e+01, -1.657525908206938e+01, -1.143727207870759e+00
s123        , -1.584219836251522e+01, -1.658842771288875e+01, -1.135659335291390e+00
s124        , -1.434420835450800e+01, -1.462592012839183e+01, -2.338006135421803e+00
s125        , -1.696687428130489e+01, -1.638194221342724e+01, -1.262164415583611e+00
s126        , -1.626031865342975e+01, -1.602653225209545e+01, -1.479909321701409e+00
s127        , -1.444652906875201e+01, -1.480256939840528e+01, -2.229780472385450e+00
s128        , -1.550757694366739e+01, -1.482292746493975e+01, -2.217307931464884e+00
s129        , -1.437474319081911e+01, -1.461929902573927e+01, -2.342062609725659e+00
s130        , -1.294395503489043e+01, -1.349609400119894e+01, -3.030203627785800e+00
s131        , -1.368728725933399e+01, -1.397375137408494e+01, -2.737562815396076e+00
s132        , -1.634804464087011e+01, -1.622216877905060e+01, -1.360050955786638e+00
s133        , -1.526577331630236e+01, -1.509015720427959e+01, -2.053587381015493e+00
s134        , -1.358907204541357e+01, -1.378855020329032e+01, -2.851027872471207e+00
s135        , -1.251531043120831e+01, -1.300980660303312e+01, -3.328131697846382e+00
s136        , -1.551825006632732e+01, -1.520054890521445e+01, -1.985954975704814e+00
s137        , -1.251550668315227e+01, -1.299746174843342e+01, -3.335694876986822e+00
s138        , -1.515118812744504e+01, -1.580792464038904e+01, -1.613841116154440e+00
s139        , -1.716590059353486e+01, -1.658335122472591e+01, -1.138769488519182e+00
s140        , -1.517245768667761e+01, -1.533018599613534e+01, -1.906531720132065e+00
s141        , -1.515272979184492e+01, -1.471564849151925e+01, -2.283033298048105e+00
s142        , -1.571494590073632e+01, -1.508839432416116e+01, -2.054667424367250e+00
s143        , -1.317275764850951e+01, -1.222967871657369e+01, -3.806083617821987e+00
s144        , -1.567547130773729e+01, -1.579577219275848e+01, -1.621286415544766e+00
s145        , -1.717630807447705e+01, -1.680520590002975e+01, -1.002848353206009e+00
s146        , -1.271063083617605e+01, -1.282513434219046e+01, -3.441272713784895e+00
s147        , -1.416477604175418e+01, -1.469589563040022e+01, -2.295135054773788e+00
s148        , -1.546283640715642e+01, -1.491136470894066e+01, -2.163126109098013e+00
s149        , -1.308258050736013e+01, -1.336934141220185e+01, -3.107859668961289e+00
s150        , -1.343350672133549e+01, -1.294757040445632e+01, -3.366261229065633e+00
s151        , -1.536729547226238e+01, -1.476555170165920e+01, -2.252459676064687e+00
s152        , -1.677944164125962e+01, -1.644611162624913e+01, -1.222850484375330e+00
s153        , -1.538993954039009e+01, -1.524618810382762e+01, -1.957993736295318e+00
s154        , -1.352780543056411e+01, -1.464786155668244e+01, -2.324563534586061e+00
s155        , -1.695942368239437e+01, -1.630565978390264e+01, -1.308899488492179e+00
s156        , -1.421914414070176e+01, -1.490252642529480e+01, -2.168540958010797e+00
s157        , -1.721807371285914e+01, -1.629719385997175e+01, -1.314086208089529e+00
s158        , -1.306694656831443e+01, -1.292808509432212e+01, -3.378199068427111e+00
s159        , -1.610568644553464e+01, -1.576747494639035e+01, -1.638622961855206e+00
s160        , -1.469958879574686e+01, -1.472694868933201e+01, -2.276110136686412e+00
s161        , -1.397090813949345e+01, -1.449579870506910e+01, -2.417726121319639e+00
s162        , -1.446678342676426e+01, -1.407199427190788e+01, -2.677373476630674e+00
s163        , -1.369523421071183e+01, -1.366017455729686e+01, -2.929678293185110e+00
s164        , -1.529503222203964e+01, -1.530699273802926e+01, -1.920741265047328e+00
s165        , -1.633321206845500e+01, -1.648790692926750e+01, -1.197244239975769e+00
s166        , -1.489526954713951e+01, -1.512800848841094e+01, -2.030397473004091e+00
s167        , -1.316411969580279e+01, -1.271748327596693e+01, -3.507226046157709e+00
s168        , -1.521994145867225e+01, -1.513454191457036e+01, -2.026394714442179e+00
s169        , -1.646060855285067e+01, -1.640486721420637e+01, -1.248119220779007e+00
s170        , -1.475138591090689e+01, -1.508806911814825e+01, -2.054866664569987e+00
s171        , -1.413163078642262e+01, -1.380697229226189e+01, -2.839741424509596e+00
s172        , -1.511887280547885e+01, -1.503123677792312e+01, -2.089685476458106e+00
s173        , -1.616800548598967e+01, -1.631157125400653e+01, -1.305277776545878e+00
s174        , -1.589203754588484e+01, -1.581931872970704e+01, -1.606860431371300e+00
s175        , -1.342492585523155e+01, -1.308457419351789e+01, -3.282324703833736e+00
s176        , -1.466195030038903e+01, -1.486032081006701e+01, -2.194398583641164e+00
s177        , -1.747555642548953e+01, -1.674307070985053e+01, -1.040916000779778e+00
s178        , -1.492207724374237e+01, -1.451558324030708e+01, -2.405604959178221e+00
s179        , -1.518711745246239e+01, -1.479432146091452e+01, -2.234833640754343e+00
s180        , -1.493215977763767e+01, -1.467532034006984e+01, -2.307740679682405e+00
s181        , -1.370584339007942e+01, -1.411648493278463e+01, -2.650115898538536e+00
s182        , -1.416113528868485e+01, -1.412698314877186e+01, -2.643684078096649e+00
s183        , -1.392914200220966e+01, -1.455043631825805e+01, -2.384251927434503e+00
s184        , -1.304255064430975e+01, -1.260642242596879e+01, -3.575268411277664e+00
s185        , -1.429154097939297e+01, -1.402624011302162e+01, -2.705405147419687e+00
s186        , -1.585372480876657e+01, -1.593560462953052e+01, -1.535616895469812e+00
s187        , -1.656045021471009e+01, -1.646151082797278e+01, -1.213416033745300e+00
s188        , -1.630674891529737e+01, -1.629497367786102e+01, -1.315446421358321e+00
s189        , -1.339821218697675e+01, -1.321682509808487e+01, -3.201300073316845e+00
s190        , -1.487586583272424e+01, -1.490435286743191e+01, -2.167421972852968e+00
s191        , -1.620836932364004e+01, -1.631051546689255e+01, -1.305924613413227e+00
s192        , -1.717619838158209e+01, -1.606902822172766e+01, -1.453873807999776e+00
s193        , -1.284484832854133e+01, -1.309831015756344e+01, -3.273909249775191e+00
s194        , -1.656794461765075e+01, -1.634660783707968e+01, -1.283812318843554e+00
s195        , -1.552220045334882e+01, -1.621011442020995e+01, -1.367436160253706e+00
s196        , -1.348002981882103e+01, -1.333621224431274e+01, -3.128156532686613e+00
s197        , -1.539268838842849e+01, -1.552806130980034e+01, -1.785301742684156e+00
s198        , -1.637009230377727e+01, -1.623322150444815e+01, -1.353279410484371e+00
s199        , -1.644329163433837e+01, -1.621386329741932e+01, -1.365139379057866e+00
s200        , -1.565311565896740e+01, -1.561523645745396e+01, -1.731893154273993e+00
s201        , -1.494600080834396e+01, -1.501313607299370e+01, -2.100775025779552e+00
s202        , -1.723550588652722e+01, -1.674572966663629e+01, -1.039286968510906e+00
s203        , -1.467259466184894e+01, -1.434161208541657e+01, -2.512189852429077e+00
s204        , -1.336646670280753e+01, -1.375436686259097e+01, -2.871970584047099e+00
s205        , -1.429158726599310e+01, -1.447367837435459e+01, -2.431278328232123e+00
s206        , -1.412886778391386e+01, -1.457660199980429e+01, -2.368221302264505e+00
s207        , -1.525388554280862e+01, -1.601734879390334e+01, -1.485535644707060e+00
s208        , -1.384018553221394e+01, -1.417140000514458e+01, -2.616471716955490e+00
s209        , -1.432024360363505e+01, -1.448007748047551e+01, -2.427357861973056e+00
s210        , -1.368565584764942e+01, -1.368160372599898e+01, -2.916549532500573e+00
s211        , -1.480933047223258e+01, -1.503913232487931e+01, -2.084848203118095e+00
s212        , -1.259867993081356e+01, -1.301041214538669e+01, -3.327760707223512e+00
s213        , -1.726824394578118e+01, -1.661997044310258e+01, -1.116334415969003e+00
s214        , -1.454538375691559e+01, -1.480784524905785e+01, -2.226548178049268e+00
s215        , -1.465229298358164e+01, -1.522276146392852e+01, -1.972346264531642e+00
s216        , -1.521420631413675e+01, -1.481551443856290e+01, -2.221849584508111e+00
s217        , -1.568635291924512e+01, -1.608261061896829e+01, -1.445552437937630e+00
s218        , -1.327567767019652e+01, -1.327769437341959e+01, -3.164007999134255e+00
s219        , -1.640816312041515e+01, -1.680607154371485e+01, -1.002318009311769e+00
s220        , -1.515666577952049e+01, -1.468331678145835e+01, -2.302841592518687e+00
s221        , -1.680342370915705e+01, -1.652963632524543e+01, -1.171678374079610e+00
s222        , -1.445320010096292e+01, -1.495128869088331e+01, -2.138666345315996e+00
s223        , -1.528312427720172e+01, -1.489722827759019e+01, -2.171786912823699e+00
s224        , -1.385647391943025e+01, -1.348020302248527e+01, -3.039939369730576e+00
s225        , -1.519512789134073e+01, -1.568621274483842e+01, -1.688408934036584e+00
s226        , -1.212120416721036e+01, -1.130813146067236e+01, -4.370677305538087e+00
s227        , -1.526250314651463e+01, -1.545376988367015e+01, -1.830817010594654e+00
s228        , -1.544498832032832e+01, -1.540105381624358e+01, -1.863113953284962e+00
s229        , -1.425648540487167e+01, -1.388482925795749e+01, -2.792041698754925e+00
s230        , -1.410955358902456e+01, -1.407899379893323e+01, -2.673085157447688e+00
s231        , -1.491438480708190e+01, -1.504992145164175e+01, -2.078238153739687e+00
s232        , -1.742424998612843e+01, -1.679607759515175e+01, -1.008440886069259e+00
s233        , -1.583164830147902e+01, -1.549090319952306e+01, -1.808066971895864e+00
s234        , -1.638293701973929e+01, -1.626482209403494e+01, -1.333919043129841e+00
s235        , -1.627586490028168e+01, -1.590323074872603e+01, -1.555451026201624e+00
s236        , -1.393775181593451e+01, -1.398935728469966e+01, -2.728001722823006e+00
s237        , -1.690081744696345e+01, -1.606034586275051e+01, -1.459193128351064e+00
s238        , -1.687644618818508e+01, -1.646105770170661e+01, -1.213693645368555e+00
s239        , -1.361873033887506e+01, -1.295536393263743e+01, -3.361486458387395e+00
s240        , -1.273541291514849e+01, -1.231154160619322e+01, -3.755929629036917e+00
s241        , -1.514337202974105e+01, -1.532016718725576e+01, -1.912669827771822e+00
s242        , -1.704214219288776e+01, -1.670835272521501e+01, -1.062186266466010e+00
s243        , -1.321259524852956e+01, -1.238315510268292e+01, -3.712055017274535e+00
s244        , -1.593976621848501e+01, -1.537132416830218e+01, -1.881328072483135e+00
s245        , -1.570938600109272e+01, -1.526509969094769e+01, -1.946407393170416e+00
s246        , -1.336165500313448e+01, -1.403615014840659e+01, -2.699333680777503e+00
s247        , -1.644511421590129e+01, -1.646014468779718e+01, -1.214253011029686e+00
s248        , -1.472719117555502e+01, -1.495091100894140e+01, -2.138897735338592e+00
s249        , -1.493538393947397e+01, -1.514821239137250e+01, -2.018019381694858e+00
s250        , -1.722349336023687e+01, -1.670938610783567e+01, -1.061553155900184e+00
s251        , -1.466025892889519e+01, -1.442979137254120e+01, -2.458166069515007e+00
s252        , -1.505227471607330e+01, -1.516797751862930e+01, -2.005910110016560e+00
s253        , -1.462479835293133e+01, -1.476003572354448e+01, -2.255839086512935e+00
s254        , -1.302879342694494e+01, -1.382533093923973e+01, -2.828493844819765e+00
s255        , -1.377312018425192e+01, -1.357692873165791e+01, -2.980679549369740e+00
s256        , -1.458251483105969e+01, -1.477242934008347e+01, -2.248246032959711e+00
s257        , -1.452110280447198e+01, -1.471684393752197e+01, -2.282300897986340e+00
s258        , -1.546830801632554e+01, -1.576141065827021e+01, -1.642338299046213e+00
s259        , -1.639406896507808e+01, -1.678221286719072e+01, -1.016935228425086e+00
s260        , -1.424209261090179e+01, -1.396917080862440e+01, -2.740369137403577e+00
s261        , -1.419913997125934e+01, -1.380146787614725e+01, -2.843113751401124e+00
s262        , -1.615492564268721e+01, -1.640561309520156e+01, -1.247662250505398e+00
s263        , -1.427900815493067e+01, -1.426022320277693e+01, -2.562053436845768e+00
s264        , -1.600948145044856e+01, -1.646340667784163e+01, -1.212254525356063e+00
s265        , -1.636239272115105e+01, -1.640419072321246e+01, -1.248533678683918e+00
s266        , -1.457844565837979e+01, -1.458533786478328e+01, -2.362869201010562e+00
s267        , -1.575409903109665e+01, -1.628832389555891e+01, -1.319520466491020e+00
s268        , -1.227757272251924e+01, -1.213600711832283e+01, -3.863472311404490e+00
s269        , -1.622700900366220e+01, -1.644901234821694e+01, -1.221073332631504e+00
s270        , -1.546409444882736e+01, -1.543743935149450e+01, -1.840822048669886e+00
s271        , -1.422886887640718e+01, -1.481819341936907e+01, -2.220208284354492e+00
s272        , -1.746656343532695e+01, -1.661182455934917e+01, -1.121325060256197e+00
s273        , -1.483685347735423e+01, -1.501033454299140e+01, -2.102491406730306e+00
s274        , -1.535903505783984e+01, -1.557173435623378e+01, -1.758545082966758e+00
s275        , -1.382740673499197e+01, -1.404835204738838e+01, -2.691858084600367e+00
s276        , -1.515227513491734e+01, -1.445121353173329e+01, -2.445041603265822e+00
s277        , -1.373096432780352e+01, -1.408354427231687e+01, -2.670297271604536e+00
s278        , -1.480708276524996e+01, -1.454914874223367e+01, -2.385040771729971e+00
s279        , -1.362515716828419e+01, -1.470006899114374e+01, -2.292578210165693e+00
s280        , -1.648714264992866e+01, -1.610142847230776e+01, -1.434023521602851e+00
s281        , -1.669665260455353e+01, -1.655393773679793e+01, -1.156789909622397e+00
s282        , -1.437951906230024e+01, -1.448085232765782e+01, -2.426883145320955e+00
s283        , -1.569054308092746e+01, -1.558021313829668e+01, -1.753350485726546e+00
s284        , -1.408244861625093e+01, -1.433563580114328e+01, -2.515851273322134e+00
s285        , -1.507118865886332e+01, -1.485359585726526e+01, -2.198518682613562e+00
s286        , -1.607167169403725e+01, -1.628565986119913e+01, -1.321152609578373e+00
s287        , -1.521530310487212e+01, -1.531014912778722e+01, -1.918807476278594e+00
s288        , -1.241113414809566e+01, -1.256400809677950e+01, -3.601253907274357e+00
s289        , -1.624804696423284e+01, -1.583756638247189e+01, -1.595680853220860e+00
s290        , -1.528773160724545e+01, -1.579273733135104e+01, -1.623145748946020e+00
s291        , -1.504225897760969e+01, -1.487223585120211e+01, -2.187098733339749e+00
s292        , -1.651062533511386e+01, -1.633255113883831e+01, -1.292424273408429e+00
s293        , -1.411632155619445e+01, -1.494005238622844e+01, -2.145550361996388e+00
s294        , -1.459330008701092e+01, -1.497628551290598e+01, -2.123351831777395e+00
s295        , -1.497891998928428e+01, -1.436577260977411e+01, -2.497387703698422e+00
s296        , -1.635096107524269e+01, -1.617861410494643e+01, -1.386735093699560e+00
s297        , -1.394044684088756e+01, -1.402674840546343e+01, -2.705093737774305e+00
s298        , -1.390689281260246e+01, -1.349448789041548e+01, -3.031187625084158e+00
s299        , -1.691879923072396e+01, -1.642025156833954e+01, -1.238693866650336e+00
s300        , -1.494792565353429e+01, -1.535572125231477e+01, -1.890887330372563e+00
s301        , -1.498305372914210e+01, -1.519788365451722e+01, -1.987587863991550e+00
s302        , -1.688039087699787e+01, -1.664609994984099e+01, -1.100325953599693e+00
s303        , -1.435435685984294e+01, -1.409760425192986e+01, -2.661683306679705e+00
s304        , -1.350771639624432e+01, -1.424443215435461e+01, -2.571727955655918e+00
s305        , -1.449460775327996e+01, -1.336990249200252e+01, -3.107515918695923e+00
s306        , -1.471831019435806e+01, -1.482569480353452e+01, -2.215612498167917e+00
s307        , -1.344874549522846e+01, -1.328297618090574e+01, -3.160772055293808e+00
s308        , -1.638618109006332e+01, -1.643104613689053e+01, -1.232080483314345e+00
s309        , -1.279304785757977e+01, -1.277059959001141e+01, -3.474683889006003e+00
s310        , -1.469069298514492e+01, -1.474768404789708e+01, -2.263406444625700e+00
s311        , -1.368313770151841e+01, -1.367087235609426e+01, -2.923124196653657e+00
s312        , -1.659858795839794e+01, -1.621334257389065e+01, -1.365458404713305e+00
s313        , -1.330584008279445e+01, -1.342306202579930e+01, -3.074947282598976e+00
s314        , -1.480189358824097e+01, -1.455389458108582e+01, -2.382133193587146e+00
s315        , -1.579808967657021e+01, -1.589604855276396e+01, -1.559851259047154e+00
s316        , -1.409124791542818e+01, -1.482986195200873e+01, -2.213059459558943e+00
s317        , -1.673843059299944e+01, -1.691321683344913e+01, -9.366745451648110e-01
s318        , -1.553360556127604e+01, -1.527715125688215e+01, -1.939023899800851e+00
s319        , -1.442071004756051e+01, -1.477186875411656e+01, -2.248589480673666e+00
s320        , -1.652173868715270e+01, -1.618790392593689e+01, -1.381043606629700e+00
s321        , -1.546678284073158e+01, -1.597034959308576e+01, -1.514330100921198e+00
s322        , -1.260809918429022e+01, -1.246408130804400e+01, -3.662474895989275e+00
s323        , -1.712557566966305e+01, -1.650280096321366e+01, -1.188119284639205e+00
s324        , -1.527667193755660e+01, -1.500681690774999e+01, -2.104646515586923e+00
s325        , -1.462380908482325e+01, -1.455169600036397e+01, -2.383480172583109e+00
s326        , -1.494119228123524e+01, -1.532222051382195e+01, -1.911411839957671e+00
s327        , -1.504367598132431e+01, -1.528348579393482e+01, -1.935142992325255e+00
s328        , -1.420735566635725e+01, -1.484744338155200e+01, -2.202288048676221e+00
s329        , -1.496079477552641e+01, -1.550548812589505e+01, -1.799131393917958e+00
s330        , -1.578988147075448e+01, -1.650153607351847e+01, -1.188894229964027e+00
s331        , -1.391180755293236e+01, -1.414651319284584e+01, -2.631718832110208e+00
s332        , -1.428779435430565e+01, -1.456057707440674e+01, -2.378039107773275e+00
s333        , -1.615043990479463e+01, -1.602558330596356e+01, -1.480490701541255e+00
s334        , -1.424218739063992e+01, -1.408792903585260e+01, -2.667610909295333e+00
s335        , -1.395485873248244e+01, -1.349327916967903e+01, -3.031928158023345e+00
s336        , -1.376016700074109e+01, -1.449947772982588e+01, -2.415472135817183e+00
s337        , -1.661537577483661e+01, -1.612079646250170e+01, -1.422157559290860e+00
s338        , -1.406917330007404e+01, -1.445768042199062e+01, -2.441079608484697e+00
s339        , -1.440015264581368e+01, -1.502592528594537e+01, -2.092939606752331e+00
s340        , -1.448971313646447e+01, -1.531934488948232e+01, -1.913173615428221e+00
s341        , -1.704823486464181e+01, -1.664571245887787e+01, -1.100563353201745e+00
s342        , -1.378698005276823e+01, -1.449023348850479e+01, -2.421135698118726e+00
s343        , -1.282187662277631e+01, -1.281699970787267e+01, -3.446256466010615e+00
s344        , -1.604444874790081e+01, -1.625469915442570e+01, -1.340120947338126e+00
s345        , -1.651729679491657e+01, -1.643765988371074e+01, -1.228028515623125e+00
s346        , -1.366498206169004e+01, -1.420769770956163e+01, -2.594233622640500e+00
s347        , -1.416920132255300e+01, -1.355787064165632e+01, -2.992355648718871e+00
s348        , -1.655053243550404e+01, -1.604057850320132e+01, -1.471303767662088e+00
s349        , -1.436089518094581e+01, -1.523807036833396e+01, -1.962967135314109e+00
s350        , -1.328457651012228e+01, -1.380811300361676e+01, -2.839042558090822e+00
s351        , -1.466353338705915e+01, -1.502243168807890e+01, -2.095079988908754e+00
s352        , -1.380494433693140e+01, -1.465015761214277e+01, -2.323156836870617e+00
s353        , -1.584039716110287e+01, -1.581108702968096e+01, -1.611903651720700e+00
s354        , -1.285894064638033e+01, -1.255249257749141e+01, -3.608308987151374e+00
s355        , -1.582609968705746e+01, -1.586610090085871e+01, -1.578198940209838e+00
s356        , -1.676821402079628e+01, -1.636099761470613e+01, -1.274996300388174e+00
s357        , -1.371538274887149e+01, -1.443568053703491e+01, -2.454558023288644e+00
s358        , -1.502019486056102e+01, -1.481804579651916e+01, -2.220298726736790e+00
s359        , -1.309300572816658e+01, -1.270566945063582e+01, -3.514463885744348e+00
s360        , -1.332759674805454e+01, -1.389297660436358e+01, -2.787050158361247e+00
s361        , -1.507785912916742e+01, -1.495920379807547e+01, -2.133817088232684e+00
s362        , -1.287159809181426e+01, -1.321197448998113e+01, -3.204271839224039e+00
s363        , -1.657712579031443e+01, -1.684964002982323e+01, -9.756254093581428e-01
s364        , -1.476732359161688e+01, -1.478302056736848e+01, -2.241757228362885e+00
s365        , -1.276762384028792e+01, -1.254874346640047e+01, -3.610605911636724e+00
s366        , -1.557812077007947e+01, -1.532117784538322e+01, -1.912050639558145e+00
s367        , -1.643211937338644e+01, -1.622167635798640e+01, -1.360352641698850e+00
s368        , -1.587808942619374e+01, -1.641382784841856e+01, -1.242629412761311e+00
s369        , -1.334509750418027e+01, -1.407162961059039e+01, -2.677596889458062e+00
s370        , -1.389741635648629e+01, -1.348166364059524e+01, -3.039044509743994e+00
s371        , -1.224387315119496e+01, -1.315972084348006e+01, -3.236285475839769e+00
s372        , -1.439031770625260e+01, -1.502957395183440e+01, -2.090704220865894e+00
s373        , -1.635455326754398e+01, -1.633551360424928e+01, -1.290609294024140e+00
s374        , -1.656603765226025e+01, -1.660326624983753e+01, -1.126568380657679e+00
s375        , -1.702574287600585e+01, -1.672750118331074e+01, -1.050454802342911e+00
s376        , -1.420967858175217e+01, -1.554692153800185e+01, -1.773746865033260e+00
s377        , -1.335519732321907e+01, -1.394007999802173e+01, -2.758191867525811e+00
s378        , -1.312943052714917e+01, -1.345798263572797e+01, -3.053552876820357e+00
s379        , -1.573842731388836e+01, -1.521049298872586e+01, -1.979862649191213e+00
s380        , -1.483123354466367e+01, -1.520623378569678e+01, -1.982472085798525e+00
s381        , -1.534008487837916e+01, -1.555979822689634e+01, -1.765857853132942e+00
s382        , -1.616955683505209e+01, -1.653301970864573e+01, -1.169605515744134e+00
s383        , -1.302435960935340e+01, -1.387186071902937e+01, -2.799986983351923e+00
s384        , -1.550294140856363e+01, -1.521328549955134e+01, -1.978151793915099e+00
s385        , -1.462255500509942e+01, -1.528518053560989e+01, -1.934104694564694e+00
s386        , -1.354694341898450e+01, -1.339450866108822e+01, -3.092440741969287e+00
s387        , -1.648504393550231e+01, -1.655707657657231e+01, -1.154866872998912e+00
s388        , -1.635539967920453e+01, -1.644210103898928e+01, -1.225307604437754e+00
s389        , -1.486753558001227e+01, -1.555592968451056e+01, -1.768227948206944e+00
s390        , -1.371438538008965e+01, -1.296822150162100e+01, -3.353609160461529e+00
s391        , -1.827401207772271e+01, -1.690868050149122e+01, -9.394537671443913e-01
s392        , -1.496052458473144e+01, -1.535867874724655e+01, -1.889075396194214e+00
s393        , -1.585960298906335e+01, -1.610381659650739e+01, -1.432560417198863e+00
s394        , -1.488774557823675e+01, -1.559016730952522e+01, -1.747251978888082e+00
s395        , -1.577068615364065e+01, -1.541574134578489e+01, -1.854115514611237e+00
s396        , -1.483079932990779e+01, -1.484020033931133e+01, -2.206725559506790e+00
s397        , -1.420385337366483e+01, -1.356080530491644e+01, -2.990557702556448e+00
s398        , -1.658928924334047e+01, -1.662412485736968e+01, -1.113789179079258e+00
s399        , -1.388129039931987e+01, -1.491994919020223e+01, -2.157866754353519e+00
s400        , -1.281592195452373e+01, -1.298694799269974e+01, -3.342136217985250e+00
s401        , -1.512682270962376e+01, -1.523903528022503e+01, -1.962375973917434e+00
s402        , -1.677580535287182e+01, -1.666408214388392e+01, -1.089309010970967e+00
s403        , -1.592927040302984e+01, -1.606730761425293e+01, -1.454927952660350e+00
s404        , -1.616373904886767e+01, -1.516698514379143e+01, -2.006518096818891e+00
s405        , -1.502074650550808e+01, -1.455428600605005e+01, -2.381893383786175e+00
s406        , -1.414977642950634e+01, -1.446000185521368e+01, -2.439657362869184e+00
s407        , -1.655219633009565e+01, -1.659684963156178e+01, -1.130499575885892e+00
s408        , -1.376243011238371e+01, -1.301346540663447e+01, -3.325890101005108e+00
s409        , -1.299998158470711e+01, -1.284337540477232e+01, -3.430097173165570e+00
s410        , -1.287546881786366e+01, -1.354639058753188e+01, -2.999389000564684e+00
s411        , -1.515776876104137e+01, -1.541571425520044e+01, -1.854132111885961e+00
s412        , -1.310216228524447e+01, -1.341346251042659e+01, -3.080828506540402e+00
s413        , -1.711815806273814e+01, -1.632105772481853e+01, -1.299465810306640e+00
s414        , -1.644988598747962e+01, -1.641937326601342e+01, -1.239231965967604e+00
s415        , -1.619553879917628e+01, -1.610760842304509e+01, -1.430237322735296e+00
s416        , -1.670132919253141e+01, -1.666288930000166e+01, -1.090039816821713e+00
s417        , -1.546129571144714e+01, -1.522645639497991e+01, -1.970082533903830e+00
s418        , -1.360899181090573e+01, -1.321406309449486e+01, -3.202992238078209e+00
s419        , -1.576401553091309e+01, -1.537378563679340e+01, -1.879820033081193e+00
s420        , -1.572685393978109e+01, -1.584215303970617e+01, -1.592870799036872e+00
s421        , -1.612000510793109e+01, -1.622019907544715e+01, -1.361257711288387e+00
s422        , -1.609404534477568e+01, -1.651533838246915e+01, -1.180438129140594e+00
s423        , -1.519895534547688e+01, -1.511403057491669e+01, -2.038961159430109e+00
s424        , -1.632164309937506e+01, -1.610823869276022e+01, -1.429851182686106e+00
s425        , -1.444566056832646e+01, -1.451552404905673e+01, -2.405641223196261e+00
s426        , -1.592207711736753e+01, -1.638471809986743e+01, -1.260463745377164e+00
s427        , -1.652858363203112e+01, -1.639796636930819e+01, -1.252347081525669e+00
s428        , -1.676243951947160e+01, -1.655575643621669e+01, -1.155675668106173e+00
s429        , -1.539788232161528e+01, -1.604610387647048e+01, -1.467918601193340e+00
s430        , -1.286167951362512e+01, -1.329736582211331e+01, -3.151956120416600e+00
s431        , -1.453473211914181e+01, -1.481141767707370e+01, -2.224359499937913e+00
s432        , -1.636733331862478e+01, -1.618228129978674e+01, -1.384488355895064e+00
s433        , -1.262474385020636e+01, -1.276279563267201e+01, -3.479465049195911e+00
s434        , -1.571290810656474e+01, -1.616588152127268e+01, -1.394535818322722e+00
s435        , -1.512044490177769e+01, -1.580597133571527e+01, -1.615037824713804e+00
s436        , -1.685711603759757e+01, -1.656240644684957e+01, -1.151601483084705e+00
s437        , -1.402457764497363e+01, -1.352177492947773e+01, -3.014469990787759e+00
s438        , -1.373212049851018e+01, -1.359456076397371e+01, -2.969877136272244e+00
s439        , -1.460172732266207e+01, -1.472317930379564e+01, -2.278419482481516e+00
s440        , -1.517482395629285e+01, -1.500886604381186e+01, -2.103391095120534e+00
s441        , -1.217812394069901e+01, -1.168710526455481e+01, -4.138495812823948e+00
s442        , -1.351336434227487e+01, -1.389302853479752e+01, -2.787018342743530e+00
s443        , -1.619423709573005e+01, -1.657534642187315e+01, -1.143673698404394e+00
s444        , -1.676731171959576e+01, -1.630352557200357e+01, -1.310207031386745e+00
s445        , -1.401770546679031e+01, -1.373861357746713e+01, -2.881621966854391e+00
s446        , -1.464584761211533e+01, -1.502498349081311e+01, -2.093516605472030e+00
s447        , -1.491435358734036e+01, -1.464745991992138e+01, -2.324809600730359e+00
s448        , -1.665092345044499e+01, -1.632561507694526e+01, -1.296673710143601e+00
s449        , -1.667139557466283e+01, -1.649351740426386e+01, -1.193806935217119e+00
s450        , -1.481210548218973e+01, -1.484786272008426e+01, -2.202031137392713e+00
s451        , -1.631743950609136e+01, -1.656065859788741e+01, -1.152672317471977e+00
s452        , -1.443299971912318e+01, -1.468091544676088e+01, -2.304312790445437e+00
s453        , -1.612012913490960e+01, -1.607405700821209e+01, -1.450792879607011e+00
s454        , -1.413849581242285e+01, -1.363097022020030e+01, -2.947570576269956e+00
s455        , -1.507049628372260e+01, -1.485398495440613e+01, -2.198280298973183e+00
s456        , -1.322157077016988e+01, -1.339134826560787e+01, -3.094376984877572e+00
s457        , -1.607694171766630e+01, -1.598483074083564e+01, -1.505458103790164e+00
s458        , -1.706402886578920e+01, -1.674377075403364e+01, -1.040487112815134e+00
s459        , -1.447080446629908e+01, -1.483580383955213e+01, -2.209419112112146e+00
s460        , -1.690706284313252e+01, -1.677801367305924e+01, -1.019507900075883e+00
s461        , -1.772051314013882e+01, -1.680063911655707e+01, -1.005646231562573e+00
s462        , -1.413223236043502e+01, -1.413927470029823e+01, -2.636153555533007e+00
s463        , -1.535420761445792e+01, -1.505080169084431e+01, -2.077698867778754e+00
s464        , -1.458200954714616e+01, -1.475778854097147e+01, -2.257215841842350e+00
s465        , -1.638994424372458e+01, -1.641382918863215e+01, -1.242628591668163e+00
s466        , -1.623486048340570e+01, -1.601538013896662e+01, -1.486741757734303e+00
s467        , -1.507437091684449e+01, -1.546524790265350e+01, -1.823784905595172e+00
s468        , -1.537992113023538e+01, -1.593068359461739e+01, -1.538631808954924e+00
s469        , -1.688831688844773e+01, -1.649223501373204e+01, -1.194592602576890e+00
s470        , -1.246905936495125e+01, -1.209658293459486e+01, -3.887625869600915e+00
s471        , -1.560470833398571e+01, -1.547353848193014e+01, -1.818705612377024e+00
s472        , -1.258719815799923e+01, -1.248714916447161e+01, -3.648342179468483e+00
s473        , -1.574141284760104e+01, -1.486503143993239e+01, -2.191512576580609e+00
s474        , -1.419503348629057e+01, -1.407128124295972e+01, -2.677810319820985e+00
s475        , -1.520645964410357e+01, -1.497614323682562e+01, -2.123438998416292e+00
s476        , -1.364211291008551e+01, -1.391547311288328e+01, -2.773267482948196e+00
s477        , -1.622440908019061e+01, -1.664423596532519e+01, -1.101467939412010e+00
s478        , -1.450658975724722e+01, -1.485941776790117e+01, -2.194951840029597e+00
s479        , -1.661904461415436e+01, -1.634496510478276e+01, -1.284818752620561e+00
s480        , -1.492790201790967e+01, -1.468645307589935e+01, -2.300920115315140e+00
s481        , -1.420522205049059e+01, -1.421699886405756e+01, -2.588535192003067e+00
s482        , -1.670710738767636e+01, -1.667080725109861e+01, -1.085188817396178e+00
s483        , -1.590685478420236e+01, -1.582395771535541e+01, -1.604018317743696e+00
s484        , -1.363414499374147e+01, -1.407237646122602e+01, -2.677139325126070e+00
s485        , -1.653312124543369e+01, -1.672956083911877e+01, -1.049192936865439e+00
s486        , -1.369916691094825e+01, -1.444229723155097e+01, -2.450504249666736e+00
s487        , -1.416860120688891e+01, -1.374336733214351e+01, -2.878709539015181e+00
s488        , -1.567715364740370e+01, -1.599330948914523e+01, -1.500263527229199e+00
s489        , -1.406303277722796e+01, -1.454232279531059e+01, -2.389222745601388e+00
s490        , -1.359570323331145e+01, -1.375753166496422e+01, -2.870031641218760e+00
s491        , -1.445574367969524e+01, -1.397972281003386e+01, -2.733904364869777e+00
s492        , -1.278035403065666e+01, -1.324863235386593e+01, -3.181813090177827e+00
s493        , -1.382187883962455e+01, -1.411359341998181e+01, -2.651887408209869e+00
s494        , -1.538651067106373e+01, -1.635187788502872e+01, -1.280583579582560e+00
s495        , -1.300175100305644e+01, -1.338679337946251e+01, -3.097167574236356e+00
s496        , -1.406671079754677e+01, -1.441446375620650e+01, -2.467556662753591e+00
s497        , -1.656349248954072e+01, -1.681357947444646e+01, -9.977182123163009e-01
s498        , -1.289311225521770e+01, -1.237544518172958e+01, -3.716778565280532e+00
s499        , -1.703491581634914e+01, -1.681223128651849e+01, -9.985441910049823e-01
s500        , -1.289098034700617e+01, -1.300387465121783e+01, -3.331765958085672e+00
