# c0 + a0 * ((O - AAV) / (rho + E_T))
# Property Label: $ln_{D}$; Unit of the Property: Unitless
# RMSE: 0.431028358821528; Max AE: 1.394259215531
# Coefficients
# Task   a0                      c0
# all , -1.612882796749693e+00, -1.844126849612269e+01, 
# Feature Rung, Units, and Expressions
# 0;  2; Unitless;                                         7|1|sub|4|0|add|div; ((O - AAV) / (rho + E_T)); $\left(\frac{ \left(O - AAV\right) }{ \left(rho + E_{T}\right) } \right)$; ((O - AAV) ./ (rho + E_T)); ((newdata$O - newdata$AAV) / (newdata$rho + newdata$E_T)); O,AAV,rho,E_T
# Number of Samples Per Task
# Task, n_samples               
# all , 500                   

# Sample ID , Property Value        ,  Property Value (EST) ,  Feature 0 Value      
s1          , -1.575591211304615e+01, -1.587177058444743e+01, -1.593108883579983e+00
s2          , -1.676053957577113e+01, -1.622783877173958e+01, -1.372343811245085e+00
s3          , -1.469519139678599e+01, -1.432295149714198e+01, -2.553388880630387e+00
s4          , -1.482490640944098e+01, -1.481784304496550e+01, -2.246552234582188e+00
s5          , -1.661617250197141e+01, -1.671289542634316e+01, -1.071604876226948e+00
s6          , -1.434920619754616e+01, -1.453903292324075e+01, -2.419416699555470e+00
s7          , -1.650308689038163e+01, -1.654049166362757e+01, -1.178496563002343e+00
s8          , -1.458891392032861e+01, -1.393052018637407e+01, -2.796699375080910e+00
s9          , -1.601703755740822e+01, -1.606573355889238e+01, -1.472850316227274e+00
s10         , -1.658811786664458e+01, -1.629735038683581e+01, -1.329246064008704e+00
s11         , -1.506367336241177e+01, -1.484464130197324e+01, -2.229937104789904e+00
s12         , -1.549821089880063e+01, -1.510587962360538e+01, -2.067967293865892e+00
s13         , -1.453148296371105e+01, -1.427096700993691e+01, -2.585619670933213e+00
s14         , -1.465169748063443e+01, -1.428953766979496e+01, -2.574105715985293e+00
s15         , -1.581197879728031e+01, -1.515907082459325e+01, -2.034988331541376e+00
s16         , -1.619315500215883e+01, -1.631992358924725e+01, -1.315250501245605e+00
s17         , -1.684922037807049e+01, -1.634322954698002e+01, -1.300800624428925e+00
s18         , -1.426536183018756e+01, -1.435866305374429e+01, -2.531247435093070e+00
s19         , -1.606751413385304e+01, -1.549114521099341e+01, -1.829099604183529e+00
s20         , -1.502445348449817e+01, -1.516078645868769e+01, -2.033924624929894e+00
s21         , -1.635889943275450e+01, -1.603177796044091e+01, -1.493903053921479e+00
s22         , -1.609859360689693e+01, -1.665889371358540e+01, -1.105086362213773e+00
s23         , -1.425699056390511e+01, -1.458926140723866e+01, -2.388274645031029e+00
s24         , -1.783369299687520e+01, -1.683625067459844e+01, -9.951236535963471e-01
s25         , -1.437292967204356e+01, -1.484447218041614e+01, -2.230041961483421e+00
s26         , -1.507280660180631e+01, -1.473857922269817e+01, -2.295696426849018e+00
s27         , -1.727846250712225e+01, -1.657686771448639e+01, -1.155943125807700e+00
s28         , -1.397837986980880e+01, -1.389453893119862e+01, -2.819008035851529e+00
s29         , -1.642893168374653e+01, -1.677079334120013e+01, -1.035707714341628e+00
s30         , -1.682966437283499e+01, -1.649598724837006e+01, -1.206089649956458e+00
s31         , -1.420746367536026e+01, -1.454116560427338e+01, -2.418094420567233e+00
s32         , -1.693330532410375e+01, -1.648202055478103e+01, -1.214749109662506e+00
s33         , -1.474461208276328e+01, -1.466559519630531e+01, -2.340947096358259e+00
s34         , -1.716094441986192e+01, -1.651233843761794e+01, -1.195951784216410e+00
s35         , -1.490781329092262e+01, -1.551289479642125e+01, -1.815614690418142e+00
s36         , -1.262179431497255e+01, -1.257613601203075e+01, -3.636428199191814e+00
s37         , -1.644088958394727e+01, -1.656437046850347e+01, -1.163691516458339e+00
s38         , -1.461238558797282e+01, -1.415983154280722e+01, -2.654524533303655e+00
s39         , -1.501622627955599e+01, -1.486515909473555e+01, -2.217215912150449e+00
s40         , -1.623397018878606e+01, -1.624304289381270e+01, -1.362917136161342e+00
s41         , -1.477366635037428e+01, -1.510071552960668e+01, -2.071169072698863e+00
s42         , -1.422311445934928e+01, -1.392929790929949e+01, -2.797457196465730e+00
s43         , -1.258984560834217e+01, -1.295856641595586e+01, -3.399318345521238e+00
s44         , -1.596299994962497e+01, -1.633747617626769e+01, -1.304367759451958e+00
s45         , -1.348787700887648e+01, -1.302899327639696e+01, -3.355653138983588e+00
s46         , -1.542057609084416e+01, -1.445075508340043e+01, -2.474149653504895e+00
s47         , -1.436307499232010e+01, -1.470394702004532e+01, -2.317168664461471e+00
s48         , -1.488673519218485e+01, -1.524933096694875e+01, -1.979026334465456e+00
s49         , -1.670962096820184e+01, -1.687447722215741e+01, -9.714228939156040e-01
s50         , -1.470058355659457e+01, -1.443549757872118e+01, -2.483609426223659e+00
s51         , -1.422124899427813e+01, -1.521364115946910e+01, -2.001154295375930e+00
s52         , -1.445526933875853e+01, -1.458322241596333e+01, -2.392018867046112e+00
s53         , -1.689013290841563e+01, -1.671040410070543e+01, -1.073149517686795e+00
s54         , -1.720944815722343e+01, -1.638863547091395e+01, -1.272648595015858e+00
s55         , -1.562566680706692e+01, -1.637607727284802e+01, -1.280434776436623e+00
s56         , -1.398744736555374e+01, -1.421405344910088e+01, -2.620906525595387e+00
s57         , -1.422672185441562e+01, -1.460247603176384e+01, -2.380081474050590e+00
s58         , -1.312845606224703e+01, -1.254544414726882e+01, -3.655457396368313e+00
s59         , -1.619702485478463e+01, -1.630031443301821e+01, -1.327408332098875e+00
s60         , -1.672765451482195e+01, -1.672063117644556e+01, -1.066808650414392e+00
s61         , -1.650980416381348e+01, -1.641396802866564e+01, -1.256942210272499e+00
s62         , -1.380421394955886e+01, -1.346116307047837e+01, -3.087704472811237e+00
s63         , -1.727933600205615e+01, -1.680388660321415e+01, -1.015189632010596e+00
s64         , -1.494958812372483e+01, -1.458529984312486e+01, -2.390730845891865e+00
s65         , -1.623922548981244e+01, -1.642734657254711e+01, -1.248647408003900e+00
s66         , -1.367737338350917e+01, -1.460076585084069e+01, -2.381141799653043e+00
s67         , -1.741146232592018e+01, -1.648787275482626e+01, -1.211120699676967e+00
s68         , -1.487711888617207e+01, -1.505404403926513e+01, -2.100105763223186e+00
s69         , -1.433186966990272e+01, -1.496509263444715e+01, -2.155256332748283e+00
s70         , -1.495278133437334e+01, -1.439644750197007e+01, -2.507820780470722e+00
s71         , -1.570155986508802e+01, -1.562539310140273e+01, -1.745864857877188e+00
s72         , -1.639206679417054e+01, -1.656736839147450e+01, -1.161832780673526e+00
s73         , -1.656159175852897e+01, -1.614712335449310e+01, -1.422388003798406e+00
s74         , -1.616936532813614e+01, -1.612636914797395e+01, -1.435255774823663e+00
s75         , -1.476925333058890e+01, -1.493972870683015e+01, -2.170982167054481e+00
s76         , -1.554181169575925e+01, -1.563373101587569e+01, -1.740695285426070e+00
s77         , -1.355623132555349e+01, -1.413819562794266e+01, -2.667938970427149e+00
s78         , -1.613153244530022e+01, -1.636370411097738e+01, -1.288106233963221e+00
s79         , -1.369332123872701e+01, -1.471911654623420e+01, -2.307763439097641e+00
s80         , -1.596103871394553e+01, -1.509500799232344e+01, -2.074707790635927e+00
s81         , -1.371015102329203e+01, -1.340622446474543e+01, -3.121766839800113e+00
s82         , -1.618514068737401e+01, -1.656761485343537e+01, -1.161679972322313e+00
s83         , -1.463129145817202e+01, -1.497823217763534e+01, -2.147109712786397e+00
s84         , -1.558344435959043e+01, -1.594240908526350e+01, -1.549312458347828e+00
s85         , -1.436666926664573e+01, -1.457166436544124e+01, -2.399184949135512e+00
s86         , -1.340858470992052e+01, -1.325395581144964e+01, -3.216174600613638e+00
s87         , -1.690450093998452e+01, -1.625032379234540e+01, -1.358402921893964e+00
s88         , -1.434879628797493e+01, -1.450441476757898e+01, -2.440880227923149e+00
s89         , -1.503479473600998e+01, -1.460379521381409e+01, -2.379263570819865e+00
s90         , -1.481179943199058e+01, -1.508282875415150e+01, -2.082259013946440e+00
s91         , -1.288609925783191e+01, -1.319258951994488e+01, -3.254222183257847e+00
s92         , -1.580824275413979e+01, -1.565947862480154e+01, -1.724731565695325e+00
s93         , -1.408132744524983e+01, -1.364552202373184e+01, -2.973400474017897e+00
s94         , -1.417595748076664e+01, -1.465296517684480e+01, -2.348777807607681e+00
s95         , -1.290027811695738e+01, -1.321696864825298e+01, -3.239106932256831e+00
s96         , -1.563974152224070e+01, -1.508674566781800e+01, -2.079830496713572e+00
s97         , -1.649006866380947e+01, -1.679175769010076e+01, -1.022709653389604e+00
s98         , -1.474432582637551e+01, -1.475843273739279e+01, -2.283387091828127e+00
s99         , -1.617902320789352e+01, -1.636748333388420e+01, -1.285763086082643e+00
s100        , -1.588005443066773e+01, -1.501125277337459e+01, -2.126636684116368e+00
s101        , -1.606627254137342e+01, -1.612855218072368e+01, -1.433902277375417e+00
s102        , -1.451131934460694e+01, -1.454533594548579e+01, -2.415508776265731e+00
s103        , -1.502092590861538e+01, -1.520950139393214e+01, -2.003720982518545e+00
s104        , -1.557036849723766e+01, -1.563896055490500e+01, -1.737452930160175e+00
s105        , -1.434931863042170e+01, -1.426705063188674e+01, -2.588047856079747e+00
s106        , -1.213742527798283e+01, -1.206107711520808e+01, -3.955768759994260e+00
s107        , -1.659053433805247e+01, -1.659159816540008e+01, -1.146810130562556e+00
s108        , -1.700250083426357e+01, -1.666609775760141e+01, -1.100619798350279e+00
s109        , -1.566474756073793e+01, -1.515821910187328e+01, -2.035516406316356e+00
s110        , -1.431419118557280e+01, -1.409046477621046e+01, -2.697532473332869e+00
s111        , -1.645030650736458e+01, -1.630315299721547e+01, -1.325648400005248e+00
s112        , -1.338762259085481e+01, -1.296330958361775e+01, -3.396377544322632e+00
s113        , -1.433675892531957e+01, -1.466166686486770e+01, -2.343382692698875e+00
s114        , -1.609955695453763e+01, -1.626797722247149e+01, -1.347457656582890e+00
s115        , -1.546929652764100e+01, -1.513752611192338e+01, -2.048346222587945e+00
s116        , -1.637830542970395e+01, -1.630413513928236e+01, -1.325039464210988e+00
s117        , -1.674807484517825e+01, -1.663695372157530e+01, -1.118689329555427e+00
s118        , -1.523642937716048e+01, -1.467131637829870e+01, -2.337399918593749e+00
s119        , -1.525541306886539e+01, -1.528583861617938e+01, -1.956391305246845e+00
s120        , -1.490045415348265e+01, -1.594041848114003e+01, -1.550546648536654e+00
s121        , -1.709928581270984e+01, -1.660223710529859e+01, -1.140213904277573e+00
s122        , -1.651833889258148e+01, -1.656181797566844e+01, -1.165274082060861e+00
s123        , -1.584219836251522e+01, -1.658915424658282e+01, -1.148325379421419e+00
s124        , -1.434420835450800e+01, -1.459323566003063e+01, -2.385810577090091e+00
s125        , -1.696687428130489e+01, -1.641813662685120e+01, -1.254357646661331e+00
s126        , -1.626031865342975e+01, -1.603963503296504e+01, -1.489031607254700e+00
s127        , -1.444652906875201e+01, -1.477126009303688e+01, -2.275434030595196e+00
s128        , -1.550757694366739e+01, -1.477798709444160e+01, -2.271263236896940e+00
s129        , -1.437474319081911e+01, -1.457915447299359e+01, -2.394541023633022e+00
s130        , -1.294395503489043e+01, -1.350381419532231e+01, -3.061260440467476e+00
s131        , -1.368728725933399e+01, -1.395399322371252e+01, -2.782145907596634e+00
s132        , -1.634804464087011e+01, -1.624083637929627e+01, -1.364285192489355e+00
s133        , -1.526577331630236e+01, -1.505358870693025e+01, -2.100388072846548e+00
s134        , -1.358907204541357e+01, -1.377661284693342e+01, -2.892123134172897e+00
s135        , -1.251531043120831e+01, -1.303556527835202e+01, -3.351578446161330e+00
s136        , -1.551825006632732e+01, -1.514256323105153e+01, -2.045223169171848e+00
s137        , -1.251550668315227e+01, -1.300960915329069e+01, -3.367671447533553e+00
s138        , -1.515118812744504e+01, -1.579895943070911e+01, -1.638252370685830e+00
s139        , -1.716590059353486e+01, -1.659652946296812e+01, -1.143752687344744e+00
s140        , -1.517245768667761e+01, -1.529614392303312e+01, -1.950001934069649e+00
s141        , -1.515272979184492e+01, -1.471303532375380e+01, -2.311533844791503e+00
s142        , -1.571494590073632e+01, -1.503298282413994e+01, -2.113163881995137e+00
s143        , -1.317275764850951e+01, -1.225417299161907e+01, -3.836047800231955e+00
s144        , -1.567547130773729e+01, -1.584429491081771e+01, -1.610144016997665e+00
s145        , -1.717630807447705e+01, -1.676544511829337e+01, -1.039023654543569e+00
s146        , -1.271063083617605e+01, -1.285289591825339e+01, -3.464834883930238e+00
s147        , -1.416477604175418e+01, -1.469317984860449e+01, -2.323844395309696e+00
s148        , -1.546283640715642e+01, -1.492349999381014e+01, -2.181044096571441e+00
s149        , -1.308258050736013e+01, -1.338693759792100e+01, -3.133724848691582e+00
s150        , -1.343350672133549e+01, -1.293443209176104e+01, -3.414281816049568e+00
s151        , -1.536729547226238e+01, -1.473392848153713e+01, -2.298579922891268e+00
s152        , -1.677944164125962e+01, -1.643624438253851e+01, -1.243130695934469e+00
s153        , -1.538993954039009e+01, -1.521310078998229e+01, -2.001489328701291e+00
s154        , -1.352780543056411e+01, -1.471339512692696e+01, -2.311310763998599e+00
s155        , -1.695942368239437e+01, -1.630596248228142e+01, -1.323906497201394e+00
s156        , -1.421914414070176e+01, -1.492317904457429e+01, -2.181243087618089e+00
s157        , -1.721807371285914e+01, -1.633484435758922e+01, -1.305999507700356e+00
s158        , -1.306694656831443e+01, -1.293411594440557e+01, -3.414477829892675e+00
s159        , -1.610568644553464e+01, -1.579862538808663e+01, -1.638459479735015e+00
s160        , -1.469958879574686e+01, -1.470363274254960e+01, -2.317363518976851e+00
s161        , -1.397090813949345e+01, -1.448762286319168e+01, -2.451291340510581e+00
s162        , -1.446678342676426e+01, -1.404960057675398e+01, -2.722868597903622e+00
s163        , -1.369523421071183e+01, -1.367227998473787e+01, -2.956810328063118e+00
s164        , -1.529503222203964e+01, -1.529090491008690e+01, -1.953250163238428e+00
s165        , -1.633321206845500e+01, -1.650265115789718e+01, -1.201957973717769e+00
s166        , -1.489526954713951e+01, -1.508398286721755e+01, -2.081543454782206e+00
s167        , -1.316411969580279e+01, -1.273052709936412e+01, -3.540704512607455e+00
s168        , -1.521994145867225e+01, -1.508528417103411e+01, -2.080736636196762e+00
s169        , -1.646060855285067e+01, -1.636637444213004e+01, -1.286450607678381e+00
s170        , -1.475138591090689e+01, -1.515112443248280e+01, -2.039915157053096e+00
s171        , -1.413163078642262e+01, -1.379228821800437e+01, -2.882404281009766e+00
s172        , -1.511887280547885e+01, -1.499161891036672e+01, -2.138809833366543e+00
s173        , -1.616800548598967e+01, -1.630347541252026e+01, -1.325448499984343e+00
s174        , -1.589203754588484e+01, -1.580749935455938e+01, -1.632957550834400e+00
s175        , -1.342492585523155e+01, -1.309852588548041e+01, -3.312542375310262e+00
s176        , -1.466195030038903e+01, -1.486544875435702e+01, -2.217036320910433e+00
s177        , -1.747555642548953e+01, -1.673865696097852e+01, -1.055632522446948e+00
s178        , -1.492207724374237e+01, -1.451698232347436e+01, -2.433088244574628e+00
s179        , -1.518711745246239e+01, -1.486409703456408e+01, -2.217874397797154e+00
s180        , -1.493215977763767e+01, -1.464547106550254e+01, -2.353424215491358e+00
s181        , -1.370584339007942e+01, -1.410578477732476e+01, -2.688033952333587e+00
s182        , -1.416113528868485e+01, -1.419720911907288e+01, -2.631350142491760e+00
s183        , -1.392914200220966e+01, -1.456239832925334e+01, -2.404929964338458e+00
s184        , -1.304255064430975e+01, -1.263009829558739e+01, -3.602971159619323e+00
s185        , -1.429154097939297e+01, -1.403587568177347e+01, -2.731378140573537e+00
s186        , -1.585372480876657e+01, -1.590241689586236e+01, -1.574107929836357e+00
s187        , -1.656045021471009e+01, -1.643965780615302e+01, -1.241014346487760e+00
s188        , -1.630674891529737e+01, -1.634308657712285e+01, -1.300889266863120e+00
s189        , -1.339821218697675e+01, -1.321953246593620e+01, -3.237517345159498e+00
s190        , -1.487586583272424e+01, -1.487733515584809e+01, -2.209666658641720e+00
s191        , -1.620836932364004e+01, -1.638553492842979e+01, -1.274570955704686e+00
s192        , -1.717619838158209e+01, -1.609901227942396e+01, -1.452217248158942e+00
s193        , -1.284484832854133e+01, -1.311836831374999e+01, -3.300239913959958e+00
s194        , -1.656794461765075e+01, -1.637699414548123e+01, -1.279866308203808e+00
s195        , -1.552220045334882e+01, -1.621705656476965e+01, -1.379028864239426e+00
s196        , -1.348002981882103e+01, -1.334153187793073e+01, -3.161876751657985e+00
s197        , -1.539268838842849e+01, -1.548818203315870e+01, -1.830936797710965e+00
s198        , -1.637009230377727e+01, -1.623484791954890e+01, -1.367998084560272e+00
s199        , -1.644329163433837e+01, -1.622838333936800e+01, -1.372006175038961e+00
s200        , -1.565311565896740e+01, -1.561969336683344e+01, -1.749398738070328e+00
s201        , -1.494600080834396e+01, -1.499050978192950e+01, -2.139497501707636e+00
s202        , -1.723550588652722e+01, -1.673949494344260e+01, -1.055112966738518e+00
s203        , -1.467259466184894e+01, -1.429646778285464e+01, -2.569808991465915e+00
s204        , -1.336646670280753e+01, -1.374302153826401e+01, -2.912950009341449e+00
s205        , -1.429158726599310e+01, -1.445541964498977e+01, -2.471257588688566e+00
s206        , -1.412886778391386e+01, -1.462923115558830e+01, -2.363493087170665e+00
s207        , -1.525388554280862e+01, -1.597979099744637e+01, -1.526135379233215e+00
s208        , -1.384018553221394e+01, -1.414441714293073e+01, -2.664081582276806e+00
s209        , -1.432024360363505e+01, -1.444783080209864e+01, -2.475962730876470e+00
s210        , -1.368565584764942e+01, -1.366027427230114e+01, -2.964253964055100e+00
s211        , -1.480933047223258e+01, -1.506262662143796e+01, -2.094784494876764e+00
s212        , -1.259867993081356e+01, -1.302752369001153e+01, -3.356564294083255e+00
s213        , -1.726824394578118e+01, -1.661820976740212e+01, -1.130310728339612e+00
s214        , -1.454538375691559e+01, -1.481224253638813e+01, -2.250024593881114e+00
s215        , -1.465229298358164e+01, -1.524806734729830e+01, -1.979809788571982e+00
s216        , -1.521420631413675e+01, -1.477851290954162e+01, -2.270937227405684e+00
s217        , -1.568635291924512e+01, -1.606440273425969e+01, -1.473675437950542e+00
s218        , -1.327567767019652e+01, -1.327852845052358e+01, -3.200939371418154e+00
s219        , -1.640816312041515e+01, -1.676894033110375e+01, -1.036856595153129e+00
s220        , -1.515666577952049e+01, -1.465821052470934e+01, -2.345525650739797e+00
s221        , -1.680342370915705e+01, -1.654748879791315e+01, -1.174158284796586e+00
s222        , -1.445320010096292e+01, -1.496325443475349e+01, -2.156396030993791e+00
s223        , -1.528312427720172e+01, -1.485319261788763e+01, -2.224635221769253e+00
s224        , -1.385647391943025e+01, -1.348289265889719e+01, -3.074231957348479e+00
s225        , -1.519512789134073e+01, -1.563883498363112e+01, -1.737530785336094e+00
s226        , -1.212120416721036e+01, -1.134784103503130e+01, -4.397980730767403e+00
s227        , -1.526250314651463e+01, -1.548863972642765e+01, -1.830653024289937e+00
s228        , -1.544498832032832e+01, -1.537666079255446e+01, -1.900080842665119e+00
s229        , -1.425648540487167e+01, -1.387531545075599e+01, -2.830926744688506e+00
s230        , -1.410955358902456e+01, -1.407993102587287e+01, -2.704063481264016e+00
s231        , -1.491438480708190e+01, -1.502992616430003e+01, -2.115059035099916e+00
s232        , -1.742424998612843e+01, -1.680504034153644e+01, -1.014474305190437e+00
s233        , -1.583164830147902e+01, -1.546811258732444e+01, -1.843380011734143e+00
s234        , -1.638293701973929e+01, -1.626112539158466e+01, -1.351705845540356e+00
s235        , -1.627586490028168e+01, -1.590121043598549e+01, -1.574855944434379e+00
s236        , -1.393775181593451e+01, -1.396594064934444e+01, -2.774738409881365e+00
s237        , -1.690081744696345e+01, -1.612680054235299e+01, -1.434988306920909e+00
s238        , -1.687644618818508e+01, -1.646513702616296e+01, -1.225217029992549e+00
s239        , -1.361873033887506e+01, -1.297769755461974e+01, -3.387456889312246e+00
s240        , -1.273541291514849e+01, -1.233835796405712e+01, -3.783852456213341e+00
s241        , -1.514337202974105e+01, -1.528854385575348e+01, -1.954714035466578e+00
s242        , -1.704214219288776e+01, -1.668178711738328e+01, -1.090892272076526e+00
s243        , -1.321259524852956e+01, -1.241303691280592e+01, -3.737550921533147e+00
s244        , -1.593976621848501e+01, -1.545595846966845e+01, -1.850915660127497e+00
s245        , -1.570938600109272e+01, -1.522002245727558e+01, -1.997197840623395e+00
s246        , -1.336165500313448e+01, -1.404792737611565e+01, -2.723905995439079e+00
s247        , -1.644511421590129e+01, -1.645896818598824e+01, -1.229041759344951e+00
s248        , -1.472719117555502e+01, -1.492163228510352e+01, -2.182202090636717e+00
s249        , -1.493538393947397e+01, -1.513742181503913e+01, -2.048410887475226e+00
s250        , -1.722349336023687e+01, -1.672952241001521e+01, -1.061296015778098e+00
s251        , -1.466025892889519e+01, -1.440026352461592e+01, -2.505454816462962e+00
s252        , -1.505227471607330e+01, -1.514340417142562e+01, -2.044701779535985e+00
s253        , -1.462479835293133e+01, -1.473608429775916e+01, -2.297243299903923e+00
s254        , -1.302879342694494e+01, -1.383772376484333e+01, -2.854233885162953e+00
s255        , -1.377312018425192e+01, -1.355986808962252e+01, -3.026506585808498e+00
s256        , -1.458251483105969e+01, -1.475007560383477e+01, -2.288568580262916e+00
s257        , -1.452110280447198e+01, -1.470225676783161e+01, -2.318216634107575e+00
s258        , -1.546830801632554e+01, -1.573052267234010e+01, -1.680683698310462e+00
s259        , -1.639406896507808e+01, -1.675064025927563e+01, -1.048202783397557e+00
s260        , -1.424209261090179e+01, -1.396041038118802e+01, -2.778167219567701e+00
s261        , -1.419913997125934e+01, -1.377118853127534e+01, -2.895486252478218e+00
s262        , -1.615492564268721e+01, -1.636871277484779e+01, -1.285000823030381e+00
s263        , -1.427900815493067e+01, -1.425168568383691e+01, -2.597574244532025e+00
s264        , -1.600948145044856e+01, -1.645256593016183e+01, -1.233011208234427e+00
s265        , -1.636239272115105e+01, -1.642271670023224e+01, -1.251517965197638e+00
s266        , -1.457844565837979e+01, -1.459545203730877e+01, -2.384436405772369e+00
s267        , -1.575409903109665e+01, -1.634811847414731e+01, -1.297769451192319e+00
s268        , -1.227757272251924e+01, -1.216110468914892e+01, -3.893750878631512e+00
s269        , -1.622700900366220e+01, -1.642502083152337e+01, -1.250089385702732e+00
s270        , -1.546409444882736e+01, -1.539367148954272e+01, -1.889534076946906e+00
s271        , -1.422886887640718e+01, -1.484285592874053e+01, -2.231044050214771e+00
s272        , -1.746656343532695e+01, -1.659518120386092e+01, -1.144588618579127e+00
s273        , -1.483685347735423e+01, -1.498944195212526e+01, -2.140159564571964e+00
s274        , -1.535903505783984e+01, -1.558281054315025e+01, -1.772266378395785e+00
s275        , -1.382740673499197e+01, -1.404608681655812e+01, -2.725047156818714e+00
s276        , -1.515227513491734e+01, -1.442206251373528e+01, -2.491939272020869e+00
s277        , -1.373096432780352e+01, -1.407646759024887e+01, -2.706210838549358e+00
s278        , -1.480708276524996e+01, -1.450860740237241e+01, -2.438280761426337e+00
s279        , -1.362515716828419e+01, -1.469892352157162e+01, -2.320283272964845e+00
s280        , -1.648714264992866e+01, -1.612460926899316e+01, -1.436346913612135e+00
s281        , -1.669665260455353e+01, -1.653820527905959e+01, -1.179914139389536e+00
s282        , -1.437951906230024e+01, -1.444567723784691e+01, -2.477297957624546e+00
s283        , -1.569054308092746e+01, -1.564562271023899e+01, -1.733322341535003e+00
s284        , -1.408244861625093e+01, -1.432316065935124e+01, -2.553259198418092e+00
s285        , -1.507118865886332e+01, -1.483406635980277e+01, -2.236493651980923e+00
s286        , -1.607167169403725e+01, -1.633391812981103e+01, -1.306573776196527e+00
s287        , -1.521530310487212e+01, -1.525609618457927e+01, -1.974831846407084e+00
s288        , -1.241113414809566e+01, -1.257661487620685e+01, -3.636131299642094e+00
s289        , -1.624804696423284e+01, -1.580628207910502e+01, -1.633712271175400e+00
s290        , -1.528773160724545e+01, -1.584805210859845e+01, -1.607814524868226e+00
s291        , -1.504225897760969e+01, -1.481990958566223e+01, -2.245270963121610e+00
s292        , -1.651062533511386e+01, -1.630570708434026e+01, -1.324064845930559e+00
s293        , -1.411632155619445e+01, -1.493413397146453e+01, -2.174450946916783e+00
s294        , -1.459330008701092e+01, -1.493689753888735e+01, -2.172737513412264e+00
s295        , -1.497891998928428e+01, -1.434647929811778e+01, -2.538801459260893e+00
s296        , -1.635096107524269e+01, -1.618396590248449e+01, -1.399545334718151e+00
s297        , -1.394044684088756e+01, -1.399854661963083e+01, -2.754522452248179e+00
s298        , -1.390689281260246e+01, -1.350042689566572e+01, -3.063360592855125e+00
s299        , -1.691879923072396e+01, -1.643119652695966e+01, -1.246260406034314e+00
s300        , -1.494792565353429e+01, -1.537404773321848e+01, -1.901700959973857e+00
s301        , -1.498305372914210e+01, -1.517533227362577e+01, -2.024906105439579e+00
s302        , -1.688039087699787e+01, -1.661610567559424e+01, -1.131615281783988e+00
s303        , -1.435435685984294e+01, -1.410311120135567e+01, -2.689691590430095e+00
s304        , -1.350771639624432e+01, -1.422994647796156e+01, -2.611052722893353e+00
s305        , -1.449460775327996e+01, -1.346700530717510e+01, -3.084082240180011e+00
s306        , -1.471831019435806e+01, -1.479619997840901e+01, -2.259971105810842e+00
s307        , -1.344874549522846e+01, -1.327535252508889e+01, -3.202908470128292e+00
s308        , -1.638618109006332e+01, -1.648302841030607e+01, -1.214124231322266e+00
s309        , -1.279304785757977e+01, -1.278434472120496e+01, -3.507337164434794e+00
s310        , -1.469069298514492e+01, -1.476874384438271e+01, -2.276994124520959e+00
s311        , -1.368313770151841e+01, -1.367756303268763e+01, -2.953534796846343e+00
s312        , -1.659858795839794e+01, -1.622684032855877e+01, -1.372962853857993e+00
s313        , -1.330584008279445e+01, -1.341503550025870e+01, -3.116303928588572e+00
s314        , -1.480189358824097e+01, -1.463820614797915e+01, -2.357928521407463e+00
s315        , -1.579808967657021e+01, -1.588440474671331e+01, -1.585275603758696e+00
s316        , -1.409124791542818e+01, -1.481660488420238e+01, -2.247319903978635e+00
s317        , -1.673843059299944e+01, -1.687456817179599e+01, -9.713665044254590e-01
s318        , -1.553360556127604e+01, -1.529769553287002e+01, -1.949039923785936e+00
s319        , -1.442071004756051e+01, -1.480972056332902e+01, -2.251588236982889e+00
s320        , -1.652173868715270e+01, -1.625590838374825e+01, -1.354940431368237e+00
s321        , -1.546678284073158e+01, -1.603974903432679e+01, -1.488960925515159e+00
s322        , -1.260809918429022e+01, -1.248693423666617e+01, -3.691734000421975e+00
s323        , -1.712557566966305e+01, -1.649943371286859e+01, -1.203952814902184e+00
s324        , -1.527667193755660e+01, -1.495208883517873e+01, -2.163318790413920e+00
s325        , -1.462380908482325e+01, -1.451317719654509e+01, -2.435447453152551e+00
s326        , -1.494119228123524e+01, -1.535219695090054e+01, -1.915248616605808e+00
s327        , -1.504367598132431e+01, -1.529856017209794e+01, -1.948503840674589e+00
s328        , -1.420735566635725e+01, -1.487500078897986e+01, -2.211113984431870e+00
s329        , -1.496079477552641e+01, -1.549930285065303e+01, -1.824041803532381e+00
s330        , -1.578988147075448e+01, -1.652706409844979e+01, -1.186821758859626e+00
s331        , -1.391180755293236e+01, -1.413323684401803e+01, -2.671013455401890e+00
s332        , -1.428779435430565e+01, -1.452715887662266e+01, -2.426778701705922e+00
s333        , -1.615043990479463e+01, -1.611849777531862e+01, -1.440136087684090e+00
s334        , -1.424218739063992e+01, -1.406185502324858e+01, -2.715270744842447e+00
s335        , -1.395485873248244e+01, -1.350899049300499e+01, -3.058051095254598e+00
s336        , -1.376016700074109e+01, -1.450270199177761e+01, -2.441942162370473e+00
s337        , -1.661537577483661e+01, -1.619851246527991e+01, -1.390526351550416e+00
s338        , -1.406917330007404e+01, -1.444245439064648e+01, -2.479296148197924e+00
s339        , -1.440015264581368e+01, -1.505653761326876e+01, -2.098559727758825e+00
s340        , -1.448971313646447e+01, -1.532636239001524e+01, -1.931266247234246e+00
s341        , -1.704823486464181e+01, -1.663148525791668e+01, -1.122079819967771e+00
s342        , -1.378698005276823e+01, -1.449679295742057e+01, -2.445605810075659e+00
s343        , -1.282187662277631e+01, -1.282347360848507e+01, -3.483076947040847e+00
s344        , -1.604444874790081e+01, -1.630592071888657e+01, -1.323932390834168e+00
s345        , -1.651729679491657e+01, -1.644368666537705e+01, -1.238516422130116e+00
s346        , -1.366498206169004e+01, -1.419435158890728e+01, -2.633121833634696e+00
s347        , -1.416920132255300e+01, -1.355965444716617e+01, -3.026639045809173e+00
s348        , -1.655053243550404e+01, -1.611683988889234e+01, -1.441163990287814e+00
s349        , -1.436089518094581e+01, -1.518875724178831e+01, -2.016582519752142e+00
s350        , -1.328457651012228e+01, -1.380770755222285e+01, -2.872844172705831e+00
s351        , -1.466353338705915e+01, -1.500611730622402e+01, -2.129820714078693e+00
s352        , -1.380494433693140e+01, -1.464808613443036e+01, -2.351802852219894e+00
s353        , -1.584039716110287e+01, -1.578419569406071e+01, -1.647406003347893e+00
s354        , -1.285894064638033e+01, -1.258925894697990e+01, -3.628291876468551e+00
s355        , -1.582609968705746e+01, -1.592008901775673e+01, -1.563151075482164e+00
s356        , -1.676821402079628e+01, -1.638610982882454e+01, -1.274214512945230e+00
s357        , -1.371538274887149e+01, -1.443379047630629e+01, -2.484667843126812e+00
s358        , -1.502019486056102e+01, -1.477165438417120e+01, -2.275189566995539e+00
s359        , -1.309300572816658e+01, -1.272496988709328e+01, -3.544150027856328e+00
s360        , -1.332759674805454e+01, -1.389493723345812e+01, -2.818761085322757e+00
s361        , -1.507785912916742e+01, -1.493129571926972e+01, -2.176210685566444e+00
s362        , -1.287159809181426e+01, -1.321076175554733e+01, -3.242955254477236e+00
s363        , -1.657712579031443e+01, -1.683553648884330e+01, -9.955664543730570e-01
s364        , -1.476732359161688e+01, -1.476629935826226e+01, -2.278509725112255e+00
s365        , -1.276762384028792e+01, -1.255531793463684e+01, -3.649335570660999e+00
s366        , -1.557812077007947e+01, -1.529346669597460e+01, -1.951661835870274e+00
s367        , -1.643211937338644e+01, -1.621795839912146e+01, -1.378469719859176e+00
s368        , -1.587808942619374e+01, -1.642833767579933e+01, -1.248032916204361e+00
s369        , -1.334509750418027e+01, -1.408874692611826e+01, -2.698597553880357e+00
s370        , -1.389741635648629e+01, -1.348459349463081e+01, -3.073177425836922e+00
s371        , -1.224387315119496e+01, -1.318442901012902e+01, -3.259281763428400e+00
s372        , -1.439031770625260e+01, -1.503688978595356e+01, -2.110741534989204e+00
s373        , -1.635455326754398e+01, -1.638236960162850e+01, -1.276533483178888e+00
s374        , -1.656603765226025e+01, -1.658300026429729e+01, -1.152140896765848e+00
s375        , -1.702574287600585e+01, -1.678312811320747e+01, -1.028060058831755e+00
s376        , -1.420967858175217e+01, -1.560393779728317e+01, -1.759167314920437e+00
s377        , -1.335519732321907e+01, -1.394982425517067e+01, -2.784730700831610e+00
s378        , -1.312943052714917e+01, -1.344332623930182e+01, -3.098763448213849e+00
s379        , -1.573842731388836e+01, -1.515763526678150e+01, -2.035878388658132e+00
s380        , -1.483123354466367e+01, -1.519381046585689e+01, -2.013449481146509e+00
s381        , -1.534008487837916e+01, -1.560940278961557e+01, -1.755778976757608e+00
s382        , -1.616955683505209e+01, -1.653493322889098e+01, -1.181942836189578e+00
s383        , -1.302435960935340e+01, -1.388170031348527e+01, -2.826968079655839e+00
s384        , -1.550294140856363e+01, -1.530278124981691e+01, -1.945886739340586e+00
s385        , -1.462255500509942e+01, -1.530663444890031e+01, -1.943497725649593e+00
s386        , -1.354694341898450e+01, -1.339505560844349e+01, -3.128691618416670e+00
s387        , -1.648504393550231e+01, -1.654054203905060e+01, -1.178465329844463e+00
s388        , -1.635539967920453e+01, -1.644481088320397e+01, -1.237819398248911e+00
s389        , -1.486753558001227e+01, -1.557823732825927e+01, -1.775101807541782e+00
s390        , -1.371438538008965e+01, -1.299040887565251e+01, -3.379575770449559e+00
s391        , -1.827401207772271e+01, -1.695621731003237e+01, -9.207433975258583e-01
s392        , -1.496052458473144e+01, -1.540199077026494e+01, -1.884376057567577e+00
s393        , -1.585960298906335e+01, -1.614200950998334e+01, -1.425558627553628e+00
s394        , -1.488774557823675e+01, -1.556282889939592e+01, -1.784655154439897e+00
s395        , -1.577068615364065e+01, -1.537789557540099e+01, -1.899315267603488e+00
s396        , -1.483079932990779e+01, -1.480484168270566e+01, -2.254613181283364e+00
s397        , -1.420385337366483e+01, -1.355100913687583e+01, -3.031999206081056e+00
s398        , -1.658928924334047e+01, -1.659691586236963e+01, -1.143513116681405e+00
s399        , -1.388129039931987e+01, -1.491873286503423e+01, -2.183999753848902e+00
s400        , -1.281592195452373e+01, -1.304912151330610e+01, -3.343173474032290e+00
s401        , -1.512682270962376e+01, -1.520362474500868e+01, -2.007364551000581e+00
s402        , -1.677580535287182e+01, -1.664352509725794e+01, -1.114615025026986e+00
s403        , -1.592927040302984e+01, -1.609194868298571e+01, -1.456596733421281e+00
s404        , -1.616373904886767e+01, -1.518645507934073e+01, -2.018009878548592e+00
s405        , -1.502074650550808e+01, -1.454852480863440e+01, -2.413531656071362e+00
s406        , -1.414977642950634e+01, -1.444251807529485e+01, -2.479256663215820e+00
s407        , -1.655219633009565e+01, -1.665208128316987e+01, -1.109310122569610e+00
s408        , -1.376243011238371e+01, -1.302524990746291e+01, -3.357974057119479e+00
s409        , -1.299998158470711e+01, -1.285484728620882e+01, -3.463625020473720e+00
s410        , -1.287546881786366e+01, -1.356480658867617e+01, -3.023444677613057e+00
s411        , -1.515776876104137e+01, -1.539928481170793e+01, -1.886053773122895e+00
s412        , -1.310216228524447e+01, -1.343296748702420e+01, -3.105185955973549e+00
s413        , -1.711815806273814e+01, -1.634039530484812e+01, -1.302557876808086e+00
s414        , -1.644988598747962e+01, -1.640781965807376e+01, -1.260754248322800e+00
s415        , -1.619553879917628e+01, -1.613460778130674e+01, -1.430147757459111e+00
s416        , -1.670132919253141e+01, -1.667817641251908e+01, -1.093130937447299e+00
s417        , -1.546129571144714e+01, -1.529755912121308e+01, -1.949124500084485e+00
s418        , -1.360899181090573e+01, -1.322483453999550e+01, -3.234230017605392e+00
s419        , -1.576401553091309e+01, -1.533989379863316e+01, -1.922876667628590e+00
s420        , -1.572685393978109e+01, -1.585097711320967e+01, -1.606000999039123e+00
s421        , -1.612000510793109e+01, -1.627760134159316e+01, -1.341490627148971e+00
s422        , -1.609404534477568e+01, -1.651693026915926e+01, -1.193104812601008e+00
s423        , -1.519895534547688e+01, -1.507090854865247e+01, -2.089649634965557e+00
s424        , -1.632164309937506e+01, -1.612716426558259e+01, -1.434762795662230e+00
s425        , -1.444566056832646e+01, -1.448895866188522e+01, -2.450463134830520e+00
s426        , -1.592207711736753e+01, -1.640659804598734e+01, -1.261511657409735e+00
s427        , -1.652858363203112e+01, -1.644850181667641e+01, -1.235530990510990e+00
s428        , -1.676243951947160e+01, -1.655145083323995e+01, -1.171701791779994e+00
s429        , -1.539788232161528e+01, -1.605592993686703e+01, -1.478928638871113e+00
s430        , -1.286167951362512e+01, -1.331697027424498e+01, -3.177105138826129e+00
s431        , -1.453473211914181e+01, -1.478744176748306e+01, -2.265401265363410e+00
s432        , -1.636733331862478e+01, -1.616877087218173e+01, -1.408966372832879e+00
s433        , -1.262474385020636e+01, -1.278669586829055e+01, -3.505879434778106e+00
s434        , -1.571290810656474e+01, -1.614112824378853e+01, -1.426105019515019e+00
s435        , -1.512044490177769e+01, -1.576844244816109e+01, -1.657173139516350e+00
s436        , -1.685711603759757e+01, -1.657016614888194e+01, -1.160098149110044e+00
s437        , -1.402457764497363e+01, -1.350038429894903e+01, -3.063387003153987e+00
s438        , -1.373212049851018e+01, -1.359372526304075e+01, -3.005514872407835e+00
s439        , -1.460172732266207e+01, -1.470484310810967e+01, -2.316613082824571e+00
s440        , -1.517482395629285e+01, -1.496378984776380e+01, -2.156064070722786e+00
s441        , -1.217812394069901e+01, -1.170870969198139e+01, -4.174239329546362e+00
s442        , -1.351336434227487e+01, -1.390466372980906e+01, -2.812730581202723e+00
s443        , -1.619423709573005e+01, -1.655256671568806e+01, -1.171009935899111e+00
s444        , -1.676731171959576e+01, -1.630993686046625e+01, -1.321442351515893e+00
s445        , -1.401770546679031e+01, -1.371665776738885e+01, -2.929295754319506e+00
s446        , -1.464584761211533e+01, -1.500881908340969e+01, -2.128145591006442e+00
s447        , -1.491435358734036e+01, -1.463479425238728e+01, -2.360043923468137e+00
s448        , -1.665092345044499e+01, -1.630125495162946e+01, -1.326825203173980e+00
s449        , -1.667139557466283e+01, -1.652030082851805e+01, -1.191015039329461e+00
s450        , -1.481210548218973e+01, -1.482834736475007e+01, -2.240039473825030e+00
s451        , -1.631743950609136e+01, -1.655975323895766e+01, -1.166554235035978e+00
s452        , -1.443299971912318e+01, -1.468015786426016e+01, -2.331918127865199e+00
s453        , -1.612012913490960e+01, -1.614325469289541e+01, -1.424786604369691e+00
s454        , -1.413849581242285e+01, -1.361273160073086e+01, -2.993730793782647e+00
s455        , -1.507049628372260e+01, -1.482435885667438e+01, -2.242512380153823e+00
s456        , -1.322157077016988e+01, -1.340941493199666e+01, -3.119788725049519e+00
s457        , -1.607694171766630e+01, -1.594325534036478e+01, -1.548787773539374e+00
s458        , -1.706402886578920e+01, -1.671642293772415e+01, -1.069417791469091e+00
s459        , -1.447080446629908e+01, -1.482992047736152e+01, -2.239064131652233e+00
s460        , -1.690706284313252e+01, -1.674776461893385e+01, -1.049985702991948e+00
s461        , -1.772051314013882e+01, -1.677517988577947e+01, -1.032988022254776e+00
s462        , -1.413223236043502e+01, -1.414558900637635e+01, -2.663355017737845e+00
s463        , -1.535420761445792e+01, -1.502280136984139e+01, -2.119476463615493e+00
s464        , -1.458200954714616e+01, -1.474281181200973e+01, -2.293072188237205e+00
s465        , -1.638994424372458e+01, -1.641642031204632e+01, -1.255421775318630e+00
s466        , -1.623486048340570e+01, -1.598962511252520e+01, -1.520038150656753e+00
s467        , -1.507437091684449e+01, -1.545856249011020e+01, -1.849301147004166e+00
s468        , -1.537992113023538e+01, -1.595974106738315e+01, -1.538566493325092e+00
s469        , -1.688831688844773e+01, -1.650678330165186e+01, -1.199396012140026e+00
s470        , -1.246905936495125e+01, -1.211822110265688e+01, -3.920339039022620e+00
s471        , -1.560470833398571e+01, -1.546682125865777e+01, -1.844180645648323e+00
s472        , -1.258719815799923e+01, -1.250635201839428e+01, -3.679694823262140e+00
s473        , -1.574141284760104e+01, -1.486430716069234e+01, -2.217744117947503e+00
s474        , -1.419503348629057e+01, -1.407794119188551e+01, -2.705297193962405e+00
s475        , -1.520645964410357e+01, -1.498503293041265e+01, -2.142893192657958e+00
s476        , -1.364211291008551e+01, -1.400360055405892e+01, -2.751388973214070e+00
s477        , -1.622440908019061e+01, -1.660224076717026e+01, -1.140211633888384e+00
s478        , -1.450658975724722e+01, -1.484047767351240e+01, -2.232518587132716e+00
s479        , -1.661904461415436e+01, -1.641123029385601e+01, -1.258639627353981e+00
s480        , -1.492790201790967e+01, -1.466642089310416e+01, -2.340435157858753e+00
s481        , -1.420522205049059e+01, -1.420320990292316e+01, -2.627629609380254e+00
s482        , -1.670710738767636e+01, -1.665728149105075e+01, -1.106085952846083e+00
s483        , -1.590685478420236e+01, -1.589775242761050e+01, -1.576999936782713e+00
s484        , -1.363414499374147e+01, -1.407520836431756e+01, -2.706991568515505e+00
s485        , -1.653312124543369e+01, -1.673719820767117e+01, -1.056536960953139e+00
s486        , -1.369916691094825e+01, -1.443158354142979e+01, -2.486036160081365e+00
s487        , -1.416860120688891e+01, -1.372583941844953e+01, -2.923603058558112e+00
s488        , -1.567715364740370e+01, -1.601507704550323e+01, -1.504257752335609e+00
s489        , -1.406303277722796e+01, -1.454171482250852e+01, -2.417753900948421e+00
s490        , -1.359570323331145e+01, -1.377728239474571e+01, -2.891708009271297e+00
s491        , -1.445574367969524e+01, -1.396997332159412e+01, -2.772238121417872e+00
s492        , -1.278035403065666e+01, -1.326583079577349e+01, -3.208812017078254e+00
s493        , -1.382187883962455e+01, -1.409604781829006e+01, -2.694070943399723e+00
s494        , -1.538651067106373e+01, -1.637086682125143e+01, -1.283665297344339e+00
s495        , -1.300175100305644e+01, -1.338815621533921e+01, -3.132969296322455e+00
s496        , -1.406671079754677e+01, -1.439704524670394e+01, -2.507450174041617e+00
s497        , -1.656349248954072e+01, -1.681772471135095e+01, -1.006609896294716e+00
s498        , -1.289311225521770e+01, -1.239213372995233e+01, -3.750511059055669e+00
s499        , -1.703491581634914e+01, -1.676317295789027e+01, -1.040432411836832e+00
s500        , -1.289098034700617e+01, -1.301319276941721e+01, -3.365449577392867e+00
