# c0 + a0 * ((S + AAV) / (rho + E_T))
# Property Label: $ln_{D}$; Unit of the Property: Unitless
# RMSE: 0.430992223850361; Max AE: 1.40547410425397
# Coefficients
# Task   a0                      c0
# all ,  1.608151228298000e+00, -1.850599137232930e+01, 
# Feature Rung, Units, and Expressions
# 0;  2; Unitless;                                         6|1|add|4|0|add|div; ((S + AAV) / (rho + E_T)); $\left(\frac{ \left(S + AAV\right) }{ \left(rho + E_{T}\right) } \right)$; ((S + AAV) ./ (rho + E_T)); ((newdata$S + newdata$AAV) / (newdata$rho + newdata$E_T)); S,AAV,rho,E_T
# Number of Samples Per Task
# Task, n_samples               
# all , 500                   

# Sample ID , Property Value        ,  Property Value (EST) ,  Feature 0 Value      
s1          , -1.575591211304615e+01, -1.588282591777757e+01,  1.631168392868115e+00
s2          , -1.676053957577113e+01, -1.622003053470029e+01,  1.421483749416017e+00
s3          , -1.469519139678599e+01, -1.431043132622121e+01,  2.608933769586144e+00
s4          , -1.482490640944098e+01, -1.481142167085788e+01,  2.297401908763023e+00
s5          , -1.661617250197141e+01, -1.670002129262261e+01,  1.123010104975048e+00
s6          , -1.434920619754616e+01, -1.455850440714943e+01,  2.454673973266635e+00
s7          , -1.650308689038163e+01, -1.654569388356251e+01,  1.218975836520980e+00
s8          , -1.458891392032861e+01, -1.390360343062415e+01,  2.861912400226271e+00
s9          , -1.601703755740822e+01, -1.603511998811194e+01,  1.536467056541957e+00
s10         , -1.658811786664458e+01, -1.627549832120738e+01,  1.386992101161148e+00
s11         , -1.506367336241177e+01, -1.484005964842103e+01,  2.279593896021923e+00
s12         , -1.549821089880063e+01, -1.510286710761179e+01,  2.116171790832907e+00
s13         , -1.453148296371105e+01, -1.426943427593853e+01,  2.634427050044644e+00
s14         , -1.465169748063443e+01, -1.427297663028959e+01,  2.632224300521635e+00
s15         , -1.581197879728031e+01, -1.516349531234794e+01,  2.078471229051585e+00
s16         , -1.619315500215883e+01, -1.629923813500956e+01,  1.372229923708904e+00
s17         , -1.684922037807049e+01, -1.632594674169513e+01,  1.355621655645803e+00
s18         , -1.426536183018756e+01, -1.433600388515363e+01,  2.593031932443951e+00
s19         , -1.606751413385304e+01, -1.547688126438642e+01,  1.883597795182961e+00
s20         , -1.502445348449817e+01, -1.518732249184108e+01,  2.063654724811273e+00
s21         , -1.635889943275450e+01, -1.604587001546822e+01,  1.529782344826348e+00
s22         , -1.609859360689693e+01, -1.665638195530827e+01,  1.150146444236206e+00
s23         , -1.425699056390511e+01, -1.458665295515019e+01,  2.437170303521251e+00
s24         , -1.783369299687520e+01, -1.684010022499722e+01,  1.035904533117320e+00
s25         , -1.437292967204356e+01, -1.483315413887059e+01,  2.283887963289303e+00
s26         , -1.507280660180631e+01, -1.472806178052338e+01,  2.349237761553265e+00
s27         , -1.727846250712225e+01, -1.657536296668079e+01,  1.200526649282737e+00
s28         , -1.397837986980880e+01, -1.390147191480296e+01,  2.863237845112100e+00
s29         , -1.642893168374653e+01, -1.676134759059470e+01,  1.084875446434885e+00
s30         , -1.682966437283499e+01, -1.648431276932448e+01,  1.257144581573020e+00
s31         , -1.420746367536026e+01, -1.453837902317164e+01,  2.467188582355413e+00
s32         , -1.693330532410375e+01, -1.646503182810796e+01,  1.269134089075320e+00
s33         , -1.474461208276328e+01, -1.465272965417291e+01,  2.396081693283614e+00
s34         , -1.716094441986192e+01, -1.650039873232936e+01,  1.247141813971428e+00
s35         , -1.490781329092262e+01, -1.551563086789993e+01,  1.859502049191135e+00
s36         , -1.262179431497255e+01, -1.259400712696229e+01,  3.676261374761385e+00
s37         , -1.644088958394727e+01, -1.657058566614715e+01,  1.203497327941291e+00
s38         , -1.461238558797282e+01, -1.413640453761025e+01,  2.717149207008122e+00
s39         , -1.501622627955599e+01, -1.486225783233927e+01,  2.265790353464713e+00
s40         , -1.623397018878606e+01, -1.624137825570649e+01,  1.408209051968069e+00
s41         , -1.477366635037428e+01, -1.509971033024184e+01,  2.118134776225324e+00
s42         , -1.422311445934928e+01, -1.395934061947080e+01,  2.827253228958131e+00
s43         , -1.258984560834217e+01, -1.296332331237625e+01,  3.446608728346513e+00
s44         , -1.596299994962497e+01, -1.635296588960441e+01,  1.338820283092136e+00
s45         , -1.348787700887648e+01, -1.305120086322328e+01,  3.391963649388336e+00
s46         , -1.542057609084416e+01, -1.443667933142389e+01,  2.530428711740128e+00
s47         , -1.436307499232010e+01, -1.471501948506656e+01,  2.357347879076615e+00
s48         , -1.488673519218485e+01, -1.523697297124273e+01,  2.032780464649688e+00
s49         , -1.670962096820184e+01, -1.690830718739646e+01,  9.934912568041051e-01
s50         , -1.470058355659457e+01, -1.441611234745394e+01,  2.543217921864178e+00
s51         , -1.422124899427813e+01, -1.523929196307050e+01,  2.031338441171446e+00
s52         , -1.445526933875853e+01, -1.460634475504258e+01,  2.424925310919883e+00
s53         , -1.689013290841563e+01, -1.674148620757065e+01,  1.097225891265298e+00
s54         , -1.720944815722343e+01, -1.637138394653021e+01,  1.327367344710654e+00
s55         , -1.562566680706692e+01, -1.636407629755843e+01,  1.331911475165045e+00
s56         , -1.398744736555374e+01, -1.423429208764746e+01,  2.656279589577423e+00
s57         , -1.422672185441562e+01, -1.460107080392330e+01,  2.428204822837969e+00
s58         , -1.312845606224703e+01, -1.255775560911700e+01,  3.698803730982233e+00
s59         , -1.619702485478463e+01, -1.628839646413790e+01,  1.378971622300980e+00
s60         , -1.672765451482195e+01, -1.673154492584290e+01,  1.103407699016217e+00
s61         , -1.650980416381348e+01, -1.644079743344449e+01,  1.284203812766118e+00
s62         , -1.380421394955886e+01, -1.347397555063163e+01,  3.129068792257399e+00
s63         , -1.727933600205615e+01, -1.681320855991134e+01,  1.052626632763596e+00
s64         , -1.494958812372483e+01, -1.457725502152036e+01,  2.443014240002137e+00
s65         , -1.623922548981244e+01, -1.644087356005289e+01,  1.284156474799976e+00
s66         , -1.367737338350917e+01, -1.460683595196943e+01,  2.424619868920276e+00
s67         , -1.741146232592018e+01, -1.649649131102865e+01,  1.249571573829800e+00
s68         , -1.487711888617207e+01, -1.505070781214424e+01,  2.148606113270823e+00
s69         , -1.433186966990272e+01, -1.494590182092313e+01,  2.213777839273249e+00
s70         , -1.495278133437334e+01, -1.440653814465657e+01,  2.549171468165606e+00
s71         , -1.570155986508802e+01, -1.562156491284084e+01,  1.793628863214077e+00
s72         , -1.639206679417054e+01, -1.656879778247496e+01,  1.204609091338127e+00
s73         , -1.656159175852897e+01, -1.611602481915615e+01,  1.486157838341231e+00
s74         , -1.616936532813614e+01, -1.612029529074596e+01,  1.483502322171692e+00
s75         , -1.476925333058890e+01, -1.492969444276408e+01,  2.223856106710949e+00
s76         , -1.554181169575925e+01, -1.565426062988385e+01,  1.773297617950770e+00
s77         , -1.355623132555349e+01, -1.410868227472873e+01,  2.734387798997303e+00
s78         , -1.613153244530022e+01, -1.635935189392119e+01,  1.334849260837259e+00
s79         , -1.369332123872701e+01, -1.473441934794697e+01,  2.345284422270413e+00
s80         , -1.596103871394553e+01, -1.510451728041952e+01,  2.115145660467367e+00
s81         , -1.371015102329203e+01, -1.341234079481039e+01,  3.167395259779032e+00
s82         , -1.618514068737401e+01, -1.656630981484455e+01,  1.206156189388746e+00
s83         , -1.463129145817202e+01, -1.495347682379428e+01,  2.209067459591382e+00
s84         , -1.558344435959043e+01, -1.594048251619157e+01,  1.595315671184087e+00
s85         , -1.436666926664573e+01, -1.459458739903918e+01,  2.432236411888815e+00
s86         , -1.340858470992052e+01, -1.325564828199571e+01,  3.264831688677897e+00
s87         , -1.690450093998452e+01, -1.623480406523175e+01,  1.412297094410256e+00
s88         , -1.434879628797493e+01, -1.451902722644149e+01,  2.479222150088114e+00
s89         , -1.503479473600998e+01, -1.459459224818872e+01,  2.432233396532142e+00
s90         , -1.481179943199058e+01, -1.507851467394587e+01,  2.131314914960413e+00
s91         , -1.288609925783191e+01, -1.319477265961466e+01,  3.302686102684396e+00
s92         , -1.580824275413979e+01, -1.566629951651845e+01,  1.765811452207927e+00
s93         , -1.408132744524983e+01, -1.361007594762550e+01,  3.044437201273315e+00
s94         , -1.417595748076664e+01, -1.463319391581375e+01,  2.408229641819422e+00
s95         , -1.290027811695738e+01, -1.323083973962154e+01,  3.280258435825566e+00
s96         , -1.563974152224070e+01, -1.508910441585459e+01,  2.124729873875733e+00
s97         , -1.649006866380947e+01, -1.681420791053525e+01,  1.052005204500923e+00
s98         , -1.474432582637551e+01, -1.478179814155421e+01,  2.315822769178633e+00
s99         , -1.617902320789352e+01, -1.638526843319083e+01,  1.318733525691461e+00
s100        , -1.588005443066773e+01, -1.500779858515573e+01,  2.175288446519988e+00
s101        , -1.606627254137342e+01, -1.613132251416126e+01,  1.476645241058139e+00
s102        , -1.451131934460694e+01, -1.455472923670600e+01,  2.457021495301254e+00
s103        , -1.502092590861538e+01, -1.520095647193766e+01,  2.055176678806228e+00
s104        , -1.557036849723766e+01, -1.563007662047848e+01,  1.788336010472453e+00
s105        , -1.434931863042170e+01, -1.428929262809195e+01,  2.622078489906779e+00
s106        , -1.213742527798283e+01, -1.206003269597700e+01,  4.008303798128758e+00
s107        , -1.659053433805247e+01, -1.658616581927627e+01,  1.193809089139519e+00
s108        , -1.700250083426357e+01, -1.667168713674826e+01,  1.140629191647850e+00
s109        , -1.566474756073793e+01, -1.516459376478699e+01,  2.077788176102507e+00
s110        , -1.431419118557280e+01, -1.409336162406342e+01,  2.743914670845993e+00
s111        , -1.645030650736458e+01, -1.627733129268132e+01,  1.385852300723420e+00
s112        , -1.338762259085481e+01, -1.297923416767228e+01,  3.436714848333209e+00
s113        , -1.433675892531957e+01, -1.466375779665360e+01,  2.389224040665731e+00
s114        , -1.609955695453763e+01, -1.627566603757822e+01,  1.386887809743840e+00
s115        , -1.546929652764100e+01, -1.513244565044135e+01,  2.097778904449411e+00
s116        , -1.637830542970395e+01, -1.627858984416569e+01,  1.385069693054306e+00
s117        , -1.674807484517825e+01, -1.666505287635260e+01,  1.144754587493042e+00
s118        , -1.523642937716048e+01, -1.465922237034476e+01,  2.392044314175481e+00
s119        , -1.525541306886539e+01, -1.528894911805478e+01,  2.000460029918524e+00
s120        , -1.490045415348265e+01, -1.591817087275909e+01,  1.609189766505390e+00
s121        , -1.709928581270984e+01, -1.660812808400513e+01,  1.180152248699144e+00
s122        , -1.651833889258148e+01, -1.656129679767132e+01,  1.209273444212188e+00
s123        , -1.584219836251522e+01, -1.660658703991254e+01,  1.181110519330329e+00
s124        , -1.434420835450800e+01, -1.460997210944855e+01,  2.422669705637158e+00
s125        , -1.696687428130489e+01, -1.639979210046026e+01,  1.309702243674032e+00
s126        , -1.626031865342975e+01, -1.603403480522425e+01,  1.537141858058504e+00
s127        , -1.444652906875201e+01, -1.475287874600092e+01,  2.333805776649821e+00
s128        , -1.550757694366739e+01, -1.478085463608335e+01,  2.316409471134432e+00
s129        , -1.437474319081911e+01, -1.459139857133217e+01,  2.434219327208534e+00
s130        , -1.294395503489043e+01, -1.349336962725889e+01,  3.117008933528948e+00
s131        , -1.368728725933399e+01, -1.394733156628134e+01,  2.834720843308161e+00
s132        , -1.634804464087011e+01, -1.623014285312319e+01,  1.415195585563665e+00
s133        , -1.526577331630236e+01, -1.505754296270098e+01,  2.144355797481815e+00
s134        , -1.358907204541357e+01, -1.379107808030240e+01,  2.931884271242929e+00
s135        , -1.251531043120831e+01, -1.301268265159069e+01,  3.415915508488904e+00
s136        , -1.551825006632732e+01, -1.515020758764891e+01,  2.086733962347569e+00
s137        , -1.251550668315227e+01, -1.300333396231306e+01,  3.421728823252538e+00
s138        , -1.515118812744504e+01, -1.579398651164479e+01,  1.686411584285383e+00
s139        , -1.716590059353486e+01, -1.659551861181376e+01,  1.187993222837323e+00
s140        , -1.517245768667761e+01, -1.529523867540756e+01,  1.996548981478480e+00
s141        , -1.515272979184492e+01, -1.471593408540652e+01,  2.356779151258072e+00
s142        , -1.571494590073632e+01, -1.504068333284461e+01,  2.154839655939713e+00
s143        , -1.317275764850951e+01, -1.226063428487613e+01,  3.883563297752164e+00
s144        , -1.567547130773729e+01, -1.585105781023496e+01,  1.650922820799763e+00
s145        , -1.717630807447705e+01, -1.677849656373506e+01,  1.074211665045055e+00
s146        , -1.271063083617605e+01, -1.287389735264889e+01,  3.502216657597049e+00
s147        , -1.416477604175418e+01, -1.467974271322621e+01,  2.379284106975831e+00
s148        , -1.546283640715642e+01, -1.490077806857210e+01,  2.241837235402796e+00
s149        , -1.308258050736013e+01, -1.339658152865837e+01,  3.177194876801805e+00
s150        , -1.343350672133549e+01, -1.296612977121012e+01,  3.444863582252984e+00
s151        , -1.536729547226238e+01, -1.472851946881108e+01,  2.348953156299944e+00
s152        , -1.677944164125962e+01, -1.644026525426451e+01,  1.284534738844847e+00
s153        , -1.538993954039009e+01, -1.522208981545252e+01,  2.042035288156530e+00
s154        , -1.352780543056411e+01, -1.472105957777999e+01,  2.353591955748545e+00
s155        , -1.695942368239437e+01, -1.632444911377046e+01,  1.356552928711624e+00
s156        , -1.421914414070176e+01, -1.490515301449452e+01,  2.239116753743216e+00
s157        , -1.721807371285914e+01, -1.630931258839451e+01,  1.365965305551311e+00
s158        , -1.306694656831443e+01, -1.295361061993028e+01,  3.452648391952186e+00
s159        , -1.610568644553464e+01, -1.579282353563461e+01,  1.687134760059967e+00
s160        , -1.469958879574686e+01, -1.469208102129297e+01,  2.371611751385354e+00
s161        , -1.397090813949345e+01, -1.449757699889506e+01,  2.492560589389706e+00
s162        , -1.446678342676426e+01, -1.402717318837421e+01,  2.785072762525752e+00
s163        , -1.369523421071183e+01, -1.363558856599857e+01,  3.028572637092944e+00
s164        , -1.529503222203964e+01, -1.528847541617676e+01,  2.000754592935780e+00
s165        , -1.633321206845500e+01, -1.649310737736614e+01,  1.251675812288819e+00
s166        , -1.489526954713951e+01, -1.509293014922813e+01,  2.122350910189841e+00
s167        , -1.316411969580279e+01, -1.272570562385237e+01,  3.594367026411156e+00
s168        , -1.521994145867225e+01, -1.508907666641060e+01,  2.124747129369804e+00
s169        , -1.646060855285067e+01, -1.638673299205347e+01,  1.317822816028794e+00
s170        , -1.475138591090689e+01, -1.515298364278156e+01,  2.085007722250369e+00
s171        , -1.413163078642262e+01, -1.379820439066829e+01,  2.927452902948396e+00
s172        , -1.511887280547885e+01, -1.499402015635812e+01,  2.183856315359162e+00
s173        , -1.616800548598967e+01, -1.629534880370527e+01,  1.374648434627437e+00
s174        , -1.589203754588484e+01, -1.582794971593236e+01,  1.665292174810741e+00
s175        , -1.342492585523155e+01, -1.309080857718457e+01,  3.367334302804305e+00
s176        , -1.466195030038903e+01, -1.486810163800543e+01,  2.262156487716680e+00
s177        , -1.747555642548953e+01, -1.675275128912098e+01,  1.090220902336328e+00
s178        , -1.492207724374237e+01, -1.449794156709570e+01,  2.492333889192468e+00
s179        , -1.518711745246239e+01, -1.488187309892544e+01,  2.253592951727229e+00
s180        , -1.493215977763767e+01, -1.463377411750805e+01,  2.407868853801419e+00
s181        , -1.370584339007942e+01, -1.410630325259387e+01,  2.735867151245396e+00
s182        , -1.416113528868485e+01, -1.421697704768737e+01,  2.667046636640785e+00
s183        , -1.392914200220966e+01, -1.453755941798940e+01,  2.467698239138817e+00
s184        , -1.304255064430975e+01, -1.262951905369781e+01,  3.654178920007981e+00
s185        , -1.429154097939297e+01, -1.402837475701205e+01,  2.784325588617792e+00
s186        , -1.585372480876657e+01, -1.590397047468974e+01,  1.618020029368403e+00
s187        , -1.656045021471009e+01, -1.644404285402070e+01,  1.282185706185658e+00
s188        , -1.630674891529737e+01, -1.632211039229696e+01,  1.358007220716219e+00
s189        , -1.339821218697675e+01, -1.323162886292971e+01,  3.279767733648880e+00
s190        , -1.487586583272424e+01, -1.487349428477096e+01,  2.258803167039726e+00
s191        , -1.620836932364004e+01, -1.635936930122462e+01,  1.334838436417810e+00
s192        , -1.717619838158209e+01, -1.607426898301167e+01,  1.512122956179480e+00
s193        , -1.284484832854133e+01, -1.311567172161983e+01,  3.351873602344207e+00
s194        , -1.656794461765075e+01, -1.636002543263906e+01,  1.334430432865103e+00
s195        , -1.552220045334882e+01, -1.621289675807850e+01,  1.425919760467875e+00
s196        , -1.348002981882103e+01, -1.334929464702119e+01,  3.206599376083393e+00
s197        , -1.539268838842849e+01, -1.550726489161649e+01,  1.864704281503763e+00
s198        , -1.637009230377727e+01, -1.623906571504594e+01,  1.409647063903675e+00
s199        , -1.644329163433837e+01, -1.622013057574996e+01,  1.421421540683460e+00
s200        , -1.565311565896740e+01, -1.561574353073655e+01,  1.797248785272308e+00
s201        , -1.494600080834396e+01, -1.498150358560089e+01,  2.191639520406660e+00
s202        , -1.723550588652722e+01, -1.674064276762919e+01,  1.097750369266257e+00
s203        , -1.467259466184894e+01, -1.429403358367341e+01,  2.619130411704905e+00
s204        , -1.336646670280753e+01, -1.375142156379941e+01,  2.956543964812269e+00
s205        , -1.429158726599310e+01, -1.446583418871856e+01,  2.512299286607939e+00
s206        , -1.412886778391386e+01, -1.464182968534913e+01,  2.402859643411669e+00
s207        , -1.525388554280862e+01, -1.600224681808491e+01,  1.556908647760853e+00
s208        , -1.384018553221394e+01, -1.417383189414662e+01,  2.693875676585254e+00
s209        , -1.432024360363505e+01, -1.445222948195203e+01,  2.520759129517688e+00
s210        , -1.368565584764942e+01, -1.368395228416041e+01,  2.998498526330969e+00
s211        , -1.480933047223258e+01, -1.504544268691333e+01,  2.151880136968510e+00
s212        , -1.259867993081356e+01, -1.301317812813786e+01,  3.415607405284146e+00
s213        , -1.726824394578118e+01, -1.661774964684354e+01,  1.174169252405568e+00
s214        , -1.454538375691559e+01, -1.481356019044376e+01,  2.296072108711726e+00
s215        , -1.465229298358164e+01, -1.522266624967655e+01,  2.041676842872350e+00
s216        , -1.521420631413675e+01, -1.478687621868191e+01,  2.312665057989319e+00
s217        , -1.568635291924512e+01, -1.608447795022622e+01,  1.505774693009382e+00
s218        , -1.327567767019652e+01, -1.327482416113824e+01,  3.252907512142068e+00
s219        , -1.640816312041515e+01, -1.677871078958306e+01,  1.074078452543498e+00
s220        , -1.515666577952049e+01, -1.465463386544907e+01,  2.394897593652523e+00
s221        , -1.680342370915705e+01, -1.653658111560181e+01,  1.224642447844802e+00
s222        , -1.445320010096292e+01, -1.494962324130388e+01,  2.211463740751134e+00
s223        , -1.528312427720172e+01, -1.485145684851847e+01,  2.272506751543905e+00
s224        , -1.385647391943025e+01, -1.346795343461234e+01,  3.132813537100622e+00
s225        , -1.519512789134073e+01, -1.566931861744616e+01,  1.763934078441965e+00
s226        , -1.212120416721036e+01, -1.135805722012020e+01,  4.444814658242171e+00
s227        , -1.526250314651463e+01, -1.546971754693354e+01,  1.888052424403663e+00
s228        , -1.544498832032832e+01, -1.537366429729198e+01,  1.947781415030506e+00
s229        , -1.425648540487167e+01, -1.384754636272236e+01,  2.896770482547992e+00
s230        , -1.410955358902456e+01, -1.404997189491979e+01,  2.770895795742779e+00
s231        , -1.491438480708190e+01, -1.501713947578076e+01,  2.169479981208605e+00
s232        , -1.742424998612843e+01, -1.681929009875780e+01,  1.048844936901011e+00
s233        , -1.583164830147902e+01, -1.547159384717443e+01,  1.886885680749288e+00
s234        , -1.638293701973929e+01, -1.625964067459587e+01,  1.396852894308252e+00
s235        , -1.627586490028168e+01, -1.589434805622684e+01,  1.624003557716718e+00
s236        , -1.393775181593451e+01, -1.398405030971985e+01,  2.811887951231605e+00
s237        , -1.690081744696345e+01, -1.609042268739566e+01,  1.502078064816193e+00
s238        , -1.687644618818508e+01, -1.646369867739064e+01,  1.269963084939556e+00
s239        , -1.361873033887506e+01, -1.297328510375186e+01,  3.440414167038895e+00
s240        , -1.273541291514849e+01, -1.235012315543296e+01,  3.827916248530592e+00
s241        , -1.514337202974105e+01, -1.529007124691991e+01,  1.999762254208508e+00
s242        , -1.704214219288776e+01, -1.668741088619412e+01,  1.130851660051829e+00
s243        , -1.321259524852956e+01, -1.243254715319443e+01,  3.776662363752168e+00
s244        , -1.593976621848501e+01, -1.545163218385388e+01,  1.899298483083604e+00
s245        , -1.570938600109272e+01, -1.522705417588269e+01,  2.038948289656130e+00
s246        , -1.336165500313448e+01, -1.401941982040826e+01,  2.789894055342942e+00
s247        , -1.644511421590129e+01, -1.646967599536690e+01,  1.266246196955960e+00
s248        , -1.472719117555502e+01, -1.491231003449576e+01,  2.234666289212702e+00
s249        , -1.493538393947397e+01, -1.513121702274903e+01,  2.098542904545108e+00
s250        , -1.722349336023687e+01, -1.672839206776575e+01,  1.105368247266699e+00
s251        , -1.466025892889519e+01, -1.442834122870630e+01,  2.535613611375727e+00
s252        , -1.505227471607330e+01, -1.514293234103538e+01,  2.091257943976602e+00
s253        , -1.462479835293133e+01, -1.472756879195538e+01,  2.349544317652790e+00
s254        , -1.302879342694494e+01, -1.381649253530778e+01,  2.916080748192255e+00
s255        , -1.377312018425192e+01, -1.356765848529873e+01,  3.070813739487111e+00
s256        , -1.458251483105969e+01, -1.475990467990331e+01,  2.329436825658926e+00
s257        , -1.452110280447198e+01, -1.468549446558608e+01,  2.375707482925394e+00
s258        , -1.546830801632554e+01, -1.573237507430645e+01,  1.724723551626627e+00
s259        , -1.639406896507808e+01, -1.677986611906393e+01,  1.073360031626027e+00
s260        , -1.424209261090179e+01, -1.394435683199351e+01,  2.836570628474806e+00
s261        , -1.419913997125934e+01, -1.379252444038155e+01,  2.930984878167393e+00
s262        , -1.615492564268721e+01, -1.637940888577487e+01,  1.322377180164278e+00
s263        , -1.427900815493067e+01, -1.425148522850532e+01,  2.645588343284592e+00
s264        , -1.600948145044856e+01, -1.647738687905715e+01,  1.261451322223680e+00
s265        , -1.636239272115105e+01, -1.642962792436816e+01,  1.291149371666168e+00
s266        , -1.457844565837979e+01, -1.457037394701983e+01,  2.447293112771964e+00
s267        , -1.575409903109665e+01, -1.632847976016255e+01,  1.354046543540147e+00
s268        , -1.227757272251924e+01, -1.217214600113887e+01,  3.938588150004966e+00
s269        , -1.622700900366220e+01, -1.642608489563945e+01,  1.293352540538826e+00
s270        , -1.546409444882736e+01, -1.539972913791858e+01,  1.931573461345584e+00
s271        , -1.422886887640718e+01, -1.481836465252479e+01,  2.293084540132052e+00
s272        , -1.746656343532695e+01, -1.661416611738193e+01,  1.176397605932624e+00
s273        , -1.483685347735423e+01, -1.497912722146184e+01,  2.193117219827730e+00
s274        , -1.535903505783984e+01, -1.556980671978815e+01,  1.825813767308867e+00
s275        , -1.382740673499197e+01, -1.404227016562144e+01,  2.775684977980635e+00
s276        , -1.515227513491734e+01, -1.441090559551283e+01,  2.546455647178495e+00
s277        , -1.373096432780352e+01, -1.408658158749666e+01,  2.748130714988767e+00
s278        , -1.480708276524996e+01, -1.452128845065882e+01,  2.477816048362398e+00
s279        , -1.362515716828419e+01, -1.469066923716520e+01,  2.372489644025631e+00
s280        , -1.648714264992866e+01, -1.611687738374692e+01,  1.485627686340743e+00
s281        , -1.669665260455353e+01, -1.656529951337454e+01,  1.206784427238664e+00
s282        , -1.437951906230024e+01, -1.447014451707423e+01,  2.509618986223356e+00
s283        , -1.569054308092746e+01, -1.564666188281523e+01,  1.778022762535997e+00
s284        , -1.408244861625093e+01, -1.431824402729556e+01,  2.604075581539606e+00
s285        , -1.507118865886332e+01, -1.482911325377025e+01,  2.286400715217877e+00
s286        , -1.607167169403725e+01, -1.631165881185022e+01,  1.364506348573616e+00
s287        , -1.521530310487212e+01, -1.526283829736309e+01,  2.016696575482286e+00
s288        , -1.241113414809566e+01, -1.257032438449320e+01,  3.690988063428689e+00
s289        , -1.624804696423284e+01, -1.581307171351063e+01,  1.674543793787816e+00
s290        , -1.528773160724545e+01, -1.585426345842932e+01,  1.648929445961658e+00
s291        , -1.504225897760969e+01, -1.482436474582389e+01,  2.289353489722411e+00
s292        , -1.651062533511386e+01, -1.631353044642964e+01,  1.363342506177151e+00
s293        , -1.411632155619445e+01, -1.494566904691970e+01,  2.213922585612608e+00
s294        , -1.459330008701092e+01, -1.496155258928423e+01,  2.204045689655916e+00
s295        , -1.497891998928428e+01, -1.433567194277741e+01,  2.593238344857396e+00
s296        , -1.635096107524269e+01, -1.619501229537912e+01,  1.437040892849381e+00
s297        , -1.394044684088756e+01, -1.402770813521975e+01,  2.784740115423834e+00
s298        , -1.390689281260246e+01, -1.348042289922111e+01,  3.125059624166717e+00
s299        , -1.691879923072396e+01, -1.643293810484736e+01,  1.289090995301466e+00
s300        , -1.494792565353429e+01, -1.538618620563267e+01,  1.939994890902459e+00
s301        , -1.498305372914210e+01, -1.518045806116976e+01,  2.067923247914407e+00
s302        , -1.688039087699787e+01, -1.663337865809685e+01,  1.164450632055514e+00
s303        , -1.435435685984294e+01, -1.408748090013420e+01,  2.747571493553796e+00
s304        , -1.350771639624432e+01, -1.424006179264672e+01,  2.652691802000155e+00
s305        , -1.449460775327996e+01, -1.347468814938993e+01,  3.128625675499617e+00
s306        , -1.471831019435806e+01, -1.481850934213710e+01,  2.292994567491568e+00
s307        , -1.344874549522846e+01, -1.328022605239580e+01,  3.249548442943537e+00
s308        , -1.638618109006332e+01, -1.646135436950663e+01,  1.271420850753338e+00
s309        , -1.279304785757977e+01, -1.278639066712429e+01,  3.556631120605739e+00
s310        , -1.469069298514492e+01, -1.474194825673274e+01,  2.340602705368866e+00
s311        , -1.368313770151841e+01, -1.368630202809707e+01,  2.997037380205336e+00
s312        , -1.659858795839794e+01, -1.621816709546808e+01,  1.422642495682799e+00
s313        , -1.330584008279445e+01, -1.343480970010181e+01,  3.153423373991149e+00
s314        , -1.480189358824097e+01, -1.463547835961791e+01,  2.406809101410058e+00
s315        , -1.579808967657021e+01, -1.588498554056866e+01,  1.629825470167136e+00
s316        , -1.409124791542818e+01, -1.480436842297706e+01,  2.301787844461546e+00
s317        , -1.673843059299944e+01, -1.690197860804704e+01,  9.974265703729143e-01
s318        , -1.553360556127604e+01, -1.527523907736459e+01,  2.008985372839595e+00
s319        , -1.442071004756051e+01, -1.477535338828834e+01,  2.319830323413869e+00
s320        , -1.652173868715270e+01, -1.623358627408101e+01,  1.413054355996923e+00
s321        , -1.546678284073158e+01, -1.603530372729715e+01,  1.536352801624894e+00
s322        , -1.260809918429022e+01, -1.248672229776215e+01,  3.742974521704463e+00
s323        , -1.712557566966305e+01, -1.651042496410522e+01,  1.240907181556615e+00
s324        , -1.527667193755660e+01, -1.495870510271797e+01,  2.205816348109024e+00
s325        , -1.462380908482325e+01, -1.454217428198672e+01,  2.464828568727156e+00
s326        , -1.494119228123524e+01, -1.533182565197208e+01,  1.973798026269349e+00
s327        , -1.504367598132431e+01, -1.528539539469391e+01,  2.002669849056381e+00
s328        , -1.420735566635725e+01, -1.484667965360679e+01,  2.275477364523344e+00
s329        , -1.496079477552641e+01, -1.552972173293266e+01,  1.850739897482530e+00
s330        , -1.578988147075448e+01, -1.653917350765452e+01,  1.223030415339970e+00
s331        , -1.391180755293236e+01, -1.413136689182489e+01,  2.720281776692313e+00
s332        , -1.428779435430565e+01, -1.454657011787218e+01,  2.462095097018711e+00
s333        , -1.615043990479463e+01, -1.608506398577729e+01,  1.505410277312180e+00
s334        , -1.424218739063992e+01, -1.408634117848650e+01,  2.748280209020126e+00
s335        , -1.395485873248244e+01, -1.347229956203875e+01,  3.130110975705940e+00
s336        , -1.376016700074109e+01, -1.447633008751657e+01,  2.505772600178631e+00
s337        , -1.661537577483661e+01, -1.618009680055597e+01,  1.446315825803871e+00
s338        , -1.406917330007404e+01, -1.443284346949507e+01,  2.532813973686471e+00
s339        , -1.440015264581368e+01, -1.503140117642225e+01,  2.160611598440536e+00
s340        , -1.448971313646447e+01, -1.535083496090925e+01,  1.961977428428384e+00
s341        , -1.704823486464181e+01, -1.662997673179009e+01,  1.166566058917671e+00
s342        , -1.378698005276823e+01, -1.447298479926702e+01,  2.507852807680685e+00
s343        , -1.282187662277631e+01, -1.283511149309555e+01,  3.526334948757010e+00
s344        , -1.604444874790081e+01, -1.629945956032061e+01,  1.372092234350369e+00
s345        , -1.651729679491657e+01, -1.643620738689761e+01,  1.287058050891309e+00
s346        , -1.366498206169004e+01, -1.421197696825339e+01,  2.670155846363105e+00
s347        , -1.416920132255300e+01, -1.355676196169040e+01,  3.077589547269731e+00
s348        , -1.655053243550404e+01, -1.608192227458847e+01,  1.507363894070065e+00
s349        , -1.436089518094581e+01, -1.520984467788148e+01,  2.049649707345203e+00
s350        , -1.328457651012228e+01, -1.379979209001694e+01,  2.926465620582966e+00
s351        , -1.466353338705915e+01, -1.500679794589843e+01,  2.175910676096220e+00
s352        , -1.380494433693140e+01, -1.464850802403946e+01,  2.398706838269462e+00
s353        , -1.584039716110287e+01, -1.579373826073659e+01,  1.686565954660402e+00
s354        , -1.285894064638033e+01, -1.258790582921814e+01,  3.680055357340128e+00
s355        , -1.582609968705746e+01, -1.592120200538800e+01,  1.607304911041813e+00
s356        , -1.676821402079628e+01, -1.638578997811644e+01,  1.318409212333092e+00
s357        , -1.371538274887149e+01, -1.440336932864544e+01,  2.551141939571132e+00
s358        , -1.502019486056102e+01, -1.478874941424382e+01,  2.311500244923892e+00
s359        , -1.309300572816658e+01, -1.273625418750672e+01,  3.587807591285451e+00
s360        , -1.332759674805454e+01, -1.388760397172264e+01,  2.871861376802583e+00
s361        , -1.507785912916742e+01, -1.494187893116078e+01,  2.216279401123634e+00
s362        , -1.287159809181426e+01, -1.322340225588079e+01,  3.284883301702528e+00
s363        , -1.657712579031443e+01, -1.685460788004037e+01,  1.026883208015635e+00
s364        , -1.476732359161688e+01, -1.475389881947258e+01,  2.333171462255935e+00
s365        , -1.276762384028792e+01, -1.257793357631344e+01,  3.686256423961990e+00
s366        , -1.557812077007947e+01, -1.529714002589397e+01,  1.995366660778195e+00
s367        , -1.643211937338644e+01, -1.623801544002121e+01,  1.410300158591691e+00
s368        , -1.587808942619374e+01, -1.642534693500863e+01,  1.293811428122177e+00
s369        , -1.334509750418027e+01, -1.405775435043313e+01,  2.766056415355910e+00
s370        , -1.389741635648629e+01, -1.345007231641632e+01,  3.143932589762693e+00
s371        , -1.224387315119496e+01, -1.316869093199987e+01,  3.318904557240062e+00
s372        , -1.439031770625260e+01, -1.501725808723365e+01,  2.169406224803856e+00
s373        , -1.635455326754398e+01, -1.636721371860939e+01,  1.329960526152446e+00
s374        , -1.656603765226025e+01, -1.659664457207048e+01,  1.187293064645166e+00
s375        , -1.702574287600585e+01, -1.677135301198205e+01,  1.078653754586950e+00
s376        , -1.420967858175217e+01, -1.561515268600614e+01,  1.797616191471435e+00
s377        , -1.335519732321907e+01, -1.394201624201805e+01,  2.838026082373838e+00
s378        , -1.312943052714917e+01, -1.346752067714923e+01,  3.133082639567785e+00
s379        , -1.573842731388836e+01, -1.516530609481714e+01,  2.077345226448512e+00
s380        , -1.483123354466367e+01, -1.518710460241854e+01,  2.063790215440956e+00
s381        , -1.534008487837916e+01, -1.559484343582289e+01,  1.810245134462541e+00
s382        , -1.616955683505209e+01, -1.655497227960572e+01,  1.213206232344488e+00
s383        , -1.302435960935340e+01, -1.385095909646228e+01,  2.894648335277343e+00
s384        , -1.550294140856363e+01, -1.527893526173115e+01,  2.006686966880309e+00
s385        , -1.462255500509942e+01, -1.532299150672730e+01,  1.979291381054231e+00
s386        , -1.354694341898450e+01, -1.338972577627798e+01,  3.181458003465358e+00
s387        , -1.648504393550231e+01, -1.654345798242329e+01,  1.220366191544729e+00
s388        , -1.635539967920453e+01, -1.646764396385991e+01,  1.267509779305202e+00
s389        , -1.486753558001227e+01, -1.556313617286738e+01,  1.829961727278915e+00
s390        , -1.371438538008965e+01, -1.298427793755085e+01,  3.433578470491487e+00
s391        , -1.827401207772271e+01, -1.695395941650858e+01,  9.651032368786163e-01
s392        , -1.496052458473144e+01, -1.541600557167170e+01,  1.921452252925190e+00
s393        , -1.585960298906335e+01, -1.613422088046341e+01,  1.474842943953770e+00
s394        , -1.488774557823675e+01, -1.555828489802831e+01,  1.832978405532617e+00
s395        , -1.577068615364065e+01, -1.538123929452481e+01,  1.943071038854720e+00
s396        , -1.483079932990779e+01, -1.482428674877432e+01,  2.289401990788855e+00
s397        , -1.420385337366483e+01, -1.353536532384133e+01,  3.090894662779118e+00
s398        , -1.658928924334047e+01, -1.659973466058571e+01,  1.185371548521029e+00
s399        , -1.388129039931987e+01, -1.492097277882128e+01,  2.229279517015484e+00
s400        , -1.281592195452373e+01, -1.307345933938397e+01,  3.378122615181468e+00
s401        , -1.512682270962376e+01, -1.520336125936978e+01,  2.053681304870119e+00
s402        , -1.677580535287182e+01, -1.664537603360569e+01,  1.156990279261737e+00
s403        , -1.592927040302984e+01, -1.607920819699028e+01,  1.509051594548998e+00
s404        , -1.616373904886767e+01, -1.516363912060013e+01,  2.078381804469084e+00
s405        , -1.502074650550808e+01, -1.454416355186933e+01,  2.463591576927131e+00
s406        , -1.414977642950634e+01, -1.444910040047705e+01,  2.522704892714534e+00
s407        , -1.655219633009565e+01, -1.663472375754287e+01,  1.163614206088631e+00
s408        , -1.376243011238371e+01, -1.304318314138737e+01,  3.396949325918520e+00
s409        , -1.299998158470711e+01, -1.286361725813517e+01,  3.508609150002508e+00
s410        , -1.287546881786366e+01, -1.353772303139862e+01,  3.089428564618821e+00
s411        , -1.515776876104137e+01, -1.539630544136229e+01,  1.933702425646982e+00
s412        , -1.310216228524447e+01, -1.340624003235883e+01,  3.171188909495682e+00
s413        , -1.711815806273814e+01, -1.633438304263893e+01,  1.350375693204370e+00
s414        , -1.644988598747962e+01, -1.640354039040556e+01,  1.307371436795087e+00
s415        , -1.619553879917628e+01, -1.613422450809967e+01,  1.474840688173222e+00
s416        , -1.670132919253141e+01, -1.667894867186068e+01,  1.136113736269868e+00
s417        , -1.546129571144714e+01, -1.530586365962574e+01,  1.989942025595718e+00
s418        , -1.360899181090573e+01, -1.323329617122591e+01,  3.278730947887152e+00
s419        , -1.576401553091309e+01, -1.534480950729511e+01,  1.965724248695102e+00
s420        , -1.572685393978109e+01, -1.583982487847090e+01,  1.657907817960731e+00
s421        , -1.612000510793109e+01, -1.626233752680169e+01,  1.395175905130637e+00
s422        , -1.609404534477568e+01, -1.654255478149969e+01,  1.220927830840658e+00
s423        , -1.519895534547688e+01, -1.508513867357477e+01,  2.127195899589007e+00
s424        , -1.632164309937506e+01, -1.612168998598655e+01,  1.482635055949432e+00
s425        , -1.444566056832646e+01, -1.450687627746912e+01,  2.486777999785925e+00
s426        , -1.592207711736753e+01, -1.642880000599294e+01,  1.291664197859532e+00
s427        , -1.652858363203112e+01, -1.642706839020661e+01,  1.292740972080678e+00
s428        , -1.676243951947160e+01, -1.654637174501239e+01,  1.218554320535449e+00
s429        , -1.539788232161528e+01, -1.606896147644361e+01,  1.515423333951587e+00
s430        , -1.286167951362512e+01, -1.329026150108959e+01,  3.243308079153615e+00
s431        , -1.453473211914181e+01, -1.479411540247250e+01,  2.308163501379967e+00
s432        , -1.636733331862478e+01, -1.617863653685382e+01,  1.447223864598018e+00
s433        , -1.262474385020636e+01, -1.277230499066990e+01,  3.565390045889961e+00
s434        , -1.571290810656474e+01, -1.616226052300147e+01,  1.457406995117203e+00
s435        , -1.512044490177769e+01, -1.576896375243629e+01,  1.701971538329620e+00
s436        , -1.685711603759757e+01, -1.656290639370738e+01,  1.208272545784395e+00
s437        , -1.402457764497363e+01, -1.350121040050773e+01,  3.112133289304158e+00
s438        , -1.373212049851018e+01, -1.361152114440303e+01,  3.043538531576022e+00
s439        , -1.460172732266207e+01, -1.469145198264173e+01,  2.372002907789164e+00
s440        , -1.517482395629285e+01, -1.498833057821134e+01,  2.187394277490252e+00
s441        , -1.217812394069901e+01, -1.172941023874128e+01,  4.213895443626948e+00
s442        , -1.351336434227487e+01, -1.390865725505833e+01,  2.858769770139464e+00
s443        , -1.619423709573005e+01, -1.656684265798911e+01,  1.205824850435560e+00
s444        , -1.676731171959576e+01, -1.632112662524506e+01,  1.358618958614114e+00
s445        , -1.401770546679031e+01, -1.372234509788325e+01,  2.974624643671642e+00
s446        , -1.464584761211533e+01, -1.499908603362548e+01,  2.180706190434209e+00
s447        , -1.491435358734036e+01, -1.462908764745204e+01,  2.410783051156459e+00
s448        , -1.665092345044499e+01, -1.632641378532119e+01,  1.355331232943117e+00
s449        , -1.667139557466283e+01, -1.652666313726189e+01,  1.230809764801939e+00
s450        , -1.481210548218973e+01, -1.481686196205536e+01,  2.294018961250532e+00
s451        , -1.631743950609136e+01, -1.658533006774763e+01,  1.194328786238851e+00
s452        , -1.443299971912318e+01, -1.467754626450327e+01,  2.380649929222078e+00
s453        , -1.612012913490960e+01, -1.611704719581700e+01,  1.485522091750453e+00
s454        , -1.413849581242285e+01, -1.363128594871198e+01,  3.031248142487511e+00
s455        , -1.507049628372260e+01, -1.483407756504709e+01,  2.283313747282597e+00
s456        , -1.322157077016988e+01, -1.340293848319824e+01,  3.173241918629706e+00
s457        , -1.607694171766630e+01, -1.595280685131168e+01,  1.587652004419889e+00
s458        , -1.706402886578920e+01, -1.673233496870261e+01,  1.102916425032899e+00
s459        , -1.447080446629908e+01, -1.481978435462903e+01,  2.292201723840115e+00
s460        , -1.690706284313252e+01, -1.677379647241787e+01,  1.077134332537064e+00
s461        , -1.772051314013882e+01, -1.678827465974278e+01,  1.068131331407486e+00
s462        , -1.413223236043502e+01, -1.411995315557963e+01,  2.727379203877285e+00
s463        , -1.535420761445792e+01, -1.501700886862698e+01,  2.169561196924813e+00
s464        , -1.458200954714616e+01, -1.474503312910318e+01,  2.338684432810813e+00
s465        , -1.638994424372458e+01, -1.642823488504480e+01,  1.292015608186000e+00
s466        , -1.623486048340570e+01, -1.601372227064138e+01,  1.549772843394607e+00
s467        , -1.507437091684449e+01, -1.546040160399726e+01,  1.893845376442221e+00
s468        , -1.537992113023538e+01, -1.596815987288793e+01,  1.578105003300783e+00
s469        , -1.688831688844773e+01, -1.649941170727534e+01,  1.247755577799510e+00
s470        , -1.246905936495125e+01, -1.213009669417272e+01,  3.964735757410431e+00
s471        , -1.560470833398571e+01, -1.546432741547147e+01,  1.891404180984277e+00
s472        , -1.258719815799923e+01, -1.250949547028674e+01,  3.728813432794503e+00
s473        , -1.574141284760104e+01, -1.485044995692127e+01,  2.273132869025574e+00
s474        , -1.419503348629057e+01, -1.405969636517613e+01,  2.764848808316953e+00
s475        , -1.520645964410357e+01, -1.502128967689031e+01,  2.166899253080233e+00
s476        , -1.364211291008551e+01, -1.400373708415946e+01,  2.799646083617921e+00
s477        , -1.622440908019061e+01, -1.660520450929926e+01,  1.181970221197270e+00
s478        , -1.450658975724722e+01, -1.483184657250384e+01,  2.284701049983979e+00
s479        , -1.661904461415436e+01, -1.639064031474008e+01,  1.315393117491830e+00
s480        , -1.492790201790967e+01, -1.468599932928746e+01,  2.375393542487149e+00
s481        , -1.420522205049059e+01, -1.422190365950653e+01,  2.663983111437142e+00
s482        , -1.670710738767636e+01, -1.665711899719435e+01,  1.149688127957794e+00
s483        , -1.590685478420236e+01, -1.588227844715717e+01,  1.631508827654823e+00
s484        , -1.363414499374147e+01, -1.407186492340336e+01,  2.757282008619820e+00
s485        , -1.653312124543369e+01, -1.673150221544128e+01,  1.103434257713479e+00
s486        , -1.369916691094825e+01, -1.442282833344203e+01,  2.539041706425037e+00
s487        , -1.416860120688891e+01, -1.373290404613419e+01,  2.968058751070789e+00
s488        , -1.567715364740370e+01, -1.601467682515134e+01,  1.549179270792002e+00
s489        , -1.406303277722796e+01, -1.453534247675161e+01,  2.469076804287905e+00
s490        , -1.359570323331145e+01, -1.380876906499531e+01,  2.920883449689827e+00
s491        , -1.445574367969524e+01, -1.394333603947339e+01,  2.837205389996089e+00
s492        , -1.278035403065666e+01, -1.324111239287071e+01,  3.273870570637016e+00
s493        , -1.382187883962455e+01, -1.410540812490965e+01,  2.736423770342197e+00
s494        , -1.538651067106373e+01, -1.635705806912520e+01,  1.336275634648142e+00
s495        , -1.300175100305644e+01, -1.339161729735321e+01,  3.180281795008129e+00
s496        , -1.406671079754677e+01, -1.439661932540627e+01,  2.555339308027781e+00
s497        , -1.656349248954072e+01, -1.681668786982443e+01,  1.050463086293670e+00
s498        , -1.289311225521770e+01, -1.240611978083958e+01,  3.793095751290488e+00
s499        , -1.703491581634914e+01, -1.678512414665411e+01,  1.070090421468939e+00
s500        , -1.289098034700617e+01, -1.302820774906773e+01,  3.406261505056975e+00
