# c0 + a0 * ((B + SBI) + (face-area-avg / WE))
# Property Label: $E$; Unit of the Property: Unitless
# RMSE: 0.708085869310188; Max AE: 2.81596040424115
# Coefficients
# Task   a0                      c0
# all , -2.036750214907123e+00,  5.398415763599964e-01, 
# Feature Rung, Units, and Expressions
# 0;  2; Unitless;                                         8|5|add|32|7|div|add; ((B + SBI) + (face-area-avg / WE)); $\left(\left(B + SBI\right) + \left(\frac{ face-area-avg }{ WE } \right)\right)$; ((B + SBI) + (face_sub_area_sub_avg ./ WE)); ((newdata$B + newdata$SBI) + (newdata$face_sub_area_sub_avg / newdata$WE)); B,SBI,face-area-avg,WE
# Number of Samples Per Task
# Task, n_samples               
# all , 1041                  

# Sample ID , Property Value        ,  Property Value (EST) ,  Feature 0 Value      
s1          ,  6.774572406644882e-01,  3.440548166649458e-01,  9.612703524569338e-02
s2          ,  1.967875961713064e+00,  1.960112376573824e-01,  1.688132085054390e-01
s3          , -1.271285198486554e+00, -8.315890776122734e-01,  6.733425846403103e-01
s4          , -1.922048452937919e-01, -5.424955036665309e-01,  5.314039355954516e-01
s5          ,  2.455067115358116e-01, -1.814103706067520e-01,  3.541189988285519e-01
s6          ,  1.771859120156342e-01,  4.287987375932108e-01,  5.451961558862495e-02
s7          , -1.787554844087500e-01,  6.122894059854326e-01, -3.557030660666449e-02
s8          ,  1.258527874893824e+00, -2.940630925739087e-01,  4.094290320091762e-01
s9          ,  1.207996528852184e+00,  1.163966254831675e+00, -3.064316251956989e-01
s10         , -3.778119871449526e-01,  2.764178200452873e-01,  1.293353276148894e-01
s11         ,  2.051916464504999e-01, -8.626357514734575e-01,  6.885858253842911e-01
s12         , -9.030892502610830e-01, -2.595708278122102e-01,  3.924940811697227e-01
s13         , -1.915336013610817e+00, -9.219327364932604e-01,  7.176993536833451e-01
s14         , -4.972857440368104e-01, -9.401271606935069e-01,  7.266324197348817e-01
s15         ,  9.892906044607527e-01,  3.138971807867170e-01,  1.109337777011515e-01
s16         ,  7.196956197004112e-01,  9.573444487975394e-01, -2.049848181587556e-01
s17         , -8.233048349290433e-01, -5.057515455275159e-01,  5.133634523442001e-01
s18         ,  6.436893120625885e-01,  1.408300147697226e-01,  1.959059872290078e-01
s19         ,  6.782210382119218e-01,  6.901183379275744e-01, -7.378261726336954e-02
s20         ,  1.358387811126361e-01, -8.061541440228905e-01,  6.608545861595821e-01
s21         ,  1.192439177417436e+00,  6.684288452252191e-01, -6.313354869148069e-02
s22         , -1.675888320916539e+00, -1.472812223104304e+00,  9.881691847795279e-01
s23         ,  1.682267394333138e+00,  8.212173532708348e-01, -1.381493787757716e-01
s24         , -5.344901610254715e-02,  8.088698422384205e-02,  2.253367098120488e-01
s25         ,  7.630444568978922e-01,  1.131193040152519e+00, -2.903406905099988e-01
s26         , -7.690353008448225e-01, -1.729212576631421e+00,  1.114056174578525e+00
s27         ,  1.318355805735755e-01,  3.702872626135814e-01,  8.324747556447258e-02
s28         , -1.557515501210242e+00, -8.286951208358628e-01,  6.719217148865086e-01
s29         ,  1.315402392066626e+00,  1.233107761198649e+00, -3.403785990862240e-01
s30         , -1.602536800620832e+00, -8.378735943476876e-01,  6.764281454957443e-01
s31         , -6.577868421803238e-01,  6.979848969964597e-02,  2.307809191426965e-01
s32         ,  1.122204297021453e+00,  2.406288341058114e-01,  1.469069403131642e-01
s33         ,  1.732999170998263e+00,  8.321055952647416e-01, -1.434952684750656e-01
s34         ,  1.815120104294484e+00,  4.873189074087998e-01,  2.578748663767377e-02
s35         ,  5.934117724273275e-01,  1.130785650215062e+00, -2.901406709226801e-01
s36         ,  9.702627198604924e-01, -2.861231478650452e-01,  4.055306920700170e-01
s37         ,  1.142962175227537e+00, -6.405292548685815e-02,  2.964990490374846e-01
s38         ,  2.376281988155590e-01,  6.453673176823329e-01, -5.181084089250898e-02
s39         , -9.901628269429662e-01,  5.660468137584028e-01, -1.286620087559504e-02
s40         , -6.175077579414836e-01,  2.598282315222276e-01,  1.374804542983871e-01
s41         , -6.558266813617915e-01, -2.112675751196759e-01,  3.687782360263177e-01
s42         , -1.132806252875512e-01, -2.404513535677162e-01,  3.831068356918250e-01
s43         ,  3.987508132795206e-01,  7.389416626560021e-01, -9.775380645048060e-02
s44         , -1.257042213831158e-02, -7.059074674825450e-02,  2.997089768988128e-01
s45         , -2.453536714432208e-01, -1.609489460480867e-01,  3.440728849708453e-01
s46         ,  4.319604697532172e-01, -1.380549066591237e-01,  3.328324102079608e-01
s47         , -5.858250576994644e-01, -3.462182739694419e-01,  4.350360902600141e-01
s48         , -1.351740028810569e+00, -1.698241912037375e+00,  1.098850252729409e+00
s49         ,  1.400180920836999e+00,  1.954064556578082e-01,  1.691101432965331e-01
s50         ,  6.339509690024701e-01, -2.169592875732199e-01,  3.715727428892044e-01
s51         ,  9.663578673416964e-01,  7.577740850544396e-01, -1.070001157232631e-01
s52         ,  1.470345916377529e-01, -5.000533626115320e-01,  5.105657686251664e-01
s53         , -1.879048126514940e+00,  1.683128917774018e-01,  1.824124931291766e-01
s54         ,  2.462378298792408e+00,  1.116763597332532e+00, -2.832561483239335e-01
s55         ,  2.147693442064033e-01, -2.609949415168663e-01,  3.931932899849387e-01
s56         ,  1.250856345991485e+00,  1.237929840680339e+00, -3.427461350984446e-01
s57         ,  3.470878239384724e-01,  2.750292141997148e-01,  1.300171028445710e-01
s58         ,  2.650904256602346e+00,  9.042397095779724e-01, -1.789115476954020e-01
s59         ,  2.436955679659398e-02,  2.431041620732241e-01,  1.456916081878522e-01
s60         , -1.350996154759193e+00, -9.205864351166504e-01,  7.170383490266345e-01
s61         , -1.175408395594881e+00, -4.883938159149845e-01,  5.048411851140366e-01
s62         ,  5.137509822735412e-02,  9.709121325586434e-03,  2.602834904124874e-01
s63         ,  1.630781368412474e+00,  1.060918422083159e+00, -2.558373834500484e-01
s64         , -7.346563779561162e-02,  1.126729026393502e+00, -2.881489569698008e-01
s65         ,  6.477994742971301e-01,  9.250029602168218e-01, -1.891058515854331e-01
s66         ,  1.102507059534665e+00,  4.688640602526839e-01,  3.484841468915673e-02
s67         , -2.689254974131806e-01,  2.046666537218039e-01,  1.645635877119456e-01
s68         ,  1.634793292022643e+00,  9.902505676773025e-01, -2.211410059126199e-01
s69         ,  3.008420412735001e-01,  6.162487793170851e-01, -3.751427268688068e-02
s70         ,  4.428344099007711e-01,  4.572903141871875e-01,  4.053087195897181e-02
s71         , -2.587880550234566e-02, -3.282833081823764e-01,  4.262304126389694e-01
s72         ,  3.320850724266521e-01,  7.867822695082181e-01, -1.212425025616027e-01
s73         , -1.001377721869569e+00, -5.909807171776400e-01,  5.552091195381081e-01
s74         ,  1.535377236435878e+00,  1.091335528638284e+00, -2.707715203572159e-01
s75         ,  2.223324131252060e-01,  5.340684426046675e-01,  2.834482948903094e-03
s76         , -5.720277382811452e-01, -2.788224563264629e-01,  4.019462115160699e-01
s77         , -1.197863875151751e+00, -5.091738466447306e-01,  5.150437276632680e-01
s78         , -1.436625202734528e+00, -8.144696047146831e-01,  6.649372962685248e-01
s79         ,  4.409066269069510e-01,  2.939116753693835e-01,  1.207462256248381e-01
s80         ,  6.309139277294878e-01,  6.574813972926252e-02,  2.327695527712772e-01
s81         , -1.685326208098238e+00, -6.649565618827225e-01,  5.915296482723869e-01
s82         , -1.663665661245249e-01, -1.615088579726971e-01,  3.443477895322944e-01
s83         , -1.321966357459877e+00, -5.380639016200222e-01,  5.292281155002463e-01
s84         ,  1.425519064192979e+00, -6.149342512428280e-02,  2.952423900992201e-01
s85         , -6.984731689207798e-01,  1.044664859781008e-02,  2.599213805833952e-01
s86         , -2.932580333118892e-01,  2.910885540237804e-01,  1.221323167247385e-01
s87         ,  3.346071912195332e-02,  1.164355375701176e-02,  2.593337262159419e-01
s88         , -7.344698336486584e-02, -2.352876102650139e-01,  3.805715501841037e-01
s89         ,  2.903456543575506e-01,  4.421265403889920e-01,  4.797595466337551e-02
s90         ,  3.160753830639385e-01,  1.238786173271576e-01,  2.042287542126549e-01
s91         ,  4.911838748491691e-01,  1.245905651817634e+00, -3.466620846728787e-01
s92         , -8.899315452749768e-01, -8.993446042664976e-01,  7.066090726751790e-01
s93         ,  8.806558878772817e-01,  4.755280269289793e-01,  3.157655217625682e-02
s94         ,  2.174850994919374e-01,  5.400253564212493e-01, -9.023200778757179e-05
s95         , -7.665153489308597e-01, -9.788697036611882e-01,  7.456541646126393e-01
s96         ,  5.275622810365228e-01,  1.168426653962851e-01,  2.076832533846082e-01
s97         ,  2.030602111680013e+00,  1.116126126060477e+00, -2.829431638119451e-01
s98         , -9.469867286116609e-01, -2.146469825685200e-01,  3.704374514883365e-01
s99         , -9.198822372946849e-01, -1.395635347203041e+00,  9.502770194386827e-01
s100        , -4.843791818667553e-01,  1.229245734460421e-01,  2.046971689815022e-01
s101        , -2.042448773263304e-01, -3.969537895269870e-02,  2.845400241379733e-01
s102        , -5.164158759195604e-01, -1.619534065416785e+00,  1.060206414106234e+00
s103        ,  1.172650799800637e-01,  7.343647375380453e-01, -9.550663589198113e-02
s104        , -1.768695959917696e+00, -1.408932558686693e+00,  9.568056606958819e-01
s105        ,  5.247327840013729e-01,  6.546852616459115e-02,  2.329068369422202e-01
s106        ,  5.297962102782025e-01,  1.012823247537262e+00, -2.322237001452013e-01
s107        ,  1.497385912477808e-01, -9.053963609886575e-01,  7.095803534330583e-01
s108        ,  4.406641357796892e-01,  7.670239302688436e-01, -1.115415882841612e-01
s109        , -6.596772585897818e-01, -3.767378978809159e-01,  4.500205609565672e-01
s110        ,  1.094420195469493e+00, -3.120263431329217e-01,  4.182485968372728e-01
s111        ,  3.915962330096326e-01,  9.876979576676241e-01, -2.198877299875724e-01
s112        ,  8.365523515867515e-01,  8.536696050133221e-01, -1.540827276493678e-01
s113        , -1.291655352083360e-01,  4.269943488373130e-01,  5.540553117252492e-02
s114        ,  1.376602311009741e+00,  7.938362453207237e-01, -1.247058510669211e-01
s115        ,  2.854337653329592e+00,  6.152771559986266e-01, -3.703722679713584e-02
s116        , -4.031277243707178e-01,  2.523705371016616e-01,  1.411420198482432e-01
s117        , -1.548008576871541e+00, -1.218491207952635e+00,  8.633031048398895e-01
s118        , -1.376296935489929e+00, -7.653662172246787e-01,  6.408286023645728e-01
s119        ,  1.159776550977451e-01, -2.593494392981395e-01,  3.923853842306232e-01
s120        , -1.608916416404319e-01,  5.021665701999645e-01,  1.849760755358504e-02
s121        ,  3.197271174130288e-01,  7.360154684872104e-01, -9.631710883907268e-02
s122        , -1.530552753436365e+00, -4.038351498570911e-01,  4.633247215639153e-01
s123        , -1.233881263109963e+00, -1.188118068450226e+00,  8.483905547981092e-01
s124        , -5.427146006639550e-01, -2.427617971904705e-01,  3.842412131946941e-01
s125        ,  9.732454451545894e-01, -3.306103627140133e-01,  4.273729457363542e-01
s126        , -1.840471966312827e-01, -2.302458379648676e-01,  3.780961497824025e-01
s127        , -1.081994746251625e+00, -1.436923252260722e+00,  9.705484816707679e-01
s128        ,  4.539347974729817e-01,  1.098475703608399e+00, -2.742771907717100e-01
s129        , -9.281932508350824e-01, -5.352285303251285e-01,  5.278360099420186e-01
s130        , -7.213314288938638e-01,  7.335129808538725e-01, -9.508844190926358e-02
s131        , -2.205996399193568e-01, -1.781346047816497e-01,  3.525106691467251e-01
s132        , -1.239159936584262e+00, -7.425240890119009e-01,  6.296136148586948e-01
s133        , -3.218370754810609e-01, -3.252855678055488e-01,  4.247585873975201e-01
s134        , -1.004593496203065e+00, -6.069073922062891e-01,  5.630287701325112e-01
s135        ,  9.616883013837800e-01,  1.352253505519972e-01,  1.986577553038088e-01
s136        ,  1.177397001560173e+00,  8.720754927051571e-01, -1.631196176701082e-01
s137        , -1.190015539084228e+00, -1.378879885279991e-01,  3.327504570406540e-01
s138        ,  2.514478411301381e-01,  5.933451976364351e-02,  2.359185005011841e-01
s139        , -1.987650229798378e-01,  2.144459944281965e-01,  1.597621443956191e-01
s140        , -1.883191692860165e-02, -3.793632223456747e-01,  4.513095380955132e-01
s141        ,  4.763479271249645e-01,  2.234542947143078e-01,  1.553392651342453e-01
s142        , -1.264849480226229e+00, -1.152146849541078e+00,  8.307294696803211e-01
s143        ,  5.343202969822768e-02,  7.554332124283197e-01, -1.058507982424121e-01
s144        ,  1.580293395785219e-01,  5.849848444227435e-01, -2.216436150704204e-02
s145        ,  9.188749641933952e-01,  7.281323007302177e-01, -9.244664514681661e-02
s146        ,  8.965084025411505e-01,  7.360542902463215e-01, -9.633616947735169e-02
s147        ,  6.848734553557310e-01,  6.023242075205683e-01, -3.067761117846307e-02
s148        ,  2.946101194283518e-01,  3.351845616482384e-01,  1.004821372860837e-01
s149        , -1.049624548293927e+00, -4.414680378094271e-01,  4.818016499947548e-01
s150        ,  3.591106519707902e-01,  8.290076989140434e-01, -1.419742688316019e-01
s151        , -1.331621263631160e-02,  1.445661779874698e-01,  1.940716124537399e-01
s152        ,  6.334057303004041e-01, -8.423939545128045e-02,  3.064101661772675e-01
s153        ,  1.034338109925286e+00,  5.322200277963850e-01,  3.742014365742397e-03
s154        , -3.383324211856340e-02,  8.295481436191054e-02,  2.243214502466225e-01
s155        ,  1.136039203602913e+00, -2.264655419473099e-01,  3.762401067635338e-01
s156        , -1.392262169733224e+00, -9.941786553216660e-01,  7.531705264857991e-01
s157        , -5.253740885024729e-01,  5.069839965477341e-02,  2.401586474007212e-01
s158        ,  3.989423304234663e-01,  6.965877619383379e-01, -7.695896356416448e-02
s159        ,  5.765884380454732e-01,  5.736174027682130e-01, -1.658319521019752e-02
s160        , -8.116051377987674e-01, -7.963207100945564e-01,  6.560265842493025e-01
s161        , -3.068617279191663e-01, -9.294123533268841e-01,  7.213716826605953e-01
s162        ,  7.336330388262124e-01, -3.440394844716879e-01,  4.339663520654101e-01
s163        ,  5.366582957206302e-01,  1.120461001037755e-01,  2.100382624855786e-01
s164        ,  1.442528357282191e+00,  1.021088177682350e+00, -2.362816008561456e-01
s165        , -1.062713736405366e-01,  5.392246637490906e-01,  3.028906570823331e-04
s166        , -8.326065002207604e-01, -1.015786140306199e-01,  3.149233448932595e-01
s167        ,  3.946237056414995e-01, -2.390378519741306e-01,  3.824128371920384e-01
s168        ,  2.235679947771067e+00,  8.604470195808550e-01, -1.574102906062432e-01
s169        ,  1.625062009748738e+00,  6.966615757969897e-01, -7.699520456127429e-02
s170        ,  1.327620092596634e-01, -1.412775185933122e-01,  3.344146424869129e-01
s171        ,  5.954984467350798e-01,  6.223333087832136e-01, -4.050164414833696e-02
s172        ,  5.199772380778388e-01,  1.537021143493969e-01,  1.895860666587472e-01
s173        ,  6.222838143288129e-01,  8.059821947075491e-01, -1.306692477062971e-01
s174        ,  1.054103529053623e+00,  5.756312165086899e-01, -1.757193390075351e-02
s175        , -5.255654946879281e-01, -2.970026204133004e-01,  4.108722761624735e-01
s176        ,  9.849433920982633e-01,  8.013325580130367e-01, -1.283863773471920e-01
s177        , -4.422819104749493e-01,  3.926232847123420e-01,  7.228097513880349e-02
s178        , -6.072036959750036e-01, -2.747183704606476e-01,  3.999311947330705e-01
s179        ,  1.274608736041423e+00,  9.328094409638287e-01, -1.929386636258447e-01
s180        , -1.497077617346340e+00, -1.344524129196710e+00,  9.251825244769323e-01
s181        , -2.083438027973673e+00, -1.127819771588151e+00,  8.187854041906626e-01
s182        ,  1.836267684377070e+00,  7.304213881605963e-01, -9.357053722431563e-02
s183        ,  9.114464311238878e-01,  5.493325392050661e-01, -4.659856066593054e-03
s184        ,  1.514590021168478e+00,  3.945838981928912e-01,  7.131835661729830e-02
s185        ,  1.833338059507960e+00,  1.232911372314621e+00, -3.402821764210439e-01
s186        ,  2.453649877689343e-01,  4.801740870662918e-01,  2.929543782884808e-02
s187        ,  3.720198183543537e-01,  6.595874561976350e-02,  2.326661498655309e-01
s188        ,  1.146530015212694e+00,  8.752659772736133e-01, -1.646860761121424e-01
s189        ,  1.953473158179789e-01,  5.700453746405471e-02,  2.370624710688735e-01
s190        , -2.653274521332475e-01, -3.185152974418618e-01,  4.214345320891495e-01
s191        , -1.734213411135429e+00, -1.301214107887210e+00,  9.039182472020310e-01
s192        , -1.380433379832566e+00, -9.987865010278685e-01,  7.554328783797511e-01
s193        ,  1.331098677791819e+00,  1.050520541808444e+00, -2.507322506759793e-01
s194        ,  5.090097107027989e-01,  2.486609795531410e-01,  1.429633318193284e-01
s195        , -9.924573921340460e-02, -5.565358769275206e-01,  5.382974531010482e-01
s196        , -5.779338669443590e-01, -8.999161651365928e-02,  3.092343814493602e-01
s197        ,  2.483047809304522e-01,  2.767672200402938e-01,  1.291637798264324e-01
s198        , -5.206217556690500e-01,  5.478841924638096e-01, -3.948749358143544e-03
s199        , -5.943289801913764e-01,  2.028190478080739e-01,  1.654707219791755e-01
s200        , -1.021605773659559e+00, -7.053086676639269e-01,  6.113416534391787e-01
s201        , -1.880186336712063e-01, -7.174991171910829e-01,  6.173268986783510e-01
s202        ,  8.974446090874552e-01,  4.089182005205168e-01,  6.428052634105150e-02
s203        ,  1.491847227695687e+00,  3.350751327771759e-01,  1.005358644786778e-01
s204        ,  5.673187961114483e-01,  3.377488888087006e-01,  9.922310849517268e-02
s205        ,  7.052663182498152e-02, -9.701571006995990e-02,  3.126830584176457e-01
s206        ,  4.612958000362408e-01, -1.257411262024433e-02,  2.712240730046669e-01
s207        , -1.890335631962240e-01, -7.638086317457580e-01,  6.400638618148871e-01
s208        ,  1.196645888991632e+00,  5.110227772715276e-01,  1.414940274833013e-02
s209        ,  1.251755561530769e-01, -1.748616537207548e-01,  3.509037214528253e-01
s210        ,  4.275859111659360e-01,  1.951311878378651e-01,  1.692452938014543e-01
s211        ,  5.283027681041661e-01,  3.764759957921479e-01,  8.020894234951541e-02
s212        , -5.193859304496163e-01, -3.884009057765181e-01,  4.557468438410563e-01
s213        , -7.895660096178727e-01, -4.660457166754235e-01,  4.938687550752456e-01
s214        , -8.273130453363812e-01, -1.232474608162894e+00,  8.701686498183132e-01
s215        ,  7.097242197335737e-01, -7.008462338224408e-02,  2.994604813482509e-01
s216        , -4.103389107009319e-01,  3.378964184295499e-01,  9.915067466417590e-02
s217        ,  5.083753923761842e-01, -6.125106583569802e-01,  5.657798517868449e-01
s218        ,  1.227559854195250e+00,  9.337257719094898e-01, -1.933885621646809e-01
s219        ,  4.233903461072759e-01, -9.123432849306234e-02,  3.098445259679701e-01
s220        , -9.401298955648565e-02,  5.401921120529679e-01, -1.721053914249815e-04
s221        ,  1.262898065596499e+00,  2.272764028126916e-01,  1.534626932942575e-01
s222        , -8.196925206317609e-01, -7.064037150802671e-01,  6.118792978731037e-01
s223        ,  4.013207508237785e-01, -9.578075306996725e-03,  2.697530839303468e-01
s224        ,  7.221682333138075e-01, -4.169128693290824e-02,  2.855199714901824e-01
s225        ,  7.658761358813224e-01,  6.949450331933311e-01, -7.615241952504592e-02
s226        ,  1.021677840387193e+00,  7.646419062134442e-01, -1.103720663477130e-01
s227        , -1.713769108940136e-01,  1.474587519160868e-01,  1.926514216480898e-01
s228        ,  1.274319171489858e-01, -1.397746369430120e-01,  3.336767603257620e-01
s229        ,  2.041762025685344e-01, -4.696409853074495e-01,  4.956339536772695e-01
s230        , -1.775628277285172e+00, -8.714647686935761e-01,  6.929206805646164e-01
s231        , -2.906010097813954e-01, -2.232484150400559e-01,  3.746605675133559e-01
s232        ,  7.153226846206260e-01,  1.042564950699423e+00, -2.468262286950835e-01
s233        , -3.817422129899863e-01,  4.803202571472910e-01,  2.922367150231014e-02
s234        , -1.045314287465124e-01,  1.127126009154595e+00, -2.883438668601682e-01
s235        , -2.007585327297883e+00, -1.864528469114055e+00,  1.180493330932921e+00
s236        ,  1.304199689079254e+00, -2.867553687995682e-01,  4.058410987806170e-01
s237        , -2.782406460538666e-01,  2.428134709844632e-02,  2.531288449060308e-01
s238        , -2.322383208123123e-01,  3.785166695237639e-01,  7.920701598825608e-02
s239        , -3.517230695261006e-01, -5.764578902896884e-01,  5.480787278083525e-01
s240        , -8.445222562838290e-01, -5.014458597242759e-01,  5.112494543822869e-01
s241        , -1.536302083677280e+00, -1.176421057678414e+00,  8.426475772419020e-01
s242        ,  2.935750684089247e-01,  3.200355344395834e-01,  1.079199797361682e-01
s243        ,  1.616760901218624e-01, -1.293782471592486e-01,  3.285723593502907e-01
s244        ,  1.913693632034482e-02,  9.326545310737551e-01, -1.928626062433832e-01
s245        ,  1.011107650821608e+00,  3.998993422435511e-01,  6.870858934600713e-02
s246        , -1.106818107812668e+00, -5.947925168847481e-01,  5.570806301824716e-01
s247        , -1.990274764442437e+00, -1.234489659294904e+00,  8.711579960411642e-01
s248        , -9.667152724294116e-02,  5.498918135621726e-01, -4.934447596282476e-03
s249        , -3.381305046273163e-03, -3.816992881143686e-01,  4.524564955140499e-01
s250        , -1.066763974390572e+00, -6.787515411795397e-01,  5.983026826856648e-01
s251        ,  1.207378380322024e+00,  1.754147758646983e-01,  1.789256227042628e-01
s252        , -7.806439949963919e-01, -4.415097305950930e-01,  4.818221202445482e-01
s253        ,  1.425727038542695e-01, -2.025663953954774e-01,  3.645061462724961e-01
s254        ,  2.519006949731616e-01, -1.057574043994401e-01,  3.169750399603499e-01
s255        ,  2.957126742656839e-01,  1.785219081292557e-01,  1.774000884282303e-01
s256        , -1.208240274724157e+00, -1.030814262647611e+00,  7.711578118474534e-01
s257        ,  9.313485666439150e-01,  4.522352136951525e-01,  4.301281621263450e-02
s258        , -6.564646920389060e-01, -2.102682735093743e-01,  3.682876006980444e-01
s259        ,  6.730828234081326e-01,  5.698135779530118e-01, -1.471560006408648e-02
s260        , -1.076132473957489e+00, -1.746850384959640e+00,  1.122715954358650e+00
s261        ,  4.986447736713935e-01,  2.176290751234152e-01,  1.581993210941059e-01
s262        , -7.901168230278026e-01,  2.740653381285019e-02,  2.515944462883061e-01
s263        , -1.546259780331375e+00, -1.518611206092445e+00,  1.010655488035045e+00
s264        , -5.529113966692345e-01,  5.142030215382418e-01,  1.258797207144213e-02
s265        , -4.420703395591482e-01,  8.132554153510273e-01, -1.342402406489981e-01
s266        ,  1.642224930755288e-01,  1.037219177459491e+00, -2.442015704523570e-01
s267        , -5.742332897034260e-01, -1.612285577800765e-01,  3.442101682419815e-01
s268        , -1.103100765949088e+00, -5.309992591492925e-01,  5.257595298980340e-01
s269        ,  7.960085847259791e-01,  4.235087409460802e-01,  5.711688873896650e-02
s270        , -4.283987476508868e-01, -4.029730602171477e-02,  2.848355572203368e-01
s271        ,  2.199521430164574e-01, -2.149769877430364e-01,  3.705994768423053e-01
s272        ,  4.892735632468817e-01,  4.897204173136249e-01,  2.460839757351252e-02
s273        , -7.406199765582813e-01,  8.282654987896221e-02,  2.243844253144583e-01
s274        ,  1.772759222941352e-01,  5.325956456150209e-01,  3.557594196844538e-03
s275        ,  2.643568451335951e-01,  2.606627745934039e-01,  1.370707118247797e-01
s276        , -5.816893010125334e-01, -3.079163461515697e-01,  4.162306778252748e-01
s277        , -1.588157064474181e+00,  6.597284385913210e-01, -5.886183850816068e-02
s278        ,  1.926575532177041e+00,  1.000202118394192e-01,  2.159427117284646e-01
s279        ,  1.613883746546309e+00,  7.781402955684422e-01, -1.169994815585731e-01
s280        , -1.609264987376504e+00, -1.168915714904240e+00,  8.389626173880905e-01
s281        , -1.346496740458654e+00,  5.162271354928760e-01,  1.159417620004877e-02
s282        , -1.354536059868065e+00,  1.236511426045769e-01,  2.043404393475898e-01
s283        ,  4.444527822772946e-01, -6.302872551058964e-01,  5.745077736590548e-01
s284        ,  2.385788249720763e+00,  3.725491996666557e-01,  8.213691373096005e-02
s285        ,  4.002184027452821e-01,  6.550179313104906e-01, -5.654908201678835e-02
s286        ,  1.951350507345722e+00,  1.285209171916622e+00, -3.659592571053759e-01
s287        , -7.632184401675010e-01, -9.362638171787190e-01,  7.247356022034477e-01
s288        ,  7.091749484961576e-01, -2.880819205530664e-01,  4.064924068024789e-01
s289        ,  2.314010563846089e+00,  1.123202609934293e+00, -2.864175632851956e-01
s290        ,  7.654861282396249e-01,  1.099905508486876e-01,  2.110474924049094e-01
s291        , -1.053228118031399e+00,  8.102221195135816e-01, -1.327509584506977e-01
s292        , -1.544830063612452e+00,  1.217210263920299e-02,  2.590742202253090e-01
s293        , -1.690406548169091e+00, -1.313018462201462e+00,  9.097139280998920e-01
s294        ,  1.421215154761337e+00,  9.876879347528401e-01, -2.198828089546885e-01
s295        , -1.705271840139647e+00, -1.055953494304514e+00,  7.835006271190106e-01
s296        , -7.627385590929443e-01,  5.469328291819633e-01, -3.481650705160322e-03
s297        ,  3.113058113377143e-01,  5.015044291898294e-01,  1.882270436972322e-02
s298        ,  4.087923101857815e-01,  3.276748309246615e-01,  1.041692515274927e-01
s299        , -3.373353052859910e-01, -3.784672986009386e-01,  4.508696590479114e-01
s300        , -1.247040873629315e+00, -1.483362441382652e+00,  9.933491121958256e-01
s301        ,  1.197929368440681e+00,  1.258944568227969e+00, -3.530639086741246e-01
s302        , -1.485192472843855e+00, -8.034603600194290e-01,  6.595319968780171e-01
s303        , -8.549580863671642e-01,  5.882574984679362e-01, -2.377116337270035e-02
s304        ,  1.882993199254014e+00,  6.620093572749853e-01, -5.998171990891865e-02
s305        , -5.165357198073315e-01, -2.928320275249530e-01,  4.088246058797739e-01
s306        ,  1.036931584747022e+00,  5.849879811013802e-01, -2.216590154794335e-02
s307        ,  5.869139350739364e-01, -1.819527862470375e-01,  3.543853130954244e-01
s308        , -1.992374094653734e+00,  8.235863095874170e-01, -1.393124847370444e-01
s309        ,  1.168183907358183e+00, -2.672113779843277e-01,  3.962454249114323e-01
s310        , -1.689353307212060e-01, -5.841109671366029e-01,  5.518362218745867e-01
s311        ,  4.171830243610439e-01, -1.023536134621527e-01,  3.153038527365190e-01
s312        , -6.851064106122525e-01, -2.897043889484126e-01,  4.072890034511358e-01
s313        , -3.693039585493864e-01, -1.234896311336905e-01,  3.256811771216310e-01
s314        , -1.774434185617937e-01,  2.155444324695287e-01,  1.592228352386627e-01
s315        , -3.815749786763621e-01, -3.924102891697081e-01,  4.577153637723886e-01
s316        ,  6.374559564486622e-01,  1.052399262310324e+00, -2.516546615283897e-01
s317        , -2.030534733815181e+00, -1.600260034478285e+00,  1.050743284657452e+00
s318        , -8.028512356005929e-02,  6.782122797354384e-02,  2.317517115902094e-01
s319        , -5.934013466311562e-01,  6.309084312819723e-01, -4.471184254969066e-02
s320        ,  2.790171268766068e+00,  4.439837961956349e-01,  4.706408250887684e-02
s321        , -1.062277605983095e+00, -7.088717823540842e-01,  6.130910651559807e-01
s322        ,  7.515966182544803e-02,  2.860149730706388e-01,  1.246233344823446e-01
s323        ,  7.526438612763078e-01,  7.180443531722979e-01, -8.749368258710488e-02
s324        , -2.651743878812372e-01, -6.662079809867727e-01,  5.921440677995782e-01
s325        ,  3.264086782559880e-02,  4.701261863939160e-01,  3.422873823988254e-02
s326        , -8.716201269332444e-01,  5.567468681656098e-01, -8.300130119973659e-03
s327        , -1.671151256925621e-01, -2.829825211964854e-01,  4.039887127710469e-01
s328        , -8.227567374308942e-02,  6.044035470833714e-02,  2.353755596257640e-01
s329        , -3.051380631011923e-01,  1.948659192808195e-01,  1.693755348860528e-01
s330        ,  2.650804092125521e-01,  5.105444265876585e-02,  2.399838380395209e-01
s331        , -1.375958879843693e-01,  8.952172344490544e-02,  2.210972408983523e-01
s332        , -2.261103407740682e-02,  2.062193727930000e-01,  1.638012364624740e-01
s333        ,  1.323183942483754e+00,  1.323894123518485e+00, -3.849527258767182e-01
s334        , -8.334838045052184e-01, -9.196542796532159e-01,  7.165806809941915e-01
s335        , -6.616430929673620e-01, -5.893195804227174e-01,  5.543935375670030e-01
s336        ,  7.402611706142617e-01,  3.018416716931165e-01,  1.168527701261261e-01
s337        , -2.672477917829363e+00, -7.950155756971267e-01,  6.553857916828516e-01
s338        ,  5.119490895181960e-01,  3.196677524004915e-01,  1.081005527079544e-01
s339        , -5.205367300996894e-01, -4.187602230520543e-01,  4.706526074704567e-01
s340        , -5.182275979842598e-01, -3.159963785717249e-01,  4.201977977799050e-01
s341        ,  1.970306289887119e+00,  1.020254133036681e+00, -2.358721030986076e-01
s342        , -6.893119617348112e-02, -4.834578115943382e-01,  5.024177144868978e-01
s343        , -9.390007101093139e-01, -2.771966556354790e-01,  4.011479787828243e-01
s344        ,  1.061951331424555e+00,  3.565168495334776e-01,  9.000844850033732e-02
s345        , -7.723215780687482e-01, -1.011111354691312e-01,  3.146938231001268e-01
s346        ,  3.961380156477509e-01,  8.939816937392399e-01, -1.738750853134892e-01
s347        , -1.709617878224923e+00, -1.148398982145874e+00,  8.288893484088105e-01
s348        ,  3.055057864420297e-01,  3.349289322901531e-01,  1.006076457339112e-01
s349        , -2.198294962810686e-01, -4.749858111421330e-01,  4.982581467646517e-01
s350        ,  4.405144181634823e-01,  4.459559868412783e-01,  4.609577985143326e-02
s351        ,  8.658280652293555e-01,  7.324067280237049e-01, -9.454529586117633e-02
s352        ,  9.704682100223125e-01, -2.449062250706773e-01,  3.852940805833957e-01
s353        , -6.298376205439114e-02, -3.446626130994499e-01,  4.342722946513989e-01
s354        , -5.109688604423303e-01,  6.914777204633373e-01, -7.445004448434811e-02
s355        , -1.498401072816738e+00, -7.234773880226790e-01,  6.202620994643093e-01
s356        ,  1.467186882538691e-01,  1.947510027868851e-01,  1.694319563819698e-01
s357        , -9.744403926942342e-02, -4.192358055235237e-01,  4.708861081069062e-01
s358        , -9.190473297739495e-02,  3.822378285291193e-01,  7.738000795451688e-02
s359        ,  4.402510249016559e-01,  8.269941810230887e-01, -1.409856753967185e-01
s360        , -8.756909416699599e-01, -4.960288474740480e-01,  5.085898193369188e-01
s361        , -1.770572058768898e-01,  8.263665601164740e-01, -1.406775271996440e-01
s362        ,  8.704386959032419e-01,  3.068225115428099e-01,  1.144072862306350e-01
s363        , -1.069662019131376e+00, -4.863659341877635e-01,  5.038455393483562e-01
s364        , -9.988945697241733e-01, -1.275531421122769e+00,  8.913086073078174e-01
s365        ,  1.902823636872192e-01, -1.499842846565815e-01,  3.386894750115612e-01
s366        ,  1.236798092554710e+00,  6.994096906572018e-01, -7.834446911030851e-02
s367        ,  9.184480967949833e-01,  8.337407625592277e-01, -1.442981000066487e-01
s368        ,  1.622937156969908e-01, -3.826512143183948e-01,  4.529238705495643e-01
s369        ,  9.732086991131189e-01,  7.840084513953945e-01, -1.198806182752912e-01
s370        , -8.475872099006457e-01, -4.813118078132816e-01,  5.013640733651982e-01
s371        ,  5.916391131784779e-01,  4.962598181547453e-01,  2.139769417293935e-02
s372        ,  7.596908414790238e-01,  1.002440215888016e+00, -2.271258577228697e-01
s373        , -1.946434670867691e+00, -1.360780062555994e+00,  9.331638337412229e-01
s374        , -9.564014283175248e-01, -6.552496535301415e-01,  5.867637676643793e-01
s375        ,  7.284511861928945e-01,  2.502359418611111e-01,  1.421900596250048e-01
s376        ,  2.037232105036610e+00,  1.035164981080663e+00, -2.431930047658073e-01
s377        ,  7.637732850848320e-01,  8.318772895007887e-01, -1.433831753169149e-01
s378        ,  9.950925555332779e-01,  3.135230825311566e-01,  1.111174517976717e-01
s379        , -8.163846007494810e-01, -8.305718412561802e-01,  6.728431437424289e-01
s380        , -9.184292068832668e-01, -6.818500783285155e-01,  5.998239969471276e-01
s381        ,  1.520868814304400e-01,  3.749472880903948e-01,  8.095950453950038e-02
s382        , -7.921265824309522e-01, -8.176332276018219e-01,  6.664905662100150e-01
s383        ,  6.672838300456271e-01,  2.643591756079348e-01,  1.352558594253659e-01
s384        , -8.703903476353084e-01, -8.265958477870825e-01,  6.708910175366738e-01
s385        ,  8.850482925000751e-01, -7.664745218829572e-02,  3.026826873694005e-01
s386        ,  9.061627662896373e-01,  9.494981309251100e-01, -2.011324469573183e-01
s387        , -1.106690246889199e+00, -1.020423259399885e+00,  7.660560555438705e-01
s388        ,  2.054813205480302e+00,  9.674638146935257e-01, -2.099532064382421e-01
s389        ,  5.830110458201297e-01,  8.880564364781113e-02,  2.214488204842304e-01
s390        ,  4.058167767744563e-02,  5.659816351281537e-01, -1.283419958757648e-02
s391        , -3.572825686809578e-01, -1.679855663468263e-01,  3.475277122968660e-01
s392        , -7.654037138178210e-02,  6.794941332172921e-02,  2.316887753758188e-01
s393        ,  3.686774220084653e-01,  9.850594456040351e-02,  2.166861839853632e-01
s394        , -2.015273820649741e-01, -1.009026833841849e+00,  7.604606587816043e-01
s395        , -6.768380070474945e-01,  7.305111258564640e-01, -9.361459647871562e-02
s396        , -1.571978956162156e+00,  1.795058724733979e-01,  1.769169833636325e-01
s397        , -4.953598502673375e-01, -4.572832183516337e-01,  4.895665592243963e-01
s398        ,  1.555253169293308e-01,  7.602096321218961e-01, -1.081959162930289e-01
s399        , -1.863721424692930e+00, -1.124205581952304e+00,  8.170109157878160e-01
s400        , -1.580914135378971e+00, -7.151684295381842e-01,  6.161825817975474e-01
s401        , -1.745467987214961e+00, -1.031673750853415e+00,  7.715798018389176e-01
s402        , -6.980793622242579e-01, -4.806965100333327e-01,  5.010619755549485e-01
s403        ,  2.251226886668626e-01,  7.779458741653217e-01, -1.169040248836713e-01
s404        ,  7.040030298805582e-01,  7.659945019227954e-03,  2.612895913527797e-01
s405        ,  7.810975699633603e-01,  6.493722443861234e-01, -5.377717268640214e-02
s406        , -7.486530226048839e-01, -2.248445639936086e-01,  3.754442418892663e-01
s407        , -5.898664718227482e-01, -1.871387749582634e+00,  1.183861088264367e+00
s408        , -1.653430955336652e+00, -7.631167510393408e-01,  6.397241634555334e-01
s409        ,  3.615421057666913e-01, -2.182883476599697e-01,  3.722252824480675e-01
s410        , -1.927277741805878e+00, -8.558794962400302e-01,  6.852686511996623e-01
s411        , -7.559092474121808e-01, -8.119473275640907e-01,  6.636989131167119e-01
s412        ,  1.873884464024186e+00,  4.101590146222622e-01,  6.367131363904033e-02
s413        , -8.487613459239006e-02, -4.508776811328077e-01,  4.864215799471421e-01
s414        , -7.984251397438490e-02,  1.462405556448256e-01,  1.932495294878951e-01
s415        ,  3.823952603345894e-01, -1.565767552371334e-01,  3.419262344984639e-01
s416        , -9.819900149129637e-01, -5.659709881601460e-01,  5.429298872422449e-01
s417        , -1.482842264827313e+00, -1.481197848006407e+00,  9.922863439877256e-01
s418        ,  5.288306085486906e-02,  6.570637327102242e-01, -5.755352595142511e-02
s419        , -1.062501299146121e+00, -7.366190016527205e-01,  6.267143455639327e-01
s420        ,  1.615525737358244e+00,  1.123814734551233e+00, -2.867181031415116e-01
s421        , -8.420822469136372e-01,  6.820785398234420e-01, -6.983525148170006e-02
s422        , -2.976491469173829e-01, -3.859341043497055e-01,  4.545356980614914e-01
s423        ,  2.602465190009081e-01, -3.102211287360094e-01,  4.173622758816152e-01
s424        , -1.598544685575905e-02,  8.996133662160211e-01, -1.766401138553116e-01
s425        , -6.873434672527887e-01, -8.918302900551431e-01,  7.029197080410886e-01
s426        ,  3.868281565378119e-01,  9.396369131883020e-01, -1.962908038021424e-01
s427        , -4.350921811790253e-01, -2.837892069707064e-01,  4.043847779185141e-01
s428        ,  1.434023500487657e+00,  5.208412144961680e-01,  9.328763892971936e-03
s429        , -1.410084545291047e-01,  2.110862079299737e-01,  1.614117263981799e-01
s430        , -2.958129836419498e-04,  4.886445822903426e-01,  2.513660914084570e-02
s431        ,  4.037460271826608e-01,  2.463925440169795e-01,  1.440770842665154e-01
s432        , -1.066289337790876e+00,  3.700456660920379e-01,  8.336609419515945e-02
s433        ,  1.465780698491131e-01, -6.385456222169694e-01,  5.785624520632251e-01
s434        ,  4.355472814078697e-01,  6.665709917564007e-01, -6.222138309786956e-02
s435        ,  1.360224600447043e-01, -5.429062868171841e-02,  2.917059739054980e-01
s436        , -1.176834064700477e+00, -2.754608079217941e-01,  4.002957153579918e-01
s437        ,  4.255542297351823e-01, -6.707589029023071e-01,  5.943784713519755e-01
s438        ,  4.759340095896715e-01,  3.759422884711200e-01,  8.047098102127867e-02
s439        , -1.323840968987944e+00, -1.060680931980936e+00,  7.858216960659149e-01
s440        ,  1.911375936580773e+00,  5.427922957216376e-01, -1.448738946997347e-03
s441        , -5.968585101940267e-01, -2.808555043571211e-01,  4.029443938242283e-01
s442        ,  1.602708630643594e+00,  7.563936472916941e-01, -1.063223508443683e-01
s443        , -3.418194688489122e-01, -7.299631918800558e-01,  6.234464879130777e-01
s444        ,  7.637447106545253e-02,  2.253873557089822e-01,  1.543901742832778e-01
s445        ,  1.017156754691856e+00,  5.894972408537987e-01, -2.437984988555242e-02
s446        ,  1.325048844178530e-01, -4.206080266189816e-02,  2.857013956659529e-01
s447        , -1.204238242348799e-02,  2.502660395485806e-01,  1.421752823159125e-01
s448        ,  1.955645847805345e-01, -1.063054179839193e-01,  3.172441026959117e-01
s449        ,  1.023488117482967e+00,  2.364693310913976e-01,  1.489491657092731e-01
s450        ,  1.292595058164963e+00,  7.651300292819788e-01, -1.106117241442175e-01
s451        , -1.076547322827218e+00, -9.418000438710175e-01,  7.274537689436686e-01
s452        ,  1.041326926021929e+00,  7.721013289911816e-03,  2.612596081617939e-01
s453        , -2.986039119797084e-01, -2.573140474054382e-01,  3.913860511372452e-01
s454        , -1.068578759667890e+00, -1.056837596538931e+00,  7.839347020624896e-01
s455        , -1.019022963464540e-01, -3.066939650681370e-01,  4.156305153338284e-01
s456        , -1.276108587100781e+00, -9.112538850666829e-01,  7.124562701925872e-01
s457        , -1.562653854847452e+00, -8.307783575344969e-01,  6.729445387376548e-01
s458        , -1.571215894852860e-01,  1.548696773006427e-01,  1.890128186763975e-01
s459        , -7.908915586506604e-01, -7.359620284388888e-01,  6.263917860232372e-01
s460        ,  1.259413921430306e+00,  6.422834909324451e-01, -5.029674911664123e-02
s461        , -2.175818754703068e+00, -1.465616847964547e+00,  9.846364122838664e-01
s462        ,  1.056177437374778e+00,  1.185999802835355e+00, -3.172496174278414e-01
s463        ,  7.682398919925582e-01, -2.047101680631936e-01,  3.655586919661339e-01
s464        , -1.670624175566991e+00, -1.175655000964850e+00,  8.422714600784140e-01
s465        ,  3.572362737692147e-01,  1.118927575575295e-01,  2.101135503363536e-01
s466        , -1.202841334482275e+00, -1.984401484644012e-01,  3.624802488890684e-01
s467        , -9.998937028287650e-01, -9.245930925826007e-01,  7.190055305870563e-01
s468        , -9.085815979292673e-01, -3.104479155261514e-01,  4.174736232567042e-01
s469        ,  1.368123103534694e+00,  8.475691551905415e-01, -1.510875396395024e-01
s470        ,  6.270281968061774e-01,  4.083083596136174e-01,  6.457994494547137e-02
s471        , -2.645435144970039e-02,  1.921842102165391e-01,  1.706921956354430e-01
s472        , -9.877961354209573e-01, -8.938489225481452e-01,  7.039108126341936e-01
s473        ,  9.062936723193107e-01,  4.220239461639593e-01,  5.784589064172981e-02
s474        , -1.654729567131913e+00, -1.433491183649485e+00,  9.688634107248476e-01
s475        ,  1.613264697983012e+00,  7.961192093635604e-01, -1.258267366944897e-01
s476        ,  6.116129809221722e-01,  7.806164619775606e-01, -1.182152253405033e-01
s477        ,  5.840337661930541e-01, -5.206223624641251e-01,  5.206646996094605e-01
s478        , -1.152221920522414e+00, -1.325896775349146e+00,  9.160368993967287e-01
s479        , -5.094753281829528e-01, -7.040143821862188e-02,  2.996160305334474e-01
s480        ,  2.973171178971667e-01,  1.250917130273713e+00, -3.491226114568701e-01
s481        , -1.675140558535767e+00, -7.084497772378122e-01,  6.128838698341472e-01
s482        ,  5.105384321341787e-01,  8.165850148194640e-01, -1.358750014773349e-01
s483        ,  6.412437341666035e-01,  5.080126265604714e-01,  1.562732119361843e-02
s484        ,  2.259666720581154e+00,  1.174459132069252e+00, -3.115833994097279e-01
s485        , -6.133731587036794e-02, -1.055196824154079e+00,  7.831291185536022e-01
s486        ,  1.705016907792880e+00,  7.711065096899913e-01, -1.135460458711873e-01
s487        , -8.949077256537036e-01,  3.800705370618000e-01,  7.844410086657683e-02
s488        ,  4.414328374469543e-01,  2.439659248789443e-01,  1.452685014173641e-01
s489        ,  1.128277752007163e+00,  4.753244398001372e-02,  2.417130626901307e-01
s490        ,  1.504039442617624e+00,  1.341717237897181e+00, -3.937034868921078e-01
s491        , -5.198334157682940e-01, -5.937736355328529e-01,  5.565803816274755e-01
s492        ,  1.151627147663105e+00,  3.052823623667064e-01,  1.151634659353582e-01
s493        , -8.097664188918848e-01,  4.714988639971401e-01,  3.355478343031509e-02
s494        ,  6.975315577850428e-01, -4.109701673272619e-01,  4.668278597582550e-01
s495        ,  5.757891210893783e-02, -1.188955049875984e-02,  2.708879679111341e-01
s496        ,  1.842735197085195e-01,  1.036481159867858e+00, -2.438392198871124e-01
s497        , -3.806010851052651e-01, -2.760267341881990e-01,  4.005735728302842e-01
s498        ,  2.924357353950326e-01,  3.324468292498179e-01,  1.018263042724833e-01
s499        , -7.813708299191796e-01, -6.139320882654957e-01,  5.664777429166025e-01
s500        ,  1.758078897939561e-01, -2.073699526643430e-01,  3.668645882815889e-01
s501        ,  5.268597846364342e-01,  8.497681068886376e-05,  2.650087357785897e-01
s502        , -1.555727833576514e+00, -4.385734479362501e-01,  4.803804694042282e-01
s503        ,  1.172585934883692e+00,  1.021763972109702e+00, -2.366134012027986e-01
s504        ,  2.953705009587213e-01,  1.105797066504697e-01,  2.107582297366304e-01
s505        ,  1.048522988543108e+00,  1.123752431285143e+00, -2.866875135946767e-01
s506        ,  3.661355339494778e-01,  1.452494433204832e-02,  2.579190261933532e-01
s507        ,  7.001138090247849e-01,  8.369958741170486e-02,  2.239557828985386e-01
s508        ,  5.464601963517310e-01,  1.450653184264084e-01,  1.938265453682989e-01
s509        ,  2.946634304577050e-01,  1.347429986902030e-01,  1.988945795634867e-01
s510        , -1.105581921856613e+00,  1.167160331854226e-01,  2.077454270423968e-01
s511        ,  1.309201174401844e+00,  5.086127897687472e-01,  1.533265412846574e-02
s512        ,  7.885562671323768e-01,  2.188800014468384e-02,  2.543039261389897e-01
s513        , -5.799590652888761e-01, -2.664974099395082e-01,  3.958948821499322e-01
s514        ,  1.756955937636850e+00,  1.085430248087233e+00, -2.678721562094523e-01
s515        ,  1.301480913945963e+00, -5.429240011344265e-01,  5.316143185205445e-01
s516        ,  1.639096205345820e+00,  7.792567998457176e-01, -1.175476608439384e-01
s517        ,  1.265571797582470e+00,  1.075616967500276e+00, -2.630540491508979e-01
s518        ,  1.441905473368953e+00, -2.665798014500814e-01,  3.959353345873348e-01
s519        , -3.428509295553606e-01,  4.124928017922535e-01,  6.252547496284422e-02
s520        , -7.417091464175271e-01,  1.291061850659939e-01,  2.016621322967344e-01
s521        , -3.011966055380439e-01, -1.763737769128860e-01,  3.516461410097567e-01
s522        , -6.069082570615004e-01, -4.590132313267293e-01,  4.904159579196480e-01
s523        ,  1.256149620532759e+00,  8.566927333755672e-01, -1.555670178387679e-01
s524        ,  7.847794981407887e-02,  8.915858806086013e-01, -1.726987932413915e-01
s525        ,  7.540604241380652e-01, -7.850636359741370e-02,  3.035953723886594e-01
s526        ,  6.882803931636601e-01,  7.475282788355402e-01, -1.019696479987922e-01
s527        , -3.347470952839998e-01,  3.724935695398779e-01,  8.216422691171760e-02
s528        , -8.880876507782670e-01, -1.685572081582507e+00,  1.092629641894494e+00
s529        ,  9.212434057068957e-01,  1.190632200579798e+00, -3.195240238378854e-01
s530        ,  1.578253206298823e+00,  1.045735541916696e+00, -2.483829199349161e-01
s531        , -1.270304683847079e+00, -3.110288687974571e-01,  4.177588586611508e-01
s532        , -1.264611305197325e-01, -1.651822255501703e-01,  3.461513330157258e-01
s533        ,  8.237391297987288e-01,  4.291425983593603e-01,  5.435078744090571e-02
s534        ,  1.456467143630557e+00,  7.312969343169713e-01, -9.400041131980702e-02
s535        , -1.038398689934333e+00, -6.525296631495727e-01,  5.854283116223664e-01
s536        ,  5.135961834965114e-02,  1.039345574456111e-01,  2.140208532808540e-01
s537        , -8.440212331633648e-02,  9.140861687312513e-02,  2.201708173170955e-01
s538        , -1.317636610189325e+00, -6.038595955965922e-01,  5.615323683708274e-01
s539        ,  2.901282138702423e-01, -1.185203541121431e-01,  3.232413703229491e-01
s540        , -9.824868919009931e-02,  4.745071700581792e-01,  3.207777066801315e-02
s541        , -2.175405710121729e+00, -9.103345027398906e-01,  7.120048734920672e-01
s542        ,  2.591231555634874e-01, -2.212211175395297e-01,  3.736652085902595e-01
s543        , -1.058007309971476e+00, -5.170840832595758e-01,  5.189274815752351e-01
s544        ,  3.414925189823615e-01,  5.715669903634101e-01, -1.557648737248829e-02
s545        , -3.918998056173665e-01,  9.483697490885978e-02,  2.184875681829394e-01
s546        ,  5.616853932534658e-01,  5.389672458298750e-01,  4.292772494742803e-04
s547        , -1.305950209492648e+00, -1.365567963901914e+00,  9.355145890330976e-01
s548        , -3.050762501887698e-01, -1.400713956357840e-01,  3.338224623812227e-01
s549        ,  1.039973910986755e+00,  9.800686733120549e-01, -2.161419175164457e-01
s550        ,  2.095033672336812e+00,  1.212002050467660e+00, -3.300161547489093e-01
s551        , -1.303711602903422e+00, -8.756117368940199e-01,  6.949567516400442e-01
s552        ,  3.401293169548341e-01,  4.111172701857591e-01,  6.320083102586405e-02
s553        , -5.647880997296292e-02,  2.393670193836644e-01,  1.475264638624495e-01
s554        , -1.031552667181044e+00, -6.767557348068918e-01,  5.973227852205557e-01
s555        , -8.490058291493487e-01,  3.196236383856746e-01,  1.081222117285323e-01
s556        , -7.911863624049646e-01,  7.081572226579991e-02,  2.302814801055928e-01
s557        ,  2.474068956648234e-01,  6.757884632751703e-01, -6.674696087923238e-02
s558        , -5.007238229142660e-01, -3.504716013484994e-01,  4.371243813758942e-01
s559        ,  2.118829903875907e-01,  2.251452186799505e-01,  1.545090582913704e-01
s560        ,  1.297132454751414e+00,  7.904460427132293e-02,  2.262412782461329e-01
s561        , -5.288135218546878e-01,  4.936201781493353e-01,  2.269369993058712e-02
s562        , -7.943538387030609e-01, -6.470638905206672e-01,  5.827447362929513e-01
s563        , -1.695221398164227e+00, -6.302537852613679e-01,  5.744913406942840e-01
s564        , -8.235878596232101e-01, -6.055027272009454e-01,  5.623391102051117e-01
s565        ,  5.786852470915557e-01, -1.431835666273096e-01,  3.353504705624653e-01
s566        , -8.302212330074121e-01, -5.952288836516166e-01,  5.572948767619856e-01
s567        ,  5.393556498613846e-01,  5.100152883171587e-01,  1.464405788423978e-02
s568        ,  6.041187276553234e-01,  2.535537503622360e-01,  1.405610879048393e-01
s569        ,  5.614800719887970e-01,  2.837530451822580e-01,  1.257338918161922e-01
s570        ,  4.733969246303092e-01, -2.824613223881735e-01,  4.037328155066218e-01
s571        ,  5.730080514530493e-01, -2.762759003911552e-02,  2.786150025888122e-01
s572        ,  2.101230454819456e+00,  1.329541590689919e+00, -3.877255092696448e-01
s573        , -3.811463660619586e-01, -7.148576462103999e-01,  6.160299939517184e-01
s574        ,  6.881700420271472e-01,  2.851817426460713e-01,  1.250324324750532e-01
s575        ,  3.262214597255070e-01, -2.133600030677572e-01,  3.698055725807791e-01
s576        , -9.238693298049331e-01, -6.095537368334911e-01,  5.643280677134483e-01
s577        , -6.565756372879821e-01,  1.539840747973714e-01,  1.894476302192119e-01
s578        ,  6.712394147332970e-01,  7.853437923545548e-02,  2.264917876272701e-01
s579        ,  5.839122855740916e-01,  1.002234362689647e-03,  2.645583822962199e-01
s580        ,  8.930567879170550e-01, -1.479533002117858e-01,  3.376923058791212e-01
s581        ,  2.904861379712105e-01,  2.735607102269468e-01,  1.307381063147167e-01
s582        ,  1.328044708555014e+00,  8.007349714568355e-01, -1.280929753620946e-01
s583        , -1.299353843688629e-01, -6.360233503906154e-02,  2.962778189403924e-01
s584        ,  3.159094534140010e-01,  5.905373314315708e-01, -2.489051170856812e-02
s585        ,  6.465779848987863e-01,  1.317420521116926e+00, -3.817743280770378e-01
s586        , -1.841977151216957e+00, -1.441480084901436e+00,  9.727857872605066e-01
s587        , -1.519059721495913e+00, -1.542083526429568e+00,  1.022179886149909e+00
s588        ,  9.387912361205542e-01,  6.548616272362215e-01, -5.647234012024893e-02
s589        ,  7.816518315318011e-01, -1.443810743228813e-02,  2.721392538640581e-01
s590        ,  1.602915956175816e+00,  6.499300459568659e-01, -5.405104111006048e-02
s591        ,  6.259814475720535e-01,  8.164893515836313e-02,  2.249626084966571e-01
s592        , -1.866544971407417e+00, -1.831006651932130e+00,  1.164034848721122e+00
s593        , -1.403474560349544e+00, -3.051209962325507e-02,  2.800312339769459e-01
s594        , -1.647273275131083e+00, -8.702028780096476e-01,  6.923011197197505e-01
s595        , -6.257274702470922e-01,  1.164254136401042e+00, -3.065729687768902e-01
s596        , -8.694069998626694e-01, -5.478746434739099e-01,  5.340449760961516e-01
s597        ,  1.839102866755815e+00,  6.732553537792499e-01, -6.550325928176581e-02
s598        , -9.091043104888928e-01,  3.298769685003763e-01,  1.030880499350749e-01
s599        ,  1.564046405735407e+00,  1.301291588663509e+00, -3.738553734917540e-01
s600        ,  2.905731218387105e-01, -1.200722846113053e+00,  8.545792261288259e-01
s601        ,  3.859556967138555e-01, -6.229140402241318e-03,  2.681088298238568e-01
s602        , -1.440073457507333e+00, -5.867107830138996e-01,  5.531126748526045e-01
s603        , -1.400421335117203e+00, -9.673324728779105e-01,  7.399896355511786e-01
s604        , -1.410598066968925e+00, -4.953368427833584e-01,  5.082500601039875e-01
s605        , -1.621387133323043e-01, -4.244357577010420e-01,  4.734391713836200e-01
s606        , -9.979698047533583e-01, -4.710782983386703e-01,  4.963396430743792e-01
s607        ,  8.102904644198852e-01,  5.365431463482746e-01,  1.619457303885574e-03
s608        ,  6.515689709358394e-01,  3.999991811940304e-01,  6.865957059557394e-02
s609        ,  1.387300347613353e-02, -2.903788495664960e-01,  4.076201489264852e-01
s610        ,  1.548918422462740e-02, -1.226929129008896e-01,  3.252900058199321e-01
s611        ,  1.874583079024923e-01,  2.210736959604198e-01,  1.565080872786909e-01
s612        , -6.619121708260401e-01, -2.587611535989021e-02,  2.777550666642171e-01
s613        ,  1.853178585757171e+00,  1.221978975917073e+00, -3.349146078711388e-01
s614        , -3.191525488535212e-01, -7.785683967094770e-02,  3.032764702858330e-01
s615        , -1.037736039722638e-01, -9.545728264444941e-02,  3.119179044905198e-01
s616        , -8.799864633294985e-01, -9.941130556535593e-01,  7.531383184773617e-01
s617        , -1.183843594802837e+00, -8.073417930699447e-01,  6.614376959775469e-01
s618        , -1.123650075268739e+00, -1.372722662396380e+00,  9.390273901817607e-01
s619        ,  9.176659138352715e-01,  9.807994377085187e-01, -2.165007069208190e-01
s620        ,  1.595155267894712e+00,  1.003312996858013e+00, -2.275543741720684e-01
s621        ,  1.133359360912494e+00,  3.674361075380895e-01,  8.464733061524121e-02
s622        , -1.002419121282031e+00,  1.358938818480304e-01,  1.983295209964597e-01
s623        ,  1.034471969936265e-01, -2.099760925092635e-01,  3.681441461899892e-01
s624        ,  1.639327811745190e+00,  9.021528345281522e-01, -1.778869374930580e-01
s625        , -4.972654620844768e-01,  7.640406241368287e-01, -1.100768499425718e-01
s626        ,  3.826916613216537e-01,  2.238404713976857e-01,  1.551496607927058e-01
s627        ,  3.687647283893495e-01, -2.014094609082813e-01,  3.639381166345325e-01
s628        , -2.769187143037049e-02,  1.152506943390503e+00, -3.008053528343160e-01
s629        , -6.084255915863079e-01, -1.343314932957491e+00,  9.245888354568605e-01
s630        ,  2.575662011885660e-01, -1.686950129150923e-01,  3.478760351118452e-01
s631        ,  1.966623425207500e-01,  1.343387881083493e-01,  1.990930381564429e-01
s632        , -1.969402937452175e-01,  3.687719630331553e-01,  8.399145465888261e-02
s633        ,  2.667860134858853e+00,  1.070536404549781e+00, -2.605596033846421e-01
s634        ,  6.040142711820374e-01,  3.236764314544139e-01,  1.061323785918636e-01
s635        ,  1.911892919802316e+00,  1.001451520188237e+00, -2.266404296656919e-01
s636        , -2.071432026808114e-01, -8.721848941178882e-01,  6.932742464653545e-01
s637        , -3.698619835175476e-01, -2.816729374162183e-01,  4.033457356545197e-01
s638        ,  1.470155794820396e-01,  9.617223008726599e-01, -2.071342481885543e-01
s639        ,  1.040284966432418e-01, -3.009587454671756e-01,  4.128146474090407e-01
s640        , -7.663785491668940e-02, -8.742359113556264e-02,  3.079735369141290e-01
s641        ,  1.396787091256106e+00,  9.636077165600199e-01, -2.080599462312306e-01
s642        ,  1.137451761223006e+00,  8.880987648646107e-01, -1.709866953520832e-01
s643        ,  6.186651151125386e-02, -9.131057022490130e-02,  3.098819589979415e-01
s644        , -1.171820789178678e+00, -3.442687185209961e-01,  4.340789009914543e-01
s645        ,  4.823756822475945e-01, -5.212905429174641e-02,  2.906446879539114e-01
s646        ,  8.205150420430785e-01,  7.915112673807747e-01, -1.235643375308320e-01
s647        ,  3.518506790799084e-01,  3.158109958678548e-01,  1.099941361746008e-01
s648        ,  4.210663223398269e-02,  1.216809408825640e-01,  2.053077654868448e-01
s649        ,  5.870347574891154e-01,  1.033859788496150e+00, -2.425521836307653e-01
s650        , -7.940906852652418e-01, -8.213677302348237e-01,  6.683241256743365e-01
s651        ,  1.648126188438620e+00,  1.005118702953198e+00, -2.284409365408701e-01
s652        ,  2.998843396621518e+00,  1.124080137846430e+00, -2.868484103796082e-01
s653        ,  4.493206753989470e-01,  4.581622177682769e-01,  4.010278628861919e-02
s654        ,  8.907143716152748e-01,  3.982207905532665e-01,  6.953272167111951e-02
s655        ,  3.986925365877028e-01,  4.205343604399680e-01,  5.857724479261631e-02
s656        ,  8.200524881394200e-01,  5.798891853648632e-01, -1.966250388081731e-02
s657        ,  2.253026077099693e-01,  1.788328879229449e-01,  1.772474041219206e-01
s658        , -2.085098433395276e+00, -1.796289986023439e+00,  1.146989721805413e+00
s659        , -3.565026754081164e-01, -2.979592201773950e-01,  4.113419458142026e-01
s660        ,  9.769972243844465e-01,  3.133610905078085e-01,  1.111969863533391e-01
s661        ,  7.549182821078514e-01,  9.546845165159479e-01, -2.036788493354196e-01
s662        , -2.199791631405239e+00, -1.912848466984847e+00,  1.204217397594180e+00
s663        ,  6.537369904412299e-01,  9.831938201383440e-01, -2.176762965499747e-01
s664        , -1.032617581813699e+00, -1.063204172926166e+00,  7.870605524199058e-01
s665        , -1.725197455699346e-01,  2.255666850419343e-01,  1.543021274861597e-01
s666        , -9.556704567146264e-01, -1.256143983020067e-01,  3.267243915289574e-01
s667        , -1.074909955617834e+00, -4.282546809825829e-01,  4.753141795478956e-01
s668        ,  8.157451056201823e-01,  9.633598216125800e-01, -2.079382352105932e-01
s669        ,  8.201013628253863e-01,  3.519648509599484e-01,  9.224338066836305e-02
s670        , -8.377594254676490e-01, -1.097359505506915e+00,  8.038300768960855e-01
s671        , -5.700208727194026e-01, -9.145236967164661e-02,  3.099515794382426e-01
s672        , -7.390594172975108e-01,  1.013031192635916e-02,  2.600766950000259e-01
s673        ,  5.527317739358688e-01,  2.910800972032250e-01,  1.221364688394620e-01
s674        , -1.509604783948018e-01, -1.137624791462399e-01,  3.209053573297602e-01
s675        , -7.328015214360989e-01, -8.989889355201108e-01,  7.064344470663128e-01
s676        ,  2.481079887957650e-01,  1.132942996502617e-01,  2.094254236910369e-01
s677        , -1.497784796529649e+00, -1.164792422457838e+00,  8.369381705922962e-01
s678        , -6.955981656855925e-02, -1.282668440545017e-01,  3.280266846295456e-01
s679        ,  6.295281558129772e-01,  8.804326529878359e-02,  2.218231316508367e-01
s680        , -5.120635862296855e-01, -6.205677072343352e-01,  5.697356873224864e-01
s681        , -4.577628444983341e-01, -6.719961644647849e-01,  5.949859398345720e-01
s682        ,  1.425186289801849e+00,  9.334672339498218e-02,  2.192192492221608e-01
s683        , -8.653733268557260e-01,  4.247008051948339e-01,  5.653161115311972e-02
s684        ,  6.149991181690390e-01,  1.255743862497170e+00, -3.514924318639727e-01
s685        ,  1.739338045322250e+00,  2.126188664462103e-02,  2.546113342322749e-01
s686        ,  9.590771410105176e-01,  1.741180191331881e-01,  1.795623020191926e-01
s687        ,  5.412604899045221e-01,  1.010296568023269e+00, -2.309831555288311e-01
s688        , -1.405336687520458e+00, -5.663425857178590e-01,  5.431123335505812e-01
s689        ,  3.354058241185732e-01,  1.865383031215579e-01,  1.734642130648059e-01
s690        , -6.091694712828630e-01, -8.636282304353544e-01,  6.890731109407786e-01
s691        , -6.034950511663356e-01, -1.217753765744187e+00,  8.629410367752586e-01
s692        , -9.120972373870817e-01, -8.136283774453126e-01,  6.645242719991700e-01
s693        , -4.067329829645623e-01, -2.589050742777006e-01,  3.921672106827887e-01
s694        , -7.579589601320627e-01,  1.024576076397639e+00, -2.379940831673102e-01
s695        ,  1.455973696410247e+00,  6.938772910009918e-01, -7.562818136146338e-02
s696        , -6.516257166940767e-01,  6.541889850392207e-01, -5.614208745005023e-02
s697        ,  7.238448013551266e-01,  1.149118550798875e-01,  2.086312392015561e-01
s698        ,  1.662019888207613e+00,  7.750479043509038e-01, -1.154811848156024e-01
s699        , -1.247862087380916e+00, -9.731701269175932e-01,  7.428557965546029e-01
s700        , -1.114444246482743e+00, -1.062670692166661e+00,  7.867986249849164e-01
s701        , -4.217745973052512e-01, -8.572096783510612e-01,  6.859217416480125e-01
s702        , -8.481384521188839e-01, -4.662323565954662e-01,  4.939603912114182e-01
s703        , -9.416435374285391e-01,  3.319830489308754e-01,  1.020540103090646e-01
s704        ,  9.487448855648490e-01,  2.076024287661290e-01,  1.631221860992992e-01
s705        , -2.365138337942842e-01, -5.791812670661123e-02,  2.934869964375409e-01
s706        ,  5.583280652770263e-01,  8.920279487479259e-01, -1.729158390706193e-01
s707        ,  9.205089121966433e-01,  3.369624960437689e-03,  2.633960450687970e-01
s708        ,  1.060945132046508e+00, -1.885917948102700e-02,  2.743099039596765e-01
s709        ,  1.331106470481227e+00,  2.239414845851181e-01,  1.551000655175006e-01
s710        ,  1.914467968020750e-01,  7.398020286207434e-01, -9.817622740246784e-02
s711        , -7.721035544159953e-02,  8.528423430623895e-01, -1.536765600472348e-01
s712        , -1.414340169349908e+00, -9.378597873727383e-01,  7.255191888123201e-01
s713        ,  5.574707555573186e-01,  5.237145496343549e-01,  7.918018914448419e-03
s714        , -1.685969281548289e+00, -1.821467423312973e+00,  1.159351295210564e+00
s715        , -2.519985050786606e-01, -2.443925154038340e-01,  3.850418603243362e-01
s716        , -1.286737305127487e+00, -9.129627715145350e-01,  7.132952962230471e-01
s717        ,  3.452976089232733e-01, -2.386210122485588e-02,  2.767662295842976e-01
s718        ,  1.123110480867275e+00,  5.766487962691214e-01, -1.807154340268641e-02
s719        ,  6.888993521047061e-01,  8.708842775520702e-01, -1.625347569717426e-01
s720        ,  7.093644696892669e-01,  5.586633049546883e-01, -9.241058848028727e-03
s721        , -7.747236109533535e-01, -1.051493671672144e+00,  7.813109513307236e-01
s722        ,  3.328206388143558e-02,  8.081608109258314e-01, -1.317389008244540e-01
s723        ,  9.358910152584168e-02,  2.540691300025461e-01,  1.403080477251756e-01
s724        , -2.029371048190847e-01,  1.009623746488736e+00, -2.306528148078096e-01
s725        , -2.472238890656029e-01, -3.639422513050379e-01,  4.437381771462080e-01
s726        , -1.287360963264701e+00, -1.047030026501955e+00,  7.791193987596133e-01
s727        ,  1.020824855481523e+00, -7.683331033739027e-02,  3.027739396730627e-01
s728        ,  1.643163575608417e-01,  7.065361411324400e-01, -8.184340109670490e-02
s729        , -1.007289241750789e+00, -3.264464507188336e-01,  4.253285556267061e-01
s730        , -4.777207265671770e-02, -8.802857208687254e-02,  3.082705693861926e-01
s731        , -1.404307349772385e+00, -3.873262684950519e-01,  4.552192203388709e-01
s732        , -8.950540078294739e-01, -4.798181730389313e-01,  5.006307312187639e-01
s733        ,  7.802433523350311e-01,  4.884770287086622e-01,  2.521887430053688e-02
s734        , -3.943979845876157e-01, -3.996486572463109e-01,  4.612692448637589e-01
s735        ,  2.101468865327815e-01,  4.204692680568445e-01,  5.860920373517442e-02
s736        , -9.765048604112493e-01, -6.741766059377363e-01,  5.960564891130219e-01
s737        ,  1.458335451821299e-01,  6.311385010621272e-01, -4.482480180138043e-02
s738        , -6.859666936017034e-01, -1.004438564110092e+00,  7.582079182647874e-01
s739        , -4.324785166901873e-01,  1.133193516581644e-01,  2.094131237007291e-01
s740        , -8.464136206988212e-01, -4.855015488183441e-01,  5.034211449562049e-01
s741        ,  7.826811446288888e-01,  4.302037861832745e-01,  5.382976732948151e-02
s742        , -1.076711651730049e+00, -8.516325615462108e-01,  6.831834987530168e-01
s743        ,  1.126163901269626e+00, -1.325829422910183e+00,  9.160038308159724e-01
s744        ,  4.575225784544250e-01,  2.777445926319648e-01,  1.286839111687455e-01
s745        ,  6.120442964942220e-02,  9.005896673849160e-01, -1.771194564677485e-01
s746        , -7.321682226189938e-01, -4.514064659405822e-01,  4.866812017720985e-01
s747        ,  3.433900501625798e-01,  4.134075817920367e-01,  6.207633790465814e-02
s748        ,  1.070072189769298e+00,  3.960800045561653e-01,  7.058380097452779e-02
s749        , -3.065637698166305e-01,  5.742540016260563e-01, -1.689575138580707e-02
s750        ,  5.825873454256546e-01, -1.933146964247364e-01,  3.599637635576070e-01
s751        ,  1.285276821036511e+00, -4.605684391682379e-01,  4.911795311011436e-01
s752        , -1.346601886455474e+00, -8.675879429405715e-01,  6.910172435478287e-01
s753        ,  1.060914810725354e+00,  3.672792942181395e-01,  8.472432254031984e-02
s754        , -2.988071870667106e-01, -6.065980619189768e-01,  5.628768956979103e-01
s755        ,  3.446486458262937e-01,  9.154654354107961e-01, -1.844231346100181e-01
s756        ,  7.815527627219405e-01, -2.109303124591617e-01,  3.686126474047745e-01
s757        , -1.199593062238569e-01, -2.342337347773255e-01,  3.800541202705213e-01
s758        , -4.537603905509296e-01, -3.495265994539938e-01,  4.366604060255596e-01
s759        ,  8.887536211540953e-01,  3.233056296824052e-01,  1.063144341867495e-01
s760        , -2.895515595576988e-01,  1.954158827290575e-02,  2.554559632688275e-01
s761        ,  1.508586595387194e+00,  8.097140300418679e-01, -1.325014975850526e-01
s762        , -1.358921391484776e+00, -1.601716875747531e+00,  1.051458561994154e+00
s763        ,  6.364126482871526e-01,  5.860505454683013e-02,  2.362766520366421e-01
s764        , -9.313282224456001e-01, -3.148979326947166e-02,  2.805112602654229e-01
s765        ,  1.388135281387673e-01,  1.597311568383540e-01,  1.866259380947092e-01
s766        , -5.439787958329916e-01, -2.952617932330568e-01,  4.100175679280016e-01
s767        , -9.653950427427375e-02, -1.569516780149492e-01,  3.421103134174555e-01
s768        ,  5.676322320535289e-02,  6.110716153983010e-01, -3.497239794893198e-02
s769        ,  2.392616163662374e+00,  7.040345477117078e-01, -8.061517320581141e-02
s770        ,  2.218993464697082e+00,  3.772861163857386e-01,  7.981119078053980e-02
s771        , -1.301691995085942e+00, -5.938813999751709e-01,  5.566332916218033e-01
s772        ,  5.381680992613423e-01,  1.817100621843311e-01,  1.758347742175131e-01
s773        ,  3.401653127948082e-01,  9.113892718048973e-01, -1.824218270485581e-01
s774        ,  1.961582265617426e+00,  9.984156533893518e-01, -2.251498851813140e-01
s775        ,  1.370640331855435e-01,  2.039284040044181e-01,  1.649260522458794e-01
s776        , -1.362945069319552e+00, -6.618457726409335e-01,  5.900023185001737e-01
s777        , -3.352331847361073e-01,  8.031187599124578e-03,  2.611073193308207e-01
s778        ,  1.725306869739156e-02,  7.342561482428511e-03,  2.614454197574984e-01
s779        ,  1.449489553403749e+00,  2.865158112374591e-01,  1.243774338494861e-01
s780        ,  4.890100260675969e-01, -2.076226140894192e-01,  3.669886395389433e-01
s781        , -1.480324044989625e+00, -5.998762735798109e-01,  5.595766440077576e-01
s782        ,  4.189986042737073e-03,  9.288631919257284e-02,  2.194452976590480e-01
s783        , -6.272127818216120e-01,  8.086275813059265e-01, -1.319680749159449e-01
s784        , -7.567615030290812e-01, -7.262274010141345e-01,  6.216122959544473e-01
s785        , -5.703210531845893e-01, -8.955659213854783e-02,  3.090207939549647e-01
s786        , -8.599325133308396e-02,  1.716705899827354e-01,  1.807639364329463e-01
s787        ,  2.785466688170735e-01, -1.972988635482842e-01,  3.619199028496946e-01
s788        , -2.115784691919650e-01, -2.913866438492385e-02,  2.793569071850404e-01
s789        ,  5.205927430670391e-01,  1.207234644731842e+00, -3.276754623552494e-01
s790        ,  2.374718073624741e-01,  1.282768442272626e+00, -3.647609120033934e-01
s791        , -1.870737338196531e-01, -3.549714498534449e-01,  4.393337089959483e-01
s792        ,  3.003547556082288e-01,  6.443101049291311e-01, -5.129177245423711e-02
s793        , -5.143092658197446e-01, -1.699527748617041e-01,  3.484935688366025e-01
s794        , -1.010636071412045e+00,  2.637672973071266e-01,  1.355464587813773e-01
s795        ,  7.888417803219110e-01,  4.299991172148481e-01,  5.393025533578116e-02
s796        , -5.465110200553928e-01, -3.314172070928852e-01,  4.277690887552509e-01
s797        , -1.192872691111335e+00, -4.618321870492166e-01,  4.918000037893158e-01
s798        , -5.479719952294668e-01, -8.048959293723359e-01,  6.602368301670477e-01
s799        , -1.767142590180783e+00,  8.133619148457552e-01, -1.342925295816068e-01
s800        ,  8.963412972756590e-01,  7.566726141116857e-01, -1.064593174777581e-01
s801        , -1.947046181282547e-01,  6.200924001932469e-01, -3.940140683226090e-02
s802        ,  1.600748538223649e+00,  1.118849759208489e+00, -2.842804083734422e-01
s803        ,  6.740572620180488e-01,  1.003174877286709e+00, -2.274865604704704e-01
s804        , -1.928070676221089e+00, -1.283222364145334e+00,  8.950846928416617e-01
s805        , -3.708716392635017e-01,  3.519742621293931e-01,  9.223875998911835e-02
s806        ,  7.676901054132433e-01,  6.839800931430150e-01, -7.076887275035409e-02
s807        , -3.131290990966100e-01, -3.037452104387933e-01,  4.141827410276020e-01
s808        ,  9.833675917069939e-01,  5.536185609402736e-01, -6.764199399338422e-03
s809        ,  5.790963636372375e-01,  1.519437124238878e-01,  1.904494037104088e-01
s810        ,  1.050626461500014e+00, -4.816473769618057e-02,  2.886982948387661e-01
s811        ,  5.249115464039674e-01,  7.931139308919539e-01, -1.243512104126656e-01
s812        ,  1.605931526374292e+00,  1.063971252231687e+00, -2.573362565696802e-01
s813        ,  9.497331683917801e-01,  7.515972198767389e-01, -1.039674094382745e-01
s814        , -7.865406237894391e-01, -7.540386904770460e-01,  6.352670334177645e-01
s815        , -2.660810322736745e-01,  3.435824608927809e-01,  9.635895164305408e-02
s816        , -9.674450919852262e-01, -1.172670766500210e+00,  8.408062659457225e-01
s817        ,  7.270946209036595e-01, -1.631856752730269e-01,  3.451710703097098e-01
s818        ,  6.532804155454610e-01,  2.851140318047691e-01,  1.250656770235534e-01
s819        ,  8.081292268835972e-01,  1.279023218151960e+00, -3.629220885221167e-01
s820        ,  1.390381735794342e+00, -5.448837429269293e-02,  2.918030626940629e-01
s821        ,  1.516978402347242e+00,  7.033097016905563e-01, -8.025928959482848e-02
s822        ,  3.033561593600319e-01, -4.152718790070813e-01,  4.689399065121156e-01
s823        , -8.238895392622755e-01, -8.638043729933254e-02,  3.074613710979208e-01
s824        ,  2.038981274745353e+00,  1.337800429397899e+00, -3.917804192176262e-01
s825        ,  1.320628175421427e-01,  3.404132122564860e-01,  9.791498370486457e-02
s826        ,  9.525953446348725e-01,  1.008166617164103e+00, -2.299373960421858e-01
s827        , -2.151354450670567e+00,  5.244691752779004e-01,  7.547514157398516e-03
s828        ,  8.438987064828646e-01,  7.104552499147720e-02,  2.301686519718357e-01
s829        , -1.571185202221650e+00, -5.823584122791701e-01,  5.509757556060154e-01
s830        ,  3.133543223982471e-01,  3.165916998816476e-02,  2.495064945384110e-01
s831        , -8.984804340484778e-01,  7.076620025574968e-01, -8.239617453785469e-02
s832        , -1.855362237616736e+00, -7.739374629787130e-01,  6.450368973686930e-01
s833        ,  4.948389352249701e-01,  5.036487462291667e-01,  1.776989140147467e-02
s834        ,  1.120605859544544e+00, -3.000749927512233e-01,  4.123807440715160e-01
s835        , -8.435182612795279e-01, -6.696984895918496e-01,  5.938578315097915e-01
s836        ,  1.128844146448547e+00, -6.498909462868250e-01,  5.841327591076619e-01
s837        , -1.924657877822013e+00, -1.024185439231214e+00,  7.679032039098279e-01
s838        , -1.075095206150813e+00, -1.342216003609085e+00,  9.240492850788302e-01
s839        ,  3.864893622265216e-02,  5.395835777108388e-01,  1.266717181465649e-04
s840        , -1.233908351649846e+00, -2.876835872599647e-01,  4.062968338303068e-01
s841        ,  6.618283364070194e-01, -9.310618792018588e-02,  3.107635681820929e-01
s842        , -1.380664268040651e+00, -9.635661840311212e-01,  7.381404697481148e-01
s843        ,  5.539120810708922e-02, -4.890644890887030e-02,  2.890624588915111e-01
s844        , -2.111176459361614e+00, -1.689945409116226e+00,  1.094776850472998e+00
s845        ,  1.677967143093475e-01, -7.440032735100977e-02,  3.015793980112657e-01
s846        , -1.112697847471129e-01,  4.995741699565238e-01,  1.977041961687426e-02
s847        ,  9.946887487236225e-02,  8.362462571357121e-02,  2.239925874598368e-01
s848        , -1.578942777693122e+00, -9.404517378804349e-01,  7.267917800651531e-01
s849        ,  4.886541057537146e-01,  6.861784514986567e-01, -7.184821882801834e-02
s850        , -1.729847647025637e+00, -1.841849893872271e+00,  1.169358644374010e+00
s851        , -3.749493322034730e-03, -2.395403044136317e-01,  3.826595303976282e-01
s852        , -1.822550475295671e-01, -3.061389339084137e-01,  4.153580071216476e-01
s853        , -7.026997334075608e-02,  8.238429894896138e-01, -1.394385089791523e-01
s854        ,  4.598855993128227e-01,  4.526609644097409e-01,  4.280378188359782e-02
s855        ,  1.247409464273019e-01, -2.554954948063198e-01,  3.904931814147785e-01
s856        , -7.920260931956873e-01, -5.847544259815907e-01,  5.521521461544902e-01
s857        ,  1.951476409171481e+00,  7.427938896814379e-01, -9.964516602773316e-02
s858        ,  5.125085136741685e-01,  2.732528274544082e-01,  1.308892700510871e-01
s859        , -6.666214518700430e-01, -6.831454483560517e-01,  6.004599954206054e-01
s860        ,  6.811400510310224e-02,  3.402879649307687e-01,  9.797647741420637e-02
s861        ,  1.248756919249408e-01,  5.212682544556270e-01,  9.119096572780483e-03
s862        , -4.702662470572295e-01,  3.909065147868894e-01,  7.312387178508217e-02
s863        ,  4.846741731606912e-01,  5.887199404770460e-02,  2.361455905550128e-01
s864        ,  5.444121402657593e-01,  1.868310994835083e-01,  1.733204564274886e-01
s865        ,  6.365198845674543e-01,  3.684282338779721e-01,  8.416021818848357e-02
s866        ,  4.352365441984731e-01,  8.496972158760632e-01, -1.521323710920518e-01
s867        , -5.650365137506241e-02, -2.314898048415465e-01,  3.787069104282461e-01
s868        , -2.338433808137944e+00, -1.953377859422252e+00,  1.224116446648290e+00
s869        , -2.347184475558825e-01, -1.099598874629509e-01,  3.190383676245634e-01
s870        , -8.212819619769498e-01, -3.826880743385941e-01,  4.529419680167596e-01
s871        , -1.570593293706644e-01, -5.836589130171914e-01,  5.516142731466067e-01
s872        ,  5.284306454202828e-01,  2.082410296339622e-01,  1.628086469803836e-01
s873        ,  9.554554102193652e-01,  6.373691822234562e-01, -4.788393056234784e-02
s874        ,  1.539965674145509e+00,  7.403804115530966e-01, -9.846020082646456e-02
s875        ,  6.472677808586434e-01,  1.026540803522643e+00, -2.389587213986571e-01
s876        ,  7.990955642461934e-01,  1.069191752028429e+00, -2.598994082799549e-01
s877        ,  2.414774484401117e-01,  9.551470938280844e-01, -2.039059647218577e-01
s878        , -5.588324756467096e-01, -6.276617653540122e-01,  5.732187153677297e-01
s879        , -1.108097718569436e+00, -1.102747525909609e+00,  8.064754775756870e-01
s880        , -7.450297483445957e-01, -2.669402809002339e-01,  3.961123221469845e-01
s881        , -1.759050067534673e+00,  8.290357063584006e-01, -1.419880198768466e-01
s882        , -6.605379692241985e-01, -8.105476550753483e-01,  6.630117044062387e-01
s883        ,  3.815578964726026e-01,  4.125974165997465e-02,  2.447928229249051e-01
s884        , -4.051889851605022e-01, -2.379870984005192e-01,  3.818969400702800e-01
s885        ,  2.841270750996222e-02, -2.951630002976552e-01,  4.099690627481918e-01
s886        , -1.487878849688012e+00, -8.783013254594194e-01,  6.962772810528873e-01
s887        ,  4.820147860437528e-01, -2.287337206535478e-02,  2.762807850991248e-01
s888        ,  7.081092310596756e-01,  3.542379428622431e-01,  9.112734204680906e-02
s889        , -9.770534507358716e-01, -1.154793921400551e+00,  8.320291243164659e-01
s890        , -4.782598098188896e-02,  7.533864737868481e-01, -1.048458941424928e-01
s891        , -3.221184210883460e-01, -4.318373078415115e-01,  4.770731713146361e-01
s892        , -9.718981396026354e-01, -6.114488816044095e-01,  5.652585425242758e-01
s893        ,  2.164744347352420e+00, -4.180653804235201e-02,  2.855765572750274e-01
s894        ,  2.108977331308746e-01,  7.333828747657906e-02,  2.290429555225014e-01
s895        , -7.726754766108116e-01, -6.543552138266777e-01,  5.863246172487234e-01
s896        ,  2.280269149131176e+00,  4.136597013752015e-01,  6.195255267988220e-02
s897        ,  1.732742671810001e+00, -3.928227629019477e-01,  4.579178793922327e-01
s898        , -1.952924930899203e-01, -3.397670191586846e-01,  4.318686646407407e-01
s899        , -1.243124507856434e+00, -6.804339075572470e-01,  5.991286879392270e-01
s900        , -1.127987025274472e+00, -9.331556317616039e-01,  7.232095508524444e-01
s901        ,  2.222405771151903e+00,  1.147726188819393e+00, -2.984581064532336e-01
s902        , -1.852329248500361e+00, -1.123790217611244e+00,  8.168069809419917e-01
s903        ,  1.566870488248132e+00,  7.448032881782868e-01, -1.006317369298212e-01
s904        , -1.387739856871698e+00,  6.847107668145314e-01, -7.112761761075403e-02
s905        ,  1.121219821885003e+00,  4.332918003712078e-01,  5.231361961272571e-02
s906        , -9.933730759278802e-01, -1.276779794503625e+00,  8.919215314512489e-01
s907        , -5.762178128524449e-02, -3.233266017910815e-01,  4.237967777459833e-01
s908        ,  2.416796340775907e-01, -2.132143035392334e-01,  3.697340372852591e-01
s909        , -4.906300545514419e-01,  3.347545119213137e-01,  1.006932823365553e-01
s910        , -1.582982857801990e+00, -1.699988683555360e+00,  1.099707879504259e+00
s911        , -7.523355700553859e-01, -7.543599648599550e-01,  6.354247721431897e-01
s912        ,  2.234392115693804e-01,  1.923621821112404e-01,  1.706048153109444e-01
s913        , -1.421242973618926e+00, -9.096954160791890e-01,  7.116910958594326e-01
s914        ,  5.670067347130128e-02,  1.535442996433756e-01,  1.896635502425790e-01
s915        , -5.612055763432976e-01,  8.567307962530107e-02,  2.229868411995752e-01
s916        ,  8.997740464690429e-01,  6.423435481173481e-01, -5.032623588652757e-02
s917        , -1.606823724089288e+00, -3.868299159607346e-01,  4.549755220538850e-01
s918        ,  3.499868789687911e+00,  1.131056864939736e+00, -2.902738314460910e-01
s919        , -8.715752962891429e-01,  1.425098279127371e-01,  1.950812355580764e-01
s920        , -1.856154837094557e+00, -1.494381771007605e+00,  9.987593630671903e-01
s921        ,  2.276110916770269e-01,  1.387618581440863e+00, -4.162400469512291e-01
s922        ,  1.278757880561135e+00,  1.193793720076930e+00, -3.210762610606887e-01
s923        , -2.625003058195762e-01, -6.634520943921633e-01,  5.907909874982046e-01
s924        , -1.727834522886679e+00, -4.454892720634239e-01,  4.837759884406601e-01
s925        ,  1.850614154947128e+00,  1.005735104949792e+00, -2.287435764974450e-01
s926        , -9.602025879025963e-01, -1.091068592855323e+00,  8.007413757850959e-01
s927        , -1.294474937930480e+00, -1.174657658151492e+00,  8.417817864767824e-01
s928        , -8.964192424384732e-01, -4.624795280192822e-01,  4.921178341080892e-01
s929        ,  3.373466507702030e-01,  4.075981167151497e-01,  6.492865874123749e-02
s930        , -4.361686703935594e-01,  8.672564449861708e-02,  2.224700547691076e-01
s931        ,  1.180800691213646e+00,  4.636939281568087e-01,  3.738683695519340e-02
s932        ,  4.707166528445574e-01,  5.123203400828086e-02,  2.398966445544214e-01
s933        ,  1.703804210339992e+00,  1.827641191723015e-01,  1.753172551912449e-01
s934        , -1.834005051426063e+00, -1.665816662652088e+00,  1.082930161425152e+00
s935        , -1.778081906893596e+00, -1.606431175456254e+00,  1.053773180485031e+00
s936        , -1.576278502143039e+00, -4.544923633881520e-01,  4.881963102154333e-01
s937        ,  1.612912677482048e-01,  9.899255807708163e-01, -2.209814444189682e-01
s938        ,  3.756397573989944e-01, -4.433735336336021e-01,  4.827372069473102e-01
s939        , -1.269094165370334e+00, -6.870275524728862e-01,  6.023660239990835e-01
s940        ,  1.741633513389911e-01,  7.794743148197469e-01, -1.176544559592340e-01
s941        , -7.405880410109714e-01, -6.928882166391261e-01,  6.052434824735421e-01
s942        , -9.892731562449668e-01, -9.703279278523125e-01,  7.414603387098075e-01
s943        , -2.404390935905114e-01, -8.576151471917293e-02,  3.071574935897071e-01
s944        , -1.000366609598995e+00, -6.723403420807499e-01,  5.951549235486504e-01
s945        , -6.403848269203397e-01,  5.007705139381785e-02,  2.404637158653802e-01
s946        ,  1.042678968069443e+00,  5.463775855099838e-01, -3.209038154089738e-03
s947        ,  5.081125559242120e-03, -5.710938774930006e-01,  5.454451143404720e-01
s948        , -9.507722609706112e-01, -5.840306975678791e-01,  5.517968112644214e-01
s949        , -1.109777834090980e-01, -3.631382644986177e-01,  4.433434371331541e-01
s950        ,  6.358188156380660e-01,  5.032739364966391e-01,  1.795391481769149e-02
s951        , -2.185819524191360e+00, -1.085975647103061e+00,  7.982408503328405e-01
s952        ,  1.305064709156519e+00,  9.763188421865252e-01, -2.143008320961107e-01
s953        ,  1.664044937420125e+00,  1.119229333718313e+00, -2.844667711915461e-01
s954        ,  1.051351309197190e+00,  8.252682846028596e-01, -1.401382978402577e-01
s955        , -1.399028311662238e+00, -6.716125790311762e-01,  5.947976077402380e-01
s956        ,  1.385421265834244e+00,  7.631792355790560e-01, -1.096539269196757e-01
s957        , -9.408889636329510e-01, -3.498432073971068e-01,  4.368158536306688e-01
s958        ,  9.732055185777991e-01,  4.161564959111044e-01,  6.072668093693172e-02
s959        , -5.141793956906318e-01, -3.254409764666261e-01,  4.248348896656823e-01
s960        , -1.427508420922605e+00, -3.598110944991760e-01,  4.417098691211858e-01
s961        , -2.005936182526318e-01,  6.177379964400947e-02,  2.347208672015714e-01
s962        , -1.040812919577019e+00, -7.026757559647936e-01,  6.100489511333864e-01
s963        ,  3.350397487530737e-01, -1.666358453395301e-01,  3.468650286759598e-01
s964        , -1.211148190797335e+00, -9.476562711474765e-01,  7.303290490018697e-01
s965        , -3.546684926971408e-01, -6.324391298220287e-01,  5.755642972820217e-01
s966        , -1.297482551855562e+00, -1.089669884330376e+00,  8.000546403598534e-01
s967        , -7.045435460678467e-02,  7.113855674881407e-01, -8.422436382851534e-02
s968        ,  9.299065987644251e-02,  1.842131564724731e-01,  1.746058094334067e-01
s969        ,  6.950554955433741e-01,  1.797868808123179e-01,  1.767790143889083e-01
s970        ,  2.496136210729474e-01,  1.516838481715674e-01,  1.905769913990799e-01
s971        , -1.044044119112301e+00, -1.377206929123881e-01,  3.326683185366850e-01
s972        , -1.696855601622959e-01, -1.418553393054321e-01,  3.346983398730189e-01
s973        ,  4.802864320387065e-01, -2.772384844436292e-01,  4.011685158166952e-01
s974        , -1.989928973862810e-01,  6.277282015928365e-03,  2.619684487763262e-01
s975        ,  5.144117291211028e-01, -4.931085597076665e-01,  5.071560216404670e-01
s976        ,  3.695887594461370e-01,  9.252688107830750e-01, -1.892363784238777e-01
s977        , -5.208667084829633e-01, -1.383298938166909e-01,  3.329674229137677e-01
s978        , -1.415530554889297e+00, -2.868217207758903e-01,  4.058736761560047e-01
s979        , -9.075955878756907e-02,  9.813822721032333e-01, -2.167868659158930e-01
s980        , -1.408049785649008e+00, -1.369094900174901e+00,  9.372462379349478e-01
s981        ,  7.617332134276670e-01,  4.229362807747703e-01,  5.739795421627439e-02
s982        ,  5.658342892742037e-01,  3.862812629953568e-01,  7.539476968786868e-02
s983        , -6.523400746561840e-01, -6.607305954641871e-01,  5.894547907922671e-01
s984        ,  1.408650344937474e+00, -1.198135894841214e-01,  3.238763207270354e-01
s985        , -1.892295500046385e+00, -2.011283969125775e+00,  1.252547085456968e+00
s986        ,  7.279494111089814e-01,  3.142915844939066e-01,  1.107401340700853e-01
s987        ,  6.069333137359153e-01, -2.795715028085352e-01,  4.023139770263371e-01
s988        ,  7.956867077796174e-01, -1.893537934907225e-01,  3.580190464759423e-01
s989        , -1.492402946081943e-01,  1.433650024529579e-01,  1.946613634824720e-01
s990        ,  4.998144921024051e-01,  8.734592105973396e-01, -1.637989930211232e-01
s991        , -1.388778051347251e+00, -1.764174794688076e+00,  1.131221862251350e+00
s992        ,  4.282998930275517e-01, -7.908581360019011e-01,  6.533445793315299e-01
s993        ,  5.363050420459536e-01,  4.978424106911373e-01,  2.062067570262871e-02
s994        , -6.815023874245365e-01,  1.821883806348977e-01,  1.755999302749099e-01
s995        , -2.391036276757255e+00, -1.955032155031352e+00,  1.224928669765780e+00
s996        ,  4.431453520331272e-01,  6.883118695926504e-01, -7.289568065145602e-02
s997        , -6.841651286789517e-01, -1.457906869280402e+00,  9.808509806547373e-01
s998        , -1.890503332016519e-01,  2.160450740835929e-03,  2.639897232777162e-01
s999        , -1.955891416531250e-01, -5.605808420164560e-01,  5.402834428701078e-01
s1000       ,  1.922227018092693e+00,  1.070040262998003e+00, -2.603160086874886e-01
s1001       ,  7.564584951078414e-01,  4.529284577968912e-01,  4.267244845586943e-02
s1002       , -1.216448226111712e+00, -4.473092076229930e-01,  4.846695371665906e-01
s1003       ,  9.406214986730431e-01,  6.313672490090914e-01, -4.493711206175988e-02
s1004       , -6.084517344429569e-01, -1.245919185753946e-01,  3.262223762503393e-01
s1005       ,  1.047447652274055e-01,  3.611449908693521e-01,  8.773613189420625e-02
s1006       ,  1.789223857816157e+00, -7.218427415569713e-01,  6.194595236483139e-01
s1007       , -3.471776742826870e-02, -2.731073366919198e-01,  3.991402122370646e-01
s1008       , -4.304906904704673e-01,  4.945297351163961e-01,  2.224712726772271e-02
s1009       ,  5.526661980887815e-01,  7.178090704953848e-01, -8.737816391663117e-02
s1010       ,  1.084664986478008e-01,  4.140388790344432e-01,  6.176638470677165e-02
s1011       , -1.857041478323650e-01,  7.768824367886379e-02,  2.269072217587600e-01
s1012       , -9.197930097533304e-01, -1.567814686859979e+00,  1.034813325558473e+00
s1013       , -4.019119417889337e-01, -4.570014483232723e-01,  4.894282162767442e-01
s1014       , -1.358932079618377e+00, -2.046042848114774e+00,  1.269612938075810e+00
s1015       , -1.527440174864809e+00, -9.236658983043657e-01,  7.185502983885036e-01
s1016       ,  1.494747075983483e+00,  7.622437847025622e-01, -1.091946409111867e-01
s1017       ,  5.541257590705128e-01,  1.138960702579608e-01,  2.091299674277726e-01
s1018       , -1.957085120530336e+00, -1.450321404709378e+00,  9.771266827435323e-01
s1019       ,  7.131485583147716e-01,  9.742250029360595e-01, -2.132728026229133e-01
s1020       , -1.923756067205053e+00, -3.122179904111954e-01,  4.183426914772885e-01
s1021       ,  3.885529621363158e-01,  1.103298785857300e+00, -2.766452191207931e-01
s1022       , -1.875446506562856e+00, -1.493682774100465e+00,  9.984161708082555e-01
s1023       ,  1.372593741804168e+00,  1.071285170818174e-01,  2.124526886562331e-01
s1024       , -8.235465806555776e-01, -8.006928639124498e-01,  6.581732165588970e-01
s1025       , -3.055697164838789e-01,  2.598145412125262e-01,  1.374871759423084e-01
s1026       , -1.058405261469002e+00, -6.361585251496908e-01,  5.773904393884222e-01
s1027       ,  1.001215100946893e+00,  9.832499933313928e-01, -2.177038763644447e-01
s1028       , -1.207050253018809e-01, -2.110416597049729e-01,  3.686673164775927e-01
s1029       , -3.485019297637044e-02,  3.478200527141933e-01,  9.427838634329512e-02
s1030       ,  7.570890498814408e-01,  5.685971789815484e-01, -1.411837465934097e-02
s1031       , -3.425236517205575e-01, -3.793912333334135e-01,  4.513232908804811e-01
s1032       , -9.690806500330096e-01, -6.622206168934646e-01,  5.901863588649605e-01
s1033       ,  3.580879227715397e-01,  1.758491452205829e-01,  1.787123568100430e-01
s1034       , -1.559175075401338e+00, -6.737008092341881e-01,  5.958228832932871e-01
s1035       , -5.297528349600488e-01, -1.481681319265212e-01,  3.377977835725385e-01
s1036       , -2.199501197760688e+00, -1.614923214167803e+00,  1.057942586556230e+00
s1037       , -2.563451324430153e-01, -2.386385223817332e-01,  3.822167750586091e-01
s1038       ,  1.208934872396009e+00,  1.091613410652129e+00, -2.709079543744119e-01
s1039       ,  1.284684643971159e+00,  7.072140916410793e-01, -8.217626003231582e-02
s1040       ,  3.246719543370283e-02, -4.029599324352395e-02,  2.848349126748342e-01
s1041       ,  2.496032441662194e+00,  1.123396776164766e+00, -2.865128946758843e-01
