# c0 + a0 * (AAV - E_T)
# Property Label: $ln_{D}$; Unit of the Property: Unitless
# RMSE: 0.446948900097306; Max AE: 2.30356466178911
# Coefficients
# Task   a0                      c0
# all ,  2.276577189062071e-02,  7.105668148470362e-16, 
# Feature Rung, Units, and Expressions
# 0;  1; Unitless;                                         2|0|sub; (AAV - E_T); $\left(AAV - E_{T}\right)$; (AAV - E_T); (newdata$AAV - newdata$E_T); AAV,E_T
# Number of Samples Per Task
# Task, n_samples               
# all , 1041                  

# Sample ID , Property Value        ,  Property Value (EST) ,  Feature 0 Value      
s1          , -1.176056511198248e+00, -6.235314483138503e-01, -2.738898778875757e+01
s2          , -1.455476726264239e+00, -1.742691280042627e+00, -7.654874556485392e+01
s3          ,  1.360540424298584e+00,  1.137055627187837e+00,  4.994584117994668e+01
s4          ,  5.214207269978391e-01,  1.902624797427326e-01,  8.357391994299929e+00
s5          ,  9.232192651096478e-02, -2.151659158072453e-01, -9.451290157918711e+00
s6          , -8.371953399684261e-01, -1.844800177232264e-01, -8.103393928814302e+00
s7          , -7.203728580649982e-01,  1.320390586083599e-01,  5.799893772227334e+00
s8          , -2.733255709368181e-01, -1.090393152830074e+00, -4.789616438524128e+01
s9          , -1.521729831673386e+00, -1.091631846995084e+00, -4.795057475933102e+01
s10         ,  3.230218919710685e-01,  3.424525607439378e-01,  1.504243134778243e+01
s11         ,  4.593978616455925e-01, -1.623113152931348e-01, -7.129620558132988e+00
s12         ,  2.356762313996669e-01,  8.006047120127161e-01,  3.516703566473655e+01
s13         ,  1.907045033118390e+00,  1.705698451517395e+00,  7.492381368453077e+01
s14         ,  1.054844414236797e+00,  4.689265456123687e-01,  2.059787596332552e+01
s15         , -6.375331890789701e-01, -8.716228814491523e-01, -3.828655077617876e+01
s16         , -1.315170182182296e+00, -6.652485218522562e-01, -2.922143492645348e+01
s17         ,  8.942625882950092e-01,  7.342121909692659e-01,  3.225070489578937e+01
s18         , -4.582075442603601e-01, -5.778291236412321e-01, -2.538148613705881e+01
s19         , -7.693791289946220e-01, -6.333957277798490e-01, -2.782228210064790e+01
s20         ,  3.128393520635399e-01, -9.403539451742596e-02, -4.130560341605126e+00
s21         , -1.098688503016758e+00, -1.067542255525760e+00, -4.689242520107909e+01
s22         ,  1.599324596570011e+00,  1.515015029546475e+00,  6.654793155380102e+01
s23         , -1.314277649873613e+00, -1.511385724940399e+00, -6.638851220164764e+01
s24         ,  1.052755589569482e-01,  3.914018566879884e-02,  1.719255813369699e+00
s25         , -1.088909426848386e+00, -7.056290989511493e-01, -3.099517566728597e+01
s26         ,  1.095156312501731e+00,  7.212984093873287e-01,  3.168345939917356e+01
s27         ,  2.628094430707173e-03, -1.157541209841283e-01, -5.084568251859656e+00
s28         ,  1.859558668493155e+00,  1.402894730792695e+00,  6.162298109341395e+01
s29         , -1.265074927670763e+00, -1.192434246964530e+00, -5.237837981921459e+01
s30         ,  1.657227749413040e+00,  1.425974460956633e+00,  6.263677189632742e+01
s31         ,  2.746080273692961e-01,  5.865428619931690e-01,  2.576424224977931e+01
s32         , -6.897019771020165e-01, -9.918348827157057e-01, -4.356693405701449e+01
s33         , -1.405625106938475e+00, -1.556992289343644e+00, -6.839180752685618e+01
s34         , -1.474210819660272e+00, -1.595170354418048e+00, -7.006880162386430e+01
s35         , -1.171464689733801e+00, -5.546168647040363e-01, -2.436187392936736e+01
s36         , -1.148641161041122e+00, -8.673879655164375e-01, -3.810052958818383e+01
s37         , -1.078435221245579e+00, -1.019168706421325e+00, -4.476758843574348e+01
s38         , -4.378262290801383e-01, -2.203429700303827e-01, -9.678695327750461e+00
s39         , -6.410161109102297e-01,  8.424460277062803e-01,  3.700494021260749e+01
s40         ,  1.431814259493607e-01,  5.498280348335186e-01,  2.415152174392304e+01
s41         ,  3.398432822287206e-01,  5.899500642544584e-01,  2.591390562502788e+01
s42         ,  8.067612274639525e-01,  1.175064189973096e-01,  5.161538978861530e+00
s43         , -1.242741757202650e+00, -3.817758419275304e-01, -1.676972973997070e+01
s44         ,  1.711958335245295e-01,  2.939279183304297e-02,  1.291095771944891e+00
s45         ,  4.644113787063103e-01,  2.243518285668029e-01,  9.854786810862894e+00
s46         ,  5.605068277705415e-02, -3.695331218543474e-01, -1.623196101717036e+01
s47         ,  9.066999267258494e-01,  5.215719642376575e-01,  2.291035712487920e+01
s48         ,  1.579727584566370e+00,  1.233174941211638e+00,  5.416793891885097e+01
s49         , -6.435089824614265e-01, -1.236946492810928e+00, -5.433360655434395e+01
s50         , -2.217827055817793e-02, -5.443923934564431e-01, -2.391275798035771e+01
s51         , -9.869737286665018e-01, -8.803292241662293e-01, -3.866898203126236e+01
s52         , -6.291725742859308e-02, -1.338372404596131e-01, -5.878879973964493e+00
s53         ,  7.061953554227811e-01,  1.634280461499961e+00,  7.178673621750856e+01
s54         , -1.923256326608463e+00, -2.203011265320101e+00, -9.676857327327095e+01
s55         ,  1.449677165676465e-01, -1.775551725191581e-01, -7.799216006038868e+00
s56         , -1.428251212735210e+00, -1.134025216452635e+00, -4.981272859541581e+01
s57         , -7.632144013758455e-01, -3.432471878814559e-01, -1.507733581495084e+01
s58         , -2.465293161402924e+00, -2.365813566214898e+00, -1.039197606644558e+02
s59         , -8.768884797438996e-03, -1.262542736656071e-02, -5.545793670963990e-01
s60         ,  1.714446572989188e+00,  1.226704833784232e+00,  5.388373562196775e+01
s61         ,  1.653657662090557e+00,  1.061384772774597e+00,  4.662195412806876e+01
s62         ,  2.913807026429409e-01, -3.308574171837839e-02, -1.453310780646543e+00
s63         , -1.790911115854549e+00, -1.460716535525752e+00, -6.416283807743652e+01
s64         , -5.454632126173593e-01,  3.361843674102645e-02,  1.476709724693158e+00
s65         , -1.096531543219279e+00, -5.947193529560550e-01, -2.612339945306553e+01
s66         , -9.925198589409868e-01, -9.780956195118130e-01, -4.296342879174592e+01
s67         , -4.301391331597769e-01,  2.140444017155267e-01,  9.402026987879568e+00
s68         , -1.496017763262518e+00, -1.458555309603178e+00, -6.406790495006628e+01
s69         , -5.130334975012112e-01, -2.920164122688036e-01, -1.282699368472160e+01
s70         , -1.298331351434060e+00, -4.119271846946861e-01, -1.809414531050437e+01
s71         ,  8.978734253548585e-01,  4.421185926140180e-02,  1.942032076655217e+00
s72         , -8.703072211857277e-01, -3.220848591480239e-01, -1.414776800433113e+01
s73         ,  1.052659824554331e+00,  8.759633478381154e-01,  3.847720833041482e+01
s74         , -1.304189005820537e+00, -1.387137567678741e+00, -6.093083838067576e+01
s75         , -7.491961797362119e-01, -2.114261171484011e-01, -9.287017289121984e+00
s76         ,  1.130323653742102e+00,  5.253656502811835e-01,  2.307699702893135e+01
s77         ,  1.083046725976420e+00,  1.076109154795103e+00,  4.726873132021716e+01
s78         ,  1.592651226510811e+00,  1.289858923427115e+00,  5.665781637557934e+01
s79         , -5.815008980639539e-01, -4.148347115019960e-01, -1.822186014579654e+01
s80         , -2.983814549448998e-01, -5.590721159695667e-01, -2.455757347722086e+01
s81         ,  1.752594407670262e+00,  1.499047613037466e+00,  6.584655333628550e+01
s82         ,  2.898444462079387e-01,  1.648149430516481e-01,  7.239593888733887e+00
s83         ,  1.476200951700887e+00,  1.189453463260759e+00,  5.224744713140178e+01
s84         , -3.835514085014881e-01, -1.244115199928525e+00, -5.464849625595564e+01
s85         ,  4.460752375789071e-01,  6.168756501245839e-01,  2.709662791529288e+01
s86         , -5.546686089820558e-01,  2.455819191825086e-01,  1.078733110225379e+01
s87         ,  8.762923637719959e-02, -2.181537589996508e-02, -9.582532937946868e-01
s88         ,  4.367974440523036e-01,  8.157244919086469e-02,  3.583118094250566e+00
s89         , -5.727247528300363e-01, -2.764274724855224e-01, -1.214224028131498e+01
s90         ,  4.181427428933503e-02, -2.780560280980277e-01, -1.221377555015321e+01
s91         , -8.667270491804479e-01, -4.661753988694378e-01, -2.047703021488582e+01
s92         ,  8.549438204377635e-01,  8.091360233403532e-01,  3.554177856247910e+01
s93         , -1.173621714519396e+00, -7.925783452317117e-01, -3.481447275496279e+01
s94         , -2.684963611581566e-01, -1.967011386204913e-01, -8.640213895032970e+00
s95         ,  9.260657816336888e-01,  7.087258389458764e-01,  3.113120180378616e+01
s96         , -2.278868324329024e-01, -4.588946477128646e-01, -2.015721891256961e+01
s97         , -1.648661305544417e+00, -1.818259708451335e+00, -7.986813349388086e+01
s98         ,  5.404249878717727e-01,  8.451520910154452e-01,  3.712380564454480e+01
s99         ,  1.310930209873364e+00,  8.550804290272889e-01,  3.755991376596256e+01
s100        ,  7.521780108780159e-02,  4.340267372248715e-01,  1.906488123091868e+01
s101        , -1.544763391692015e-01,  1.582183327559127e-01,  6.949833878511998e+00
s102        ,  1.059402820517896e+00,  5.047215894874167e-01,  2.217019444420229e+01
s103        , -3.987127671222759e-01, -1.098540688549939e-01, -4.825404971234621e+00
s104        ,  1.672104507359812e+00,  1.596404094558912e+00,  7.012299438951221e+01
s105        , -3.729535248655157e-01, -4.820377133528920e-01, -2.117379176374370e+01
s106        , -9.091422672215730e-01, -5.002909356200241e-01, -2.197557535161547e+01
s107        ,  4.095288752140306e-01, -9.940164469097768e-02, -4.366276055499394e+00
s108        , -8.642846593415402e-01, -4.196363270109817e-01, -1.843277394797533e+01
s109        ,  1.308766037007560e+00,  5.980723776550135e-01,  2.627068304683371e+01
s110        , -1.060518384725506e+00, -9.664654957897320e-01, -4.245256872611939e+01
s111        , -9.347636068172456e-01, -3.674928176908046e-01, -1.614233944961071e+01
s112        , -1.677387906237608e+00, -7.706895870316749e-01, -3.385299610021976e+01
s113        , -2.426092490978830e-01,  1.116551627666164e-01,  4.904519086946337e+00
s114        , -1.644000182446823e+00, -1.245426253126456e+00, -5.470608504337869e+01
s115        , -2.329704376178373e+00, -2.544064565034980e+00, -1.117495412524586e+02
s116        , -5.268968759749211e-01,  3.243063502850157e-01,  1.424534831690140e+01
s117        ,  1.742591906297736e+00,  1.388712870984168e+00,  6.100003451041801e+01
s118        ,  1.515143207668377e+00,  1.242988674306108e+00,  5.459901295146541e+01
s119        , -4.303518965464308e-02, -1.066295612593586e-01, -4.683766567268897e+00
s120        , -2.251286346153320e-01,  1.352969338997832e-01,  5.942997871973039e+00
s121        , -3.744651294305373e-01, -2.973353213786802e-01, -1.306062991438390e+01
s122        ,  1.754705398768575e+00,  1.374277089488039e+00,  6.036593426705763e+01
s123        ,  1.494372078098040e+00,  1.118228425990719e+00,  4.911884522797218e+01
s124        ,  4.706190523857749e-01,  4.788638957981696e-01,  2.103437994981652e+01
s125        , -2.939771406988250e-01, -8.331841568027044e-01, -3.659810705324555e+01
s126        ,  1.907608110252774e-01,  1.727205045806710e-01,  7.586850356338217e+00
s127        ,  1.175241554433439e+00,  9.926930729619755e-01,  4.360463057134273e+01
s128        , -9.405598864666275e-01, -4.293070306700565e-01, -1.885756532801454e+01
s129        ,  8.848224007924820e-01,  8.386036401846464e-01,  3.683616106731451e+01
s130        , -8.567501741532092e-01,  6.038001291053146e-01,  2.652227791819675e+01
s131        ,  4.181459542201291e-01,  2.026369537646194e-01,  8.900948087251249e+00
s132        ,  1.352109327204641e+00,  1.104674148604246e+00,  4.852346557418335e+01
s133        ,  3.377243561871698e-01,  2.837581753430111e-01,  1.246424574164850e+01
s134        ,  1.167150831191734e+00,  8.895553295170719e-01,  3.907424416755928e+01
s135        , -7.551299954675708e-01, -8.607453800748343e-01, -3.780875009247783e+01
s136        , -1.288171140802968e+00, -1.053303365178849e+00, -4.626697351794171e+01
s137        ,  7.561360588094119e-01,  1.056778046411951e+00,  4.641960094695200e+01
s138        , -4.177976720303577e-01, -2.339970707400439e-01, -1.027845978007226e+01
s139        ,  3.703571329650210e-01,  1.840894658418116e-01,  8.086238706347315e+00
s140        ,  6.601089262860428e-01,  2.535175324440744e-02,  1.113590760999034e+00
s141        , -1.578466378610989e-01, -4.428147537346238e-01, -1.945090005566911e+01
s142        ,  1.583934988818062e+00,  1.149109414004056e+00,  5.047531089764973e+01
s143        , -6.655556961981216e-01, -8.466687563370461e-02, -3.719042606615385e+00
s144        , -1.444363515954881e+00, -1.741935700950946e-01, -7.651555630620257e+00
s145        , -7.857021391434503e-01, -8.191755570977364e-01, -3.598277102281034e+01
s146        , -1.297382615214570e+00, -8.227087756102965e-01, -3.613796973645535e+01
s147        , -5.360922680501714e-01, -6.194835283566321e-01, -2.721118050962526e+01
s148        , -6.315112169106484e-01, -2.687308049421704e-01, -1.180415960562645e+01
s149        ,  1.034538941403273e+00,  9.381291669913765e-01,  4.120787871804498e+01
s150        , -1.132891587887058e+00, -3.462426280987763e-01, -1.520891229879299e+01
s151        ,  5.509532181847399e-02,  2.567121156888839e-02,  1.127623156914086e+00
s152        , -1.325344879425763e-01, -5.425678027377795e-01, -2.383261175349443e+01
s153        , -1.431235874103281e+00, -9.394922430440172e-01, -4.126775264014132e+01
s154        ,  3.955605453613595e-01,  3.921630215795186e-02,  1.722599275191188e+00
s155        , -6.583727769299562e-02, -9.838197737521164e-01, -4.321486565353147e+01
s156        ,  1.360777508064747e+00,  1.251353059603502e+00,  5.496642352456530e+01
s157        ,  1.886695766984781e-01,  4.725665467578317e-01,  2.075776516730030e+01
s158        , -5.322620015856455e-01, -3.631271929201883e-01, -1.595057679857515e+01
s159        , -9.397989837818175e-01, -5.282495658022651e-01, -2.320367472450604e+01
s160        ,  1.011185408564766e+00,  7.459804337979402e-01,  3.276763192489321e+01
s161        ,  8.691500702744535e-01,  2.642376485094749e-01,  1.160679505087801e+01
s162        , -7.631554763960900e-01, -6.524675324794040e-01, -2.866002240619020e+01
s163        , -1.913891772907037e-01, -4.608099132363380e-01, -2.024134808388325e+01
s164        , -1.172488852060699e+00, -1.294945680912990e+00, -5.688125520780152e+01
s165        , -7.847148269254141e-01,  6.518577623336141e-02,  2.863323789175655e+00
s166        ,  6.442637705728566e-01,  7.307146589192598e-01,  3.209707373112646e+01
s167        ,  1.426867873093048e-01, -3.416176371633972e-01, -1.500575683551240e+01
s168        , -1.763664779687589e+00, -2.004550084680741e+00, -8.805104849120438e+01
s169        , -1.122536795524768e+00, -1.452829931294346e+00, -6.381641432034637e+01
s170        ,  1.958646106185055e-01, -1.074846076024917e-01, -4.721324983791791e+00
s171        , -1.074510878859395e+00, -5.525409736674877e-01, -2.427068918735543e+01
s172        , -3.012776379076099e-01, -4.562867291917330e-01, -2.004266454851547e+01
s173        , -7.731154552407105e-01, -5.588770402225387e-01, -2.454900465961322e+01
s174        , -1.035147889271374e+00, -9.476637543635426e-01, -4.162669110964659e+01
s175        ,  5.473686561230826e-01,  4.559150011366987e-01,  2.002633617375964e+01
s176        , -1.268948530849032e+00, -8.992699431148006e-01, -3.950096431763389e+01
s177        ,  1.005563615864533e-01,  3.701999595326314e-01,  1.626125225673326e+01
s178        ,  1.242644395595530e+00,  5.613882162962706e-01,  2.465930955442617e+01
s179        , -1.576962637744264e+00, -1.154647989782591e+00, -5.071859611570193e+01
s180        ,  1.737282181449411e+00,  1.361507439260821e+00,  5.980501982547531e+01
s181        ,  2.233856545359632e+00,  1.881848566496296e+00,  8.266131170679081e+01
s182        , -1.711402508932139e+00, -1.631394897637604e+00, -7.165998611756820e+01
s183        , -7.106254116747583e-01, -8.015615359551487e-01, -3.520906472252695e+01
s184        , -1.590416334708451e+00, -1.364180935649761e+00, -5.992245473617312e+01
s185        , -1.868355490710606e+00, -1.647006794514050e+00, -7.234574792487498e+01
s186        , -2.760321167234583e-01, -2.336625602037485e-01, -1.026376620684740e+01
s187        , -4.966273090043231e-02, -3.186893713631038e-01, -1.399861919438812e+01
s188        , -1.015813052583435e+00, -1.026727841075789e+00, -4.509962789791425e+01
s189        , -2.906800910340787e-01, -1.779553200419884e-01, -7.816792722732370e+00
s190        ,  5.354894060030271e-01,  2.509914011899587e-01,  1.102494580003080e+01
s191        ,  1.753961104841035e+00,  1.557479213584380e+00,  6.841319596222638e+01
s192        ,  1.693846989966433e+00,  1.246841690501399e+00,  5.476825896753741e+01
s193        , -1.325060983901232e+00, -1.196615331782842e+00, -5.256203644365939e+01
s194        , -3.735061674670884e-01, -4.638389772018605e-01, -2.037440151075917e+01
s195        ,  5.549893676077536e-01,  1.083677329292537e-01,  4.760116786283866e+00
s196        ,  5.156221309853631e-01,  5.151603535979720e-01,  2.262872333400708e+01
s197        ,  4.039259378191074e-02, -2.214559324530591e-01, -9.727582860667143e+00
s198        , -1.147577574253399e-01,  4.308341079606475e-01,  1.892464310152148e+01
s199        , -8.191010016050872e-02,  5.100914109976563e-01,  2.240606703117361e+01
s200        ,  1.189193657309887e+00,  9.271185837859443e-01,  4.072423233617253e+01
s201        ,  6.533862606425194e-01,  1.625630234456715e-01,  7.140676987659937e+00
s202        , -8.110875660980833e-01, -8.080580760111892e-01, -3.549442908826221e+01
s203        , -8.655630508261463e-01, -1.305778929453439e+00, -5.735711205959190e+01
s204        , -3.544918020535805e-01, -5.046422725246714e-01, -2.216671039968472e+01
s205        , -3.633282890048445e-01, -9.412125387892344e-02, -4.134331764858860e+00
s206        , -5.026824938914743e-01, -4.213844680943897e-01, -1.850956207937746e+01
s207        ,  4.240041451428595e-01,  2.046701068935186e-01,  8.990255541383162e+00
s208        , -8.062259524963590e-01, -1.050241757642803e+00, -4.613249059547564e+01
s209        ,  3.099661283982239e-01, -9.519066875550375e-02, -4.181306446047724e+00
s210        , -3.065562839865105e-01, -3.947654616725909e-01, -1.734030647277246e+01
s211        , -4.563063004879184e-01, -4.635657791259327e-01, -2.036240112363237e+01
s212        ,  4.998062981764828e-01,  4.758816756597856e-01,  2.090338416576351e+01
s213        ,  6.563519744665959e-01,  7.094540655372148e-01,  3.116318958767670e+01
s214        ,  1.142353378029062e+00,  7.725421227247647e-01,  3.393436982661872e+01
s215        , -1.476327451002582e-01, -6.145738383355883e-01, -2.699551947056044e+01
s216        , -1.905199100184842e-01,  3.531188305668742e-01,  1.551095356061067e+01
s217        , -2.414550310188500e-01, -4.504229442116972e-01, -1.978509432387259e+01
s218        , -1.293237902229174e+00, -1.104309959060250e+00, -4.850746833298528e+01
s219        ,  2.482302713119656e-01, -3.658788678403490e-01, -1.607144574751223e+01
s220        , -2.000823243837164e-01,  4.928812180276177e-02,  2.165009912230005e+00
s221        , -6.698961632051862e-01, -1.107305573118052e+00, -4.863905245287345e+01
s222        ,  1.037060196097378e+00,  7.472272111300926e-01,  3.282239735688218e+01
s223        , -1.623853301049458e-01, -3.524363316151851e-01, -1.548097439034722e+01
s224        , -6.705934431510087e-01, -6.512507540722831e-01, -2.860657469473254e+01
s225        , -1.448990103249857e+00, -7.066186250093350e-01, -3.103864118485946e+01
s226        , -1.718251341837416e+00, -9.286106594545208e-01, -4.078977264272338e+01
s227        ,  1.227776018054062e-01,  1.438322513029833e-01,  6.317916738954947e+00
s228        ,  4.264100451543563e-01, -9.774530185309932e-02, -4.293520216345935e+00
s229        ,  4.451483651439820e-01, -1.503440142525891e-01, -6.603949779296970e+00
s230        ,  1.833521503477001e+00,  1.584851246555370e+00,  6.961552870554384e+01
s231        ,  5.465231310557156e-01,  2.703078998900900e-01,  1.187343443432523e+01
s232        , -9.701705002670065e-01, -6.588897161856303e-01, -2.894212062526584e+01
s233        , -4.717599438000208e-01,  3.093508495343001e-01,  1.358841909778377e+01
s234        , -5.281115591146329e-01,  6.732077003106439e-02,  2.957104654940307e+00
s235        ,  1.986306191498733e+00,  1.823648663276105e+00,  8.010484652301338e+01
s236        , -9.106289011065025e-02, -1.129743430952397e+00, -4.962464863393634e+01
s237        , -2.049911438812475e-01,  2.311532280662066e-01,  1.015354230802246e+01
s238        , -8.473750345453807e-01,  1.778723028224950e-01,  7.813146142247698e+00
s239        ,  4.108404411494213e-01,  3.276564112256165e-01,  1.439250172583022e+01
s240        ,  7.165538551738689e-01,  7.599786144967512e-01,  3.338251029431841e+01
s241        ,  1.480467310245773e+00,  1.393602487601950e+00,  6.121481381336782e+01
s242        ,  1.377587652535837e-03, -2.548185850031964e-01, -1.119305711343704e+01
s243        ,  1.131563109684979e-01, -1.421306464654421e-01, -6.243172739686430e+00
s244        , -5.391359916687376e-01, -3.761140187028647e-02, -1.652103080492638e+00
s245        , -6.959002745715563e-01, -8.981584968171559e-01, -3.945214338140626e+01
s246        ,  1.097686348144868e+00,  9.970118337194628e-01,  4.379433469287382e+01
s247        ,  1.841111551502399e+00,  1.758673362386419e+00,  7.725076798783947e+01
s248        , -3.591369962873629e-01,  7.230411164908671e-02,  3.176000883979455e+00
s249        , -6.877465177400688e-02,  1.207045607988149e-02,  5.302019249720100e-01
s250        ,  9.781851862563173e-01,  9.529490131973816e-01,  4.185884923102419e+01
s251        , -1.545108495483156e+00, -1.101048998536286e+00, -4.836422871257482e+01
s252        ,  9.402639511564144e-01,  7.083474612398947e-01,  3.111458133917817e+01
s253        ,  3.571077652909773e-01, -1.256344200009578e-01, -5.518566231998429e+00
s254        ,  2.257901594076580e-01, -2.213821420157900e-01, -9.724341572050896e+00
s255        , -1.438850770729053e-01, -2.543740157556438e-01, -1.117352914620234e+01
s256        ,  1.248756905340010e+00,  1.093811060047724e+00,  4.804629798203167e+01
s257        , -7.549787863785817e-01, -8.230549494782423e-01, -3.615317562842375e+01
s258        ,  8.177238568000533e-01,  5.934481107280566e-01,  2.606755938605144e+01
s259        , -3.969340657877687e-01, -5.950792888341243e-01, -2.613920984947109e+01
s260        ,  1.424749928690502e+00,  9.871581191684633e-01,  4.336150445112572e+01
s261        , -2.470942124509466e-01, -4.303352054490375e-01, -1.890272851351605e+01
s262        ,  2.007985062735016e-02,  6.906693113370010e-01,  3.033805814515561e+01
s263        ,  1.714213031012279e+00,  1.404219712962581e+00,  6.168118171917142e+01
s264        , -2.919262533908621e-01,  4.723432992585329e-01,  2.074795888880593e+01
s265        , -2.155995419331203e-01,  3.713910821992125e-01,  1.631357302460812e+01
s266        , -9.362328774391201e-01, -1.764431396443293e-01, -7.750369304061373e+00
s267        ,  6.142764498338860e-01,  5.189480023124017e-01,  2.279509804480659e+01
s268        ,  8.320264617200721e-01,  9.900210105180379e-01,  4.348725864752765e+01
s269        , -4.610366351192068e-01, -7.000432406777019e-01, -3.074981353766941e+01
s270        ,  5.033046853861965e-01,  3.671385737574238e-01,  1.612677907524325e+01
s271        ,  2.731597535481846e-01, -1.806723913963350e-01, -7.936141689567359e+00
s272        , -4.876259036091397e-01, -4.314007089741301e-01, -1.894953138627660e+01
s273        ,  3.756531389576167e-01,  6.508557077875085e-01,  2.858922205293880e+01
s274        , -6.075622032726076e-01, -1.892430992611066e-01, -8.312615103513082e+00
s275        , -3.667973944341356e-01, -2.403317000911673e-01, -1.055671212229718e+01
s276        ,  9.245727537620891e-01,  5.296420621007500e-01,  2.326484094830789e+01
s277        , -9.396261947398056e-01,  1.363938467049307e+00,  5.991180415943801e+01
s278        , -1.341488674963300e+00, -1.696259138354081e+00, -7.450918626892351e+01
s279        , -1.266362915480045e+00, -1.449136958346505e+00, -6.365419829861059e+01
s280        ,  2.057477526667467e+00,  1.459827837266682e+00,  6.412380148059538e+01
s281        , -2.834398711024385e-01,  1.152530643317806e+00,  5.062559041947694e+01
s282        ,  9.178955657779987e-01,  1.184360840763351e+00,  5.202375067507796e+01
s283        ,  3.733503076570951e-01, -3.680484902525484e-01, -1.616674769565717e+01
s284        , -1.411377341359432e+00, -2.119350482767425e+00, -9.309372390050956e+01
s285        , -7.489991269044497e-01, -3.645750100357208e-01, -1.601417302199725e+01
s286        , -1.503542794535010e+00, -1.752365040091371e+00, -7.697367119861769e+01
s287        ,  6.691186599609008e-01,  6.991888849306521e-01,  3.071228545598802e+01
s288        , -7.261797515669667e-02, -6.165244472402522e-01, -2.708120112080431e+01
s289        , -2.036131017088608e+00, -2.071579585948012e+00, -9.099535899336163e+01
s290        , -3.593369916728853e-01, -6.640392932149929e-01, -2.916831884310374e+01
s291        , -9.653688942346333e-01,  8.922959478339760e-01,  3.919462744865651e+01
s292        ,  1.020142466608096e+00,  1.359708424432371e+00,  5.972599703472202e+01
s293        ,  1.809672166646086e+00,  1.519380814282614e+00,  6.673970123141680e+01
s294        , -1.362048565302476e+00, -1.286592505860798e+00, -5.651433705135484e+01
s295        ,  1.783462244939523e+00,  1.525090170575555e+00,  6.699048808460904e+01
s296        , -4.444596513339619e-01,  6.410527992374064e-01,  2.815862349484024e+01
s297        , -5.510249411793563e-01, -2.809361445537912e-01, -1.234028636953597e+01
s298        , -8.286362700584804e-01, -3.868830006448992e-01, -1.699406470835686e+01
s299        ,  6.445649183446500e-01,  3.114327363862863e-01,  1.367986720953631e+01
s300        ,  1.263431947632347e+00,  1.138190875349579e+00,  4.999570762713749e+01
s301        , -1.374060773425154e+00, -1.087246051639546e+00, -4.775792610341852e+01
s302        ,  1.535703749464311e+00,  1.324064554635475e+00,  5.816031896467245e+01
s303        , -5.834699387477037e-01,  7.200153505179876e-01,  3.162710027919707e+01
s304        , -1.532084137217445e+00, -1.672481015877668e+00, -7.346471817047043e+01
s305        ,  8.275615567870639e-01,  4.714340068426759e-01,  2.070801768144315e+01
s306        , -7.539381022379023e-01, -9.192041885462698e-01, -4.037658784260130e+01
s307        ,  1.586514123372291e-01, -5.034221507285644e-01, -2.211311582788767e+01
s308        , -5.508401709447740e-02,  1.722152260723636e+00,  7.564655698905366e+01
s309        , -5.766874189299147e-01, -1.016422269466788e+00, -4.464694956754553e+01
s310        ,  6.374709732867283e-01,  1.718312853614922e-01,  7.547790876016130e+00
s311        ,  4.080149769921139e-02, -3.648594015352467e-01, -1.602666508687835e+01
s312        ,  9.731382012764279e-01,  6.171999857196782e-01,  2.711087454820534e+01
s313        ,  1.429932001970077e-01,  3.362966200267959e-01,  1.477202800952892e+01
s314        ,  1.930683047603774e-01,  1.653618782660822e-01,  7.263618341630185e+00
s315        ,  5.348221101378693e-01,  3.362316069290917e-01,  1.476917227074630e+01
s316        , -1.241701629755850e+00, -5.928360428682987e-01, -2.604067394317266e+01
s317        ,  1.919675275186283e+00,  1.826311796788917e+00,  8.022182623824585e+01
s318        , -4.758666133750817e-02,  7.830227324585461e-02,  3.439473681018201e+00
s319        ,  1.127723396934456e-01,  5.141693431224249e-01,  2.258519261252272e+01
s320        , -2.749916285582357e+00, -2.492255163859419e+00, -1.094737826520263e+02
s321        ,  1.503561162462575e+00,  9.686127171074307e-01,  4.254688669293439e+01
s322        ,  3.544546857579591e-02, -7.803791518897872e-02, -3.427861596958649e+00
s323        , -8.304133648084051e-01, -6.731689105624520e-01, -2.956934268676355e+01
s324        ,  7.189309498557251e-01,  2.592953729387791e-01,  1.138970267226501e+01
s325        , -7.647497330279208e-02, -2.232512238212888e-02, -9.806442096227511e-01
s326        , -2.795970934311181e-01,  7.353581496653068e-01,  3.230104180953631e+01
s327        ,  9.507662038906267e-01,  1.676619430161403e-01,  7.364650046643700e+00
s328        , -4.226431741816794e-01,  3.890702916278708e-02,  1.709014275892649e+00
s329        , -6.340756771310201e-01,  2.448663214638559e-01,  1.075589804906803e+01
s330        , -4.983104214676741e-01, -2.650352796746310e-01, -1.164183147173779e+01
s331        ,  4.313976606624865e-01,  1.224768776348429e-01,  5.379869315360291e+00
s332        ,  2.872576810614043e-01,  1.187696437886383e-02,  5.217026875225927e-01
s333        , -1.428207646760553e+00, -1.199056047859112e+00, -5.266924634139519e+01
s334        ,  1.090736693025978e+00,  7.631352862598959e-01,  3.352116896920592e+01
s335        ,  8.689786106388561e-01,  6.013143575303047e-01,  2.641308893102105e+01
s336        , -6.909278893094605e-01, -6.582322165226253e-01, -2.891323956354898e+01
s337        ,  1.253402841738086e+00,  2.363960810973532e+00,  1.038383772942688e+02
s338        , -5.188757165053888e-01, -4.665864771718682e-01, -2.049508707254061e+01
s339        ,  1.328885826036196e+00,  4.867629448155155e-01,  2.138135035149222e+01
s340        ,  5.747319815580367e-01,  4.709701410789333e-01,  2.068764210331774e+01
s341        , -1.829453856971746e+00, -1.769038364014943e+00, -7.770605681697843e+01
s342        ,  6.006312482055266e-01,  7.821983381527968e-02,  3.435852480253693e+00
s343        ,  3.874115618757035e-01,  8.342023268356763e-01,  3.664283077435909e+01
s344        , -7.953203262348685e-01, -9.620150533811923e-01, -4.225708041015444e+01
s345        ,  6.299310808043834e-01,  6.926427060781912e-01,  3.042474067675048e+01
s346        , -1.002600077568548e+00, -3.762335970868352e-01, -1.652628335619232e+01
s347        ,  1.953430134440088e+00,  1.538884838346129e+00,  6.759642702825001e+01
s348        , -2.116724435810483e-01, -2.704688246319748e-01, -1.188050314882608e+01
s349        ,  5.157492200743797e-01,  2.117604157868069e-01,  9.301701554606614e+00
s350        , -1.510374771276913e-01, -3.961098406343570e-01, -1.739935911408966e+01
s351        , -7.759769648741240e-01, -7.809123383192765e-01, -3.430203649896914e+01
s352        , -3.539192931352820e-01, -8.357482623304576e-01, -3.671073690564294e+01
s353        ,  5.069167448439574e-01,  5.846208059646120e-02,  2.567981480151189e+00
s354        , -1.828973197137163e-01,  4.272290914243713e-01,  1.876629061720438e+01
s355        ,  1.624801336388416e+00,  1.330951258736051e+00,  5.846282151691024e+01
s356        , -5.658130117516301e-01, -1.531909338179498e-01, -6.729002405627360e+00
s357        ,  5.765045328570928e-01,  9.919930927371182e-02,  4.357388352581197e+00
s358        , -7.806919589092669e-02,  7.868821221176865e-02,  3.456426278442453e+00
s359        , -6.122238556537778e-01, -4.065324579707967e-01, -1.785717874728794e+01
s360        ,  7.072470066133247e-01,  7.942188969586915e-01,  3.488653496022692e+01
s361        , -8.533119485587989e-01,  1.275385387276784e-01,  5.602205773669480e+00
s362        , -3.832307428619676e-01, -7.666151079367743e-01, -3.367402219525064e+01
s363        ,  1.136620729810577e+00,  9.342529412656504e-01,  4.103761320961638e+01
s364        ,  1.183780326191236e+00,  9.143668124659498e-01,  4.016410323616832e+01
s365        , -8.620628158872323e-01, -1.919179932749150e-01, -8.430111405710086e+00
s366        , -1.425655087558077e+00, -1.114424439397521e+00, -4.895175286618127e+01
s367        , -1.566451522193896e+00, -8.368194556989125e-01, -3.675778970813966e+01
s368        ,  3.820728130067759e-01, -1.363032531405765e-01, -5.987201040028559e+00
s369        , -1.056326402261627e+00, -8.871177074577016e-01, -3.896717017634648e+01
s370        ,  1.443000454420478e+00,  7.747022279748350e-01,  3.402925372778617e+01
s371        , -5.876015246379517e-01, -5.175553143620949e-01, -2.273392340258507e+01
s372        , -1.098974443479297e+00, -6.886923113336562e-01, -3.025121725028756e+01
s373        ,  2.115861634781081e+00,  1.764312816958719e+00,  7.749848436659420e+01
s374        ,  8.889609764508162e-01,  8.415573905735952e-01,  3.696590630077905e+01
s375        , -3.861821693859098e-01, -6.444557901875303e-01, -2.830810188575424e+01
s376        , -1.647182127127575e+00, -1.829188718825753e+00, -8.034819674088723e+01
s377        , -9.921142122504716e-01, -7.043860680490086e-01, -3.094057479945189e+01
s378        , -4.827505529619482e-01, -8.823051900238424e-01, -3.875577750066734e+01
s379        ,  7.391578818969189e-01,  7.471059618359356e-01,  3.281707140989741e+01
s380        ,  9.482091524808841e-01,  8.192954299370625e-01,  3.598803650820221e+01
s381        , -2.602453229516086e-01, -1.322429428695974e-01, -5.808849509033383e+00
s382        ,  1.104663472507788e+00,  7.274388911277390e-01,  3.195318369272761e+01
s383        , -2.293659969566494e-01, -5.906695670591163e-01, -2.594551021142698e+01
s384        ,  1.124093149995714e+00,  7.716350134987391e-01,  3.389452451716100e+01
s385        , -1.028301590354242e+00, -8.081634815453747e-01, -3.549905908871605e+01
s386        , -8.502764349509152e-01, -8.123121166066289e-01, -3.568129033838272e+01
s387        ,  1.129785972964034e+00,  1.003905026217889e+00,  4.409712225182614e+01
s388        , -1.726546649489343e+00, -1.845371363154985e+00, -8.105902896774879e+01
s389        , -6.831952605802530e-01, -5.450421625557825e-01, -2.394129947249166e+01
s390        , -3.734364635864852e-02, -3.128485295226288e-02, -1.374205676072537e+00
s391        ,  4.779948697936299e-01,  3.327020732998383e-01,  1.461413541778075e+01
s392        ,  3.310220817152515e-01,  5.597320722902784e-02,  2.458656244908067e+00
s393        ,  5.553356616642980e-02, -3.149164360680498e-01, -1.383289077924009e+01
s394        ,  4.365379722541595e-01,  1.943001789508064e-01,  8.534750320978819e+00
s395        , -8.983021968784184e-01,  5.633097363111026e-01,  2.474371345797330e+01
s396        ,  1.678248791678738e-01,  1.364743056074639e+00,  5.994714620842264e+01
s397        ,  8.185692451143642e-01,  4.555004624769068e-01,  2.000812731786038e+01
s398        , -3.699760772173830e-01, -1.565725473714367e-01, -6.877541781745776e+00
s399        ,  1.905475331815307e+00,  1.673297271496839e+00,  7.350057268149214e+01
s400        ,  1.858354115946673e+00,  1.430878747395940e+00,  6.285219557986733e+01
s401        ,  1.882929356651747e+00,  1.564042422129372e+00,  6.870148878078422e+01
s402        ,  7.251022959905945e-01,  6.276372275942658e-01,  2.756933657289459e+01
s403        , -4.598852698083180e-01, -2.091581413315602e-01, -9.187395109485930e+00
s404        , -7.654208212581715e-01, -6.485728420627955e-01, -2.848894582528969e+01
s405        , -1.008550952239817e+00, -7.096492788128178e-01, -3.117176444630843e+01
s406        ,  6.851436048144010e-01,  6.620069651140802e-01,  2.907904762881422e+01
s407        ,  1.179473302867332e+00,  5.800978682557907e-01,  2.548114208658943e+01
s408        ,  1.889092138737942e+00,  1.489378571294496e+00,  6.542183495689446e+01
s409        ,  1.749725590072469e-01, -3.064976055006181e-01, -1.346308866544047e+01
s410        ,  1.998254738056868e+00,  1.711748053767328e+00,  7.518954604269541e+01
s411        ,  9.892338833250636e-01,  6.881055311893192e-01,  3.022544258527038e+01
s412        , -1.223391619754290e+00, -1.655697743027244e+00, -7.272750298044483e+01
s413        ,  5.743625596418537e-01,  8.734995318774583e-02,  3.836898375658965e+00
s414        ,  1.092248078316437e-01,  6.935539006790047e-02,  3.046476543871264e+00
s415        , -2.685700492164793e-01, -3.255450385153429e-01, -1.429975843030674e+01
s416        ,  1.462987518702352e+00,  8.924117405786809e-01,  3.919971371347816e+01
s417        ,  1.569882344576942e+00,  1.351150964696239e+00,  5.935010555266525e+01
s418        ,  1.876220335020836e-02, -4.224427378241001e-02, -1.855604720339615e+00
s419        ,  1.276905221099546e+00,  9.651665232759469e-01,  4.239551058989509e+01
s420        , -1.647237733483662e+00, -1.454109037395690e+00, -6.387259981264987e+01
s421        , -1.445425539908424e-01,  7.183692061573379e-01,  3.155479241418995e+01
s422        ,  5.402460517048289e-01,  2.796395081522876e-01,  1.228333084842582e+01
s423        ,  8.390845889372367e-02, -2.300103675755363e-01, -1.010334148477958e+01
s424        , -9.431170827773597e-01, -1.698654564902593e-02, -7.461440679735941e-01
s425        ,  1.130552771406502e+00,  6.235649876357755e-01,  2.739046102331711e+01
s426        , -8.389925436276273e-01, -3.577258616283803e-01, -1.571332012580521e+01
s427        ,  8.392912737700503e-01,  3.910308196041389e-01,  1.717626011025962e+01
s428        , -9.488637335179150e-01, -1.274933758233016e+00, -5.600221966373464e+01
s429        ,  3.637065073507825e-02,  1.136640949345200e-01,  4.992762621035832e+00
s430        , -9.278822222973141e-01, -2.583205766318405e-02, -1.134688416773048e+00
s431        , -1.858348493139306e-01, -3.464993116857488e-01, -1.522018727722138e+01
s432        , -1.980571102286932e-01,  9.107464426322548e-01,  4.000507634917810e+01
s433        ,  2.907509872393486e-01, -1.115406538475359e-01, -4.899489214924902e+00
s434        , -7.856669273303235e-01, -4.029081813114146e-01, -1.769798025066788e+01
s435        ,  2.522946697305543e-01, -1.035732622065242e-01, -4.549516823068765e+00
s436        ,  9.124956428672120e-01,  1.050040577941424e+00,  4.612365365806156e+01
s437        , -3.499552547842402e-01, -3.526574961302151e-01, -1.549068917252516e+01
s438        , -2.967024119054128e-01, -4.294714400538652e-01, -1.886478710747358e+01
s439        ,  1.398781376080027e+00,  1.200581773824150e+00,  5.273626475712770e+01
s440        , -1.423048475754128e+00, -1.697832083403173e+00, -7.457827881086101e+01
s441        ,  4.627215551435010e-01,  5.354298831715163e-01,  2.351907441329094e+01
s442        , -1.281983082708195e+00, -1.418274826966258e+00, -6.229856091769832e+01
s443        ,  4.064644218525872e-01,  3.186096878828958e-01,  1.399511905037401e+01
s444        ,  1.926435095105153e-02, -6.915713705301670e-02, -3.037768162893238e+00
s445        , -6.163049587306062e-01, -8.968777684837891e-01, -3.939588663160133e+01
s446        ,  1.711464900608388e-01, -1.113576757687064e-01, -4.891451794550637e+00
s447        , -5.502000181018426e-01, -1.042495583354260e-02, -4.579223530671630e-01
s448        ,  1.089535632894734e-01, -1.692128695459743e-01, -7.432775412095261e+00
s449        , -1.011248874107511e+00, -9.209215187497977e-01, -4.045202258787499e+01
s450        , -1.947013588700806e+00, -1.161104706289713e+00, -5.100221120848876e+01
s451        ,  1.238871233763808e+00,  9.730225564499125e-01,  4.274059149519935e+01
s452        , -3.901411635884037e-01, -9.047832839585186e-01, -3.974314107624357e+01
s453        ,  5.429001167419540e-01,  2.780431083338863e-01,  1.221320804186906e+01
s454        ,  1.674074113182614e+00,  9.769787542704749e-01,  4.291436982521030e+01
s455        ,  3.036107540082147e-01,  1.043464004956526e-01,  4.583477379857329e+00
s456        ,  1.697945289202256e+00,  1.155882954410757e+00,  5.077284266767908e+01
s457        ,  1.416859305428101e+00,  1.404780270973528e+00,  6.170580456146467e+01
s458        , -1.404208354895570e-02,  1.349187895818007e-01,  5.926387659070997e+00
s459        ,  6.925018491951431e-01,  6.933489455337578e-01,  3.045576266269322e+01
s460        , -1.114252131965874e+00, -1.128574238085807e+00, -4.957329114550118e+01
s461        ,  2.042381769729374e+00,  1.936938822289100e+00,  8.508118378745156e+01
s462        , -1.531404654443665e+00, -9.574886176545260e-01, -4.205825404272821e+01
s463        , -3.759583777355113e-01, -6.646892967221713e-01, -2.919687063174071e+01
s464        ,  1.991689923540824e+00,  1.507488138646101e+00,  6.621730841760618e+01
s465        ,  9.755969169673073e-02, -3.089543306990062e-01, -1.357100177333734e+01
s466        ,  6.072772838991297e-01,  1.070519952228007e+00,  4.702322229052336e+01
s467        ,  1.216496181986968e+00,  9.056520796344280e-01,  3.978130344034360e+01
s468        ,  3.775595362798933e-01,  8.111048607987303e-01,  3.562826091273002e+01
s469        , -1.307461059058785e+00, -1.218648108431722e+00, -5.352983919397851e+01
s470        , -5.283291461494825e-01, -5.624950767197798e-01, -2.470792905341915e+01
s471        ,  2.377867747615111e-01,  3.423036742615394e-02,  1.503589142095192e+00
s472        ,  1.302569086132945e+00,  9.001701832108475e-01,  3.954050789649301e+01
s473        , -5.693295827287675e-01, -8.049551329783468e-01, -3.535813047964263e+01
s474        ,  1.884221453852586e+00,  1.490967447339484e+00,  6.549162727725248e+01
s475        , -1.446520811585995e+00, -1.457695725909837e+00, -6.403014722775093e+01
s476        , -1.215631750383895e+00, -5.685097015959325e-01, -2.497212500974561e+01
s477        , -8.341578078875426e-01, -5.201953253492591e-01, -2.284988744719767e+01
s478        ,  1.187878793372986e+00,  1.040292059226488e+00,  4.569544420565322e+01
s479        ,  3.365947877874360e-01,  4.577973675939608e-01,  2.010902023412474e+01
s480        , -9.637108529621194e-01, -2.927489048286850e-01, -1.285916885380441e+01
s481        ,  2.085079041846591e+00,  1.491777567933191e+00,  6.552721230365087e+01
s482        , -1.022603717946666e+00, -4.748308691413239e-01, -2.085722686771497e+01
s483        , -1.034187950850505e+00, -5.933901147041489e-01, -2.606501187638715e+01
s484        , -1.995156105028394e+00, -2.021260312544622e+00, -8.878505513697796e+01
s485        ,  6.269503300594436e-01,  6.471842938316154e-02,  2.842795302267973e+00
s486        , -1.429365852931641e+00, -1.526358918599417e+00, -6.704621859223070e+01
s487        ,  4.249609108300679e-01,  7.726717856735639e-01,  3.394006534836172e+01
s488        , -2.798574335396176e-01, -3.791407065943191e-01, -1.665397986134273e+01
s489        , -5.336235067101003e-01, -9.805239417018107e-01, -4.307009428069418e+01
s490        , -1.648273604531437e+00, -1.352856062817295e+00, -5.942500299647912e+01
s491        ,  7.228333429987273e-01,  4.831822585388263e-01,  2.122406658822283e+01
s492        , -9.260692223596583e-01, -1.028576449004173e+00, -4.518082909492465e+01
s493        , -5.201114240395055e-01,  6.784967650207812e-01,  2.980337184614921e+01
s494        ,  1.832055246002863e-02, -5.969421990928491e-01, -2.622103928480389e+01
s495        ,  2.383820600840625e-01, -3.398499663443941e-02, -1.492811084891948e+00
s496        , -7.978377098794708e-01, -1.912802471899373e-01, -8.402098031595571e+00
s497        ,  4.550356427377596e-01,  3.486234009415294e-01,  1.531348915453020e+01
s498        , -6.680642327437073e-01, -2.915887227895938e-01, -1.280820717129852e+01
s499        ,  8.575607855949897e-01,  7.088827877461085e-01,  3.113809587269743e+01
s500        , -1.692527892902983e-01, -1.665987734839195e-01, -7.317949695901039e+00
s501        , -6.422509788397670e-01, -4.760979644390608e-01, -2.091288477836368e+01
s502        ,  1.243213320474068e+00,  1.372716857417870e+00,  6.029740015024116e+01
s503        , -1.279877945312270e+00, -1.060544898727111e+00, -4.658506216360917e+01
s504        ,  1.209352307302353e-01, -2.508403848158536e-01, -1.101831231644723e+01
s505        , -1.237963369094699e+00, -9.449273109008531e-01, -4.150649121149085e+01
s506        , -1.696383544323350e-01, -3.141362714465870e-01, -1.379862158664644e+01
s507        , -1.230468344629726e+00, -6.374953909000638e-01, -2.800236222882944e+01
s508        , -2.371439343057282e-01, -4.843787135399698e-01, -2.127662158204836e+01
s509        , -1.639492376941975e-01, -2.577389293047280e-01, -1.132133496474656e+01
s510        ,  6.798876031058373e-01,  9.674099740337505e-01,  4.249405549180232e+01
s511        , -1.306302408071936e+00, -1.184730549483740e+00, -5.203999034936473e+01
s512        , -1.810398909331260e-01, -6.838797859293161e-01, -3.003982422450033e+01
s513        ,  7.546842351810933e-01,  5.257373553435086e-01,  2.309332439371875e+01
s514        , -1.659299996003214e+00, -1.571113101316433e+00, -6.901207254754748e+01
s515        , -2.345220738579200e-01, -1.122990354913357e+00, -4.932801577336456e+01
s516        , -1.737647836542105e+00, -1.472111088703661e+00, -6.466335056753152e+01
s517        , -1.327112675511377e+00, -1.134829934997974e+00, -4.984807633364339e+01
s518        , -4.005723114576410e-01, -1.255475994560777e+00, -5.514752588195891e+01
s519        , -7.627096815238132e-01,  2.742844286893072e-01,  1.204810581460272e+01
s520        ,  5.205308045053684e-01,  6.328575796225001e-01,  2.779864362443300e+01
s521        , -1.565970964052308e-01,  2.740893379079636e-01,  1.203953633660386e+01
s522        ,  9.369677526584559e-01,  5.445007567791317e-01,  2.391751790342151e+01
s523        , -1.137675297963781e+00, -1.119260647868233e+00, -4.916418618467134e+01
s524        , -1.043872792855045e+00, -1.016224268387098e-01, -4.463825225297018e+00
s525        , -4.052687326822306e-01, -6.536062534961945e-01, -2.871004140059380e+01
s526        , -9.078531683408999e-01, -6.218992978439338e-01, -2.731729461368061e+01
s527        , -2.354883271970434e-01,  2.782148897649861e-01,  1.222075364286714e+01
s528        ,  1.249426787716260e+00,  8.258747786838146e-01,  3.627703829467196e+01
s529        , -1.079712692195388e+00, -8.460464659701205e-01, -3.716309159359910e+01
s530        , -1.464169262892369e+00, -1.414189277908870e+00, -6.211910075807724e+01
s531        ,  8.870341112159444e-01,  1.133433993619433e+00,  4.978675878266166e+01
s532        ,  8.189742158633641e-01,  1.261556867802421e-01,  5.541463183693603e+00
s533        , -6.018468317011504e-01, -7.505131099318486e-01, -3.296673240589983e+01
s534        , -1.393564173594942e+00, -1.311513519928565e+00, -5.760900733916681e+01
s535        ,  1.247772269364924e+00,  9.248816179602571e-01,  4.062597228874542e+01
s536        ,  1.175565678381589e-01, -4.169430021315391e-02, -1.831446805910073e+00
s537        ,  1.371458952168796e-02,  4.937170583043397e-02,  2.168681390099229e+00
s538        ,  1.438921434076982e+00,  1.170586676387348e+00,  5.141871235517468e+01
s539        ,  4.815773172227232e-01, -2.430459667056477e-01, -1.067593788927408e+01
s540        , -7.238055425047152e-01,  5.591698290364047e-02,  2.456186558149476e+00
s541        ,  2.233900132878818e+00,  1.946368486079874e+00,  8.549538734866087e+01
s542        ,  4.148904574828530e-02, -2.210722849829586e-01, -9.710730918552295e+00
s543        ,  7.192492690821944e-01,  9.323161937638216e-01,  4.095254042969334e+01
s544        , -1.195051331046210e+00, -3.309383150513474e-01, -1.453666129316229e+01
s545        ,  1.551116853180877e-01,  3.338488929072724e-01,  1.466451014757002e+01
s546        , -5.623355357397409e-01, -4.913177807390642e-01, -2.158142421436997e+01
s547        ,  1.448160679819764e+00,  1.186088664484459e+00,  5.209964635432001e+01
s548        ,  3.848360583786407e-01,  2.656176327844669e-01,  1.166741167664507e+01
s549        , -1.115216456955655e+00, -9.415450777194230e-01, -4.135792461784841e+01
s550        , -2.045366715571642e+00, -1.876239530421096e+00, -8.241493147851888e+01
s551        ,  1.482005267115409e+00,  1.180300785752837e+00,  5.184541035654975e+01
s552        , -2.227828855322892e-01, -3.174870630503610e-01, -1.394580709038745e+01
s553        ,  1.297454412958832e-01,  5.680750018301253e-02,  2.495303056533567e+00
s554        ,  1.061901762942694e+00,  9.353653816729876e-01,  4.108647781270043e+01
s555        , -4.386884091748981e-01,  7.244110825635602e-01,  3.182018541009850e+01
s556        ,  3.941867714817063e-01,  6.966179831700059e-01,  3.059935707503972e+01
s557        , -8.951391675309346e-01, -2.458187103836020e-01, -1.079773229586289e+01
s558        ,  5.626259017835469e-01,  4.631907917279397e-01,  2.034592958030865e+01
s559        , -2.646400996406346e-02, -1.874653205040541e-01, -8.234525119760548e+00
s560        , -4.614794874684225e-01, -1.131161296156323e+00, -4.968692920191965e+01
s561        , -5.368862422565327e-01,  4.300896652405635e-01,  1.889194301458128e+01
s562        ,  1.314110066282131e+00,  7.278351852649143e-01,  3.197059114717630e+01
s563        ,  1.921771526510788e+00,  1.498336647399140e+00,  6.581532374996871e+01
s564        ,  8.001607223901942e-01,  7.475680884532421e-01,  3.283737059498662e+01
s565        , -5.562845031577306e-02, -4.940311462339887e-01, -2.170061039913721e+01
s566        ,  1.020041341313152e+00,  7.555584098011804e-01,  3.318835018778621e+01
s567        , -2.539691194509933e-01, -4.814260518646196e-01, -2.114692417097280e+01
s568        , -2.316202851259171e-01, -5.235512559437780e-01, -2.299729868414772e+01
s569        , -2.442891053411890e-01, -5.006609343649364e-01, -2.199182776540095e+01
s570        , -7.106433958989193e-02, -4.138894464188974e-01, -1.818033881774142e+01
s571        , -1.517261224362497e-01, -4.934874373582116e-01, -2.167672766507533e+01
s572        , -1.943188611921064e+00, -1.882152267416676e+00, -8.267465194940772e+01
s573        ,  4.755730333935128e-01,  3.503505610544053e-01,  1.538935568438801e+01
s574        , -3.521357752458716e-01, -6.125617882406825e-01, -2.690713897968261e+01
s575        , -2.101634380935241e-02, -3.006903750261661e-01, -1.320800263091666e+01
s576        ,  8.972128211862684e-01,  8.303910972025682e-01,  3.647542025775463e+01
s577        ,  3.519332247195900e-01,  5.790201995554103e-01,  2.543380485130665e+01
s578        , -4.676730825695681e-01, -5.885949903745402e-01, -2.585438320310310e+01
s579        , -5.850412346637100e-02, -5.015728467248379e-01, -2.203188405535602e+01
s580        , -9.183798967000043e-01, -8.217235971885433e-01, -3.609469519138451e+01
s581        ,  9.240377559230070e-02, -2.518489884645596e-01, -1.106261582847185e+01
s582        , -1.742244634920983e+00, -1.200762584390646e+00, -5.274420696824034e+01
s583        ,  7.055292745925379e-01,  1.282972074504659e-01,  5.635530746195453e+00
s584        , -3.175359681654383e-01, -2.777462219441091e-01, -1.220016713154096e+01
s585        , -1.018136882779183e+00, -6.019334833845904e-01, -2.644028440048555e+01
s586        ,  1.796431915125592e+00,  1.643324199706432e+00,  7.218398776908883e+01
s587        ,  1.528101545573583e+00,  1.382980716555555e+00,  6.074824623562753e+01
s588        , -1.493251816790637e+00, -8.565691583401183e-01, -3.762530708185729e+01
s589        , -1.919234877209601e-01, -6.835405045192280e-01, -3.002492108782137e+01
s590        , -1.474690448373283e+00, -1.439013458843741e+00, -6.320951759323398e+01
s591        , -7.075916964107042e-02, -5.443613198504172e-01, -2.391139305382788e+01
s592        ,  1.771261470718517e+00,  1.695483471104755e+00,  7.447511462606187e+01
s593        ,  9.576275984893917e-01,  1.227666481927746e+00,  5.392597658564490e+01
s594        ,  1.644504072992790e+00,  1.473181514370359e+00,  6.471036964827429e+01
s595        , -5.357649623549657e-01,  5.198889551067052e-01,  2.283642995302496e+01
s596        ,  6.346409254556347e-01,  7.794446920319428e-01,  3.423756926744338e+01
s597        , -1.925166625783171e+00, -1.655542641912938e+00, -7.272069007223108e+01
s598        ,  4.877766835626365e-01,  7.927541353046931e-01,  3.482219443792722e+01
s599        , -1.762506312086289e+00, -1.407953138750979e+00, -6.184517465586324e+01
s600        ,  3.925159363258416e-01, -2.143284196067194e-01, -9.414502641793641e+00
s601        , -2.895039831412950e-01, -3.332923584853935e-01, -1.464006404380726e+01
s602        ,  1.015619978504493e+00,  1.288174226362232e+00,  5.658381506022852e+01
s603        ,  1.530534275818686e+00,  1.265260365080998e+00,  5.557731014612655e+01
s604        ,  1.102137725135546e+00,  1.254968711261603e+00,  5.512524316290098e+01
s605        , -2.082111847210221e-02,  1.507339567391829e-01,  6.621078233735759e+00
s606        ,  9.842778583139866e-01,  8.686752051344386e-01,  3.815707235001877e+01
s607        , -1.138623824161354e+00, -7.462938562622743e-01, -3.278139919208016e+01
s608        , -4.177570888255018e-01, -5.832458757660094e-01, -2.561942017904089e+01
s609        ,  3.685164501033219e-01,  3.579606261120145e-03,  1.572363229464756e-01
s610        , -2.659779361808961e-01, -1.992429103682603e-02, -8.751862722930718e-01
s611        , -7.893175620146011e-01, -1.906371019885607e-01, -8.373847498098764e+00
s612        ,  4.551812262842944e-01,  5.931709921066393e-01,  2.605538678664437e+01
s613        , -1.906510824785770e+00, -1.665550365127564e+00, -7.316028523565048e+01
s614        ,  4.363873919671318e-01,  2.915049462182553e-01,  1.280452723583477e+01
s615        ,  2.289607222323559e-01,  9.693636899532598e-02,  4.257987361951130e+00
s616        ,  1.051114336732525e+00,  8.113374020942308e-01,  3.563847542672136e+01
s617        ,  9.612491509961185e-01,  1.061073804726111e+00,  4.660829467255022e+01
s618        ,  1.641704627639855e+00,  1.036371321655135e+00,  4.552322348806938e+01
s619        , -1.622899727833569e+00, -8.397767927051299e-01, -3.688769248588979e+01
s620        , -1.432198008011447e+00, -1.433354824648168e+00, -6.296095873817914e+01
s621        , -5.169781910985175e-01, -9.968748825612034e-01, -4.378831903221816e+01
s622        ,  7.834349958828789e-02,  8.672764075918147e-01,  3.809562934033983e+01
s623        ,  1.505481327993915e-01, -7.261907839344599e-02, -3.189835984580215e+00
s624        , -1.795745482905790e+00, -1.464624268963977e+00, -6.433448758077866e+01
s625        , -6.540205211871799e-01,  4.058877255194830e-01,  1.782885849289847e+01
s626        , -9.921730176745909e-02, -3.300291359215528e-01, -1.449672506195683e+01
s627        ,  1.003457009680013e-01, -3.147014714057908e-01, -1.382344832926336e+01
s628        , -7.262707774759888e-01, -7.684405505109718e-03, -3.375420584037536e-01
s629        ,  9.013378522352091e-01,  5.776350538323550e-01,  2.537296150587957e+01
s630        ,  2.883264293170171e-01, -2.193835719317414e-01, -9.636553198625613e+00
s631        , -4.308621051856988e-01, -1.818012701911515e-01, -7.985728358547449e+00
s632        , -2.552616433847757e-02,  1.775950790112074e-01,  7.800968922313338e+00
s633        , -2.361941375317399e+00, -2.379122889011178e+00, -1.045043805429394e+02
s634        , -1.741723873388839e-01, -5.249115636347581e-01, -2.305705100432011e+01
s635        , -1.887226794633780e+00, -1.716114441007181e+00, -7.538134218564342e+01
s636        ,  5.559866372520853e-01,  1.993701339141027e-01,  8.757451092455190e+00
s637        ,  5.224165136667182e-01,  3.440766072480809e-01,  1.511376855136797e+01
s638        , -9.017862751888349e-01, -1.610176538660240e-01, -7.072795714533296e+00
s639        ,  4.059987622661941e-02, -8.019763451745701e-02, -3.522728546291831e+00
s640        ,  1.793715557338358e-01,  8.171511169223016e-02,  3.589384629031416e+00
s641        , -1.502090098725329e+00, -1.254991154550391e+00, -5.512622899763995e+01
s642        , -1.255445500732830e+00, -1.025846400738566e+00, -4.506091010958457e+01
s643        ,  2.659311374869887e-02, -5.273088188139586e-02, -2.316235185643813e+00
s644        ,  5.978067737156746e-01,  1.042794915789303e+00,  4.580538366102686e+01
s645        , -1.614381328938929e-01, -4.147975659410749e-01, -1.822022850505536e+01
s646        , -7.340994125406998e-01, -7.477633440623772e-01, -3.284594731314380e+01
s647        , -1.496428190082178e-01, -3.023586692068651e-01, -1.328128343987470e+01
s648        , -4.884218476882379e-01, -7.375989245444137e-02, -3.239946917188891e+00
s649        , -5.843001747665787e-01, -5.427924648547463e-01, -2.384248016990685e+01
s650        ,  7.524274850037658e-01,  7.154354806794924e-01,  3.142592678679367e+01
s651        , -1.389027741701250e+00, -1.484713462958276e+00, -6.521691731304594e+01
s652        , -2.566043711440669e+00, -2.667955774346123e+00, -1.171915359235106e+02
s653        , -1.007282708793189e+00, -4.241808259055824e-01, -1.863239375074042e+01
s654        , -1.044226385778375e+00, -8.108026961157641e-01, -3.561498815025060e+01
s655        , -6.127047200082997e-01, -3.710384599383066e-01, -1.629808388316373e+01
s656        , -9.677099452782351e-01, -7.345544229273316e-01, -3.226573763703404e+01
s657        , -9.543477553558062e-02, -1.890718612326619e-01, -8.305093371798145e+00
s658        ,  2.152611224039404e+00,  1.886009840077315e+00,  8.284409811091592e+01
s659        ,  7.601680812147134e-01,  3.296675367527866e-01,  1.448084160452323e+01
s660        , -8.552740445977219e-01, -8.558232712509858e-01, -3.759254355015205e+01
s661        , -8.587465647638401e-01, -6.893212645537635e-01, -3.027884439261022e+01
s662        ,  2.292650657012456e+00,  1.993574615405292e+00,  8.756894450948208e+01
s663        , -7.424589206994223e-01, -5.943264657470355e-01, -2.610614164995184e+01
s664        ,  1.170121236794572e+00,  9.442712483531741e-01,  4.147767327591491e+01
s665        , -9.550555766428818e-02,  1.462591245760221e-01,  6.424518583368520e+00
s666        ,  6.314775109494175e-01,  8.553287402677422e-01,  3.757082098411647e+01
s667        ,  9.502651428335526e-01,  9.561550109129087e-01,  4.199967457755452e+01
s668        , -1.539888656744302e+00, -7.514759526552474e-01, -3.300902584220521e+01
s669        , -7.817282530962720e-01, -7.184989446189676e-01, -3.156049125287877e+01
s670        ,  1.305183965640755e+00,  7.751746840487430e-01,  3.405000664036817e+01
s671        ,  4.799138388405841e-01,  4.911331108571630e-01,  2.157331248054474e+01
s672        ,  3.973005628545346e-02,  6.391482994781316e-01,  2.807496721608873e+01
s673        , -1.414611532455524e-01, -4.756155007277535e-01, -2.089169227438774e+01
s674        ,  2.903659687553911e-01,  1.488474402549581e-01,  6.538211880980900e+00
s675        ,  1.026086479328726e+00,  6.732559328488381e-01,  2.957316519218102e+01
s676        , -6.754288667653827e-02, -2.165717980945848e-01, -9.513044369201078e+00
s677        ,  1.605266818482901e+00,  1.347038386649622e+00,  5.916945812870019e+01
s678        ,  1.084789537255858e-01,  6.092481910963805e-02,  2.676158726458022e+00
s679        , -2.992012028639636e-01, -5.485632420399708e-01, -2.409596497213321e+01
s680        ,  8.990202473369718e-01,  4.771147799280653e-01,  2.095754900033201e+01
s681        ,  5.643835559735575e-01,  4.212106931776536e-01,  1.850192891334327e+01
s682        , -5.946014640649122e-01, -1.250049871630929e+00, -5.490918022181972e+01
s683        , -6.016194601328428e-01,  7.321654359847309e-01,  3.216079997210091e+01
s684        , -1.092230320268682e+00, -5.736936148494745e-01, -2.519983146654613e+01
s685        , -1.049541099357342e+00, -1.538230636258477e+00, -6.756769081448165e+01
s686        , -3.882296162024126e-01, -8.351199149382439e-01, -3.668313637466895e+01
s687        , -1.289479776127262e+00, -5.083332695898235e-01, -2.232883962960434e+01
s688        ,  1.174200481057901e+00,  1.241400945698866e+00,  5.452927103298929e+01
s689        , -2.594548196962304e-02, -2.904091911625816e-01, -1.275639554669474e+01
s690        ,  4.711059702108155e-01,  5.400102149501352e-01,  2.372026819668758e+01
s691        ,  9.245223879507848e-01,  5.581120713386730e-01,  2.451540294878424e+01
s692        ,  1.066847762125763e+00,  8.275254531417374e-01,  3.634954514688209e+01
s693        ,  6.254387821095569e-01,  3.725032681401514e-01,  1.636242645010507e+01
s694        , -5.171349029224964e-01,  6.378188331426110e-01,  2.801656962070264e+01
s695        , -1.267384161897314e+00, -1.311495081151202e+00, -5.760819740496155e+01
s696        , -4.788650652000022e-01,  5.486307977345308e-01,  2.409893239598702e+01
s697        , -3.220149437916258e-01, -6.250957378581881e-01, -2.745770013252757e+01
s698        , -1.380331688121128e+00, -1.490429928077417e+00, -6.546801642563507e+01
s699        ,  1.594942071124517e+00,  1.131319786914597e+00,  4.969389100225015e+01
s700        ,  1.292968973461459e+00,  1.015131882615780e+00,  4.459026856163857e+01
s701        ,  5.937524925456381e-01,  3.915581402166879e-01,  1.719942298016284e+01
s702        ,  9.323059097091277e-01,  7.578740859938313e-01,  3.329006763465235e+01
s703        , -3.788357179143477e-01,  7.980828690702600e-01,  3.505626222140363e+01
s704        , -4.335664235266130e-01, -8.279160413216400e-01, -3.636670196378162e+01
s705        ,  1.028207628094288e-01,  2.208020537979951e-01,  9.698860853866449e+00
s706        , -9.693990214196425e-01, -5.155439015911132e-01, -2.264557090653769e+01
s707        , -4.022383612473933e-01, -8.034421010892498e-01, -3.529166965870643e+01
s708        , -4.176881010209963e-01, -9.297227291175589e-01, -4.083862096064473e+01
s709        , -5.070250417068456e-01, -1.166767622854346e+00, -5.125095816913829e+01
s710        , -6.560408805167797e-01, -1.911161753895017e-01, -8.394891080685937e+00
s711        , -7.281768921318991e-01,  3.501937253586593e-02,  1.538246658365794e+00
s712        ,  1.638529471594250e+00,  1.280536157816989e+00,  5.624830838020291e+01
s713        , -2.681291651109597e-01, -4.858207046136294e-01, -2.133996189313413e+01
s714        ,  1.813117241484988e+00,  1.532373985841329e+00,  6.731043397973485e+01
s715        ,  5.902106972748544e-01,  2.345275853164081e-01,  1.030176294672576e+01
s716        ,  1.256825138045294e+00,  1.167516992462794e+00,  5.128387467256488e+01
s717        ,  1.935429652037489e-01, -3.025975808070565e-01, -1.329177777326868e+01
s718        , -9.717462693594499e-01, -1.019294287980366e+00, -4.477310468002652e+01
s719        , -1.005002399040077e+00, -6.378780293341421e-01, -2.801916984844000e+01
s720        , -1.084502233578804e+00, -6.637605426464910e-01, -2.915607455945541e+01
s721        ,  1.202728817719904e+00,  7.106365482294018e-01,  3.121513083956432e+01
s722        , -8.687581931338572e-01, -6.013482938615040e-02, -2.641457960444825e+00
s723        , -8.228918435433465e-02, -8.644232479444824e-02, -3.797030261471714e+00
s724        , -4.319725882125269e-01,  1.571954912632486e-01,  6.904904960767484e+00
s725        ,  2.076224205209437e-01,  2.113676737860409e-01,  9.284450129851372e+00
s726        ,  1.218751687971090e+00,  1.163777282140331e+00,  5.111960568399599e+01
s727        , -4.191973947875540e-01, -8.915462774992321e-01, -3.916169773564944e+01
s728        , -6.090434041993623e-01, -1.585556081946121e-01, -6.964648901710919e+00
s729        ,  9.718089694740940e-01,  8.864139881631379e-01,  3.893625888996682e+01
s730        ,  2.269628290273034e-01,  5.227601294771762e-02,  2.296254798602026e+00
s731        ,  8.255797233596714e-01,  1.249099995554815e+00,  5.486745635316816e+01
s732        ,  1.498830275111732e+00,  8.169613951266084e-01,  3.588551264818692e+01
s733        , -8.897216148319836e-01, -7.094627310898690e-01, -3.116357022720419e+01
s734        ,  5.730515015964993e-01,  3.583615128560510e-01,  1.574124148207300e+01
s735        , -4.493104523117364e-01, -1.815609983595676e-01, -7.975174276184756e+00
s736        ,  9.253604820479431e-01,  8.650094056724880e-01,  3.799604993972830e+01
s737        , -7.641264386628301e-01, -1.479740165538344e-01, -6.499846228135099e+00
s738        ,  1.093494957500644e+00,  6.337539082047869e-01,  2.783801538773597e+01
s739        ,  3.235386076744294e-01,  3.715578573193179e-01,  1.632089872043371e+01
s740        ,  9.523024838580033e-01,  7.645007618878216e-01,  3.358114829406633e+01
s741        , -4.683237856465198e-01, -6.809892846260680e-01, -2.991285724454746e+01
s742        ,  1.206631327064570e+00,  9.660714874215159e-01,  4.243526167542458e+01
s743        ,  5.593827587743279e-02, -9.552042017164009e-01, -4.195790972103770e+01
s744        , -1.602853178165513e-01, -4.045785063994123e-01, -1.777135026843064e+01
s745        , -5.306178829342441e-01, -7.338979618553737e-02, -3.223690219604371e+00
s746        ,  6.509625117887479e-01,  6.656047396696800e-01,  2.923708200484528e+01
s747        , -5.126484862205682e-01, -3.027696587460077e-01, -1.329933639854956e+01
s748        , -7.766421657116760e-01, -9.354694038047335e-01, -4.109104704638366e+01
s749        , -2.162768438186639e-01,  2.523709920191799e-01,  1.108554514345959e+01
s750        , -7.494903637093456e-02, -5.171382363134942e-01, -2.271560300252991e+01
s751        , -1.132573444571337e+00, -1.128113384952522e+00, -4.955304789895110e+01
s752        ,  1.560177551100659e+00,  1.225366457899876e+00,  5.382494666937757e+01
s753        , -9.778812152465644e-01, -9.609582935805794e-01, -4.221066161066501e+01
s754        ,  8.187766647944796e-01,  2.862249088679175e-01,  1.257259847120926e+01
s755        , -1.210746771791428e+00, -3.335852754119254e-01, -1.465293059311379e+01
s756        , -4.332253543244241e-02, -6.721060475669514e-01, -2.952265580082763e+01
s757        ,  6.046843465793931e-01,  1.209817353702605e-01,  5.314194306765550e+00
s758        ,  7.853283269182638e-01,  4.092263901918090e-01,  1.797551131400055e+01
s759        , -4.512800599860263e-01, -7.910811557939185e-01, -3.474870782307352e+01
s760        ,  2.133127133712616e-01,  2.640211284872555e-01,  1.159728428079476e+01
s761        , -1.372370955930419e+00, -1.347777369794950e+00, -5.920191840058902e+01
s762        ,  1.452970431080306e+00,  1.245176530376243e+00,  5.469511582382336e+01
s763        , -1.593336135067460e-01, -5.509998107968048e-01, -2.420299269640896e+01
s764        ,  1.129930705304393e-01,  8.066574415405129e-01,  3.543290539043166e+01
s765        ,  1.677207924737715e-01, -1.163631522953702e-01, -5.111320312548306e+00
s766        ,  5.961954984880359e-01,  4.835573613291898e-01,  2.124054320022465e+01
s767        , -9.375424158088497e-03,  8.697746951535262e-02,  3.820536809963639e+00
s768        , -8.411067604869058e-01, -7.762410406537892e-02, -3.409684698517077e+00
s769        , -1.631013149721456e+00, -2.121228029156803e+00, -9.317619623654099e+01
s770        , -1.228187901814855e+00, -1.946850797954139e+00, -8.551657318310495e+01
s771        ,  9.328417972171988e-01,  1.163078826311589e+00,  5.108892559846682e+01
s772        , -9.596604783247586e-02, -4.624493154580567e-01, -2.031335979644873e+01
s773        , -9.831278135606507e-01, -3.345843904262029e-01, -1.469681731125705e+01
s774        , -2.033459030028846e+00, -1.755826664404732e+00, -7.712572509470311e+01
s775        , -6.607780820803044e-01, -1.307690432962808e-01, -5.744107598221044e+00
s776        ,  1.215325319114621e+00,  1.210372059720820e+00,  5.316630885770589e+01
s777        ,  4.760210780336026e-01,  2.935478962654236e-01,  1.289426502539815e+01
s778        ,  2.142801356098008e-01, -1.032768442112797e-03, -4.536496487250663e-02
s779        , -1.470608055270920e+00, -1.295843697360361e+00, -5.692070111157696e+01
s780        ,  1.453146522973686e-01, -4.202614287133022e-01, -1.846023191010039e+01
s781        ,  1.109240315344008e+00,  1.324046728149882e+00,  5.815953592574547e+01
s782        ,  7.695424724410216e-02, -5.310323859073742e-03, -2.332591174412258e-01
s783        , -7.894231608208058e-01,  5.230800068072098e-01,  2.297659878700240e+01
s784        ,  9.832415361728466e-01,  6.625657810576027e-01,  2.910359394976513e+01
s785        ,  5.886112315649437e-01,  5.144679521683764e-01,  2.259830919154258e+01
s786        , -2.620848509633372e-02,  7.980702104131406e-02,  3.505570618239969e+00
s787        ,  8.241728815006354e-01, -2.221350107475510e-01, -9.757411776539380e+00
s788        ,  4.759016983835212e-01,  1.937228643329863e-01,  8.509391434814368e+00
s789        , -1.007342786777141e+00, -4.915204328177117e-01, -2.159032582682665e+01
s790        , -8.094162460092497e-01, -2.378444890968309e-01, -1.044745990777591e+01
s791        ,  5.705555442811846e-01,  1.809799770831026e-01,  7.949652572846169e+00
s792        , -1.035864338805942e+00, -2.927887711733851e-01, -1.286092000658287e+01
s793        , -1.498582767952144e-01,  4.503547256828444e-01,  1.978209778463017e+01
s794        ,  2.280617797563588e-01,  8.873164147373152e-01,  3.897589851117154e+01
s795        , -4.151258976430172e-01, -6.891155240108718e-01, -3.026980711753428e+01
s796        ,  7.548647250689058e-01,  5.023502751201568e-01,  2.206603305759731e+01
s797        ,  1.447952712683449e+00,  1.054612574941750e+00,  4.632448133139032e+01
s798        ,  1.064853965398538e+00,  5.087582820216237e-01,  2.234750855213597e+01
s799        , -5.069554785822377e-01,  1.521719618223281e+00,  6.684243457829842e+01
s800        , -9.315847236743398e-01, -8.057767832970382e-01, -3.539422195603267e+01
s801        ,  9.104636181068654e-02,  1.553825177799323e-01,  6.825269027840331e+00
s802        , -1.700965738434856e+00, -1.436240530485297e+00, -6.308771507444539e+01
s803        , -9.506056245870035e-01, -6.149805380316719e-01, -2.701338399534078e+01
s804        ,  2.069942262873753e+00,  1.736980578059382e+00,  7.629789960141882e+01
s805        , -6.414178242260793e-01,  3.012057516878591e-01,  1.323064085571166e+01
s806        , -7.253070023190913e-01, -6.904669990137619e-01, -3.032917145665633e+01
s807        ,  5.484542484121483e-01,  2.582424551686684e-01,  1.134345263623858e+01
s808        , -1.482202071480258e+00, -8.909402195631010e-01, -3.913507628222177e+01
s809        , -1.517909024869592e-01, -5.013484688993500e-01, -2.202202812661501e+01
s810        , -5.243890825004432e-01, -9.461591444144551e-01, -4.156060022740827e+01
s811        , -8.402207079652194e-01, -4.879898171935957e-01, -2.143524144659658e+01
s812        , -1.837554634883737e+00, -1.442012523264548e+00, -6.334125327235859e+01
s813        , -1.305458046196112e+00, -8.608640230023713e-01, -3.781396155326673e+01
s814        ,  9.601020837191020e-01,  6.855042380984243e-01,  3.011117924715942e+01
s815        , -2.071547047876009e-01,  2.290378924126255e-01,  1.006062493786939e+01
s816        ,  1.086281096001821e+00,  8.831185969644969e-01,  3.879150688179973e+01
s817        , -6.950199443354254e-01, -6.634259299176133e-01, -2.914137649736091e+01
s818        , -2.042921524283320e-01, -5.745141692407739e-01, -2.523587480367706e+01
s819        , -1.174085534063621e+00, -7.441902821196789e-01, -3.268899845325601e+01
s820        , -4.418897943240204e-01, -1.209360324382734e+00, -5.312186778437238e+01
s821        , -1.211161791292892e+00, -1.355208848808099e+00, -5.952835051318567e+01
s822        ,  2.603756505819580e-01, -2.565213119379044e-01, -1.126785040148757e+01
s823        ,  6.199991222555385e-01,  7.215075346892944e-01,  3.169264535179448e+01
s824        , -1.854748548283659e+00, -1.827723239569855e+00, -8.028382469749954e+01
s825        , -2.925657132343389e-01, -1.104120206000334e-01, -4.849913331755855e+00
s826        , -1.096505403479755e+00, -8.630866770590346e-01, -3.791159294777170e+01
s827        , -6.487388694069519e-02,  1.867081344940222e+00,  8.201265276269601e+01
s828        , -5.631644114900024e-01, -7.397821248376721e-01, -3.249536753649264e+01
s829        ,  9.396149132061843e-01,  1.398662238623849e+00,  6.143706637068099e+01
s830        , -1.058909335821911e-01, -2.726768331824181e-01, -1.197749123080510e+01
s831        ,  1.916013365790170e-02,  7.716929488839162e-01,  3.389706936323323e+01
s832        ,  1.966479662680959e+00,  1.650391996053483e+00,  7.249444490539891e+01
s833        , -3.620791385089753e-01, -4.349669760790089e-01, -1.910618177889290e+01
s834        , -7.529060995547020e-01, -9.814714134287407e-01, -4.311171253688519e+01
s835        ,  8.955601758309945e-01,  7.722039744150656e-01,  3.391951646204475e+01
s836        , -3.511452156713288e-01, -9.697551602578763e-01, -4.259706918426110e+01
s837        ,  2.142601060729459e+00,  1.737313927007425e+00,  7.631254215119243e+01
s838        ,  1.028409428393702e+00,  9.780828331116775e-01,  4.296286714155465e+01
s839        , -9.381248660546658e-01, -6.581641782308789e-02, -2.891025094132845e+00
s840        ,  1.041568016558684e+00,  1.082831032485592e+00,  4.756399377486991e+01
s841        , -3.031960082211786e-01, -5.738897129923971e-01, -2.520844519349836e+01
s842        ,  1.545481033371346e+00,  1.243566333590052e+00,  5.462438697729326e+01
s843        ,  9.376075098808509e-02, -3.600503923133744e-02, -1.581542651148670e+00
s844        ,  2.260200226388619e+00,  1.902522412326471e+00,  8.356942261686687e+01
s845        ,  7.631813505267834e-02, -1.454525978824306e-01, -6.389091421159167e+00
s846        , -7.719312092337802e-01,  6.889554040624626e-02,  3.026277375406274e+00
s847        ,  8.390061559731493e-02, -8.106740401670837e-02, -3.560933686158390e+00
s848        ,  1.798212902578797e+00,  1.428956473624302e+00,  6.276775856710653e+01
s849        , -4.426333276094398e-01, -4.450619763426574e-01, -1.954961063832936e+01
s850        ,  1.776931420661177e+00,  1.575969461225916e+00,  6.922539102990839e+01
s851        ,  6.740950847184962e-01,  1.378614419181336e-02,  6.055645404007766e-01
s852        ,  5.247617444717383e-01,  1.633316392999716e-01,  7.174438893822971e+00
s853        , -6.937010389893300e-01,  3.178985638630252e-02,  1.396388250705391e+00
s854        , -3.849480547825320e-01, -4.003977860968348e-01, -1.758770965555513e+01
s855        ,  1.721123124597798e-01, -9.249921234584790e-02, -4.063082630813737e+00
s856        ,  8.284120434530070e-01,  7.153346047489378e-01,  3.142149575185933e+01
s857        , -1.430174539460575e+00, -1.734284298083565e+00, -7.617946390818733e+01
s858        , -4.661418612561535e-01, -4.627599222511998e-01, -2.032700338361263e+01
s859        ,  9.776646253335924e-01,  6.086111705258090e-01,  2.673360575911554e+01
s860        , -6.760181986005682e-01, -8.411620462415131e-02, -3.694854056708138e+00
s861        , -2.202836606256784e-01, -1.061737398796125e-01, -4.663744343470113e+00
s862        ,  1.775874489146720e-01,  4.171734010159577e-01,  1.832458846641737e+01
s863        ,  4.919397024905665e-04, -4.257127486761643e-01, -1.869968436482291e+01
s864        , -6.626061886661074e-01, -4.758169875462491e-01, -2.090054270210280e+01
s865        , -8.371406217114558e-01, -5.854985931426456e-01, -2.571837212266307e+01
s866        , -1.153749740508799e+00, -4.174059372375949e-01, -1.833480275753633e+01
s867        ,  2.473721027027026e-01,  7.012294908443682e-02,  3.080192027810229e+00
s868        ,  2.269395821593049e+00,  2.109602602321304e+00,  9.266554248443646e+01
s869        ,  4.678738330590472e-01,  2.152699068070765e-01,  9.455858024114043e+00
s870        ,  9.504545520744460e-01,  7.257677852212854e-01,  3.187977937705220e+01
s871        ,  3.278186090591084e-01,  1.391084624992757e-01,  6.110421520852819e+00
s872        , -1.060745617852256e+00, -5.003647962859363e-01, -2.197881972506642e+01
s873        , -8.092360756143714e-01, -8.412490495499428e-01, -3.695236223888066e+01
s874        , -1.497433451430839e+00, -1.393560060834460e+00, -6.121295019250348e+01
s875        , -8.298963454824552e-01, -5.905994026769441e-01, -2.594242819942628e+01
s876        , -1.395330685836568e+00, -7.371176226082742e-01, -3.237832769957431e+01
s877        , -8.863229551700670e-01, -2.359906851026027e-01, -1.036603047049898e+01
s878        ,  7.300994035482326e-01,  5.125968967358905e-01,  2.251612197463311e+01
s879        ,  1.327007379676470e+00,  1.005947457623921e+00,  4.418683725977071e+01
s880        ,  1.165217936206896e+00,  6.749076121151965e-01,  2.964571618119619e+01
s881        , -5.128601822306692e-01,  1.515603505939985e+00,  6.657378072756669e+01
s882        ,  1.082188332309200e+00,  6.076970328903387e-01,  2.669345172261450e+01
s883        ,  3.093387130541843e-01, -3.244858924287624e-01, -1.425323481179429e+01
s884        ,  7.836281255656845e-01,  3.706392608316514e-01,  1.628054882621180e+01
s885        ,  3.559456324088518e-01, -2.677812486899030e-02, -1.176244978542694e+00
s886        ,  1.369087292176832e+00,  1.342061977295063e+00,  5.895086640343521e+01
s887        , -2.827754397002292e-01, -4.147217461067599e-01, -1.821689807397316e+01
s888        , -7.552424250973399e-01, -6.483493364223301e-01, -2.847912820779183e+01
s889        ,  1.207746653680362e+00,  8.934167567614106e-01,  3.924385964393720e+01
s890        , -9.666579634146734e-02,  2.268810786283195e-02,  9.965885616282807e-01
s891        ,  4.787826376712746e-01,  2.936995030239240e-01,  1.290092444196565e+01
s892        ,  1.139204080980141e+00,  8.496644275628743e-01,  3.732201269718105e+01
s893        , -1.069606673210606e+00, -1.902803158783540e+00, -8.358175457110147e+01
s894        ,  1.150226613104442e-02, -1.721391924121277e-01, -7.561315875393104e+00
s895        ,  8.523293459277042e-01,  6.910699219273877e-01,  3.035565520236551e+01
s896        , -2.385584700608096e+00, -2.038908985801662e+00, -8.956028355189110e+01
s897        , -9.548618878298403e-01, -1.510536503005447e+00, -6.635120962570018e+01
s898        ,  4.811635465516753e-02,  1.797594003852068e-01,  7.896038019218901e+00
s899        ,  1.118448561197112e+00,  1.119972373970117e+00,  4.919544917479975e+01
s900        ,  1.281569968989787e+00,  1.017463682476761e+00,  4.469269425017590e+01
s901        , -2.113499475721238e+00, -1.980625383216133e+00, -8.700014182396922e+01
s902        ,  1.947857445727211e+00,  1.670496035980621e+00,  7.337752675404998e+01
s903        , -1.628072514827294e+00, -1.413832679118878e+00, -6.210343694523990e+01
s904        , -5.933703029200499e-01,  1.189178339973975e+00,  5.223536217824906e+01
s905        , -7.688731068500246e-01, -1.003991517997671e+00, -4.410092145442726e+01
s906        ,  1.176277268616818e+00,  9.276421993355958e-01,  4.074723245899583e+01
s907        ,  5.507369645827748e-01,  5.919392275326792e-02,  2.600128079894122e+00
s908        , -2.303152982922224e-01, -2.039001102238579e-01, -8.956432982088502e+00
s909        , -8.668706479272460e-02,  4.096106787123532e-01,  1.799239141463542e+01
s910        ,  1.637183577828672e+00,  1.444063647884581e+00,  6.343135013487161e+01
s911        ,  1.126621425294678e+00,  6.907329453746275e-01,  3.034085330790838e+01
s912        , -4.659972316167655e-03, -2.018298964797874e-01, -8.865497618507730e+00
s913        ,  1.463412550315811e+00,  1.271426436383355e+00,  5.584815847632954e+01
s914        ,  6.888333030824358e-02, -6.635888997774542e-02, -2.914853504487822e+00
s915        ,  4.153763854817183e-01,  4.962112732285461e-01,  2.179637376727735e+01
s916        , -8.981673760840302e-01, -8.124428600781846e-01, -3.568703332272710e+01
s917        ,  1.165490548301742e+00,  1.433152166258145e+00,  6.295205684849147e+01
s918        , -3.127845128551579e+00, -3.112895594806464e+00, -1.367357807924338e+02
s919        ,  5.105583294163231e-01,  7.626819973876943e-01,  3.350125798729942e+01
s920        ,  1.771894143640764e+00,  1.676827132321865e+00,  7.365562390672558e+01
s921        , -9.056974563096514e-01, -2.335037910401000e-01, -1.025679217739602e+01
s922        , -1.410433837530576e+00, -1.157139171144041e+00, -5.082802273094779e+01
s923        ,  4.793953840304336e-01,  2.479663964070556e-01,  1.089207067515311e+01
s924        ,  1.135546937050434e+00,  1.509557018536319e+00,  6.630818519086728e+01
s925        , -1.660407611730610e+00, -1.659785642695951e+00, -7.290706639205885e+01
s926        ,  1.324119315063384e+00,  8.936038953287739e-01,  3.925207981623193e+01
s927        ,  1.539392353089735e+00,  1.178376484210970e+00,  5.176088427278189e+01
s928        ,  9.855836123941223e-01,  7.954324065550832e-01,  3.493983908723927e+01
s929        , -2.495918760023568e-01, -3.093206644318568e-01, -1.358709319929955e+01
s930        ,  1.838769784503462e-01,  3.575563490650315e-01,  1.570587418616545e+01
s931        , -8.638799567978230e-01, -1.059751657013828e+00, -4.655021855202003e+01
s932        ,  5.236538255108801e-02, -4.025809824299588e-01, -1.768360784620790e+01
s933        , -8.753815959596397e-01, -1.501558410396261e+00, -6.595684159582086e+01
s934        ,  2.186233935344458e+00,  1.662981022430459e+00,  7.304742533749059e+01
s935        ,  1.613974894427503e+00,  1.594565637780334e+00,  7.004223908776314e+01
s936        ,  1.035578030022412e+00,  1.402161541292334e+00,  6.159077531080819e+01
s937        , -8.171291125163769e-01, -1.736020703285181e-01, -7.625573653403833e+00
s938        ,  4.014725274785205e-02, -3.120334326797025e-01, -1.370625314963549e+01
s939        ,  1.057305901451997e+00,  1.140990415527056e+00,  5.011867908582239e+01
s940        , -3.957202982614637e-01, -1.665192239564424e-01, -7.314455435839956e+00
s941        ,  9.864841851237819e-01,  6.707875282699227e-01,  2.946473906058421e+01
s942        ,  1.279801670109016e+00,  9.020130969698955e-01,  3.962145897374629e+01
s943        ,  4.132936671989457e-01,  2.151805410998241e-01,  9.451932582548443e+00
s944        ,  1.282832595601720e+00,  8.977755578753633e-01,  3.943532256181650e+01
s945        ,  4.840279729543951e-01,  5.673868879327078e-01,  2.492280475525916e+01
s946        , -8.681769341819047e-01, -9.279588500368462e-01, -4.076114152839937e+01
s947        ,  3.232932517737256e-03, -1.203880128975381e-03, -5.288114695869719e-02
s948        ,  1.167684526421475e+00,  8.604380338007528e-01,  3.779524972554279e+01
s949        ,  6.583480301151363e-02,  9.104596754124944e-02,  3.999247992937979e+00
s950        , -1.242753674158428e+00, -5.973940092039187e-01, -2.624088531125274e+01
s951        ,  2.310361811645397e+00,  1.966086445628799e+00,  8.636151038826878e+01
s952        , -1.119290121794750e+00, -1.178584005698887e+00, -5.176999977692183e+01
s953        , -1.683258967109912e+00, -1.496947690912370e+00, -6.575431301449083e+01
s954        , -9.643407255924855e-01, -9.544622212181599e-01, -4.192531778864877e+01
s955        ,  1.355195898291680e+00,  1.232255681082722e+00,  5.412755987379456e+01
s956        , -1.419644027773449e+00, -1.242492594578319e+00, -5.457722235590944e+01
s957        ,  7.507017303053017e-01,  8.442643086859406e-01,  3.708480928045181e+01
s958        , -6.248853964214247e-01, -8.598819508136982e-01, -3.777082345132178e+01
s959        ,  4.741402585439857e-01,  4.681993183893313e-01,  2.056593207727889e+01
s960        ,  1.748017862668237e+00,  1.286529505721130e+00,  5.651156973294491e+01
s961        ,  8.462482137940457e-02,  1.765570692619959e-01,  7.755373729925452e+00
s962        ,  7.563555564957672e-01,  9.355197960695422e-01,  4.109326055643064e+01
s963        ,  5.141335492556059e-01, -2.780305596388653e-01, -1.221265683301571e+01
s964        ,  1.406034132046022e+00,  1.101377547898814e+00,  4.837866043771487e+01
s965        ,  2.420661684207245e-01,  3.155450894387435e-01,  1.386050475049979e+01
s966        ,  1.305187256819844e+00,  1.182618294129693e+00,  5.194720828319115e+01
s967        , -1.065928149752257e+00,  2.996667621839882e-02,  1.316303983118802e+00
s968        ,  1.019284942775861e-01, -8.448512750851885e-02, -3.711059212682644e+00
s969        , -4.350166918309603e-01, -6.130333008074204e-01, -2.692785044815393e+01
s970        ,  1.624604127608152e-01, -2.102819103694403e-01, -9.236757329369325e+00
s971        ,  5.357086935063688e-01,  9.300386626506447e-01,  4.085249852801220e+01
s972        ,  4.526177537044205e-01,  1.466176753141086e-01,  6.440268136680795e+00
s973        ,  2.518105508318819e-02, -4.185152011495725e-01, -1.838352783118229e+01
s974        ,  1.381098824526411e-01,  1.737165640450929e-01,  7.630602857646210e+00
s975        ,  7.774949586651241e-02, -4.422155698963483e-01, -1.942458055105691e+01
s976        , -6.716438652263078e-01, -3.443770704972685e-01, -1.512696657736210e+01
s977        ,  5.126581856654772e-01,  4.612564354434424e-01,  2.026096183602170e+01
s978        ,  1.652033990012039e+00,  1.278379292880341e+00,  5.615356681171968e+01
s979        , -5.079779506789148e-01,  5.654510493631181e-02,  2.483777190072223e+00
s980        ,  1.486324502914815e+00,  1.284729588819931e+00,  5.643250731811239e+01
s981        , -6.471792492072077e-01, -6.714998600808391e-01, -2.949602865684038e+01
s982        , -4.819216106830154e-01, -5.180118975856696e-01, -2.275397909082478e+01
s983        ,  9.658446198162700e-01,  5.962813377812304e-01,  2.619201056068264e+01
s984        , -6.852585050477367e-01, -1.222769896177319e+00, -5.371089115942033e+01
s985        ,  1.854305119617258e+00,  1.704587995314732e+00,  7.487503623881103e+01
s986        , -4.521581959933576e-01, -6.340206714347637e-01, -2.784973312044715e+01
s987        , -2.521511431321029e-01, -5.373630519384752e-01, -2.360398999516746e+01
s988        , -5.979353596012116e-01, -7.203917697434125e-01, -3.164363471638789e+01
s989        ,  5.009353081364425e-02,  1.344592744490696e-01,  5.906203184986883e+00
s990        , -8.490157785255917e-01, -4.734467103446051e-01, -2.079642687361115e+01
s991        ,  1.777005115889338e+00,  1.276994368423980e+00,  5.609273318556306e+01
s992        ,  1.436402784430078e-01, -3.525897964106396e-01, -1.548771542228727e+01
s993        , -7.746133794839222e-01, -4.901159001962688e-01, -2.152863090041734e+01
s994        , -3.519374423249963e-01,  5.752148969645492e-01,  2.526665468353971e+01
s995        ,  2.515821213310820e+00,  2.164885106067499e+00,  9.509385917019624e+01
s996        , -9.307341685855109e-01, -4.173559419136992e-01, -1.833260668335374e+01
s997        ,  9.020799685707303e-01,  6.466451878528282e-01,  2.840427247359179e+01
s998        ,  7.128984046028965e-02,  1.710253520133123e-01,  7.512389776854983e+00
s999        ,  5.124895301791403e-01,  1.893635953513123e-01,  8.317907965568594e+00
s1000       , -1.908214440895996e+00, -1.724342120956849e+00, -7.574274789546070e+01
s1001       , -6.478798150695012e-01, -6.722188542169796e-01, -2.952761089967384e+01
s1002       ,  1.628384326110677e+00,  1.104991611838428e+00,  4.853741033457659e+01
s1003       , -1.320631610111836e+00, -8.674000562732296e-01, -3.810106068182960e+01
s1004       ,  3.127068110729108e-01,  5.469190500605913e-01,  2.402374286662849e+01
s1005       , -8.308586454054456e-02, -8.919322245416518e-02, -3.917865068783926e+00
s1006       , -4.431446782915395e-01, -1.549296778653876e+00, -6.805377766664581e+01
s1007       ,  8.915087432489126e-01,  5.134635591765414e-02,  2.255419063511203e+00
s1008       , -4.555641263772588e-01,  3.481976799393804e-01,  1.529478910762670e+01
s1009       , -1.076167756737711e+00, -5.122911120872523e-01, -2.250269020301975e+01
s1010       , -5.741566073917021e-02, -1.029262894322862e-01, -4.521098161169382e+00
s1011       , -6.851232733351752e-01,  1.320377315012391e-01,  5.799835478261851e+00
s1012       ,  1.183771163089419e+00,  8.613163392016147e-01,  3.783382980993798e+01
s1013       ,  5.720663447691927e-01,  3.726698608172736e-01,  1.636974413201467e+01
s1014       ,  1.639794129625306e+00,  1.259987519468204e+00,  5.534569728282778e+01
s1015       ,  1.278838546119833e+00,  1.367684206220448e+00,  6.007633796875215e+01
s1016       , -1.591656559306218e+00, -1.333541995130167e+00, -5.857662114586920e+01
s1017       , -2.238585492043279e-01, -4.928610905286657e-01, -2.164921501000020e+01
s1018       ,  1.969653626448107e+00,  1.769929674641520e+00,  7.774520816360786e+01
s1019       , -1.095283509128894e+00, -6.583312914369523e-01, -2.891759148777993e+01
s1020       ,  2.026970585970871e+00,  1.727827275168546e+00,  7.589583535625225e+01
s1021       , -1.076267557425617e+00, -3.747259127184240e-01, -1.646005742826618e+01
s1022       ,  2.061743967154248e+00,  1.687088636533891e+00,  7.410636655060907e+01
s1023       , -7.584250456952716e-01, -1.199321372280872e+00, -5.268090087360412e+01
s1024       ,  1.053814834881829e+00,  7.607014150150322e-01,  3.341425973473948e+01
s1025       ,  2.675022500952487e-01,  2.607420790526292e-01,  1.145325009428087e+01
s1026       ,  1.191217039336654e+00,  9.556302566891826e-01,  4.197662443779878e+01
s1027       , -1.091104512041814e+00, -9.161943260915800e-01, -4.024437785344956e+01
s1028       ,  4.058140530066474e-01,  1.189232872860732e-01,  5.223775756756475e+00
s1029       , -2.810797283104409e-01,  3.448722486977110e-02,  1.514871757279568e+00
s1030       , -5.114017609957666e-01, -6.642980633201202e-01, -2.917968547307661e+01
s1031       ,  7.568139692128296e-01,  3.197033400364703e-01,  1.404315836829519e+01
s1032       ,  1.164702788614623e+00,  8.541060206282931e-01,  3.751711230051357e+01
s1033       , -8.951823961598004e-01, -3.453434895203276e-01, -1.516941710474604e+01
s1034       ,  1.875078712098186e+00,  1.411941872987455e+00,  6.202038216719378e+01
s1035       ,  5.020924654475383e-01,  4.648574593369231e-01,  2.041913894114170e+01
s1036       ,  2.037733904983300e+00,  1.968774151406017e+00,  8.647956945475383e+01
s1037       ,  7.899885329373273e-01,  2.425780262523566e-01,  1.065538332799934e+01
s1038       , -1.481530067718233e+00, -1.096176137245099e+00, -4.815018539725920e+01
s1039       , -1.299957501960030e+00, -1.169093944251567e+00, -5.135314321291357e+01
s1040       ,  7.907676425376595e-02, -3.550794492922626e-02, -1.559707489815266e+00
s1041       , -2.182521057971927e+00, -2.222592757207206e+00, -9.762870189009028e+01
