# c0 + a0 * (S - E_T)
# Property Label: $ln_{D}$; Unit of the Property: Unitless
# RMSE: 0.448370566674778; Max AE: 2.31801139966186
# Coefficients
# Task   a0                      c0
# all ,  2.290038417243481e-02,  6.907810560801087e-16, 
# Feature Rung, Units, and Expressions
# 0;  1; Unitless;                                         11|0|sub; (S - E_T); $\left(S - E_{T}\right)$; (S - E_T); (newdata$S - newdata$E_T); S,E_T
# Number of Samples Per Task
# Task, n_samples               
# all , 1041                  

# Sample ID , Property Value        ,  Property Value (EST) ,  Feature 0 Value      
s1          , -1.176056511198248e+00, -6.285557823796983e-01, -2.744739029908029e+01
s2          , -1.455476726264239e+00, -1.771642765976131e+00, -7.736301507590682e+01
s3          ,  1.360540424298584e+00,  1.130904059065229e+00,  4.938362826360344e+01
s4          ,  5.214207269978391e-01,  2.096601132086975e-01,  9.155309868603196e+00
s5          ,  9.232192651096478e-02, -2.459225956855669e-01, -1.073879782250922e+01
s6          , -8.371953399684261e-01, -1.854022270900493e-01, -8.096031302095737e+00
s7          , -7.203728580649982e-01,  1.299000624220194e-01,  5.672396648191580e+00
s8          , -2.733255709368181e-01, -1.075079621469309e+00, -4.694592079216660e+01
s9          , -1.521729831673386e+00, -1.098521495618171e+00, -4.796956624598737e+01
s10         ,  3.230218919710685e-01,  3.505620884773104e-01,  1.530813133254250e+01
s11         ,  4.593978616455925e-01, -1.653841957731521e-01, -7.221896127499284e+00
s12         ,  2.356762313996669e-01,  8.270543895578654e-01,  3.611530633417888e+01
s13         ,  1.907045033118390e+00,  1.715598424355417e+00,  7.491570496972193e+01
s14         ,  1.054844414236797e+00,  4.588309503629122e-01,  2.003594991717241e+01
s15         , -6.375331890789701e-01, -8.648480724877688e-01, -3.776565781498055e+01
s16         , -1.315170182182296e+00, -6.659716540627616e-01, -2.908124374893205e+01
s17         ,  8.942625882950092e-01,  7.490158060189867e-01,  3.270756509493742e+01
s18         , -4.582075442603601e-01, -5.721475976605868e-01, -2.498419211452712e+01
s19         , -7.693791289946220e-01, -6.292323744194238e-01, -2.747693530734875e+01
s20         ,  3.128393520635399e-01, -9.054645126201349e-02, -3.953927173457856e+00
s21         , -1.098688503016758e+00, -1.068487544537059e+00, -4.665806199981560e+01
s22         ,  1.599324596570011e+00,  1.503242387315585e+00,  6.564267114457569e+01
s23         , -1.314277649873613e+00, -1.518643153950719e+00, -6.631518242295300e+01
s24         ,  1.052755589569482e-01,  1.890028340078222e-02,  8.253260407540148e-01
s25         , -1.088909426848386e+00, -7.043711989129917e-01, -3.075805163831461e+01
s26         ,  1.095156312501731e+00,  6.906456235736058e-01,  3.015869159107537e+01
s27         ,  2.628094430707173e-03, -9.545284260061172e-02, -4.168176476074537e+00
s28         ,  1.859558668493155e+00,  1.393387389977226e+00,  6.084559016500892e+01
s29         , -1.265074927670763e+00, -1.193664445886750e+00, -5.212421053283308e+01
s30         ,  1.657227749413040e+00,  1.432103036003973e+00,  6.253620136765191e+01
s31         ,  2.746080273692961e-01,  5.898482926711479e-01,  2.575713526156245e+01
s32         , -6.897019771020165e-01, -9.815404228746297e-01, -4.286130815465142e+01
s33         , -1.405625106938475e+00, -1.557231441247963e+00, -6.800023220232275e+01
s34         , -1.474210819660272e+00, -1.589204915838561e+00, -6.939643037742083e+01
s35         , -1.171464689733801e+00, -5.541060869396789e-01, -2.419636643505121e+01
s36         , -1.148641161041122e+00, -8.879306089652073e-01, -3.877361193066839e+01
s37         , -1.078435221245579e+00, -1.040912347593309e+00, -4.545392512874327e+01
s38         , -4.378262290801383e-01, -2.140551694546556e-01, -9.347230502460938e+00
s39         , -6.410161109102297e-01,  8.555170882419544e-01,  3.735819808960845e+01
s40         ,  1.431814259493607e-01,  5.690583043911307e-01,  2.484929074142370e+01
s41         ,  3.398432822287206e-01,  5.986502238706194e-01,  2.614149262138641e+01
s42         ,  8.067612274639525e-01,  1.414884247603169e-01,  6.178430182434488e+00
s43         , -1.242741757202650e+00, -3.816702682501896e-01, -1.666654434162754e+01
s44         ,  1.711958335245295e-01,  2.174463789332987e-02,  9.495315768328114e-01
s45         ,  4.644113787063103e-01,  2.230653256989847e-01,  9.740680506464503e+00
s46         ,  5.605068277705415e-02, -3.567391319555784e-01, -1.557786669731882e+01
s47         ,  9.066999267258494e-01,  5.356088201345266e-01,  2.338863907703514e+01
s48         ,  1.579727584566370e+00,  1.210251745470129e+00,  5.284853460785644e+01
s49         , -6.435089824614265e-01, -1.268763505707520e+00, -5.540359044433549e+01
s50         , -2.217827055817793e-02, -5.261711588111395e-01, -2.297652104214445e+01
s51         , -9.869737286665018e-01, -8.844715874752894e-01, -3.862256549127802e+01
s52         , -6.291725742859308e-02, -1.586933911904928e-01, -6.929726156363468e+00
s53         ,  7.061953554227811e-01,  1.636064190230896e+00,  7.144265257349811e+01
s54         , -1.923256326608463e+00, -2.209685996172057e+00, -9.649121951551611e+01
s55         ,  1.449677165676465e-01, -1.542922763528120e-01, -6.737540959619984e+00
s56         , -1.428251212735210e+00, -1.136487853585644e+00, -4.962745799494641e+01
s57         , -7.632144013758455e-01, -3.359058278509942e-01, -1.466813068818840e+01
s58         , -2.465293161402924e+00, -2.376687268648543e+00, -1.037837291615990e+02
s59         , -8.768884797438996e-03,  5.847585602948901e-03,  2.553487993440280e-01
s60         ,  1.714446572989188e+00,  1.214852144659768e+00,  5.304942203205852e+01
s61         ,  1.653657662090557e+00,  1.077949131210795e+00,  4.707122479230379e+01
s62         ,  2.913807026429409e-01, -3.758028550680247e-02, -1.641032972365527e+00
s63         , -1.790911115854549e+00, -1.473035472422977e+00, -6.432361402024299e+01
s64         , -5.454632126173593e-01,  3.663153554374821e-02,  1.599603537998323e+00
s65         , -1.096531543219279e+00, -5.917544286009407e-01, -2.584037124203515e+01
s66         , -9.925198589409868e-01, -1.005076137676241e+00, -4.388905138482577e+01
s67         , -4.301391331597769e-01,  2.097750413686444e-01,  9.160328481351415e+00
s68         , -1.496017763262518e+00, -1.476589340313425e+00, -6.447880215436717e+01
s69         , -5.130334975012112e-01, -2.949400921961335e-01, -1.287926394488847e+01
s70         , -1.298331351434060e+00, -4.207206824032947e-01, -1.837177399450428e+01
s71         ,  8.978734253548585e-01,  6.622173125021912e-02,  2.891730145292912e+00
s72         , -8.703072211857277e-01, -3.226159943329574e-01, -1.408779834887185e+01
s73         ,  1.052659824554331e+00,  8.937429017647571e-01,  3.902741958541267e+01
s74         , -1.304189005820537e+00, -1.388523972655563e+00, -6.063321742553691e+01
s75         , -7.491961797362119e-01, -2.023920989253244e-01, -8.837934656526176e+00
s76         ,  1.130323653742102e+00,  5.336135842633687e-01,  2.330151233470042e+01
s77         ,  1.083046725976420e+00,  1.074927303545648e+00,  4.693926946603531e+01
s78         ,  1.592651226510811e+00,  1.293945701846400e+00,  5.650323121670255e+01
s79         , -5.815008980639539e-01, -4.190130013138235e-01, -1.829720401888236e+01
s80         , -2.983814549448998e-01, -5.360371725339910e-01, -2.340734410819272e+01
s81         ,  1.752594407670262e+00,  1.499602534228231e+00,  6.548372826134951e+01
s82         ,  2.898444462079387e-01,  1.610250791413562e-01,  7.031544882778926e+00
s83         ,  1.476200951700887e+00,  1.178040950253349e+00,  5.144197326049036e+01
s84         , -3.835514085014881e-01, -1.234946405375596e+00, -5.392688594552493e+01
s85         ,  4.460752375789071e-01,  6.332688224290328e-01,  2.765319645559911e+01
s86         , -5.546686089820558e-01,  2.593618626594703e-01,  1.132565553077767e+01
s87         ,  8.762923637719959e-02,  1.348149996941805e-03,  5.887019129416537e-02
s88         ,  4.367974440523036e-01,  6.714773013906908e-02,  2.932166099636621e+00
s89         , -5.727247528300363e-01, -2.856421154520700e-01, -1.247324557095850e+01
s90         ,  4.181427428933503e-02, -2.723631853117785e-01, -1.189338935368703e+01
s91         , -8.667270491804479e-01, -4.635499153839322e-01, -2.024201480173891e+01
s92         ,  8.549438204377635e-01,  7.972112469737406e-01,  3.481213419700369e+01
s93         , -1.173621714519396e+00, -7.888444921312266e-01, -3.444677985274847e+01
s94         , -2.684963611581566e-01, -1.867255586615086e-01, -8.153817737532579e+00
s95         ,  9.260657816336888e-01,  7.064659907326067e-01,  3.084952572904778e+01
s96         , -2.278868324329024e-01, -4.462688361392351e-01, -1.948739517987692e+01
s97         , -1.648661305544417e+00, -1.827207246240392e+00, -7.978937088923610e+01
s98         ,  5.404249878717727e-01,  8.490905228078925e-01,  3.707756675234916e+01
s99         ,  1.310930209873364e+00,  8.215989592578765e-01,  3.587708193327317e+01
s100        ,  7.521780108780159e-02,  4.557329340125483e-01,  1.990066762989563e+01
s101        , -1.544763391692015e-01,  1.524792398538109e-01,  6.658370388272765e+00
s102        ,  1.059402820517896e+00,  4.744114265230888e-01,  2.071630864141297e+01
s103        , -3.987127671222759e-01, -1.014036815270974e-01, -4.428034078535577e+00
s104        ,  1.672104507359812e+00,  1.569826220590399e+00,  6.855021334008879e+01
s105        , -3.729535248655157e-01, -4.932684251515070e-01, -2.153974454914406e+01
s106        , -9.091422672215730e-01, -4.977537418747026e-01, -2.173560662243603e+01
s107        ,  4.095288752140306e-01, -1.339456004737267e-01, -5.849054734852776e+00
s108        , -8.642846593415402e-01, -4.187981962690041e-01, -1.828782404328012e+01
s109        ,  1.308766037007560e+00,  6.224177905518821e-01,  2.717936021794279e+01
s110        , -1.060518384725506e+00, -9.979125799098905e-01, -4.357623751618448e+01
s111        , -9.347636068172456e-01, -3.662387020881983e-01, -1.599268812830837e+01
s112        , -1.677387906237608e+00, -7.694864334022543e-01, -3.360146395834205e+01
s113        , -2.426092490978830e-01,  1.262647265139974e-01,  5.513651018395647e+00
s114        , -1.644000182446823e+00, -1.247876950401707e+00, -5.449152909424888e+01
s115        , -2.329704376178373e+00, -2.556893944229600e+00, -1.116528842912310e+02
s116        , -5.268968759749211e-01,  3.286549183438951e-01,  1.435150239704259e+01
s117        ,  1.742591906297736e+00,  1.384392499995787e+00,  6.045280679885621e+01
s118        ,  1.515143207668377e+00,  1.232119947795740e+00,  5.380346192090706e+01
s119        , -4.303518965464308e-02, -1.311823365768276e-01, -5.728390213415393e+00
s120        , -2.251286346153320e-01,  1.482883370979328e-01,  6.475364604425581e+00
s121        , -3.744651294305373e-01, -3.116689914031919e-01, -1.360977130586082e+01
s122        ,  1.754705398768575e+00,  1.367370724866512e+00,  5.970951031085390e+01
s123        ,  1.494372078098040e+00,  1.103560126189836e+00,  4.818959009072830e+01
s124        ,  4.706190523857749e-01,  4.523046599115227e-01,  1.975096384871836e+01
s125        , -2.939771406988250e-01, -8.463899828618758e-01, -3.695964122211871e+01
s126        ,  1.907608110252774e-01,  1.970786726839906e-01,  8.605911202189066e+00
s127        ,  1.175241554433439e+00,  9.617251426762519e-01,  4.199602659215996e+01
s128        , -9.405598864666275e-01, -4.272799128793199e-01, -1.865819846785092e+01
s129        ,  8.848224007924820e-01,  8.519162906819935e-01,  3.720096065931699e+01
s130        , -8.567501741532092e-01,  6.105281637018112e-01,  2.666017124886067e+01
s131        ,  4.181459542201291e-01,  2.062521525098854e-01,  9.006493120676572e+00
s132        ,  1.352109327204641e+00,  1.117285786218311e+00,  4.878895383611894e+01
s133        ,  3.377243561871698e-01,  3.005857102299603e-01,  1.312579334768430e+01
s134        ,  1.167150831191734e+00,  9.005138159142025e-01,  3.932308773222024e+01
s135        , -7.551299954675708e-01, -8.803351626246008e-01, -3.844193861534693e+01
s136        , -1.288171140802968e+00, -1.071415626196749e+00, -4.678592368273072e+01
s137        ,  7.561360588094119e-01,  1.069144532353379e+00,  4.668675094282077e+01
s138        , -4.177976720303577e-01, -2.511854051879087e-01, -1.096861097597922e+01
s139        ,  3.703571329650210e-01,  1.900630068314855e-01,  8.299555387383572e+00
s140        ,  6.601089262860428e-01,  3.916110272022712e-02,  1.710063133672869e+00
s141        , -1.578466378610989e-01, -4.504078410663224e-01, -1.966813472100957e+01
s142        ,  1.583934988818062e+00,  1.143039674568673e+00,  4.991355891507484e+01
s143        , -6.655556961981216e-01, -7.577776974212534e-02, -3.309017402133355e+00
s144        , -1.444363515954881e+00, -1.684328292922619e-01, -7.355021995439063e+00
s145        , -7.857021391434503e-01, -8.149913345967899e-01, -3.558854421218818e+01
s146        , -1.297382615214570e+00, -8.225970868017396e-01, -3.592066755770414e+01
s147        , -5.360922680501714e-01, -6.351252612184954e-01, -2.773426229167790e+01
s148        , -6.315112169106484e-01, -2.635624791799164e-01, -1.150908548936778e+01
s149        ,  1.034538941403273e+00,  9.442292762547645e-01,  4.123202777494591e+01
s150        , -1.132891587887058e+00, -3.465559664498773e-01, -1.513319444077394e+01
s151        ,  5.509532181847399e-02,  2.700006618328462e-02,  1.179022412025031e+00
s152        , -1.325344879425763e-01, -5.377365624892199e-01, -2.348155203162461e+01
s153        , -1.431235874103281e+00, -9.446902817421281e-01, -4.125215868121778e+01
s154        ,  3.955605453613595e-01,  3.893880990234413e-02,  1.700356186566253e+00
s155        , -6.583727769299562e-02, -9.640568933265423e-01, -4.209784805649585e+01
s156        ,  1.360777508064747e+00,  1.245388922082443e+00,  5.438288339204009e+01
s157        ,  1.886695766984781e-01,  4.831555813886340e-01,  2.109814305954778e+01
s158        , -5.322620015856455e-01, -3.559362252449706e-01, -1.554280585709176e+01
s159        , -9.397989837818175e-01, -5.392035330330203e-01, -2.354561080604316e+01
s160        ,  1.011185408564766e+00,  7.292171992306439e-01,  3.184301161673968e+01
s161        ,  8.691500702744535e-01,  2.781205068375499e-01,  1.214479655639676e+01
s162        , -7.631554763960900e-01, -6.783177880173941e-01, -2.962036719165113e+01
s163        , -1.913891772907037e-01, -4.521687467760115e-01, -1.974502887686433e+01
s164        , -1.172488852060699e+00, -1.295240749611849e+00, -5.655978257216013e+01
s165        , -7.847148269254141e-01,  6.569172276822126e-02,  2.868586058363758e+00
s166        ,  6.442637705728566e-01,  7.681668708182853e-01,  3.354384210475067e+01
s167        ,  1.426867873093048e-01, -3.304353440874834e-01, -1.442924894182470e+01
s168        , -1.763664779687589e+00, -2.008870609640235e+00, -8.772213577352615e+01
s169        , -1.122536795524768e+00, -1.451362952592052e+00, -6.337723165094575e+01
s170        ,  1.958646106185055e-01, -9.438075848255111e-02, -4.121361361097073e+00
s171        , -1.074510878859395e+00, -5.559545181514166e-01, -2.427708260111285e+01
s172        , -3.012776379076099e-01, -4.466178702934924e-01, -1.950263659031043e+01
s173        , -7.731154552407105e-01, -5.541052510437178e-01, -2.419632993365652e+01
s174        , -1.035147889271374e+00, -9.476781870133011e-01, -4.138263270508894e+01
s175        ,  5.473686561230826e-01,  4.850703343226240e-01,  2.118175532210077e+01
s176        , -1.268948530849032e+00, -9.009351361560445e-01, -3.934148568741046e+01
s177        ,  1.005563615864533e-01,  3.740724550675552e-01,  1.633476767249283e+01
s178        ,  1.242644395595530e+00,  5.738980968158445e-01,  2.506063184331401e+01
s179        , -1.576962637744264e+00, -1.157528348002314e+00, -5.054624146417733e+01
s180        ,  1.737282181449411e+00,  1.338162978287188e+00,  5.843408425863591e+01
s181        ,  2.233856545359632e+00,  1.860703101720319e+00,  8.125204746390442e+01
s182        , -1.711402508932139e+00, -1.655060678082925e+00, -7.227217961151595e+01
s183        , -7.106254116747583e-01, -7.942577013095348e-01, -3.468316056748006e+01
s184        , -1.590416334708451e+00, -1.370110108372756e+00, -5.982913203796635e+01
s185        , -1.868355490710606e+00, -1.652465539001263e+00, -7.215885666190425e+01
s186        , -2.760321167234583e-01, -2.236476757936283e-01, -9.766110214990789e+00
s187        , -4.966273090043231e-02, -2.966370314945763e-01, -1.295336485453545e+01
s188        , -1.015813052583435e+00, -1.025382711821155e+00, -4.477578647153913e+01
s189        , -2.906800910340787e-01, -1.797468879944045e-01, -7.849077405905117e+00
s190        ,  5.354894060030271e-01,  2.592694116472153e-01,  1.132161843639712e+01
s191        ,  1.753961104841035e+00,  1.543304958124785e+00,  6.739209903659433e+01
s192        ,  1.693846989966433e+00,  1.232938573712670e+00,  5.383920917784243e+01
s193        , -1.325060983901232e+00, -1.207568630327517e+00, -5.273136997330675e+01
s194        , -3.735061674670884e-01, -4.564190266304307e-01, -1.993062750361293e+01
s195        ,  5.549893676077536e-01,  1.172409243826627e-01,  5.119605134126305e+00
s196        ,  5.156221309853631e-01,  5.284668522665118e-01,  2.307676798289815e+01
s197        ,  4.039259378191074e-02, -2.002084106024556e-01, -8.742578687542157e+00
s198        , -1.147577574253399e-01,  4.327342343338711e-01,  1.889637444837072e+01
s199        , -8.191010016050872e-02,  5.238964758087958e-01,  2.287719157303087e+01
s200        ,  1.189193657309887e+00,  9.270404975731299e-01,  4.048143867774095e+01
s201        ,  6.533862606425194e-01,  1.845057212356106e-01,  8.056883231579119e+00
s202        , -8.110875660980833e-01, -8.234264032860581e-01, -3.595688164381177e+01
s203        , -8.655630508261463e-01, -1.293261111834377e+00, -5.647333695786098e+01
s204        , -3.544918020535805e-01, -4.891511056979123e-01, -2.135995195603330e+01
s205        , -3.633282890048445e-01, -9.092061978150931e-02, -3.970266136013175e+00
s206        , -5.026824938914743e-01, -4.370742693582352e-01, -1.908589244910319e+01
s207        ,  4.240041451428595e-01,  1.390046560602714e-01,  6.069970486678150e+00
s208        , -8.062259524963590e-01, -1.038010599035168e+00, -4.532721334363561e+01
s209        ,  3.099661283982239e-01, -8.430458107826774e-02, -3.681360995670363e+00
s210        , -3.065562839865105e-01, -3.858839476784272e-01, -1.685054472330278e+01
s211        , -4.563063004879184e-01, -4.522606827660719e-01, -1.974904348157001e+01
s212        ,  4.998062981764828e-01,  4.800256530175010e-01,  2.096146725762388e+01
s213        ,  6.563519744665959e-01,  7.276796587424981e-01,  3.177587123706009e+01
s214        ,  1.142353378029062e+00,  7.499983845034883e-01,  3.275047173253367e+01
s215        , -1.476327451002582e-01, -6.009221973289599e-01, -2.624070377178609e+01
s216        , -1.905199100184842e-01,  3.679372781367503e-01,  1.606686051056015e+01
s217        , -2.414550310188500e-01, -4.458675394412887e-01, -1.946987160058127e+01
s218        , -1.293237902229174e+00, -1.105092284751659e+00, -4.825649545573386e+01
s219        ,  2.482302713119656e-01, -3.527309490178330e-01, -1.540283981097644e+01
s220        , -2.000823243837164e-01,  5.960057191398006e-02,  2.602601400273476e+00
s221        , -6.698961632051862e-01, -1.095577667117193e+00, -4.784101693961713e+01
s222        ,  1.037060196097378e+00,  7.466445552058523e-01,  3.260401876159735e+01
s223        , -1.623853301049458e-01, -3.417043867837324e-01, -1.492133862081854e+01
s224        , -6.705934431510087e-01, -6.681619605042551e-01, -2.917688871388116e+01
s225        , -1.448990103249857e+00, -7.068795749423261e-01, -3.086758587190855e+01
s226        , -1.718251341837416e+00, -9.334754806223357e-01, -4.076243759028116e+01
s227        ,  1.227776018054062e-01,  1.233639271314907e-01,  5.386980681310279e+00
s228        ,  4.264100451543563e-01, -9.390266996496020e-02, -4.100484483487030e+00
s229        ,  4.451483651439820e-01, -1.594924566586463e-01, -6.964619259559326e+00
s230        ,  1.833521503477001e+00,  1.587769426667912e+00,  6.933374631239198e+01
s231        ,  5.465231310557156e-01,  2.682008684130431e-01,  1.171163183960363e+01
s232        , -9.701705002670065e-01, -6.620979926780656e-01, -2.891209106767010e+01
s233        , -4.717599438000208e-01,  3.097110675626514e-01,  1.352427388250761e+01
s234        , -5.281115591146329e-01,  7.198822700161620e-02,  3.143537962488320e+00
s235        ,  1.986306191498733e+00,  1.784666387980190e+00,  7.793172265329908e+01
s236        , -9.106289011065025e-02, -1.124787561207051e+00, -4.911653676801452e+01
s237        , -2.049911438812475e-01,  2.180266460514885e-01,  9.520654518710058e+00
s238        , -8.473750345453807e-01,  1.772765714121027e-01,  7.741205129016558e+00
s239        ,  4.108404411494213e-01,  3.419840726737577e-01,  1.493355177357257e+01
s240        ,  7.165538551738689e-01,  7.627036374621796e-01,  3.330527696475264e+01
s241        ,  1.480467310245773e+00,  1.381518229410813e+00,  6.032729490511106e+01
s242        ,  1.377587652535837e-03, -2.303701670884110e-01, -1.005966386213329e+01
s243        ,  1.131563109684979e-01, -1.085818273380228e-01, -4.741484969004294e+00
s244        , -5.391359916687376e-01, -3.077849228434773e-02, -1.344016417043191e+00
s245        , -6.959002745715563e-01, -8.910594804139487e-01, -3.891024157955034e+01
s246        ,  1.097686348144868e+00,  9.856957876206781e-01,  4.304276208637405e+01
s247        ,  1.841111551502399e+00,  1.770654848469297e+00,  7.731987529714166e+01
s248        , -3.591369962873629e-01,  7.655664478130231e-02,  3.343028841998766e+00
s249        , -6.877465177400688e-02,  1.092438265221155e-02,  4.770392745358630e-01
s250        ,  9.781851862563173e-01,  9.566716411948938e-01,  4.177535337361016e+01
s251        , -1.545108495483156e+00, -1.097973923324597e+00, -4.794565519325344e+01
s252        ,  9.402639511564144e-01,  7.004407875405753e-01,  3.058642083322319e+01
s253        ,  3.571077652909773e-01, -1.169980368964418e-01, -5.108998871611641e+00
s254        ,  2.257901594076580e-01, -2.006013632591961e-01, -8.759737904338769e+00
s255        , -1.438850770729053e-01, -2.343034568682428e-01, -1.023142035976298e+01
s256        ,  1.248756905340010e+00,  1.087233652270900e+00,  4.747665559163860e+01
s257        , -7.549787863785817e-01, -8.175690296266049e-01, -3.570110542558991e+01
s258        ,  8.177238568000533e-01,  5.830137545847874e-01,  2.545868882350718e+01
s259        , -3.969340657877687e-01, -5.768614619580141e-01, -2.519003426380868e+01
s260        ,  1.424749928690502e+00,  9.591748443190483e-01,  4.188466171993771e+01
s261        , -2.470942124509466e-01, -4.132903934855799e-01, -1.804731267273054e+01
s262        ,  2.007985062735016e-02,  7.096297847331912e-01,  3.098768035461046e+01
s263        ,  1.714213031012279e+00,  1.384220751590193e+00,  6.044530699429831e+01
s264        , -2.919262533908621e-01,  4.613372511145949e-01,  2.014539352880839e+01
s265        , -2.155995419331203e-01,  3.769842139652426e-01,  1.646191658299854e+01
s266        , -9.362328774391201e-01, -1.739188882236534e-01, -7.594583868728291e+00
s267        ,  6.142764498338860e-01,  5.206418582109678e-01,  2.273507091805314e+01
s268        ,  8.320264617200721e-01,  9.915441083453331e-01,  4.329814298656413e+01
s269        , -4.610366351192068e-01, -6.910309718890608e-01, -3.017551874613769e+01
s270        ,  5.033046853861965e-01,  3.846179505042626e-01,  1.679526193133592e+01
s271        ,  2.731597535481846e-01, -1.958642285892305e-01, -8.552879598631057e+00
s272        , -4.876259036091397e-01, -4.150893394679190e-01, -1.812586794799551e+01
s273        ,  3.756531389576167e-01,  6.662921091626949e-01,  2.909523718666301e+01
s274        , -6.075622032726076e-01, -1.854819605719541e-01, -8.099513055122431e+00
s275        , -3.667973944341356e-01, -2.308124566522532e-01, -1.007897749287904e+01
s276        ,  9.245727537620891e-01,  5.214421942500697e-01,  2.277001950376575e+01
s277        , -9.396261947398056e-01,  1.378385204922052e+00,  6.019048390381210e+01
s278        , -1.341488674963300e+00, -1.698268997899359e+00, -7.415897415134050e+01
s279        , -1.266362915480045e+00, -1.458067112700753e+00, -6.366998482304192e+01
s280        ,  2.057477526667467e+00,  1.447736754909931e+00,  6.321888506362136e+01
s281        , -2.834398711024385e-01,  1.164316107560090e+00,  5.084264520599511e+01
s282        ,  9.178955657779987e-01,  1.192334055405722e+00,  5.206611585324118e+01
s283        ,  3.733503076570951e-01, -3.630931460402166e-01, -1.585532990652936e+01
s284        , -1.411377341359432e+00, -2.141840507929552e+00, -9.352858414085848e+01
s285        , -7.489991269044497e-01, -3.727715874743026e-01, -1.627796218034667e+01
s286        , -1.503542794535010e+00, -1.757004082053461e+00, -7.672378196032047e+01
s287        ,  6.691186599609008e-01,  6.988746523871009e-01,  3.051803179914927e+01
s288        , -7.261797515669667e-02, -6.236391975748156e-01, -2.723269587439894e+01
s289        , -2.036131017088608e+00, -2.078257938103425e+00, -9.075209928595980e+01
s290        , -3.593369916728853e-01, -6.689256314517799e-01, -2.921023623075137e+01
s291        , -9.653688942346333e-01,  9.045310164685346e-01,  3.949850839434030e+01
s292        ,  1.020142466608096e+00,  1.377727640326306e+00,  6.016176977435496e+01
s293        ,  1.809672166646086e+00,  1.503282448043337e+00,  6.564442049198620e+01
s294        , -1.362048565302476e+00, -1.287396185640508e+00, -5.621723094017555e+01
s295        ,  1.783462244939523e+00,  1.523521262823806e+00,  6.652819670412639e+01
s296        , -4.444596513339619e-01,  6.472076932115741e-01,  2.826187055807637e+01
s297        , -5.510249411793563e-01, -2.722550953962121e-01, -1.188866934922106e+01
s298        , -8.286362700584804e-01, -3.905652914098378e-01, -1.705496678435473e+01
s299        ,  6.445649183446500e-01,  3.372034791952305e-01,  1.472479573513538e+01
s300        ,  1.263431947632347e+00,  1.119315737934274e+00,  4.887759652877763e+01
s301        , -1.374060773425154e+00, -1.089603739047796e+00, -4.758015109455467e+01
s302        ,  1.535703749464311e+00,  1.317653136816727e+00,  5.753847301840401e+01
s303        , -5.834699387477037e-01,  7.288981860268970e-01,  3.182908114285135e+01
s304        , -1.532084137217445e+00, -1.677844601765336e+00, -7.326709408591313e+01
s305        ,  8.275615567870639e-01,  4.640350998671179e-01,  2.026320154164384e+01
s306        , -7.539381022379023e-01, -9.078014238552315e-01, -3.964131854818194e+01
s307        ,  1.586514123372291e-01, -4.807167826864477e-01, -2.099164708621295e+01
s308        , -5.508401709447740e-02,  1.736451325793883e+00,  7.582629674326810e+01
s309        , -5.766874189299147e-01, -1.063254424031002e+00, -4.642954528731625e+01
s310        ,  6.374709732867283e-01,  1.731240609512790e-01,  7.559875836479099e+00
s311        ,  4.080149769921139e-02, -3.580299755143510e-01, -1.563423446604500e+01
s312        ,  9.731382012764279e-01,  6.119778720417119e-01,  2.672347622789442e+01
s313        ,  1.429932001970077e-01,  3.547716749679991e-01,  1.549195298631876e+01
s314        ,  1.930683047603774e-01,  1.754286118008698e-01,  7.660509556517942e+00
s315        ,  5.348221101378693e-01,  3.095629269909158e-01,  1.351780497043084e+01
s316        , -1.241701629755850e+00, -5.931215883708755e-01, -2.590007154049479e+01
s317        ,  1.919675275186283e+00,  1.803089459672396e+00,  7.873621010440402e+01
s318        , -4.758666133750817e-02,  9.882473266581887e-02,  4.315418113586649e+00
s319        ,  1.127723396934456e-01,  5.281505539799906e-01,  2.306295606235832e+01
s320        , -2.749916285582357e+00, -2.500053666122501e+00, -1.091708177163166e+02
s321        ,  1.503561162462575e+00,  9.676652709011467e-01,  4.225541648624064e+01
s322        ,  3.544546857579591e-02, -6.161870051145329e-02, -2.690727808209628e+00
s323        , -8.304133648084051e-01, -6.666173781548311e-01, -2.910944083450089e+01
s324        ,  7.189309498557251e-01,  2.473745344926609e-01,  1.080220020022306e+01
s325        , -7.647497330279208e-02, -8.462330744813241e-03, -3.695278944272052e-01
s326        , -2.795970934311181e-01,  7.436578616117067e-01,  3.247359764849914e+01
s327        ,  9.507662038906267e-01,  1.849051369485311e-01,  8.074324673168615e+00
s328        , -4.226431741816794e-01,  4.443569806271359e-02,  1.940390944017443e+00
s329        , -6.340756771310201e-01,  2.418530884439075e-01,  1.056109306388953e+01
s330        , -4.983104214676741e-01, -2.565900232921386e-01, -1.120461654093108e+01
s331        ,  4.313976606624865e-01,  1.364289139748248e-01,  5.957494553259226e+00
s332        ,  2.872576810614043e-01, -8.416815520934156e-03, -3.675403634086701e-01
s333        , -1.428207646760553e+00, -1.200557548760203e+00, -5.242521434226921e+01
s334        ,  1.090736693025978e+00,  7.423186243457511e-01,  3.241511665290224e+01
s335        ,  8.689786106388561e-01,  5.913019043574640e-01,  2.582061068954526e+01
s336        , -6.909278893094605e-01, -6.841891622069473e-01, -2.987675477647691e+01
s337        ,  1.253402841738086e+00,  2.338905254185833e+00,  1.021338872123016e+02
s338        , -5.188757165053888e-01, -4.819442909556555e-01, -2.104524916816777e+01
s339        ,  1.328885826036196e+00,  4.998408441521482e-01,  2.182674493093465e+01
s340        ,  5.747319815580367e-01,  4.635571847292473e-01,  2.024233223507361e+01
s341        , -1.829453856971746e+00, -1.773795614858680e+00, -7.745702436703216e+01
s342        ,  6.006312482055266e-01,  7.370280984336651e-02,  3.218409319616650e+00
s343        ,  3.874115618757035e-01,  8.566627288819387e-01,  3.740822522589394e+01
s344        , -7.953203262348685e-01, -9.691508026227694e-01, -4.232028577884457e+01
s345        ,  6.299310808043834e-01,  7.100059026722887e-01,  3.100410444323122e+01
s346        , -1.002600077568548e+00, -3.793557831029029e-01, -1.656547681673979e+01
s347        ,  1.953430134440088e+00,  1.524403119897397e+00,  6.656670510062098e+01
s348        , -2.116724435810483e-01, -2.583448364202507e-01, -1.128124464965182e+01
s349        ,  5.157492200743797e-01,  2.337220462719659e-01,  1.020603167667800e+01
s350        , -1.510374771276913e-01, -4.186655724504639e-01, -1.828203270731206e+01
s351        , -7.759769648741240e-01, -7.954196337305666e-01, -3.473389912331749e+01
s352        , -3.539192931352820e-01, -8.544118993293508e-01, -3.730993737466671e+01
s353        ,  5.069167448439574e-01,  6.889980608007590e-02,  3.008674682541348e+00
s354        , -1.828973197137163e-01,  4.241834448050914e-01,  1.852298378975145e+01
s355        ,  1.624801336388416e+00,  1.346676056376320e+00,  5.880582815712380e+01
s356        , -5.658130117516301e-01, -1.584135556299096e-01, -6.917506467886799e+00
s357        ,  5.765045328570928e-01,  1.164180449004921e-01,  5.083672135099977e+00
s358        , -7.806919589092669e-02,  1.005332038274499e-01,  4.390022589597472e+00
s359        , -6.122238556537778e-01, -4.184322517428131e-01, -1.827184420104535e+01
s360        ,  7.072470066133247e-01,  7.832642927075458e-01,  3.420310710989558e+01
s361        , -8.533119485587989e-01,  1.283956824462600e-01,  5.606704301529104e+00
s362        , -3.832307428619676e-01, -7.469197246687591e-01, -3.261603469376846e+01
s363        ,  1.136620729810577e+00,  9.560578841848871e-01,  4.174855220707141e+01
s364        ,  1.183780326191236e+00,  9.107581259369079e-01,  3.977043001021732e+01
s365        , -8.620628158872323e-01, -1.970034098634392e-01, -8.602624671273981e+00
s366        , -1.425655087558077e+00, -1.124034681407067e+00, -4.908366047238927e+01
s367        , -1.566451522193896e+00, -8.420318474081752e-01, -3.676933282288467e+01
s368        ,  3.820728130067759e-01, -1.269052251814514e-01, -5.541619923311499e+00
s369        , -1.056326402261627e+00, -8.833337880191257e-01, -3.857288075902216e+01
s370        ,  1.443000454420478e+00,  7.864760096037178e-01,  3.434335440321557e+01
s371        , -5.876015246379517e-01, -5.049836196593845e-01, -2.205131651316286e+01
s372        , -1.098974443479297e+00, -7.014004778045891e-01, -3.062832800197586e+01
s373        ,  2.115861634781081e+00,  1.733448586071141e+00,  7.569517493761926e+01
s374        ,  8.889609764508162e-01,  8.187593774871023e-01,  3.575308480949600e+01
s375        , -3.861821693859098e-01, -6.202779987324026e-01, -2.708592109467892e+01
s376        , -1.647182127127575e+00, -1.833080269456530e+00, -8.004583048274837e+01
s377        , -9.921142122504716e-01, -7.022611020473628e-01, -3.066590921617268e+01
s378        , -4.827505529619482e-01, -8.771364402000023e-01, -3.830225875668112e+01
s379        ,  7.391578818969189e-01,  7.332439031516622e-01,  3.201884726607631e+01
s380        ,  9.482091524808841e-01,  8.334379976910848e-01,  3.639406183824171e+01
s381        , -2.602453229516086e-01, -1.167321620529631e-01, -5.097388811209305e+00
s382        ,  1.104663472507788e+00,  7.203727080788367e-01,  3.145679577489135e+01
s383        , -2.293659969566494e-01, -5.831685065555202e-01, -2.546544643812049e+01
s384        ,  1.124093149995714e+00,  7.796225361672783e-01,  3.404408110784924e+01
s385        , -1.028301590354242e+00, -8.124454186611137e-01, -3.547737070887461e+01
s386        , -8.502764349509152e-01, -8.075239173829692e-01, -3.526246159463938e+01
s387        ,  1.129785972964034e+00,  1.005291365166983e+00,  4.389844980753866e+01
s388        , -1.726546649489343e+00, -1.848654072553680e+00, -8.072589781174523e+01
s389        , -6.831952605802530e-01, -5.448928486235360e-01, -2.379404836707605e+01
s390        , -3.734364635864852e-02, -1.093377336690009e-02, -4.774493425338149e-01
s391        ,  4.779948697936299e-01,  3.222797392458254e-01,  1.407311496694247e+01
s392        ,  3.310220817152515e-01,  3.935521575936246e-02,  1.718539543399173e+00
s393        ,  5.553356616642980e-02, -2.933504379008817e-01, -1.280984789128508e+01
s394        ,  4.365379722541595e-01,  1.852740107946898e-01,  8.090432431159973e+00
s395        , -8.983021968784184e-01,  5.711147155406424e-01,  2.493908884847847e+01
s396        ,  1.678248791678738e-01,  1.364054209308734e+00,  5.956468673353724e+01
s397        ,  8.185692451143642e-01,  4.532764994016816e-01,  1.979340154246363e+01
s398        , -3.699760772173830e-01, -1.473388166468208e-01, -6.433901524856216e+00
s399        ,  1.905475331815307e+00,  1.661050786972250e+00,  7.253375203074785e+01
s400        ,  1.858354115946673e+00,  1.418534478524500e+00,  6.194369788049187e+01
s401        ,  1.882929356651747e+00,  1.569343794446768e+00,  6.852914704967205e+01
s402        ,  7.251022959905945e-01,  6.468662776667718e-01,  2.824696183243092e+01
s403        , -4.598852698083180e-01, -2.014643898676148e-01, -8.797424023572413e+00
s404        , -7.654208212581715e-01, -6.520707435525547e-01, -2.847422727246003e+01
s405        , -1.008550952239817e+00, -7.203631232565587e-01, -3.145637723072176e+01
s406        ,  6.851436048144010e-01,  6.832889013296769e-01,  2.983744273391496e+01
s407        ,  1.179473302867332e+00,  5.353327620288980e-01,  2.337658434015606e+01
s408        ,  1.889092138737942e+00,  1.483385161677383e+00,  6.477555793421722e+01
s409        ,  1.749725590072469e-01, -2.834949518550939e-01, -1.237948454141383e+01
s410        ,  1.998254738056868e+00,  1.722260296260813e+00,  7.520661152636458e+01
s411        ,  9.892338833250636e-01,  6.841595108068593e-01,  2.987545997723398e+01
s412        , -1.223391619754290e+00, -1.648308021733256e+00, -7.197730873516635e+01
s413        ,  5.743625596418537e-01,  1.021616164009430e-01,  4.461131116041026e+00
s414        ,  1.092248078316437e-01,  8.082740656533174e-02,  3.529521861149517e+00
s415        , -2.685700492164793e-01, -3.066098354889449e-01, -1.338885117298651e+01
s416        ,  1.462987518702352e+00,  8.951987537539843e-01,  3.909099284157575e+01
s417        ,  1.569882344576942e+00,  1.316902659201529e+00,  5.750570161991799e+01
s418        ,  1.876220335020836e-02, -2.018814990808533e-02, -8.815638094135771e-01
s419        ,  1.276905221099546e+00,  9.496678437189645e-01,  4.146951581982974e+01
s420        , -1.647237733483662e+00, -1.459521631527620e+00, -6.373349986348470e+01
s421        , -1.445425539908424e-01,  7.293432364370619e-01,  3.184851533254938e+01
s422        ,  5.402460517048289e-01,  2.847346210567951e-01,  1.243361765954693e+01
s423        ,  8.390845889372367e-02, -2.039578929559804e-01, -8.906308794657045e+00
s424        , -9.431170827773597e-01, -1.428593566636587e-02, -6.238295200113954e-01
s425        ,  1.130552771406502e+00,  6.341633319203792e-01,  2.769225735015052e+01
s426        , -8.389925436276273e-01, -3.711088640260932e-01, -1.620535538756584e+01
s427        ,  8.392912737700503e-01,  4.109058163310178e-01,  1.794318441284598e+01
s428        , -9.488637335179150e-01, -1.267563242260860e+00, -5.535117807266421e+01
s429        ,  3.637065073507825e-02,  1.278552149452181e-01,  5.583103496539446e+00
s430        , -9.278822222973141e-01, -2.818422772000048e-02, -1.230731655319849e+00
s431        , -1.858348493139306e-01, -3.361468501842513e-01, -1.467865550434180e+01
s432        , -1.980571102286932e-01,  9.161009898836895e-01,  4.000373893231012e+01
s433        ,  2.907509872393486e-01, -1.582889921331866e-01, -6.912067105132660e+00
s434        , -7.856669273303235e-01, -4.017276476935909e-01, -1.754239774619812e+01
s435        ,  2.522946697305543e-01, -1.081437130532140e-01, -4.722353661795216e+00
s436        ,  9.124956428672120e-01,  1.051096008430715e+00,  4.589861901513071e+01
s437        , -3.499552547842402e-01, -4.054134424359180e-01, -1.770334678157560e+01
s438        , -2.967024119054128e-01, -4.500411819818267e-01, -1.965212367587885e+01
s439        ,  1.398781376080027e+00,  1.186948583381239e+00,  5.183094634761490e+01
s440        , -1.423048475754128e+00, -1.698953261059786e+00, -7.418885413742605e+01
s441        ,  4.627215551435010e-01,  5.296468957168314e-01,  2.312829740010941e+01
s442        , -1.281983082708195e+00, -1.414774090045769e+00, -6.177949153135751e+01
s443        ,  4.064644218525872e-01,  3.227415438362675e-01,  1.409328076795982e+01
s444        ,  1.926435095105153e-02, -5.827037420999553e-02, -2.544515138751963e+00
s445        , -6.163049587306062e-01, -8.832218606347054e-01, -3.856799318230828e+01
s446        ,  1.711464900608388e-01, -8.829162541335468e-02, -3.855464814412677e+00
s447        , -5.502000181018426e-01, -1.777880627843244e-02, -7.763540622097285e-01
s448        ,  1.089535632894734e-01, -2.016825408135395e-01, -8.806950105942128e+00
s449        , -1.011248874107511e+00, -9.350790718839381e-01, -4.083246223482545e+01
s450        , -1.947013588700806e+00, -1.173461107165545e+00, -5.124198346759792e+01
s451        ,  1.238871233763808e+00,  9.632953458659476e-01,  4.206459326675687e+01
s452        , -3.901411635884037e-01, -8.897704875945127e-01, -3.885395462778001e+01
s453        ,  5.429001167419540e-01,  3.015406848360895e-01,  1.316749459596636e+01
s454        ,  1.674074113182614e+00,  9.758578974022715e-01,  4.261316710035419e+01
s455        ,  3.036107540082147e-01,  1.129743849816922e-01,  4.933296495422062e+00
s456        ,  1.697945289202256e+00,  1.153466226315708e+00,  5.036885921346835e+01
s457        ,  1.416859305428101e+00,  1.397098564935817e+00,  6.100764748818073e+01
s458        , -1.404208354895570e-02,  1.107361869387112e-01,  4.835560229247319e+00
s459        ,  6.925018491951431e-01,  6.721463637521498e-01,  2.935087720323974e+01
s460        , -1.114252131965874e+00, -1.134061173801062e+00, -4.952149122310935e+01
s461        ,  2.042381769729374e+00,  1.948810835016818e+00,  8.509948218958704e+01
s462        , -1.531404654443665e+00, -9.601187840118101e-01, -4.192588110235747e+01
s463        , -3.759583777355113e-01, -6.460160294322579e-01, -2.820983371143040e+01
s464        ,  1.991689923540824e+00,  1.491248262637460e+00,  6.511891902811286e+01
s465        ,  9.755969169673073e-02, -3.031381182299366e-01, -1.323725034249970e+01
s466        ,  6.072772838991297e-01,  1.098475367958256e+00,  4.796755197148570e+01
s467        ,  1.216496181986968e+00,  8.963506148197629e-01,  3.914129160761851e+01
s468        ,  3.775595362798933e-01,  8.374522929521936e-01,  3.656935563379038e+01
s469        , -1.307461059058785e+00, -1.225779669227794e+00, -5.352659850585674e+01
s470        , -5.283291461494825e-01, -5.531175453164896e-01, -2.415319940275403e+01
s471        ,  2.377867747615111e-01,  3.481875952638758e-02,  1.520444341204469e+00
s472        ,  1.302569086132945e+00,  8.886423900099459e-01,  3.880469355093196e+01
s473        , -5.693295827287675e-01, -7.957991221905891e-01, -3.475047039378899e+01
s474        ,  1.884221453852586e+00,  1.475825834199830e+00,  6.444546183536437e+01
s475        , -1.446520811585995e+00, -1.457518743134056e+00, -6.364603895547184e+01
s476        , -1.215631750383895e+00, -5.702291981258492e-01, -2.490042061443819e+01
s477        , -8.341578078875426e-01, -5.457988013403401e-01, -2.383360895741298e+01
s478        ,  1.187878793372986e+00,  9.922223411823025e-01,  4.332775964416526e+01
s479        ,  3.365947877874360e-01,  4.786253649028891e-01,  2.090032033082702e+01
s480        , -9.637108529621194e-01, -2.918176219746945e-01, -1.274291382089371e+01
s481        ,  2.085079041846591e+00,  1.505993121929264e+00,  6.576278854492003e+01
s482        , -1.022603717946666e+00, -4.724587537630344e-01, -2.063104051903783e+01
s483        , -1.034187950850505e+00, -5.964769019102026e-01, -2.604658932439144e+01
s484        , -1.995156105028394e+00, -2.030118726495991e+00, -8.864998557271565e+01
s485        ,  6.269503300594436e-01,  6.946393881144090e-02,  3.033308886365930e+00
s486        , -1.429365852931641e+00, -1.538795273797408e+00, -6.719517289363455e+01
s487        ,  4.249609108300679e-01,  7.811102540998750e-01,  3.410904586657968e+01
s488        , -2.798574335396176e-01, -3.721539947342629e-01, -1.625099351748977e+01
s489        , -5.336235067101003e-01, -9.738513331762122e-01, -4.252554567833135e+01
s490        , -1.648273604531437e+00, -1.360764127247271e+00, -5.942101743800541e+01
s491        ,  7.228333429987273e-01,  4.790903185612873e-01,  2.092062364342200e+01
s492        , -9.260692223596583e-01, -1.048588009022237e+00, -4.578910122758651e+01
s493        , -5.201114240395055e-01,  6.888662134466841e-01,  3.008098939562209e+01
s494        ,  1.832055246002863e-02, -5.781342676298208e-01, -2.524561436509531e+01
s495        ,  2.383820600840625e-01, -3.283417020872368e-02, -1.433782506070220e+00
s496        , -7.978377098794708e-01, -1.916806171710548e-01, -8.370192208468774e+00
s497        ,  4.550356427377596e-01,  3.439337976587281e-01,  1.501869117430442e+01
s498        , -6.680642327437073e-01, -2.874935644349754e-01, -1.255409351520976e+01
s499        ,  8.575607855949897e-01,  7.146055871379000e-01,  3.120496065730068e+01
s500        , -1.692527892902983e-01, -1.841815386119506e-01, -8.042727022616964e+00
s501        , -6.422509788397670e-01, -4.951525784890098e-01, -2.162202060719250e+01
s502        ,  1.243213320474068e+00,  1.401190352410029e+00,  6.118632516639791e+01
s503        , -1.279877945312270e+00, -1.067153856272463e+00, -4.659982331462353e+01
s504        ,  1.209352307302353e-01, -2.264363072551391e-01, -9.887882471757880e+00
s505        , -1.237963369094699e+00, -9.466950218462312e-01, -4.133970044859635e+01
s506        , -1.696383544323350e-01, -2.935247471649389e-01, -1.281745952184747e+01
s507        , -1.230468344629726e+00, -6.486255690025809e-01, -2.832378549279239e+01
s508        , -2.371439343057282e-01, -4.723604784882604e-01, -2.062674909431613e+01
s509        , -1.639492376941975e-01, -2.476352055397226e-01, -1.081358302441938e+01
s510        ,  6.798876031058373e-01,  9.809956924212518e-01,  4.283752119766076e+01
s511        , -1.306302408071936e+00, -1.184072606881268e+00, -5.170535996101484e+01
s512        , -1.810398909331260e-01, -6.698293499221664e-01, -2.924969925737930e+01
s513        ,  7.546842351810933e-01,  5.220169808534504e-01,  2.279511893437148e+01
s514        , -1.659299996003214e+00, -1.584804238164436e+00, -6.920426427046868e+01
s515        , -2.345220738579200e-01, -1.121210073627033e+00, -4.896031722370115e+01
s516        , -1.737647836542105e+00, -1.480400974576814e+00, -6.464524627315089e+01
s517        , -1.327112675511377e+00, -1.135132921108683e+00, -4.956829163045409e+01
s518        , -4.005723114576410e-01, -1.245726544566737e+00, -5.439762648463419e+01
s519        , -7.627096815238132e-01,  2.752601415613951e-01,  1.201989187119075e+01
s520        ,  5.205308045053684e-01,  6.498848755049907e-01,  2.837877612058825e+01
s521        , -1.565970964052308e-01,  2.964942898594733e-01,  1.294713169992855e+01
s522        ,  9.369677526584559e-01,  5.472562796735418e-01,  2.389725323177214e+01
s523        , -1.137675297963781e+00, -1.118028794144773e+00, -4.882139905279600e+01
s524        , -1.043872792855045e+00, -9.796410725384518e-02, -4.277836848333980e+00
s525        , -4.052687326822306e-01, -6.353022333987777e-01, -2.774199020484082e+01
s526        , -9.078531683408999e-01, -6.381432167073943e-01, -2.786604853011714e+01
s527        , -2.354883271970434e-01,  2.680815511382122e-01,  1.170642156566532e+01
s528        ,  1.249426787716260e+00,  7.932633381164508e-01,  3.463973932242155e+01
s529        , -1.079712692195388e+00, -8.445080058676105e-01, -3.687746019929855e+01
s530        , -1.464169262892369e+00, -1.426504639132240e+00, -6.229173398974348e+01
s531        ,  8.870341112159444e-01,  1.161672757640416e+00,  5.072721701493204e+01
s532        ,  8.189742158633641e-01,  1.521351820632500e-01,  6.643346282652078e+00
s533        , -6.018468317011504e-01, -7.450409991348974e-01, -3.253399565373685e+01
s534        , -1.393564173594942e+00, -1.318623328400455e+00, -5.758083875237701e+01
s535        ,  1.247772269364924e+00,  9.403443297733661e-01,  4.106238230296843e+01
s536        ,  1.175565678381589e-01, -2.522491944612021e-02, -1.101506387673798e+00
s537        ,  1.371458952168796e-02,  4.631936325510770e-02,  2.022645686043190e+00
s538        ,  1.438921434076982e+00,  1.171631862059556e+00,  5.116210510869282e+01
s539        ,  4.815773172227232e-01, -2.244672126669327e-01, -9.801897251013131e+00
s540        , -7.238055425047152e-01,  5.858501699961272e-02,  2.558254768063271e+00
s541        ,  2.233900132878818e+00,  1.936835985349315e+00,  8.457657176252458e+01
s542        ,  4.148904574828530e-02, -2.082075382441245e-01, -9.091879711552812e+00
s543        ,  7.192492690821944e-01,  9.475449360483948e-01,  4.137681398327605e+01
s544        , -1.195051331046210e+00, -3.309493589465554e-01, -1.445169462898879e+01
s545        ,  1.551116853180877e-01,  3.187089313782030e-01,  1.391718710823342e+01
s546        , -5.623355357397409e-01, -4.768352728911993e-01, -2.082215168534886e+01
s547        ,  1.448160679819764e+00,  1.165630211358814e+00,  5.090002868868384e+01
s548        ,  3.848360583786407e-01,  2.417983329335791e-01,  1.055870203368164e+01
s549        , -1.115216456955655e+00, -9.434468403066671e-01, -4.119786083948298e+01
s550        , -2.045366715571642e+00, -1.884282424334324e+00, -8.228169493341669e+01
s551        ,  1.482005267115409e+00,  1.171636006182583e+00,  5.116228607172800e+01
s552        , -2.227828855322892e-01, -3.056780724247264e-01, -1.334816351215067e+01
s553        ,  1.297454412958832e-01,  7.241005621874738e-02,  3.161958143300787e+00
s554        ,  1.061901762942694e+00,  9.297728546647976e-01,  4.060075357966983e+01
s555        , -4.386884091748981e-01,  7.236255193817837e-01,  3.159883755368659e+01
s556        ,  3.941867714817063e-01,  6.766249463863856e-01,  2.954644521644481e+01
s557        , -8.951391675309346e-01, -2.476058289716935e-01, -1.081230022637513e+01
s558        ,  5.626259017835469e-01,  4.469583506213372e-01,  1.951750447747249e+01
s559        , -2.646400996406346e-02, -1.711426524255954e-01, -7.473352898227818e+00
s560        , -4.614794874684225e-01, -1.113447723946054e+00, -4.862135567517299e+01
s561        , -5.368862422565327e-01,  4.399907171690387e-01,  1.921324611220518e+01
s562        ,  1.314110066282131e+00,  7.297764428838324e-01,  3.186743232728224e+01
s563        ,  1.921771526510788e+00,  1.511699600102036e+00,  6.601197555112059e+01
s564        ,  8.001607223901942e-01,  7.698186995918106e-01,  3.361597315552639e+01
s565        , -5.562845031577306e-02, -5.022013681901267e-01, -2.192982285400378e+01
s566        ,  1.020041341313152e+00,  7.441657935113594e-01,  3.249577770870373e+01
s567        , -2.539691194509933e-01, -4.657394459106394e-01, -2.033762588451467e+01
s568        , -2.316202851259171e-01, -5.275735689669974e-01, -2.303776063294337e+01
s569        , -2.442891053411890e-01, -5.258201433618263e-01, -2.296119311372761e+01
s570        , -7.106433958989193e-02, -3.958793592741196e-01, -1.728701825669109e+01
s571        , -1.517261224362497e-01, -4.747681004274136e-01, -2.073188365978998e+01
s572        , -1.943188611921064e+00, -1.889771697917037e+00, -8.252139718213792e+01
s573        ,  4.755730333935128e-01,  3.675530785467037e-01,  1.605008351733796e+01
s574        , -3.521357752458716e-01, -6.029868213038322e-01, -2.633086051148644e+01
s575        , -2.101634380935241e-02, -2.838445590212215e-01, -1.239475097377999e+01
s576        ,  8.972128211862684e-01,  8.270131653570725e-01,  3.611350618093768e+01
s577        ,  3.519332247195900e-01,  5.965172773963983e-01,  2.604835241648153e+01
s578        , -4.676730825695681e-01, -5.796603426365780e-01, -2.531225407713098e+01
s579        , -5.850412346637100e-02, -5.068674463539842e-01, -2.213357830756836e+01
s580        , -9.183798967000043e-01, -8.195395554091476e-01, -3.578715314285548e+01
s581        ,  9.240377559230070e-02, -2.433600051267988e-01, -1.062689618193095e+01
s582        , -1.742244634920983e+00, -1.204863343720966e+00, -5.261323716880091e+01
s583        ,  7.055292745925379e-01,  1.545001801592036e-01,  6.746619576154306e+00
s584        , -3.175359681654383e-01, -2.635332004187421e-01, -1.150780696229357e+01
s585        , -1.018136882779183e+00, -6.012021220885360e-01, -2.625292735534994e+01
s586        ,  1.796431915125592e+00,  1.639910719138640e+00,  7.161062045031542e+01
s587        ,  1.528101545573583e+00,  1.349963749150849e+00,  5.894939311873203e+01
s588        , -1.493251816790637e+00, -8.600523374934810e-01, -3.755624058607395e+01
s589        , -1.919234877209601e-01, -7.208541027921606e-01, -3.147781702543896e+01
s590        , -1.474690448373283e+00, -1.448351554326694e+00, -6.324573174934226e+01
s591        , -7.075916964107042e-02, -5.211345970972957e-01, -2.275658753902417e+01
s592        ,  1.771261470718517e+00,  1.663779519144353e+00,  7.265290864190146e+01
s593        ,  9.576275984893917e-01,  1.237936547054305e+00,  5.405745762747546e+01
s594        ,  1.644504072992790e+00,  1.464734187197523e+00,  6.396111856326947e+01
s595        , -5.357649623549657e-01,  5.258396521924510e-01,  2.296204501343709e+01
s596        ,  6.346409254556347e-01,  7.416974152029910e-01,  3.238799007117844e+01
s597        , -1.925166625783171e+00, -1.657572157512355e+00, -7.238184936249127e+01
s598        ,  4.877766835626365e-01,  8.058643494973564e-01,  3.518999259704012e+01
s599        , -1.762506312086289e+00, -1.413919879985693e+00, -6.174219040777617e+01
s600        ,  3.925159363258416e-01, -2.858436121543916e-01, -1.248204440598259e+01
s601        , -2.895039831412950e-01, -3.190467020522498e-01, -1.393193667188723e+01
s602        ,  1.015619978504493e+00,  1.292634573695052e+00,  5.644597767276740e+01
s603        ,  1.530534275818686e+00,  1.246902413957463e+00,  5.444897363155848e+01
s604        ,  1.102137725135546e+00,  1.276683636445696e+00,  5.574944187977596e+01
s605        , -2.082111847210221e-02,  1.676889103610842e-01,  7.322536997564023e+00
s606        ,  9.842778583139866e-01,  8.925897588383913e-01,  3.897706484386410e+01
s607        , -1.138623824161354e+00, -7.462229601625531e-01, -3.258560880654493e+01
s608        , -4.177570888255018e-01, -5.759445956825606e-01, -2.514999710685316e+01
s609        ,  3.685164501033219e-01, -4.684719887621568e-03, -2.045694889809427e-01
s610        , -2.659779361808961e-01, -4.216699513538386e-02, -1.841322609170067e+00
s611        , -7.893175620146011e-01, -1.945017866648480e-01, -8.493385316171702e+00
s612        ,  4.551812262842944e-01,  5.942684156321895e-01,  2.595015049343625e+01
s613        , -1.906510824785770e+00, -1.670040801149311e+00, -7.292632248325073e+01
s614        ,  4.363873919671318e-01,  2.881707755016335e-01,  1.258366555476847e+01
s615        ,  2.289607222323559e-01,  1.102475038755245e-01,  4.814220715486018e+00
s616        ,  1.051114336732525e+00,  8.025581059049562e-01,  3.504561756963862e+01
s617        ,  9.612491509961185e-01,  1.073887370422053e+00,  4.689385830106251e+01
s618        ,  1.641704627639855e+00,  1.005468275099293e+00,  4.390617500249514e+01
s619        , -1.622899727833569e+00, -8.413389690846874e-01, -3.673907663511635e+01
s620        , -1.432198008011447e+00, -1.441476931684309e+00, -6.294553492335798e+01
s621        , -5.169781910985175e-01, -9.794635071769678e-01, -4.277061466750190e+01
s622        ,  7.834349958828789e-02,  8.595230652613474e-01,  3.753312864925448e+01
s623        ,  1.505481327993915e-01, -8.621577411643881e-02, -3.764817806865329e+00
s624        , -1.795745482905790e+00, -1.480606137642197e+00, -6.465420520867956e+01
s625        , -6.540205211871799e-01,  4.120446126272921e-01,  1.799291267450742e+01
s626        , -9.921730176745909e-02, -3.100098051896834e-01, -1.353731897488614e+01
s627        ,  1.003457009680013e-01, -3.089012131025947e-01, -1.348890965219788e+01
s628        , -7.262707774759888e-01, -3.916075606665119e-03, -1.710047996216408e-01
s629        ,  9.013378522352091e-01,  5.654688314339045e-01,  2.469254782697308e+01
s630        ,  2.883264293170171e-01, -1.923869113259102e-01, -8.401034230573606e+00
s631        , -4.308621051856988e-01, -2.026549636120579e-01, -8.849413271240852e+00
s632        , -2.552616433847757e-02,  1.839655859456476e-01,  8.033296933380109e+00
s633        , -2.361941375317399e+00, -2.388205858017488e+00, -1.042867158923985e+02
s634        , -1.741723873388839e-01, -5.018180342422561e-01, -2.191308366111583e+01
s635        , -1.887226794633780e+00, -1.722051508916323e+00, -7.519749432802777e+01
s636        ,  5.559866372520853e-01,  1.550466529987804e-01,  6.770482618602065e+00
s637        ,  5.224165136667182e-01,  3.311906032772940e-01,  1.446222913919267e+01
s638        , -9.017862751888349e-01, -1.586765497208431e-01, -6.928990733345108e+00
s639        ,  4.059987622661941e-02, -6.221718480818824e-02, -2.716862055226120e+00
s640        ,  1.793715557338358e-01,  7.351023657936137e-02,  3.210000147851011e+00
s641        , -1.502090098725329e+00, -1.265757161832324e+00, -5.527231125475685e+01
s642        , -1.255445500732830e+00, -1.027596201970215e+00, -4.487244380848133e+01
s643        ,  2.659311374869887e-02, -3.717374980583710e-02, -1.623280619483399e+00
s644        ,  5.978067737156746e-01,  1.069940948179917e+00,  4.672152834308362e+01
s645        , -1.614381328938929e-01, -3.953382392976084e-01, -1.726338895980084e+01
s646        , -7.340994125406998e-01, -7.432220174054434e-01, -3.245456546969462e+01
s647        , -1.496428190082178e-01, -2.999205012350781e-01, -1.309674540727107e+01
s648        , -4.884218476882379e-01, -6.574543355987064e-02, -2.870931468434015e+00
s649        , -5.843001747665787e-01, -5.484571586878112e-01, -2.394969248367413e+01
s650        ,  7.524274850037658e-01,  7.232819952719469e-01,  3.158383675251006e+01
s651        , -1.389027741701250e+00, -1.488399972086001e+00, -6.499454161461573e+01
s652        , -2.566043711440669e+00, -2.684900948093975e+00, -1.172426160136558e+02
s653        , -1.007282708793189e+00, -4.264663876865307e-01, -1.862267394622440e+01
s654        , -1.044226385778375e+00, -8.174645811848482e-01, -3.569654443477987e+01
s655        , -6.127047200082997e-01, -3.697754917245313e-01, -1.614713049965470e+01
s656        , -9.677099452782351e-01, -7.548704185923968e-01, -3.296322074373909e+01
s657        , -9.543477553558062e-02, -1.768888350141482e-01, -7.724273692625207e+00
s658        ,  2.152611224039404e+00,  1.854360652874181e+00,  8.097508927847046e+01
s659        ,  7.601680812147134e-01,  3.494645735506538e-01,  1.526020572053562e+01
s660        , -8.552740445977219e-01, -8.513554888832863e-01, -3.717647190862691e+01
s661        , -8.587465647638401e-01, -6.971728186683398e-01, -3.044371716294294e+01
s662        ,  2.292650657012456e+00,  1.956562657845226e+00,  8.543798405794169e+01
s663        , -7.424589206994223e-01, -5.886565313399740e-01, -2.570509415508149e+01
s664        ,  1.170121236794572e+00,  9.171030340538875e-01,  4.004749558558951e+01
s665        , -9.550555766428818e-02,  1.556760430729129e-01,  6.797966440244242e+00
s666        ,  6.314775109494175e-01,  8.806029353549382e-01,  3.845363155151428e+01
s667        ,  9.502651428335526e-01,  9.237373608288885e-01,  4.033719931828875e+01
s668        , -1.539888656744302e+00, -7.510548253971042e-01, -3.279660374873315e+01
s669        , -7.817282530962720e-01, -7.077910357891459e-01, -3.090738698790541e+01
s670        ,  1.305183965640755e+00,  7.597302735670468e-01,  3.317543792481584e+01
s671        ,  4.799138388405841e-01,  5.167241340265211e-01,  2.256399412934309e+01
s672        ,  3.973005628545346e-02,  6.262320840332605e-01,  2.734592045783473e+01
s673        , -1.414611532455524e-01, -4.737719154278655e-01, -2.068838286119869e+01
s674        ,  2.903659687553911e-01,  1.470493062917355e-01,  6.421259363357670e+00
s675        ,  1.026086479328726e+00,  6.628510700763943e-01,  2.894497599189918e+01
s676        , -6.754288667653827e-02, -2.039587002944891e-01, -8.906344049022326e+00
s677        ,  1.605266818482901e+00,  1.338204097838593e+00,  5.843587984211149e+01
s678        ,  1.084789537255858e-01,  9.291948492876573e-02,  4.057551359361570e+00
s679        , -2.992012028639636e-01, -5.286913113682321e-01, -2.308656952596536e+01
s680        ,  8.990202473369718e-01,  4.792577683951558e-01,  2.092793574057319e+01
s681        ,  5.643835559735575e-01,  3.770521506890346e-01,  1.646488320239149e+01
s682        , -5.946014640649122e-01, -1.235907219478496e+00, -5.396884218938816e+01
s683        , -6.016194601328428e-01,  7.381242811224697e-01,  3.223196063282420e+01
s684        , -1.092230320268682e+00, -5.732287279284075e-01, -2.503140225125147e+01
s685        , -1.049541099357342e+00, -1.569197843856347e+00, -6.852277376836287e+01
s686        , -3.882296162024126e-01, -8.306654749557083e-01, -3.627299300749640e+01
s687        , -1.289479776127262e+00, -5.079091035440584e-01, -2.217906475802398e+01
s688        ,  1.174200481057901e+00,  1.216438086654749e+00,  5.311867597919930e+01
s689        , -2.594548196962304e-02, -2.787892324374971e-01, -1.217399805777391e+01
s690        ,  4.711059702108155e-01,  5.511991239777470e-01,  2.406942695054106e+01
s691        ,  9.245223879507848e-01,  5.061455882033429e-01,  2.210205664639415e+01
s692        ,  1.066847762125763e+00,  8.151686501321681e-01,  3.559628711877183e+01
s693        ,  6.254387821095569e-01,  3.655042955608906e-01,  1.596061851228013e+01
s694        , -5.171349029224964e-01,  6.429737982208418e-01,  2.807698741555561e+01
s695        , -1.267384161897314e+00, -1.318186219820559e+00, -5.756175136167630e+01
s696        , -4.788650652000022e-01,  5.487810028785792e-01,  2.396383391415530e+01
s697        , -3.220149437916258e-01, -6.204333322645633e-01, -2.709270410456168e+01
s698        , -1.380331688121128e+00, -1.500707378279726e+00, -6.553197391710694e+01
s699        ,  1.594942071124517e+00,  1.124406738796083e+00,  4.909990724738716e+01
s700        ,  1.292968973461459e+00,  9.969704212228434e-01,  4.353509590563533e+01
s701        ,  5.937524925456381e-01,  3.451728108609236e-01,  1.507279564665153e+01
s702        ,  9.323059097091277e-01,  7.684055008744808e-01,  3.355426245640935e+01
s703        , -3.788357179143477e-01,  8.056864479756425e-01,  3.518222410196273e+01
s704        , -4.335664235266130e-01, -8.114619212281685e-01, -3.543442394319855e+01
s705        ,  1.028207628094288e-01,  2.248252017667607e-01,  9.817529700544590e+00
s706        , -9.693990214196425e-01, -5.141399057799859e-01, -2.245114762742089e+01
s707        , -4.022383612473933e-01, -7.905176599897803e-01, -3.451984272566602e+01
s708        , -4.176881010209963e-01, -9.318840846255411e-01, -4.069294548111776e+01
s709        , -5.070250417068456e-01, -1.155709468638840e+00, -5.046681575019024e+01
s710        , -6.560408805167797e-01, -1.871794096016819e-01, -8.173636223404079e+00
s711        , -7.281768921318991e-01,  3.994870533410459e-02,  1.744455683943947e+00
s712        ,  1.638529471594250e+00,  1.263910778063152e+00,  5.519168449516759e+01
s713        , -2.681291651109597e-01, -4.653331762615336e-01, -2.031988514942277e+01
s714        ,  1.813117241484988e+00,  1.501405250081377e+00,  6.556244815703212e+01
s715        ,  5.902106972748544e-01,  2.455147750557253e-01,  1.072098936013705e+01
s716        ,  1.256825138045294e+00,  1.144274121963504e+00,  4.996746401053247e+01
s717        ,  1.935429652037489e-01, -2.897868897107039e-01, -1.265423704374012e+01
s718        , -9.717462693594499e-01, -1.023327192437538e+00, -4.468602730557322e+01
s719        , -1.005002399040077e+00, -6.341862967908555e-01, -2.769326016609914e+01
s720        , -1.084502233578804e+00, -6.568200485329495e-01, -2.868161702385606e+01
s721        ,  1.202728817719904e+00,  7.052705426110176e-01,  3.079732363005294e+01
s722        , -8.687581931338572e-01, -5.792839785268803e-02, -2.529581923888296e+00
s723        , -8.228918435433465e-02, -7.515464075556519e-02, -3.281806985842164e+00
s724        , -4.319725882125269e-01,  1.621791087904724e-01,  7.081938345195390e+00
s725        ,  2.076224205209437e-01,  1.905511835459168e-01,  8.320872790216445e+00
s726        ,  1.218751687971090e+00,  1.152231791349349e+00,  5.031495466072967e+01
s727        , -4.191973947875540e-01, -8.973017314199859e-01, -3.918282438685324e+01
s728        , -6.090434041993623e-01, -1.740020358637434e-01, -7.598214709130964e+00
s729        ,  9.718089694740940e-01,  8.638371465944661e-01,  3.772151332003705e+01
s730        ,  2.269628290273034e-01,  7.790422591633191e-02,  3.401874192578155e+00
s731        ,  8.255797233596714e-01,  1.268587635415464e+00,  5.539591064775509e+01
s732        ,  1.498830275111732e+00,  8.270419008919832e-01,  3.611476098673894e+01
s733        , -8.897216148319836e-01, -7.048454028313997e-01, -3.077875888561829e+01
s734        ,  5.730515015964993e-01,  3.738682998639409e-01,  1.632585274765676e+01
s735        , -4.493104523117364e-01, -1.661675142048949e-01, -7.256101598719528e+00
s736        ,  9.253604820479431e-01,  8.365675285756714e-01,  3.653072028296569e+01
s737        , -7.641264386628301e-01, -1.407990635582612e-01, -6.148327578178437e+00
s738        ,  1.093494957500644e+00,  6.190664379730095e-01,  2.703301539884990e+01
s739        ,  3.235386076744294e-01,  3.855737153589446e-01,  1.683699768770949e+01
s740        ,  9.523024838580033e-01,  7.900383615903680e-01,  3.449891301567493e+01
s741        , -4.683237856465198e-01, -6.686018493438183e-01, -2.919609751126424e+01
s742        ,  1.206631327064570e+00,  9.566566119518046e-01,  4.177469708579525e+01
s743        ,  5.593827587743279e-02, -9.718586292797370e-01, -4.243852950072182e+01
s744        , -1.602853178165513e-01, -3.854644923178199e-01, -1.683222820260824e+01
s745        , -5.306178829342441e-01, -6.767290424805035e-02, -2.955099082115352e+00
s746        ,  6.509625117887479e-01,  6.507690285975649e-01,  2.841738477823856e+01
s747        , -5.126484862205682e-01, -2.919291189216525e-01, -1.274778260152719e+01
s748        , -7.766421657116760e-01, -9.243796162568916e-01, -4.036524493635211e+01
s749        , -2.162768438186639e-01,  2.587854201889055e-01,  1.130048379277431e+01
s750        , -7.494903637093456e-02, -5.049538415370531e-01, -2.205001618029040e+01
s751        , -1.132573444571337e+00, -1.166978419439495e+00, -5.095890141634339e+01
s752        ,  1.560177551100659e+00,  1.211745448017006e+00,  5.291376069907086e+01
s753        , -9.778812152465644e-01, -9.682326252124778e-01, -4.228019136805312e+01
s754        ,  8.187766647944796e-01,  2.908081312725312e-01,  1.269883199700101e+01
s755        , -1.210746771791428e+00, -3.337451394595244e-01, -1.457377906617192e+01
s756        , -4.332253543244241e-02, -6.543417015200879e-01, -2.857339407902683e+01
s757        ,  6.046843465793931e-01,  1.454502032695096e-01,  6.351430708511312e+00
s758        ,  7.853283269182638e-01,  4.300741300732630e-01,  1.878021463897285e+01
s759        , -4.512800599860263e-01, -7.843281768186887e-01, -3.424956415197546e+01
s760        ,  2.133127133712616e-01,  2.544661793376812e-01,  1.111187381930393e+01
s761        , -1.372370955930419e+00, -1.364792115262740e+00, -5.959690916039481e+01
s762        ,  1.452970431080306e+00,  1.223778951886671e+00,  5.343923240203687e+01
s763        , -1.593336135067460e-01, -5.371796059260161e-01, -2.345723119233169e+01
s764        ,  1.129930705304393e-01,  7.965488695320244e-01,  3.478320990312597e+01
s765        ,  1.677207924737715e-01, -9.424961314224414e-02, -4.115634586414192e+00
s766        ,  5.961954984880359e-01,  5.133278357011213e-01,  2.241568664682112e+01
s767        , -9.375424158088497e-03,  1.002138921565845e-01,  4.376079082429161e+00
s768        , -8.411067604869058e-01, -7.872862892893379e-02, -3.437873720201608e+00
s769        , -1.631013149721456e+00, -2.123638587751051e+00, -9.273375379908585e+01
s770        , -1.228187901814855e+00, -1.934792397282036e+00, -8.448733360599891e+01
s771        ,  9.328417972171988e-01,  1.167461463991174e+00,  5.097999471102529e+01
s772        , -9.596604783247586e-02, -4.646526287600600e-01, -2.029016741646470e+01
s773        , -9.831278135606507e-01, -3.297736846535568e-01, -1.440035600147294e+01
s774        , -2.033459030028846e+00, -1.766067643755501e+00, -7.711956404125819e+01
s775        , -6.607780820803044e-01, -1.185424771300492e-01, -5.176440545165152e+00
s776        ,  1.215325319114621e+00,  1.217968878198918e+00,  5.318552165011216e+01
s777        ,  4.760210780336026e-01,  3.037301429353705e-01,  1.326310251602546e+01
s778        ,  2.142801356098008e-01, -5.024631458065159e-03, -2.194125399919709e-01
s779        , -1.470608055270920e+00, -1.312442394696507e+00, -5.731093351159999e+01
s780        ,  1.453146522973686e-01, -3.962351507910189e-01, -1.730255474351246e+01
s781        ,  1.109240315344008e+00,  1.321260123918379e+00,  5.769598072982457e+01
s782        ,  7.695424724410216e-02,  1.866070657961605e-02,  8.148643463404101e-01
s783        , -7.894231608208058e-01,  5.271553804128529e-01,  2.301949943038026e+01
s784        ,  9.832415361728466e-01,  6.917608294832573e-01,  3.020738972213091e+01
s785        ,  5.886112315649437e-01,  5.048510777322470e-01,  2.204552875317854e+01
s786        , -2.620848509633372e-02,  9.991961779914446e-02,  4.363228889383306e+00
s787        ,  8.241728815006354e-01, -2.017262192786762e-01, -8.808857430500872e+00
s788        ,  4.759016983835212e-01,  1.920934307168768e-01,  8.388218698448693e+00
s789        , -1.007342786777141e+00, -4.896010675516823e-01, -2.137960061565324e+01
s790        , -8.094162460092497e-01, -2.388050653636854e-01, -1.042799385222261e+01
s791        ,  5.705555442811846e-01,  1.797602051540856e-01,  7.849658931506583e+00
s792        , -1.035864338805942e+00, -2.945084416844204e-01, -1.286041489377811e+01
s793        , -1.498582767952144e-01,  4.697399720210380e-01,  2.051231841719334e+01
s794        ,  2.280617797563588e-01,  9.079145181107486e-01,  3.964625707911069e+01
s795        , -4.151258976430172e-01, -6.726600492989387e-01, -2.937330851019610e+01
s796        ,  7.548647250689058e-01,  4.941216227739911e-01,  2.157700146221847e+01
s797        ,  1.447952712683449e+00,  1.065442112633852e+00,  4.652507593808510e+01
s798        ,  1.064853965398538e+00,  5.161217900991973e-01,  2.253769134233357e+01
s799        , -5.069554785822377e-01,  1.536935310674647e+00,  6.711395315912016e+01
s800        , -9.315847236743398e-01, -8.048885226064487e-01, -3.514738078391251e+01
s801        ,  9.104636181068654e-02,  1.698430263039129e-01,  7.416601617904394e+00
s802        , -1.700965738434856e+00, -1.446431598262261e+00, -6.316189227966453e+01
s803        , -9.506056245870035e-01, -6.255439914998415e-01, -2.731587325302645e+01
s804        ,  2.069942262873753e+00,  1.725772755982280e+00,  7.535999147383703e+01
s805        , -6.414178242260793e-01,  3.130613945463262e-01,  1.367057391653532e+01
s806        , -7.253070023190913e-01, -6.840766291572462e-01, -2.987184075194118e+01
s807        ,  5.484542484121483e-01,  2.489317591752109e-01,  1.087020013729068e+01
s808        , -1.482202071480258e+00, -8.879728791188912e-01, -3.877545775794211e+01
s809        , -1.517909024869592e-01, -4.793360749060511e-01, -2.093135518150078e+01
s810        , -5.243890825004432e-01, -9.591189337491175e-01, -4.188222025129210e+01
s811        , -8.402207079652194e-01, -4.934267776089141e-01, -2.154665938761205e+01
s812        , -1.837554634883737e+00, -1.451022826050959e+00, -6.336237921272763e+01
s813        , -1.305458046196112e+00, -8.697449900802853e-01, -3.797949342383513e+01
s814        ,  9.601020837191020e-01,  7.117652297832300e-01,  3.108092966579928e+01
s815        , -2.071547047876009e-01,  2.385941451904892e-01,  1.041878351882342e+01
s816        ,  1.086281096001821e+00,  8.719296717495918e-01,  3.807489276966510e+01
s817        , -6.950199443354254e-01, -6.725258847392779e-01, -2.936744989408509e+01
s818        , -2.042921524283320e-01, -5.638352645335933e-01, -2.462121422453177e+01
s819        , -1.174085534063621e+00, -7.443084788737330e-01, -3.250200840602743e+01
s820        , -4.418897943240204e-01, -1.195971486271511e+00, -5.222495296437437e+01
s821        , -1.211161791292892e+00, -1.372225799499039e+00, -5.992151874686835e+01
s822        ,  2.603756505819580e-01, -2.434434966830769e-01, -1.063054204025583e+01
s823        ,  6.199991222555385e-01,  7.377522464822337e-01,  3.221571485120609e+01
s824        , -1.854748548283659e+00, -1.834629730180830e+00, -8.011349138802545e+01
s825        , -2.925657132343389e-01, -9.346614112298554e-02, -4.081422408428040e+00
s826        , -1.096505403479755e+00, -8.624647972569081e-01, -3.766158640670568e+01
s827        , -6.487388694069519e-02,  1.881224644373931e+00,  8.214816966426093e+01
s828        , -5.631644114900024e-01, -7.198417120630134e-01, -3.143360856493785e+01
s829        ,  9.396149132061843e-01,  1.416216662458564e+00,  6.184248490308137e+01
s830        , -1.058909335821911e-01, -2.642747626185020e-01, -1.154018904785930e+01
s831        ,  1.916013365790170e-02,  7.674514310461897e-01,  3.351260071741374e+01
s832        ,  1.966479662680959e+00,  1.653495026705552e+00,  7.220381170268155e+01
s833        , -3.620791385089753e-01, -4.172932676560931e-01, -1.822210773906534e+01
s834        , -7.529060995547020e-01, -1.021108532721779e+00, -4.458914422714741e+01
s835        ,  8.955601758309945e-01,  7.605791989994027e-01,  3.321250828249909e+01
s836        , -3.511452156713288e-01, -9.800154211993545e-01, -4.279471531219986e+01
s837        ,  2.142601060729459e+00,  1.716248304499648e+00,  7.494408353924015e+01
s838        ,  1.028409428393702e+00,  9.684613256607102e-01,  4.229017811965122e+01
s839        , -9.381248660546658e-01, -6.268251511385371e-02, -2.737181815024106e+00
s840        ,  1.041568016558684e+00,  1.100268158218472e+00,  4.804583844243383e+01
s841        , -3.031960082211786e-01, -5.594075106356977e-01, -2.442786576956456e+01
s842        ,  1.545481033371346e+00,  1.240574490945932e+00,  5.417264975140510e+01
s843        ,  9.376075098808509e-02, -2.579468350043029e-02, -1.126386496671966e+00
s844        ,  2.260200226388619e+00,  1.888099591192989e+00,  8.244838064619429e+01
s845        ,  7.631813505267834e-02, -1.269180069168230e-01, -5.542178068331051e+00
s846        , -7.719312092337802e-01,  7.011944733652913e-02,  3.061933232584421e+00
s847        ,  8.390061559731493e-02, -5.818859512001374e-02, -2.540944059360194e+00
s848        ,  1.798212902578797e+00,  1.410575078186610e+00,  6.159613164413716e+01
s849        , -4.426333276094398e-01, -4.361260098664609e-01, -1.904448443233657e+01
s850        ,  1.776931420661177e+00,  1.540126596241006e+00,  6.725330826959905e+01
s851        ,  6.740950847184962e-01,  4.282163544984036e-02,  1.869909042896497e+00
s852        ,  5.247617444717383e-01,  1.641061342264705e-01,  7.166086515876199e+00
s853        , -6.937010389893300e-01,  3.380073157081851e-02,  1.475989717740358e+00
s854        , -3.849480547825320e-01, -3.868058206795905e-01, -1.689080051090101e+01
s855        ,  1.721123124597798e-01, -1.053677991580664e-01, -4.601136747954576e+00
s856        ,  8.284120434530070e-01,  7.160393906330560e-01,  3.126757111328079e+01
s857        , -1.430174539460575e+00, -1.757115609215838e+00, -7.672865206038242e+01
s858        , -4.661418612561535e-01, -4.824398436476390e-01, -2.106688866068686e+01
s859        ,  9.776646253335924e-01,  5.938535576749975e-01,  2.593203472934827e+01
s860        , -6.760181986005682e-01, -8.517265792905611e-02, -3.719267645805660e+00
s861        , -2.202836606256784e-01, -8.869851411824559e-02, -3.873232582054788e+00
s862        ,  1.775874489146720e-01,  4.369904725264957e-01,  1.908223326019571e+01
s863        ,  4.919397024905665e-04, -4.577834497043672e-01, -1.999020829770191e+01
s864        , -6.626061886661074e-01, -4.620803344932845e-01, -2.017784204028731e+01
s865        , -8.371406217114558e-01, -5.922923911764565e-01, -2.586386266346569e+01
s866        , -1.153749740508799e+00, -4.139902923014266e-01, -1.807787542707460e+01
s867        ,  2.473721027027026e-01,  5.440056208452830e-02,  2.375530544592765e+00
s868        ,  2.269395821593049e+00,  2.079230057992173e+00,  9.079454922397944e+01
s869        ,  4.678738330590472e-01,  2.316435147817742e-01,  1.011526763208640e+01
s870        ,  9.504545520744460e-01,  7.629126047534180e-01,  3.331440202089427e+01
s871        ,  3.278186090591084e-01,  1.476225893846984e-01,  6.446293139588068e+00
s872        , -1.060745617852256e+00, -4.965440884584253e-01, -2.168278421530221e+01
s873        , -8.092360756143714e-01, -8.277967636381162e-01, -3.614772387244646e+01
s874        , -1.497433451430839e+00, -1.392588531961290e+00, -6.081070612070995e+01
s875        , -8.298963454824552e-01, -5.872630015619685e-01, -2.564424234720296e+01
s876        , -1.395330685836568e+00, -7.363062219267578e-01, -3.215257073342246e+01
s877        , -8.863229551700670e-01, -2.423533680208927e-01, -1.058293896713812e+01
s878        ,  7.300994035482326e-01,  5.259856742738689e-01,  2.296842141657157e+01
s879        ,  1.327007379676470e+00,  1.003881886168560e+00,  4.383690153883671e+01
s880        ,  1.165217936206896e+00,  6.737631609699513e-01,  2.942147851741978e+01
s881        , -5.128601822306692e-01,  1.529766740387857e+00,  6.680092040679546e+01
s882        ,  1.082188332309200e+00,  5.963579661067744e-01,  2.604139570831348e+01
s883        ,  3.093387130541843e-01, -2.999415503199672e-01, -1.309766456586381e+01
s884        ,  7.836281255656845e-01,  3.679633149959791e-01,  1.606799747223873e+01
s885        ,  3.559456324088518e-01,  8.065032733594555e-03,  3.521789273431379e-01
s886        ,  1.369087292176832e+00,  1.327577459591382e+00,  5.797184228854055e+01
s887        , -2.827754397002292e-01, -3.978611209439984e-01, -1.737355661582763e+01
s888        , -7.552424250973399e-01, -6.459564220210064e-01, -2.820723081137411e+01
s889        ,  1.207746653680362e+00,  8.855037059691472e-01,  3.866763541176865e+01
s890        , -9.666579634146734e-02,  3.231130657108284e-02,  1.410950415843908e+00
s891        ,  4.787826376712746e-01,  3.007960828516971e-01,  1.313497977094047e+01
s892        ,  1.139204080980141e+00,  8.324867736180013e-01,  3.635252436594775e+01
s893        , -1.069606673210606e+00, -1.900845158425983e+00, -8.300494629753989e+01
s894        ,  1.150226613104442e-02, -1.702029858731275e-01, -7.432320112690576e+00
s895        ,  8.523293459277042e-01,  6.560100771869983e-01,  2.864624768944431e+01
s896        , -2.385584700608096e+00, -2.048368901824251e+00, -8.944692309091798e+01
s897        , -9.548618878298403e-01, -1.563355487812658e+00, -6.826765333022098e+01
s898        ,  4.811635465516753e-02,  1.988779050871118e-01,  8.684478984701943e+00
s899        ,  1.118448561197112e+00,  1.130667083070750e+00,  4.937328014050234e+01
s900        ,  1.281569968989787e+00,  1.009448581530594e+00,  4.407998459456705e+01
s901        , -2.113499475721238e+00, -1.997111993414489e+00, -8.720866769643165e+01
s902        ,  1.947857445727211e+00,  1.645703497622528e+00,  7.186357596583294e+01
s903        , -1.628072514827294e+00, -1.416421526860651e+00, -6.185143079676359e+01
s904        , -5.933703029200499e-01,  1.200850349326509e+00,  5.243800017870320e+01
s905        , -7.688731068500246e-01, -1.005875114844167e+00, -4.392394063218117e+01
s906        ,  1.176277268616818e+00,  9.018757778577858e-01,  3.938256105517099e+01
s907        ,  5.507369645827748e-01,  6.079079901878184e-02,  2.654575511093610e+00
s908        , -2.303152982922224e-01, -1.827372912931509e-01, -7.979660512119814e+00
s909        , -8.668706479272460e-02,  4.121580357459244e-01,  1.799786556603004e+01
s910        ,  1.637183577828672e+00,  1.414203440747277e+00,  6.175457276605661e+01
s911        ,  1.126621425294678e+00,  6.841446381444241e-01,  2.987481052688750e+01
s912        , -4.659972316167655e-03, -1.942786802146750e-01, -8.483642839866805e+00
s913        ,  1.463412550315811e+00,  1.266599298333536e+00,  5.530908515753815e+01
s914        ,  6.888333030824358e-02, -5.152220444414445e-02, -2.249840179806347e+00
s915        ,  4.153763854817183e-01,  5.163609496865900e-01,  2.254813481723739e+01
s916        , -8.981673760840302e-01, -8.127666463544533e-01, -3.549139788374298e+01
s917        ,  1.165490548301742e+00,  1.452305954335758e+00,  6.341841007557847e+01
s918        , -3.127845128551579e+00, -3.128722473559833e+00, -1.366231435246347e+02
s919        ,  5.105583294163231e-01,  7.997704659696518e-01,  3.492388861023279e+01
s920        ,  1.771894143640764e+00,  1.658145935173862e+00,  7.240690473523897e+01
s921        , -9.056974563096514e-01, -2.300701829839408e-01, -1.004656433933877e+01
s922        , -1.410433837530576e+00, -1.161203769798496e+00, -5.070673754007316e+01
s923        ,  4.793953840304336e-01,  2.650293901940904e-01,  1.157314166428289e+01
s924        ,  1.135546937050434e+00,  1.502115186523231e+00,  6.559344922830275e+01
s925        , -1.660407611730610e+00, -1.667769160610097e+00, -7.282712587056035e+01
s926        ,  1.324119315063384e+00,  8.648734323153680e-01,  3.776676521245506e+01
s927        ,  1.539392353089735e+00,  1.160595046296109e+00,  5.068015617367312e+01
s928        ,  9.855836123941223e-01,  8.089153053292072e-01,  3.532321987431538e+01
s929        , -2.495918760023568e-01, -2.979593528116746e-01, -1.301110717480141e+01
s930        ,  1.838769784503462e-01,  3.709385123371254e-01,  1.619791657397710e+01
s931        , -8.638799567978230e-01, -1.074430704384645e+00, -4.691758427694582e+01
s932        ,  5.236538255108801e-02, -3.948718757987509e-01, -1.724302408315310e+01
s933        , -8.753815959596397e-01, -1.498965935285449e+00, -6.545592964723078e+01
s934        ,  2.186233935344458e+00,  1.643999987195126e+00,  7.178918811213691e+01
s935        ,  1.613974894427503e+00,  1.546625646330732e+00,  6.753710482256470e+01
s936        ,  1.035578030022412e+00,  1.429915013656468e+00,  6.244065614312513e+01
s937        , -8.171291125163769e-01, -1.713223314138378e-01, -7.481199010628789e+00
s938        ,  4.014725274785205e-02, -3.094570138690970e-01, -1.351318002086581e+01
s939        ,  1.057305901451997e+00,  1.129052284860906e+00,  4.930276611778181e+01
s940        , -3.957202982614637e-01, -1.577293764137946e-01, -6.887630147430195e+00
s941        ,  9.864841851237819e-01,  6.891013345262806e-01,  3.009125651943216e+01
s942        ,  1.279801670109016e+00,  8.829061852176041e-01,  3.855420846085008e+01
s943        ,  4.132936671989457e-01,  2.263455967200379e-01,  9.883921379471413e+00
s944        ,  1.282832595601720e+00,  9.093962541194817e-01,  3.971096062284061e+01
s945        ,  4.840279729543951e-01,  5.867205457684135e-01,  2.562055471866923e+01
s946        , -8.681769341819047e-01, -9.268958649312613e-01, -4.047512294780480e+01
s947        ,  3.232932517737256e-03,  1.097490161394172e-02,  4.792453057251119e-01
s948        ,  1.167684526421475e+00,  8.553447981128713e-01,  3.735067462939985e+01
s949        ,  6.583480301151363e-02,  6.986078483943954e-02,  3.050638116522528e+00
s950        , -1.242753674158428e+00, -5.916713658032843e-01, -2.583674410648009e+01
s951        ,  2.310361811645397e+00,  1.947524045001511e+00,  8.504329142852306e+01
s952        , -1.119290121794750e+00, -1.177838230006597e+00, -5.143312099647489e+01
s953        , -1.683258967109912e+00, -1.502501220354556e+00, -6.561030631805370e+01
s954        , -9.643407255924855e-01, -9.597610229828026e-01, -4.191025861208335e+01
s955        ,  1.355195898291680e+00,  1.246917094624925e+00,  5.444961469798564e+01
s956        , -1.419644027773449e+00, -1.255689013497493e+00, -5.483266149783488e+01
s957        ,  7.507017303053017e-01,  8.511659221190708e-01,  3.716819402285917e+01
s958        , -6.248853964214247e-01, -8.463224919104256e-01, -3.695669406844033e+01
s959        ,  4.741402585439857e-01,  4.849586143345090e-01,  2.117687680184217e+01
s960        ,  1.748017862668237e+00,  1.295990817219503e+00,  5.659253606668688e+01
s961        ,  8.462482137940457e-02,  1.688430328364953e-01,  7.372934513462484e+00
s962        ,  7.563555564957672e-01,  8.935333057871240e-01,  3.901826707617723e+01
s963        ,  5.141335492556059e-01, -2.546222540416872e-01, -1.111868919422656e+01
s964        ,  1.406034132046022e+00,  1.082479035360467e+00,  4.726903388212353e+01
s965        ,  2.420661684207245e-01,  2.857284510991095e-01,  1.247701562330296e+01
s966        ,  1.305187256819844e+00,  1.151268072180688e+00,  5.027287156022773e+01
s967        , -1.065928149752257e+00,  3.396406136585207e-02,  1.483121903550156e+00
s968        ,  1.019284942775861e-01, -7.635894383732267e-02, -3.334395757833470e+00
s969        , -4.350166918309603e-01, -6.047693483237389e-01, -2.640869881352036e+01
s970        ,  1.624604127608152e-01, -1.949975045977199e-01, -8.515032024329056e+00
s971        ,  5.357086935063688e-01,  9.561434166550841e-01,  4.175228718677974e+01
s972        ,  4.526177537044205e-01,  1.557032653924477e-01,  6.799155167879980e+00
s973        ,  2.518105508318819e-02, -3.964383878163630e-01, -1.731142957390018e+01
s974        ,  1.381098824526411e-01,  1.810392190678798e-01,  7.905510130515453e+00
s975        ,  7.774949586651241e-02, -4.841257621552398e-01, -2.114050832116531e+01
s976        , -6.716438652263078e-01, -3.395849124785538e-01, -1.482878671036937e+01
s977        ,  5.126581856654772e-01,  4.668812149767947e-01,  2.038748395927693e+01
s978        ,  1.652033990012039e+00,  1.265360138594578e+00,  5.525497428631314e+01
s979        , -5.079779506789148e-01,  6.225731083532680e-02,  2.718614254090341e+00
s980        ,  1.486324502914815e+00,  1.262413392590293e+00,  5.512629758018902e+01
s981        , -6.471792492072077e-01, -6.637602873365983e-01, -2.898467913632502e+01
s982        , -4.819216106830154e-01, -5.104479376788970e-01, -2.228992901758058e+01
s983        ,  9.658446198162700e-01,  6.064068356773891e-01,  2.648020361192544e+01
s984        , -6.852585050477367e-01, -1.236234726145812e+00, -5.398314355066009e+01
s985        ,  1.854305119617258e+00,  1.647799063573658e+00,  7.195508386086873e+01
s986        , -4.521581959933576e-01, -6.189914386665546e-01, -2.702974037490756e+01
s987        , -2.521511431321029e-01, -5.660838253403190e-01, -2.471940300554934e+01
s988        , -5.979353596012116e-01, -7.332865668393570e-01, -3.202071027795309e+01
s989        ,  5.009353081364425e-02,  1.037547277883293e-01,  4.530698131833883e+00
s990        , -8.490157785255917e-01, -4.711951440850163e-01, -2.057586198279567e+01
s991        ,  1.777005115889338e+00,  1.243011683675479e+00,  5.427907559610687e+01
s992        ,  1.436402784430078e-01, -3.483611458244266e-01, -1.521202191200572e+01
s993        , -7.746133794839222e-01, -5.035194369555129e-01, -2.198737947643690e+01
s994        , -3.519374423249963e-01,  5.752465468668392e-01,  2.511951513718546e+01
s995        ,  2.515821213310820e+00,  2.129211121028845e+00,  9.297709178135867e+01
s996        , -9.307341685855109e-01, -4.209961231562458e-01, -1.838380177320342e+01
s997        ,  9.020799685707303e-01,  6.182422265478269e-01,  2.699702423734901e+01
s998        ,  7.128984046028965e-02,  1.878391271822629e-01,  8.202444368088994e+00
s999        ,  5.124895301791403e-01,  1.448117605929300e-01,  6.323551583350259e+00
s1000       , -1.908214440895996e+00, -1.731205726109744e+00, -7.559723509763634e+01
s1001       , -6.478798150695012e-01, -6.633191790987345e-01, -2.896541709100114e+01
s1002       ,  1.628384326110677e+00,  1.100824729090337e+00,  4.807014243959274e+01
s1003       , -1.320631610111836e+00, -8.616736324004658e-01, -3.762703830260031e+01
s1004       ,  3.127068110729108e-01,  5.707779618507176e-01,  2.492438369386669e+01
s1005       , -8.308586454054456e-02, -6.864781858302092e-02, -2.997671046307293e+00
s1006       , -4.431446782915395e-01, -1.551850683217597e+00, -6.776526854451464e+01
s1007       ,  8.915087432489126e-01,  7.195474558024750e-02,  3.142075916213612e+00
s1008       , -4.555641263772588e-01,  3.528937563822939e-01,  1.540994918360677e+01
s1009       , -1.076167756737711e+00, -5.180125810831411e-01, -2.262025724907591e+01
s1010       , -5.741566073917021e-02, -8.447711857124979e-02, -3.688895257614743e+00
s1011       , -6.851232733351752e-01,  1.360553719997297e-01,  5.941182950262416e+00
s1012       ,  1.183771163089419e+00,  8.319356526015248e-01,  3.632845834974790e+01
s1013       ,  5.720663447691927e-01,  3.393753730552022e-01,  1.481963667071174e+01
s1014       ,  1.639794129625306e+00,  1.210520905075948e+00,  5.286028810525593e+01
s1015       ,  1.278838546119833e+00,  1.324600580547928e+00,  5.784184975125215e+01
s1016       , -1.591656559306218e+00, -1.352532703467507e+00, -5.906157264800608e+01
s1017       , -2.238585492043279e-01, -4.758618930444276e-01, -2.077964672825110e+01
s1018       ,  1.969653626448107e+00,  1.737119173369716e+00,  7.585545990362407e+01
s1019       , -1.095283509128894e+00, -6.601720941767657e-01, -2.882799210728593e+01
s1020       ,  2.026970585970871e+00,  1.727359022764034e+00,  7.542925960356838e+01
s1021       , -1.076267557425617e+00, -3.726367423780764e-01, -1.627207384698026e+01
s1022       ,  2.061743967154248e+00,  1.682210529601362e+00,  7.345774275814283e+01
s1023       , -7.584250456952716e-01, -1.185683469796701e+00, -5.177570213970071e+01
s1024       ,  1.053814834881829e+00,  7.404092330639757e-01,  3.233173851970595e+01
s1025       ,  2.675022500952487e-01,  2.821733976010786e-01,  1.232177571679038e+01
s1026       ,  1.191217039336654e+00,  9.421421010793094e-01,  4.114088628318144e+01
s1027       , -1.091104512041814e+00, -9.153490455967140e-01, -3.997090348809608e+01
s1028       ,  4.058140530066474e-01,  1.433270186991003e-01,  6.258716780464421e+00
s1029       , -2.810797283104409e-01,  5.053435469154478e-02,  2.206703359691768e+00
s1030       , -5.114017609957666e-01, -6.471036781986844e-01, -2.825732849397364e+01
s1031       ,  7.568139692128296e-01,  3.239198425763198e-01,  1.414473399822792e+01
s1032       ,  1.164702788614623e+00,  8.299909669461630e-01,  3.624353900338591e+01
s1033       , -8.951823961598004e-01, -3.456500059144804e-01, -1.509363350901947e+01
s1034       ,  1.875078712098186e+00,  1.403547379930008e+00,  6.128925040565289e+01
s1035       ,  5.020924654475383e-01,  4.750584561268387e-01,  2.074456273526913e+01
s1036       ,  2.037733904983300e+00,  1.955308797750657e+00,  8.538323126055943e+01
s1037       ,  7.899885329373273e-01,  2.479138218444205e-01,  1.082574947117410e+01
s1038       , -1.481530067718233e+00, -1.099352705111332e+00, -4.800586299484983e+01
s1039       , -1.299957501960030e+00, -1.166453853355366e+00, -5.093599498472289e+01
s1040       ,  7.907676425376595e-02, -5.720656586067396e-02, -2.498061404993118e+00
s1041       , -2.182521057971927e+00, -2.239497724745932e+00, -9.779301988486358e+01
