# c0 + a0 * (SBI + E_T)
# Property Label: $ln_{D}$; Unit of the Property: Unitless
# RMSE: 0.445769378778699; Max AE: 2.29443966566592
# Coefficients
# Task   a0                      c0
# all , -2.295425339265498e-02,  6.202405248241077e-16, 
# Feature Rung, Units, and Expressions
# 0;  1; Unitless;                                         6|0|add; (SBI + E_T); $\left(SBI + E_{T}\right)$; (SBI + E_T); (newdata$SBI + newdata$E_T); SBI,E_T
# Number of Samples Per Task
# Task, n_samples               
# all , 1041                  

# Sample ID , Property Value        ,  Property Value (EST) ,  Feature 0 Value      
s1          , -1.176056511198248e+00, -6.233652098883189e-01,  2.715684972301417e+01
s2          , -1.455476726264239e+00, -1.745143698010464e+00,  7.602702942056413e+01
s3          ,  1.360540424298584e+00,  1.136626886960747e+00, -4.951704886748571e+01
s4          ,  5.214207269978391e-01,  1.931878717035037e-01, -8.416212385514587e+00
s5          ,  9.232192651096478e-02, -2.090576705067781e-01,  9.107578753734334e+00
s6          , -8.371953399684261e-01, -1.796334421846198e-01,  7.825714873483990e+00
s7          , -7.203728580649982e-01,  1.246586736086055e-01, -5.430743987887396e+00
s8          , -2.733255709368181e-01, -1.091212773942585e+00,  4.753858708781868e+01
s9          , -1.521729831673386e+00, -1.080190899252014e+00,  4.705842010081059e+01
s10         ,  3.230218919710685e-01,  3.587451799414162e-01, -1.562870174014062e+01
s11         ,  4.593978616455925e-01, -1.941750063707408e-01,  8.459216819174546e+00
s12         ,  2.356762313996669e-01,  7.972337739032314e-01, -3.473141819364657e+01
s13         ,  1.907045033118390e+00,  1.725577841524150e+00, -7.517464462931773e+01
s14         ,  1.054844414236797e+00,  4.641757455175828e-01, -2.022177491802506e+01
s15         , -6.375331890789701e-01, -8.934841186776502e-01,  3.892455587179117e+01
s16         , -1.315170182182296e+00, -6.613333261879979e-01,  2.881092732032031e+01
s17         ,  8.942625882950092e-01,  7.134457502208744e-01, -3.108120042140711e+01
s18         , -4.582075442603601e-01, -5.808818252738130e-01,  2.530606486463581e+01
s19         , -7.693791289946220e-01, -6.231970302811679e-01,  2.714952299344148e+01
s20         ,  3.128393520635399e-01, -9.644238885572845e-02,  4.201504061403678e+00
s21         , -1.098688503016758e+00, -1.087980551452401e+00,  4.739777560356369e+01
s22         ,  1.599324596570011e+00,  1.515758883758666e+00, -6.603390046411555e+01
s23         , -1.314277649873613e+00, -1.501457339600678e+00,  6.541085496952483e+01
s24         ,  1.052755589569482e-01,  4.917615215207675e-02, -2.142354678711169e+00
s25         , -1.088909426848386e+00, -7.239960700952935e-01,  3.154082416494374e+01
s26         ,  1.095156312501731e+00,  7.033186322378921e-01, -3.064001343049314e+01
s27         ,  2.628094430707173e-03, -9.850717112499134e-02,  4.291456116647766e+00
s28         ,  1.859558668493155e+00,  1.398226402692767e+00, -6.091360841821927e+01
s29         , -1.265074927670763e+00, -1.197302357622445e+00,  5.216037033056210e+01
s30         ,  1.657227749413040e+00,  1.443728627757912e+00, -6.289590879134770e+01
s31         ,  2.746080273692961e-01,  5.826428044405889e-01, -2.538278176483951e+01
s32         , -6.897019771020165e-01, -1.012744050323706e+00,  4.412010414800812e+01
s33         , -1.405625106938475e+00, -1.558931981003032e+00,  6.791473259164542e+01
s34         , -1.474210819660272e+00, -1.600466513105446e+00,  6.972418077503545e+01
s35         , -1.171464689733801e+00, -5.576647240078972e-01,  2.429461392050078e+01
s36         , -1.148641161041122e+00, -8.698971948430716e-01,  3.789699364046518e+01
s37         , -1.078435221245579e+00, -1.016525426745463e+00,  4.428483947427089e+01
s38         , -4.378262290801383e-01, -2.244664928916336e-01,  9.778862725435458e+00
s39         , -6.410161109102297e-01,  8.269667211614872e-01, -3.602673138678967e+01
s40         ,  1.431814259493607e-01,  5.516906752955406e-01, -2.403435502163066e+01
s41         ,  3.398432822287206e-01,  5.870129959255455e-01, -2.557316876676896e+01
s42         ,  8.067612274639525e-01,  1.263567688745531e-01, -5.504721356564999e+00
s43         , -1.242741757202650e+00, -4.086663039112489e-01,  1.780351104959121e+01
s44         ,  1.711958335245295e-01,  4.392985319835897e-02, -1.913800133112378e+00
s45         ,  4.644113787063103e-01,  2.403236635162435e-01, -1.046967894817885e+01
s46         ,  5.605068277705415e-02, -3.704066629940828e-01,  1.613673320834770e+01
s47         ,  9.066999267258494e-01,  5.047840844283803e-01, -2.199087357770055e+01
s48         ,  1.579727584566370e+00,  1.230554910464108e+00, -5.360901482676265e+01
s49         , -6.435089824614265e-01, -1.229286498198123e+00,  5.355375655962207e+01
s50         , -2.217827055817793e-02, -5.400347841821362e-01,  2.352656716575848e+01
s51         , -9.869737286665018e-01, -8.707446343972569e-01,  3.793391226899512e+01
s52         , -6.291725742859308e-02, -1.310707981488066e-01,  5.710087621091954e+00
s53         ,  7.061953554227811e-01,  1.639927531783753e+00, -7.144329653119993e+01
s54         , -1.923256326608463e+00, -2.203501434656672e+00,  9.599534330146236e+01
s55         ,  1.449677165676465e-01, -1.700170988156202e-01,  7.406779733032998e+00
s56         , -1.428251212735210e+00, -1.150614791621546e+00,  5.012643068537903e+01
s57         , -7.632144013758455e-01, -3.333182470128827e-01,  1.452097967688812e+01
s58         , -2.465293161402924e+00, -2.400595223698314e+00,  1.045817166271445e+02
s59         , -8.768884797438996e-03, -1.556574722147138e-03,  6.781203882004017e-02
s60         ,  1.714446572989188e+00,  1.224089375194767e+00, -5.332734435991097e+01
s61         ,  1.653657662090557e+00,  1.068230012128204e+00, -4.653734512097097e+01
s62         ,  2.913807026429409e-01, -1.699354630945924e-02,  7.403223280134019e-01
s63         , -1.790911115854549e+00, -1.448991134780409e+00,  6.312516944001607e+01
s64         , -5.454632126173593e-01,  2.571979983136808e-02, -1.120480783731237e+00
s65         , -1.096531543219279e+00, -5.841790954229816e-01,  2.544971014434784e+01
s66         , -9.925198589409868e-01, -9.742388798124534e-01,  4.244262983191585e+01
s67         , -4.301391331597769e-01,  2.060069175124298e-01, -8.974672971866223e+00
s68         , -1.496017763262518e+00, -1.454272059445501e+00,  6.335523245163998e+01
s69         , -5.130334975012112e-01, -2.917245409361016e-01,  1.270895358458706e+01
s70         , -1.298331351434060e+00, -4.154723810552441e-01,  1.810001719281315e+01
s71         ,  8.978734253548585e-01,  5.476160029762933e-02, -2.385684228577507e+00
s72         , -8.703072211857277e-01, -3.185388401975869e-01,  1.387711613828900e+01
s73         ,  1.052659824554331e+00,  8.745717797565634e-01, -3.810064151493651e+01
s74         , -1.304189005820537e+00, -1.398252387687536e+00,  6.091474045219683e+01
s75         , -7.491961797362119e-01, -2.229209224112797e-01,  9.711530085426856e+00
s76         ,  1.130323653742102e+00,  5.346304804691657e-01, -2.329112915692735e+01
s77         ,  1.083046725976420e+00,  1.085059421414277e+00, -4.727051683421249e+01
s78         ,  1.592651226510811e+00,  1.303407781745837e+00, -5.678284366081398e+01
s79         , -5.815008980639539e-01, -4.044714383668888e-01,  1.762076210661307e+01
s80         , -2.983814549448998e-01, -5.478130058464560e-01,  2.386542469822820e+01
s81         ,  1.752594407670262e+00,  1.512430739789785e+00, -6.588891016920373e+01
s82         ,  2.898444462079387e-01,  1.757872013811451e-01, -7.658153736221878e+00
s83         ,  1.476200951700887e+00,  1.204356482430989e+00, -5.246768264814766e+01
s84         , -3.835514085014881e-01, -1.247790875623776e+00,  5.435989811034548e+01
s85         ,  4.460752375789071e-01,  6.227628848597490e-01, -2.713060948691205e+01
s86         , -5.546686089820558e-01,  2.370846438146461e-01, -1.032857134401544e+01
s87         ,  8.762923637719959e-02, -1.447861960761146e-02,  6.307597707466722e-01
s88         ,  4.367974440523036e-01,  9.161084477381841e-02, -3.991018274771328e+00
s89         , -5.727247528300363e-01, -2.622125613898513e-01,  1.142326683009242e+01
s90         ,  4.181427428933503e-02, -2.662633855275055e-01,  1.159974062204552e+01
s91         , -8.667270491804479e-01, -4.594359169195013e-01,  2.001528470825867e+01
s92         ,  8.549438204377635e-01,  7.954566157171137e-01, -3.465399645590944e+01
s93         , -1.173621714519396e+00, -8.014979954154982e-01,  3.491718862317544e+01
s94         , -2.684963611581566e-01, -1.862823055383303e-01,  8.115372011966135e+00
s95         ,  9.260657816336888e-01,  7.008226236481426e-01, -3.053127503909122e+01
s96         , -2.278868324329024e-01, -4.465341147128415e-01,  1.945321884682716e+01
s97         , -1.648661305544417e+00, -1.805806544970176e+00,  7.866980093319036e+01
s98         ,  5.404249878717727e-01,  8.426304463867950e-01, -3.670912017798076e+01
s99         ,  1.310930209873364e+00,  8.241376503917908e-01, -3.590348317124973e+01
s100        ,  7.521780108780159e-02,  4.302898427804342e-01, -1.874553859016473e+01
s101        , -1.544763391692015e-01,  1.537842155236322e-01, -6.699595621473808e+00
s102        ,  1.059402820517896e+00,  4.790002321015626e-01, -2.086760235272278e+01
s103        , -3.987127671222759e-01, -9.881692257935407e-02,  4.304950411106581e+00
s104        ,  1.672104507359812e+00,  1.586836245011372e+00, -6.913037936224646e+01
s105        , -3.729535248655157e-01, -4.775742892900280e-01,  2.080548128142757e+01
s106        , -9.091422672215730e-01, -4.953772599402174e-01,  2.158106610859020e+01
s107        ,  4.095288752140306e-01, -9.922047521299532e-02,  4.322531145567340e+00
s108        , -8.642846593415402e-01, -4.254238653921322e-01,  1.853355271961327e+01
s109        ,  1.308766037007560e+00,  6.019726964579516e-01, -2.622488678505977e+01
s110        , -1.060518384725506e+00, -9.688437953878766e-01,  4.220759346056068e+01
s111        , -9.347636068172456e-01, -3.647827474936800e-01,  1.589172783160116e+01
s112        , -1.677387906237608e+00, -7.934204261459938e-01,  3.456529003900764e+01
s113        , -2.426092490978830e-01,  1.116138048617377e-01, -4.862445445402803e+00
s114        , -1.644000182446823e+00, -1.247229908816356e+00,  5.433545964145588e+01
s115        , -2.329704376178373e+00, -2.545240020502143e+00,  1.108831542879361e+02
s116        , -5.268968759749211e-01,  3.046313648981334e-01, -1.327123821834302e+01
s117        ,  1.742591906297736e+00,  1.397091919606829e+00, -6.086418476385194e+01
s118        ,  1.515143207668377e+00,  1.234785292075810e+00, -5.379331102404410e+01
s119        , -4.303518965464308e-02, -1.126954006508558e-01,  4.909565069405277e+00
s120        , -2.251286346153320e-01,  1.367458162839214e-01, -5.957319279557899e+00
s121        , -3.744651294305373e-01, -2.877233586663138e-01,  1.253464243617619e+01
s122        ,  1.754705398768575e+00,  1.370244168697544e+00, -5.969456489209973e+01
s123        ,  1.494372078098040e+00,  1.101455745359639e+00, -4.798482122324604e+01
s124        ,  4.706190523857749e-01,  4.797728563700615e-01, -2.090126166001030e+01
s125        , -2.939771406988250e-01, -8.328311331012751e-01,  3.628221396944974e+01
s126        ,  1.907608110252774e-01,  1.756606268359625e-01, -7.652639527459893e+00
s127        ,  1.175241554433439e+00,  9.720667891524470e-01, -4.234800289620804e+01
s128        , -9.405598864666275e-01, -4.318643265137069e-01,  1.881413083345580e+01
s129        ,  8.848224007924820e-01,  8.411158649117656e-01, -3.664313757122283e+01
s130        , -8.567501741532092e-01,  5.755741034403723e-01, -2.507483443676486e+01
s131        ,  4.181459542201291e-01,  2.219606322989253e-01, -9.669695132404037e+00
s132        ,  1.352109327204641e+00,  1.118300769262058e+00, -4.871867318585483e+01
s133        ,  3.377243561871698e-01,  2.661185928910210e-01, -1.159343274376218e+01
s134        ,  1.167150831191734e+00,  8.645449109173013e-01, -3.766382186901980e+01
s135        , -7.551299954675708e-01, -8.616919183835445e-01,  3.753953150396404e+01
s136        , -1.288171140802968e+00, -1.053813522879984e+00,  4.590929205378510e+01
s137        ,  7.561360588094119e-01,  1.053522986411365e+00, -4.589663485846488e+01
s138        , -4.177976720303577e-01, -2.287390587197226e-01,  9.964996674338197e+00
s139        ,  3.703571329650210e-01,  1.983517574833745e-01, -8.641176608551490e+00
s140        ,  6.601089262860428e-01,  6.946621530537456e-03, -3.026289468756867e-01
s141        , -1.578466378610989e-01, -4.326276803637515e-01,  1.884738627579090e+01
s142        ,  1.583934988818062e+00,  1.147262307663534e+00, -4.998038002101344e+01
s143        , -6.655556961981216e-01, -7.958251739412428e-02,  3.467005266204394e+00
s144        , -1.444363515954881e+00, -1.873694437157575e-01,  8.162733089620485e+00
s145        , -7.857021391434503e-01, -8.184289493827634e-01,  3.565478412138855e+01
s146        , -1.297382615214570e+00, -8.197263774339354e-01,  3.571130645862070e+01
s147        , -5.360922680501714e-01, -6.099452291958327e-01,  2.657220946210373e+01
s148        , -6.315112169106484e-01, -2.664920330831033e-01,  1.160970163239451e+01
s149        ,  1.034538941403273e+00,  9.631919223330873e-01, -4.196137011545292e+01
s150        , -1.132891587887058e+00, -3.432452747314972e-01,  1.495344975329632e+01
s151        ,  5.509532181847399e-02,  3.770458086979697e-02, -1.642596699828244e+00
s152        , -1.325344879425763e-01, -5.364208378201527e-01,  2.336912591510382e+01
s153        , -1.431235874103281e+00, -9.459204518869657e-01,  4.120894004723529e+01
s154        ,  3.955605453613595e-01,  5.290446013734154e-02, -2.304778083275388e+00
s155        , -6.583727769299562e-02, -9.780086337363340e-01,  4.260685882509613e+01
s156        ,  1.360777508064747e+00,  1.261496069662801e+00, -5.495696366523774e+01
s157        ,  1.886695766984781e-01,  4.759805778035699e-01, -2.073605138278538e+01
s158        , -5.322620015856455e-01, -3.589932062917543e-01,  1.563950698595265e+01
s159        , -9.397989837818175e-01, -5.321264189620872e-01,  2.318203994090090e+01
s160        ,  1.011185408564766e+00,  7.401290585888204e-01, -3.224365636852514e+01
s161        ,  8.691500702744535e-01,  2.439662103762327e-01, -1.062836617697606e+01
s162        , -7.631554763960900e-01, -6.677523131656008e-01,  2.909056991499764e+01
s163        , -1.913891772907037e-01, -4.514868164413622e-01,  1.966898285551870e+01
s164        , -1.172488852060699e+00, -1.290034655747970e+00,  5.620024462049209e+01
s165        , -7.847148269254141e-01,  7.113373884368343e-02, -3.098934982849172e+00
s166        ,  6.442637705728566e-01,  7.669998299700849e-01, -3.341427912508419e+01
s167        ,  1.426867873093048e-01, -3.649766384940217e-01,  1.590017467572303e+01
s168        , -1.763664779687589e+00, -2.003798019105726e+00,  8.729528182985518e+01
s169        , -1.122536795524768e+00, -1.449051524430668e+00,  6.312780030973884e+01
s170        ,  1.958646106185055e-01, -1.075868047435491e-01,  4.687009544731082e+00
s171        , -1.074510878859395e+00, -5.630407446341587e-01,  2.452881977918410e+01
s172        , -3.012776379076099e-01, -4.798116391096018e-01,  2.090295122659642e+01
s173        , -7.731154552407105e-01, -5.548078620704000e-01,  2.417015498521642e+01
s174        , -1.035147889271374e+00, -9.394638924108694e-01,  4.092766061001507e+01
s175        ,  5.473686561230826e-01,  4.802286084056130e-01, -2.092111645675561e+01
s176        , -1.268948530849032e+00, -8.915353987015565e-01,  3.883966005998850e+01
s177        ,  1.005563615864533e-01,  3.705455017251580e-01, -1.614278170527326e+01
s178        ,  1.242644395595530e+00,  5.682270846134677e-01, -2.475476221741506e+01
s179        , -1.576962637744264e+00, -1.202279189666462e+00,  5.237718557429422e+01
s180        ,  1.737282181449411e+00,  1.350050927524350e+00, -5.881484814297404e+01
s181        ,  2.233856545359632e+00,  1.880128924564814e+00, -8.190764876571532e+01
s182        , -1.711402508932139e+00, -1.645142426377443e+00,  7.167048294865756e+01
s183        , -7.106254116747583e-01, -7.972187256461774e-01,  3.473076261767137e+01
s184        , -1.590416334708451e+00, -1.381139633162980e+00,  6.016922482893409e+01
s185        , -1.868355490710606e+00, -1.667017408962706e+00,  7.262346461227648e+01
s186        , -2.760321167234583e-01, -2.204358791068229e-01,  9.603269395699870e+00
s187        , -4.966273090043231e-02, -3.078852471234909e-01,  1.341299330702737e+01
s188        , -1.015813052583435e+00, -1.022647594274915e+00,  4.455155115618561e+01
s189        , -2.906800910340787e-01, -1.797144057724944e-01,  7.829242044962390e+00
s190        ,  5.354894060030271e-01,  2.609309984787271e-01, -1.136743565627016e+01
s191        ,  1.753961104841035e+00,  1.534497439000189e+00, -6.685024395048303e+01
s192        ,  1.693846989966433e+00,  1.241261895266952e+00, -5.407546366392106e+01
s193        , -1.325060983901232e+00, -1.212529772647591e+00,  5.282375130683115e+01
s194        , -3.735061674670884e-01, -4.556434135016399e-01,  1.985006463540389e+01
s195        ,  5.549893676077536e-01,  1.125377515726618e-01, -4.902697101386515e+00
s196        ,  5.156221309853631e-01,  5.039177080194810e-01, -2.195312996678543e+01
s197        ,  4.039259378191074e-02, -2.005934779315889e-01,  8.738836959766962e+00
s198        , -1.147577574253399e-01,  4.315691628405903e-01, -1.880127205438471e+01
s199        , -8.191010016050872e-02,  5.115752136660447e-01, -2.228672851671754e+01
s200        ,  1.189193657309887e+00,  9.214960740142562e-01, -4.014489420549485e+01
s201        ,  6.533862606425194e-01,  1.550457991893229e-01, -6.754556401252179e+00
s202        , -8.110875660980833e-01, -7.972929128427571e-01,  3.473399457626792e+01
s203        , -8.655630508261463e-01, -1.296473832968404e+00,  5.648076680129604e+01
s204        , -3.544918020535805e-01, -4.945065780338347e-01,  2.154313492906156e+01
s205        , -3.633282890048445e-01, -8.754338594545898e-02,  3.813819794002630e+00
s206        , -5.026824938914743e-01, -4.394032048590074e-01,  1.914256139559784e+01
s207        ,  4.240041451428595e-01,  1.761144808449005e-01, -7.672411636845216e+00
s208        , -8.062259524963590e-01, -1.038738501571957e+00,  4.525255009619865e+01
s209        ,  3.099661283982239e-01, -8.875046531275989e-02,  3.866406098887073e+00
s210        , -3.065562839865105e-01, -3.858803370668104e-01,  1.681084243804187e+01
s211        , -4.563063004879184e-01, -4.584634136075488e-01,  1.997291768828564e+01
s212        ,  4.998062981764828e-01,  4.814103161085604e-01, -2.097259744734734e+01
s213        ,  6.563519744665959e-01,  7.089239252639693e-01, -3.088420752080805e+01
s214        ,  1.142353378029062e+00,  7.540096337522910e-01, -3.284836238644827e+01
s215        , -1.476327451002582e-01, -6.229642600745244e-01,  2.713938238016769e+01
s216        , -1.905199100184842e-01,  3.519084676818390e-01, -1.533086098084305e+01
s217        , -2.414550310188500e-01, -4.981200872497447e-01,  2.170055713548654e+01
s218        , -1.293237902229174e+00, -1.104197763933334e+00,  4.810427701763812e+01
s219        ,  2.482302713119656e-01, -3.610988926673273e-01,  1.573124102493676e+01
s220        , -2.000823243837164e-01,  5.868991768559041e-02, -2.556821024916005e+00
s221        , -6.698961632051862e-01, -1.093466597516744e+00,  4.763677471063544e+01
s222        ,  1.037060196097378e+00,  7.585612461794201e-01, -3.304665297552861e+01
s223        , -1.623853301049458e-01, -3.777375608485677e-01,  1.645610311897309e+01
s224        , -6.705934431510087e-01, -6.479678539269970e-01,  2.822866171436173e+01
s225        , -1.448990103249857e+00, -7.166521601753321e-01,  3.122088738484741e+01
s226        , -1.718251341837416e+00, -9.396869904531959e-01,  4.093737985631379e+01
s227        ,  1.227776018054062e-01,  1.476921015930374e-01, -6.434193221910498e+00
s228        ,  4.264100451543563e-01, -8.829599550143435e-02,  3.846607162125708e+00
s229        ,  4.451483651439820e-01, -1.591679820472406e-01,  6.934138929483658e+00
s230        ,  1.833521503477001e+00,  1.593835524648964e+00, -6.943530235485535e+01
s231        ,  5.465231310557156e-01,  2.725306820111928e-01, -1.187277483389627e+01
s232        , -9.701705002670065e-01, -6.497906008569725e-01,  2.830806952165547e+01
s233        , -4.717599438000208e-01,  3.094776242299269e-01, -1.348236507352291e+01
s234        , -5.281115591146329e-01,  6.785018566569669e-02, -2.955887281762216e+00
s235        ,  1.986306191498733e+00,  1.807118026492655e+00, -7.872693550864543e+01
s236        , -9.106289011065025e-02, -1.129227459662279e+00,  4.919469347775063e+01
s237        , -2.049911438812475e-01,  2.343705784841954e-01, -1.021033333017008e+01
s238        , -8.473750345453807e-01,  1.704227253857221e-01, -7.424450818350476e+00
s239        ,  4.108404411494213e-01,  3.224090094627298e-01, -1.404571971684756e+01
s240        ,  7.165538551738689e-01,  7.488272414388157e-01, -3.262259192792690e+01
s241        ,  1.480467310245773e+00,  1.387376657267274e+00, -6.044094022727887e+01
s242        ,  1.377587652535837e-03, -2.282880583807198e-01,  9.945348884828865e+00
s243        ,  1.131563109684979e-01, -1.147865308624138e-01,  5.000664970403454e+00
s244        , -5.391359916687376e-01, -2.567602861615971e-02,  1.118573894648051e+00
s245        , -6.959002745715563e-01, -8.985565742489861e-01,  3.914553694595492e+01
s246        ,  1.097686348144868e+00,  1.000061194777788e+00, -4.356757667830712e+01
s247        ,  1.841111551502399e+00,  1.759524947070442e+00, -7.665354725209504e+01
s248        , -3.591369962873629e-01,  7.694438610187969e-02, -3.352075311955044e+00
s249        , -6.877465177400688e-02, -1.238685571648503e-03,  5.396322635549036e-02
s250        ,  9.781851862563173e-01,  9.472390045909411e-01, -4.126638267808104e+01
s251        , -1.545108495483156e+00, -1.107018869272622e+00,  4.822717821991337e+01
s252        ,  9.402639511564144e-01,  7.189260425335423e-01, -3.131994886680075e+01
s253        ,  3.571077652909773e-01, -1.496818731605926e-01,  6.520877442630706e+00
s254        ,  2.257901594076580e-01, -2.059415018496895e-01,  8.971823144358435e+00
s255        , -1.438850770729053e-01, -2.381767737798123e-01,  1.037614988845710e+01
s256        ,  1.248756905340010e+00,  1.094878301058504e+00, -4.769827544941403e+01
s257        , -7.549787863785817e-01, -8.236942462206818e-01,  3.588416630811666e+01
s258        ,  8.177238568000533e-01,  6.002174851772644e-01, -2.614842116229859e+01
s259        , -3.969340657877687e-01, -5.698648343915507e-01,  2.482611064030075e+01
s260        ,  1.424749928690502e+00,  9.635051004157633e-01, -4.197501369066832e+01
s261        , -2.470942124509466e-01, -4.194729749456219e-01,  1.827430270852754e+01
s262        ,  2.007985062735016e-02,  6.854179885361565e-01, -2.986017348555886e+01
s263        ,  1.714213031012279e+00,  1.404438452208725e+00, -6.118423580085267e+01
s264        , -2.919262533908621e-01,  4.832866252051828e-01, -2.105433868564972e+01
s265        , -2.155995419331203e-01,  3.800445219835060e-01, -1.655660567488176e+01
s266        , -9.362328774391201e-01, -1.761102029419320e-01,  7.672225270384321e+00
s267        ,  6.142764498338860e-01,  5.221846015234747e-01, -2.274892555166117e+01
s268        ,  8.320264617200721e-01,  9.847624838425643e-01, -4.290108970207991e+01
s269        , -4.610366351192068e-01, -6.792604033469923e-01,  2.959191883646044e+01
s270        ,  5.033046853861965e-01,  3.565721764378852e-01, -1.553403503648619e+01
s271        ,  2.731597535481846e-01, -1.731867873891009e-01,  7.544866932788965e+00
s272        , -4.876259036091397e-01, -4.155204839859329e-01,  1.810211279269462e+01
s273        ,  3.756531389576167e-01,  6.569979351482786e-01, -2.862205639668104e+01
s274        , -6.075622032726076e-01, -1.780254561183014e-01,  7.755663104044478e+00
s275        , -3.667973944341356e-01, -2.406377507508300e-01,  1.048336213051613e+01
s276        ,  9.245727537620891e-01,  5.335121737940312e-01, -2.324241022645269e+01
s277        , -9.396261947398056e-01,  1.354813470926117e+00, -5.902232792113539e+01
s278        , -1.341488674963300e+00, -1.709789506906689e+00,  7.448682724108103e+01
s279        , -1.266362915480045e+00, -1.438870409580677e+00,  6.268426095013375e+01
s280        ,  2.057477526667467e+00,  1.453140510431304e+00, -6.330593661984609e+01
s281        , -2.834398711024385e-01,  1.154934863822971e+00, -5.031463424519536e+01
s282        ,  9.178955657779987e-01,  1.194042245106042e+00, -5.201834381980453e+01
s283        ,  3.733503076570951e-01, -3.732028880339799e-01,  1.625855050260096e+01
s284        , -1.411377341359432e+00, -2.118087002316390e+00,  9.227427118122459e+01
s285        , -7.489991269044497e-01, -3.579613003512458e-01,  1.559455209576926e+01
s286        , -1.503542794535010e+00, -1.750517616382171e+00,  7.626114369471549e+01
s287        ,  6.691186599609008e-01,  6.856658790754977e-01, -2.987097281477688e+01
s288        , -7.261797515669667e-02, -6.348515925288776e-01,  2.765725295739836e+01
s289        , -2.036131017088608e+00, -2.083764478465638e+00,  9.077901349352585e+01
s290        , -3.593369916728853e-01, -6.470336111558030e-01,  2.818796151143146e+01
s291        , -9.653688942346333e-01,  8.646308152641857e-01, -3.766756428422342e+01
s292        ,  1.020142466608096e+00,  1.369811208143081e+00, -5.967570300419353e+01
s293        ,  1.809672166646086e+00,  1.506544737420686e+00, -6.563248700141808e+01
s294        , -1.362048565302476e+00, -1.298767695674941e+00,  5.658069872534070e+01
s295        ,  1.783462244939523e+00,  1.520123999326180e+00, -6.622406633415471e+01
s296        , -4.444596513339619e-01,  6.302753623974653e-01, -2.745788990022839e+01
s297        , -5.510249411793563e-01, -2.885790909743443e-01,  1.257192233778712e+01
s298        , -8.286362700584804e-01, -3.788412508744771e-01,  1.650418527642904e+01
s299        ,  6.445649183446500e-01,  3.226853376907373e-01, -1.405775793143380e+01
s300        ,  1.263431947632347e+00,  1.122292747294887e+00, -4.889258335250421e+01
s301        , -1.374060773425154e+00, -1.085961932886666e+00,  4.730983466594292e+01
s302        ,  1.535703749464311e+00,  1.337289799059364e+00, -5.825891072054106e+01
s303        , -5.834699387477037e-01,  7.213522827495473e-01, -3.142564780522849e+01
s304        , -1.532084137217445e+00, -1.681028558796297e+00,  7.323385910404744e+01
s305        ,  8.275615567870639e-01,  4.741860876074798e-01, -2.065787457758098e+01
s306        , -7.539381022379023e-01, -9.086514797495413e-01,  3.958532060294746e+01
s307        ,  1.586514123372291e-01, -4.905243600139107e-01,  2.136964995650313e+01
s308        , -5.508401709447740e-02,  1.715636689724595e+00, -7.474155923858419e+01
s309        , -5.766874189299147e-01, -1.025953224057780e+00,  4.469556062259340e+01
s310        ,  6.374709732867283e-01,  1.728788833968732e-01, -7.531453122853096e+00
s311        ,  4.080149769921139e-02, -3.867586667895148e-01,  1.684910679400587e+01
s312        ,  9.731382012764279e-01,  6.262801433276267e-01, -2.728383853809100e+01
s313        ,  1.429932001970077e-01,  3.396232476626423e-01, -1.479565646736809e+01
s314        ,  1.930683047603774e-01,  1.749032693706408e-01, -7.619645317089972e+00
s315        ,  5.348221101378693e-01,  3.381253124786051e-01, -1.473039905479128e+01
s316        , -1.241701629755850e+00, -5.885909574195659e-01,  2.564191251839656e+01
s317        ,  1.919675275186283e+00,  1.828907089891201e+00, -7.967617411056476e+01
s318        , -4.758666133750817e-02,  8.107487042376385e-02, -3.532019492723121e+00
s319        ,  1.127723396934456e-01,  5.251402586489688e-01, -2.287768849049149e+01
s320        , -2.749916285582357e+00, -2.507759978268206e+00,  1.092503395937352e+02
s321        ,  1.503561162462575e+00,  9.726479619178091e-01, -4.237332163585165e+01
s322        ,  3.544546857579591e-02, -6.116744817046687e-02,  2.664754419328670e+00
s323        , -8.304133648084051e-01, -6.701059126822843e-01,  2.919310426784383e+01
s324        ,  7.189309498557251e-01,  2.489423368401287e-01, -1.084515068217318e+01
s325        , -7.647497330279208e-02, -2.735239363378392e-03,  1.191604586997479e-01
s326        , -2.795970934311181e-01,  7.463667094232213e-01, -3.251539907031116e+01
s327        ,  9.507662038906267e-01,  1.816726561343947e-01, -7.914553047171929e+00
s328        , -4.226431741816794e-01,  4.602305722725551e-02, -2.004990379777788e+00
s329        , -6.340756771310201e-01,  2.416572576019141e-01, -1.052777685547552e+01
s330        , -4.983104214676741e-01, -2.585611712892451e-01,  1.126419434630714e+01
s331        ,  4.313976606624865e-01,  1.336368336919643e-01, -5.821876730467978e+00
s332        ,  2.872576810614043e-01,  3.313919009608508e-02, -1.443705858308966e+00
s333        , -1.428207646760553e+00, -1.207248710092821e+00,  5.259368228805572e+01
s334        ,  1.090736693025978e+00,  7.685445639471183e-01, -3.348157532290031e+01
s335        ,  8.689786106388561e-01,  5.939773066136991e-01, -2.587656834021717e+01
s336        , -6.909278893094605e-01, -6.479698425522463e-01,  2.822874834864320e+01
s337        ,  1.253402841738086e+00,  2.364210777670273e+00, -1.029966314838532e+02
s338        , -5.188757165053888e-01, -4.616480656377808e-01,  2.011165676969924e+01
s339        ,  1.328885826036196e+00,  4.975450298449767e-01, -2.167550481098127e+01
s340        ,  5.747319815580367e-01,  4.591249639734503e-01, -2.000173807092165e+01
s341        , -1.829453856971746e+00, -1.763018772773244e+00,  7.680575545695530e+01
s342        ,  6.006312482055266e-01,  7.641626125994548e-02, -3.329067600360155e+00
s343        ,  3.874115618757035e-01,  8.195257251032970e-01, -3.570256505774796e+01
s344        , -7.953203262348685e-01, -9.527661752840901e-01,  4.150717337593571e+01
s345        ,  6.299310808043834e-01,  7.038083728874378e-01, -3.066134893817306e+01
s346        , -1.002600077568548e+00, -3.789600839193226e-01,  1.650936222741990e+01
s347        ,  1.953430134440088e+00,  1.524846121649294e+00, -6.642978517163277e+01
s348        , -2.116724435810483e-01, -2.614901078537686e-01,  1.139179320628403e+01
s349        ,  5.157492200743797e-01,  2.184820837327764e-01, -9.518152474638393e+00
s350        , -1.510374771276913e-01, -3.733994715616973e-01,  1.626711464643760e+01
s351        , -7.759769648741240e-01, -7.788731342315618e-01,  3.393153856534450e+01
s352        , -3.539192931352820e-01, -8.417206990882722e-01,  3.666948711813083e+01
s353        ,  5.069167448439574e-01,  3.477180007631935e-02, -1.514830366360127e+00
s354        , -1.828973197137163e-01,  4.091180511782168e-01, -1.782319137895061e+01
s355        ,  1.624801336388416e+00,  1.350351871139373e+00, -5.882795872469826e+01
s356        , -5.658130117516301e-01, -1.452440780988981e-01,  6.327545296915414e+00
s357        ,  5.765045328570928e-01,  1.021484764161538e-01, -4.450089256609807e+00
s358        , -7.806919589092669e-02,  1.040209690440824e-01, -4.531664230794233e+00
s359        , -6.122238556537778e-01, -3.936255380605993e-01,  1.714826142794756e+01
s360        ,  7.072470066133247e-01,  7.860260806594664e-01, -3.424315603795601e+01
s361        , -8.533119485587989e-01,  1.259693294350588e-01, -5.487842591968882e+00
s362        , -3.832307428619676e-01, -7.445950024399272e-01,  3.243821481373849e+01
s363        ,  1.136620729810577e+00,  9.280147859985342e-01, -4.042888131118585e+01
s364        ,  1.183780326191236e+00,  9.143303469497832e-01, -3.983271994559207e+01
s365        , -8.620628158872323e-01, -1.912619147477760e-01,  8.332308242662233e+00
s366        , -1.425655087558077e+00, -1.116640709747925e+00,  4.864635284130976e+01
s367        , -1.566451522193896e+00, -8.530209070362300e-01,  3.716177966865106e+01
s368        ,  3.820728130067759e-01, -1.630954369079140e-01,  7.105238149897863e+00
s369        , -1.056326402261627e+00, -8.770500642715907e-01,  3.820860775860540e+01
s370        ,  1.443000454420478e+00,  7.833357396500790e-01, -3.412595157203998e+01
s371        , -5.876015246379517e-01, -5.113170118601958e-01,  2.227547997809462e+01
s372        , -1.098974443479297e+00, -6.725461853476921e-01,  2.929941452867718e+01
s373        ,  2.115861634781081e+00,  1.752067578467757e+00, -7.632866765461392e+01
s374        ,  8.889609764508162e-01,  8.380970380581979e-01, -3.651162264882794e+01
s375        , -3.861821693859098e-01, -6.190269665213112e-01,  2.696785453799125e+01
s376        , -1.647182127127575e+00, -1.833036660283471e+00,  7.985607847607083e+01
s377        , -9.921142122504716e-01, -7.114342091254166e-01,  3.099356781314724e+01
s378        , -4.827505529619482e-01, -9.112948977226705e-01,  3.970048087097757e+01
s379        ,  7.391578818969189e-01,  7.390374419893734e-01, -3.219610018881527e+01
s380        ,  9.482091524808841e-01,  8.007181398673552e-01, -3.488321428583568e+01
s381        , -2.602453229516086e-01, -1.361906765350652e-01,  5.933134665954536e+00
s382        ,  1.104663472507788e+00,  7.262861684585832e-01, -3.164059209571082e+01
s383        , -2.293659969566494e-01, -5.842398538398808e-01,  2.545235707935634e+01
s384        ,  1.124093149995714e+00,  7.406557236972533e-01, -3.226660048696036e+01
s385        , -1.028301590354242e+00, -8.030140196410407e-01,  3.498323408323068e+01
s386        , -8.502764349509152e-01, -7.988871852356833e-01,  3.480344891075028e+01
s387        ,  1.129785972964034e+00,  1.007846740630349e+00, -4.390675328838378e+01
s388        , -1.726546649489343e+00, -1.845135123969275e+00,  8.038314696655269e+01
s389        , -6.831952605802530e-01, -5.402620677154391e-01,  2.353646875259796e+01
s390        , -3.734364635864852e-02, -6.114303052933409e-03,  2.663690666972647e-01
s391        ,  4.779948697936299e-01,  3.439380452025470e-01, -1.498363023702620e+01
s392        ,  3.310220817152515e-01,  7.162320685283845e-02, -3.120258612974804e+00
s393        ,  5.553356616642980e-02, -2.976087328193361e-01,  1.296529787871764e+01
s394        ,  4.365379722541595e-01,  1.587945737332958e-01, -6.917871429619533e+00
s395        , -8.983021968784184e-01,  5.436193840400443e-01, -2.368272993858270e+01
s396        ,  1.678248791678738e-01,  1.362438613127578e+00, -5.935451656047055e+01
s397        ,  8.185692451143642e-01,  4.566588115097444e-01, -1.989430035898566e+01
s398        , -3.699760772173830e-01, -1.428163967071875e-01,  6.221783573796707e+00
s399        ,  1.905475331815307e+00,  1.680357604990847e+00, -7.320462906140679e+01
s400        ,  1.858354115946673e+00,  1.434173506951951e+00, -6.247964080639036e+01
s401        ,  1.882929356651747e+00,  1.577943903267008e+00, -6.874298528794345e+01
s402        ,  7.251022959905945e-01,  6.165274990313825e-01, -2.685896545991173e+01
s403        , -4.598852698083180e-01, -1.998203003682434e-01,  8.705153548238844e+00
s404        , -7.654208212581715e-01, -6.509686289868045e-01,  2.835939021197289e+01
s405        , -1.008550952239817e+00, -7.041421432139615e-01,  3.067588961265353e+01
s406        ,  6.851436048144010e-01,  6.912947319156826e-01, -3.011619328629028e+01
s407        ,  1.179473302867332e+00,  5.469326295410891e-01, -2.382707118307314e+01
s408        ,  1.889092138737942e+00,  1.498174723631766e+00, -6.526784809786751e+01
s409        ,  1.749725590072469e-01, -2.945195858413443e-01,  1.283071946637945e+01
s410        ,  1.998254738056868e+00,  1.729324552364640e+00, -7.533786975262710e+01
s411        ,  9.892338833250636e-01,  6.691760549738054e-01, -2.915259509977924e+01
s412        , -1.223391619754290e+00, -1.667710144384129e+00,  7.265364356907256e+01
s413        ,  5.743625596418537e-01,  7.233919936262283e-02, -3.151450762749255e+00
s414        ,  1.092248078316437e-01,  4.646278293405138e-02, -2.024146990941476e+00
s415        , -2.685700492164793e-01, -3.264940030689137e-01,  1.422368209864702e+01
s416        ,  1.462987518702352e+00,  9.035023488890467e-01, -3.936099917665600e+01
s417        ,  1.569882344576942e+00,  1.349523585184819e+00, -5.879187452102651e+01
s418        ,  1.876220335020836e-02, -1.265344111828228e-02,  5.512460327867521e-01
s419        ,  1.276905221099546e+00,  9.549397240323296e-01, -4.160186383312713e+01
s420        , -1.647237733483662e+00, -1.457133568643266e+00,  6.347989384440304e+01
s421        , -1.445425539908424e-01,  7.169557956923948e-01, -3.123411523904364e+01
s422        ,  5.402460517048289e-01,  2.890448755606340e-01, -1.259221420170971e+01
s423        ,  8.390845889372367e-02, -2.216029935394528e-01,  9.654114631772911e+00
s424        , -9.431170827773597e-01, -2.789320116406663e-02,  1.215164818777885e+00
s425        ,  1.130552771406502e+00,  6.308958317392644e-01, -2.748492059171661e+01
s426        , -8.389925436276273e-01, -3.456120159330047e-01,  1.505655662246876e+01
s427        ,  8.392912737700503e-01,  3.827304137058107e-01, -1.667361630800321e+01
s428        , -9.488637335179150e-01, -1.266041932980265e+00,  5.515500379486880e+01
s429        ,  3.637065073507825e-02,  1.251755099761718e-01, -5.453259918104131e+00
s430        , -9.278822222973141e-01, -3.558229810179890e-02,  1.550139640489693e+00
s431        , -1.858348493139306e-01, -3.371430562708139e-01,  1.468760715078171e+01
s432        , -1.980571102286932e-01,  9.149910166223232e-01, -3.986150196090045e+01
s433        ,  2.907509872393486e-01, -1.183279766117560e-01,  5.154947738340284e+00
s434        , -7.856669273303235e-01, -3.984291418992768e-01,  1.735753000037757e+01
s435        ,  2.522946697305543e-01, -8.929225099943397e-02,  3.890008943963596e+00
s436        ,  9.124956428672120e-01,  1.044317797527585e+00, -4.549561162646004e+01
s437        , -3.499552547842402e-01, -3.675378243859140e-01,  1.601175251047465e+01
s438        , -2.967024119054128e-01, -4.181876134026224e-01,  1.821830604764678e+01
s439        ,  1.398781376080027e+00,  1.207085592491057e+00, -5.258657608429579e+01
s440        , -1.423048475754128e+00, -1.695319169203638e+00,  7.385642827076728e+01
s441        ,  4.627215551435010e-01,  5.176875750371727e-01, -2.255301299422025e+01
s442        , -1.281983082708195e+00, -1.414742662750340e+00,  6.163313781327505e+01
s443        ,  4.064644218525872e-01,  3.023458996638076e-01, -1.317167212942561e+01
s444        ,  1.926435095105153e-02, -6.440167068450149e-02,  2.805653034444139e+00
s445        , -6.163049587306062e-01, -8.851513010668031e-01,  3.856153741641795e+01
s446        ,  1.711464900608388e-01, -1.102774026532489e-01,  4.804225202486291e+00
s447        , -5.502000181018426e-01, -1.218218419590810e-02,  5.307157670310828e-01
s448        ,  1.089535632894734e-01, -1.580936604430171e-01,  6.887336204696829e+00
s449        , -1.011248874107511e+00, -9.215142211570936e-01,  4.014568478415269e+01
s450        , -1.947013588700806e+00, -1.167590612086099e+00,  5.086598078854140e+01
s451        ,  1.238871233763808e+00,  9.583872488467842e-01, -4.175205494391959e+01
s452        , -3.901411635884037e-01, -8.983578436160519e-01,  3.913687926367118e+01
s453        ,  5.429001167419540e-01,  2.902200558660180e-01, -1.264341082680927e+01
s454        ,  1.674074113182614e+00,  9.850065268960714e-01, -4.291172141592103e+01
s455        ,  3.036107540082147e-01,  1.086099693648582e-01, -4.731583620123803e+00
s456        ,  1.697945289202256e+00,  1.155521331797243e+00, -5.034018367014245e+01
s457        ,  1.416859305428101e+00,  1.417024823930030e+00, -6.173255996134711e+01
s458        , -1.404208354895570e-02,  1.405706640799441e-01, -6.123948432359989e+00
s459        ,  6.925018491951431e-01,  6.776463726753658e-01, -2.952160373433020e+01
s460        , -1.114252131965874e+00, -1.133319723741361e+00,  4.937297259705283e+01
s461        ,  2.042381769729374e+00,  1.963401905373551e+00, -8.553542874114169e+01
s462        , -1.531404654443665e+00, -9.633087921382747e-01,  4.196646153808339e+01
s463        , -3.759583777355113e-01, -6.637528689973079e-01,  2.891633448682324e+01
s464        ,  1.991689923540824e+00,  1.498548232956842e+00, -6.528411999827249e+01
s465        ,  9.755969169673073e-02, -2.954145792547903e-01,  1.286970977454310e+01
s466        ,  6.072772838991297e-01,  1.076013548777964e+00, -4.687643420030693e+01
s467        ,  1.216496181986968e+00,  8.946089240761943e-01, -3.897355791857099e+01
s468        ,  3.775595362798933e-01,  8.144426017631466e-01, -3.548111924318808e+01
s469        , -1.307461059058785e+00, -1.217939613904250e+00,  5.305943055825865e+01
s470        , -5.283291461494825e-01, -5.595834908983366e-01,  2.437820482880073e+01
s471        ,  2.377867747615111e-01,  4.752570014933832e-02, -2.070452884542314e+00
s472        ,  1.302569086132945e+00,  9.016253568352806e-01, -3.927922818538661e+01
s473        , -5.693295827287675e-01, -7.958898796135617e-01,  3.467287155888221e+01
s474        ,  1.884221453852586e+00,  1.472970096382040e+00, -6.416981076166772e+01
s475        , -1.446520811585995e+00, -1.454562790003401e+00,  6.336789810244230e+01
s476        , -1.215631750383895e+00, -6.069164495881697e-01,  2.644026094886513e+01
s477        , -8.341578078875426e-01, -5.313980216857515e-01,  2.315030737857898e+01
s478        ,  1.187878793372986e+00,  1.022403231638889e+00, -4.454090551976055e+01
s479        ,  3.365947877874360e-01,  4.717735132954061e-01, -2.055277099303809e+01
s480        , -9.637108529621194e-01, -3.015123971464291e-01,  1.313536066666011e+01
s481        ,  2.085079041846591e+00,  1.471763963662072e+00, -6.411726569738983e+01
s482        , -1.022603717946666e+00, -4.862281789102600e-01,  2.118248721022860e+01
s483        , -1.034187950850505e+00, -6.135660130026549e-01,  2.672994858543243e+01
s484        , -1.995156105028394e+00, -2.052722298137251e+00,  8.942666367855342e+01
s485        ,  6.269503300594436e-01,  2.675786553501915e-02, -1.165704023446071e+00
s486        , -1.429365852931641e+00, -1.530926171860275e+00,  6.669466201632807e+01
s487        ,  4.249609108300679e-01,  7.773327834225060e-01, -3.386443331985000e+01
s488        , -2.798574335396176e-01, -3.702659987280772e-01,  1.613060518215580e+01
s489        , -5.336235067101003e-01, -9.745001212098807e-01,  4.245401079007461e+01
s490        , -1.648273604531437e+00, -1.345879658875932e+00,  5.863312719666123e+01
s491        ,  7.228333429987273e-01,  4.902385040516080e-01, -2.135719666702278e+01
s492        , -9.260692223596583e-01, -1.025878683250260e+00,  4.469231325896781e+01
s493        , -5.201114240395055e-01,  6.937796754655461e-01, -3.022444963021731e+01
s494        ,  1.832055246002863e-02, -5.939476227615238e-01,  2.587527516584699e+01
s495        ,  2.383820600840625e-01, -1.438535346797155e-02,  6.266966396988225e-01
s496        , -7.978377098794708e-01, -1.811516560517072e-01,  7.891855725077673e+00
s497        ,  4.550356427377596e-01,  3.520382746114614e-01, -1.533651600814461e+01
s498        , -6.680642327437073e-01, -2.827962418624902e-01,  1.231999303244519e+01
s499        ,  8.575607855949897e-01,  7.174184307245188e-01, -3.125426989292021e+01
s500        , -1.692527892902983e-01, -1.572246378029521e-01,  6.849477310957202e+00
s501        , -6.422509788397670e-01, -4.806498738139501e-01,  2.093946884666488e+01
s502        ,  1.243213320474068e+00,  1.407930039997870e+00, -6.133634651120417e+01
s503        , -1.279877945312270e+00, -1.053153193987950e+00,  4.588052488454903e+01
s504        ,  1.209352307302353e-01, -2.348750715094557e-01,  1.023231152378116e+01
s505        , -1.237963369094699e+00, -9.430879974780236e-01,  4.108554442375365e+01
s506        , -1.696383544323350e-01, -3.014571705677340e-01,  1.313295472568916e+01
s507        , -1.230468344629726e+00, -6.388048211484716e-01,  2.782947500931920e+01
s508        , -2.371439343057282e-01, -4.958951496715587e-01,  2.160362792850576e+01
s509        , -1.639492376941975e-01, -2.555003891808618e-01,  1.113085164698141e+01
s510        ,  6.798876031058373e-01,  9.748444278511450e-01, -4.246901047816610e+01
s511        , -1.306302408071936e+00, -1.190201250801395e+00,  5.185101124579564e+01
s512        , -1.810398909331260e-01, -6.827749654791874e-01,  2.974503042201607e+01
s513        ,  7.546842351810933e-01,  5.434185621972658e-01, -2.367398115292876e+01
s514        , -1.659299996003214e+00, -1.585497049920859e+00,  6.907203744767386e+01
s515        , -2.345220738579200e-01, -1.130047855111648e+00,  4.923043393226840e+01
s516        , -1.737647836542105e+00, -1.478147755362870e+00,  6.439537501297498e+01
s517        , -1.327112675511377e+00, -1.130986227715625e+00,  4.927131405099521e+01
s518        , -4.005723114576410e-01, -1.271532756350685e+00,  5.539421102485333e+01
s519        , -7.627096815238132e-01,  2.575904372753328e-01, -1.122190440564524e+01
s520        ,  5.205308045053684e-01,  6.529437582514069e-01, -2.844543654207192e+01
s521        , -1.565970964052308e-01,  2.676401712279188e-01, -1.165972016818282e+01
s522        ,  9.369677526584559e-01,  5.387960013034816e-01, -2.347259970023192e+01
s523        , -1.137675297963781e+00, -1.115331278423091e+00,  4.858930758253201e+01
s524        , -1.043872792855045e+00, -1.315399267179255e-01,  5.730525165328048e+00
s525        , -4.052687326822306e-01, -6.535536584489218e-01,  2.847200678973292e+01
s526        , -9.078531683408999e-01, -6.328054982894935e-01,  2.756811504450772e+01
s527        , -2.354883271970434e-01,  2.525402916974600e-01, -1.100189526435516e+01
s528        ,  1.249426787716260e+00,  7.911325427660097e-01, -3.446561860379042e+01
s529        , -1.079712692195388e+00, -8.469120930334397e-01,  3.689564973193333e+01
s530        , -1.464169262892369e+00, -1.395719616051804e+00,  6.080440048197839e+01
s531        ,  8.870341112159444e-01,  1.145115222653485e+00, -4.988684245421391e+01
s532        ,  8.189742158633641e-01,  1.459845909494622e-01, -6.359805673147028e+00
s533        , -6.018468317011504e-01, -7.437862954677453e-01,  3.240298356668601e+01
s534        , -1.393564173594942e+00, -1.334094869899781e+00,  5.811972391690475e+01
s535        ,  1.247772269364924e+00,  9.437950409032108e-01, -4.111634670745642e+01
s536        ,  1.175565678381589e-01, -3.390103357498335e-02,  1.476895501459951e+00
s537        ,  1.371458952168796e-02,  6.695879795995006e-02, -2.917054055932625e+00
s538        ,  1.438921434076982e+00,  1.184197810087139e+00, -5.158947188698649e+01
s539        ,  4.815773172227232e-01, -2.342560017001112e-01,  1.020534180279940e+01
s540        , -7.238055425047152e-01,  5.310064290902754e-02, -2.313324768211295e+00
s541        ,  2.233900132878818e+00,  1.945729257514317e+00, -8.476552141473357e+01
s542        ,  4.148904574828530e-02, -2.410908711283707e-01,  1.050310227931512e+01
s543        ,  7.192492690821944e-01,  8.996413791311797e-01, -3.919279637381065e+01
s544        , -1.195051331046210e+00, -3.415917456261445e-01,  1.488141390542675e+01
s545        ,  1.551116853180877e-01,  3.489789181683835e-01, -1.520323541780065e+01
s546        , -5.623355357397409e-01, -4.802012127799531e-01,  2.091992296876931e+01
s547        ,  1.448160679819764e+00,  1.166024594990404e+00, -5.079775739356059e+01
s548        ,  3.848360583786407e-01,  2.710209004327280e-01, -1.180700133420371e+01
s549        , -1.115216456955655e+00, -9.666499748381590e-01,  4.211201986414741e+01
s550        , -2.045366715571642e+00, -1.885488076850660e+00,  8.214111975665429e+01
s551        ,  1.482005267115409e+00,  1.170035607789122e+00, -5.097249680808677e+01
s552        , -2.227828855322892e-01, -3.034777398857232e-01,  1.322098064765775e+01
s553        ,  1.297454412958832e-01,  6.555682791705980e-02, -2.855977356163385e+00
s554        ,  1.061901762942694e+00,  9.366177433624533e-01, -4.080366838078717e+01
s555        , -4.386884091748981e-01,  7.309015207332904e-01, -3.184165950556106e+01
s556        ,  3.941867714817063e-01,  6.955277689091004e-01, -3.030060516503918e+01
s557        , -8.951391675309346e-01, -2.465432994964957e-01,  1.074063683445206e+01
s558        ,  5.626259017835469e-01,  4.665360666289737e-01, -2.032460209654467e+01
s559        , -2.646400996406346e-02, -1.983252385777204e-01,  8.640021314793978e+00
s560        , -4.614794874684225e-01, -1.122329069211087e+00,  4.889416571354116e+01
s561        , -5.368862422565327e-01,  4.410021775521753e-01, -1.921222049824059e+01
s562        ,  1.314110066282131e+00,  7.350040088957738e-01, -3.202038403614397e+01
s563        ,  1.921771526510788e+00,  1.480755207008212e+00, -6.450896841114557e+01
s564        ,  8.001607223901942e-01,  7.513534347086118e-01, -3.273264531222057e+01
s565        , -5.562845031577306e-02, -4.873357532457415e-01,  2.123073858728432e+01
s566        ,  1.020041341313152e+00,  7.621419744475937e-01, -3.320264708289171e+01
s567        , -2.539691194509933e-01, -4.645185662104059e-01,  2.023670987090548e+01
s568        , -2.316202851259171e-01, -5.196782894684254e-01,  2.263973829071328e+01
s569        , -2.442891053411890e-01, -4.910583269166592e-01,  2.139291217695589e+01
s570        , -7.106433958989193e-02, -3.910387131747204e-01,  1.703556663271164e+01
s571        , -1.517261224362497e-01, -4.838575209791212e-01,  2.107920970907941e+01
s572        , -1.943188611921064e+00, -1.868356503476690e+00,  8.139478429189674e+01
s573        ,  4.755730333935128e-01,  3.335702209204781e-01, -1.453195689767958e+01
s574        , -3.521357752458716e-01, -6.340298161917904e-01,  2.762145234463043e+01
s575        , -2.101634380935241e-02, -2.870062646538241e-01,  1.250340229953471e+01
s576        ,  8.972128211862684e-01,  8.179576450393308e-01, -3.563425178973864e+01
s577        ,  3.519332247195900e-01,  5.871551609476446e-01, -2.557936217326610e+01
s578        , -4.676730825695681e-01, -5.898121456735094e-01,  2.569511347566813e+01
s579        , -5.850412346637100e-02, -4.994508428997404e-01,  2.175853138658641e+01
s580        , -9.183798967000043e-01, -8.190415992124349e-01,  3.568147415652894e+01
s581        ,  9.240377559230070e-02, -2.339947994736220e-01,  1.019396255111907e+01
s582        , -1.742244634920983e+00, -1.208342092986143e+00,  5.264131541620060e+01
s583        ,  7.055292745925379e-01,  1.478914102693208e-01, -6.442876086601152e+00
s584        , -3.175359681654383e-01, -2.591472847149930e-01,  1.128972832537942e+01
s585        , -1.018136882779183e+00, -6.003450280560813e-01,  2.615397755642897e+01
s586        ,  1.796431915125592e+00,  1.643232804881928e+00, -7.158729045867102e+01
s587        ,  1.528101545573583e+00,  1.375322982567668e+00, -5.991582296498259e+01
s588        , -1.493251816790637e+00, -8.803926693765480e-01,  3.835422805161945e+01
s589        , -1.919234877209601e-01, -6.813332493960080e-01,  2.968222218954963e+01
s590        , -1.474690448373283e+00, -1.453073621103681e+00,  6.330302259225925e+01
s591        , -7.075916964107042e-02, -5.253762665471535e-01,  2.288797015350831e+01
s592        ,  1.771261470718517e+00,  1.679676560126985e+00, -7.317495940270730e+01
s593        ,  9.576275984893917e-01,  1.232716537364547e+00, -5.370318590971890e+01
s594        ,  1.644504072992790e+00,  1.487650800494467e+00, -6.480937432582724e+01
s595        , -5.357649623549657e-01,  5.219312860666264e-01, -2.273788988639622e+01
s596        ,  6.346409254556347e-01,  7.708225230857917e-01, -3.358081440943066e+01
s597        , -1.925166625783171e+00, -1.669686235331500e+00,  7.273973179479560e+01
s598        ,  4.877766835626365e-01,  8.015646215545381e-01, -3.492009118497516e+01
s599        , -1.762506312086289e+00, -1.405168827050715e+00,  6.121605451564582e+01
s600        ,  3.925159363258416e-01, -2.577129282105558e-01,  1.122724071230392e+01
s601        , -2.895039831412950e-01, -3.291138637492141e-01,  1.433781609531792e+01
s602        ,  1.015619978504493e+00,  1.287929870632605e+00, -5.610854984482842e+01
s603        ,  1.530534275818686e+00,  1.266285357907263e+00, -5.516560858008366e+01
s604        ,  1.102137725135546e+00,  1.260295929946813e+00, -5.490467968564328e+01
s605        , -2.082111847210221e-02,  1.221568195801965e-01, -5.321750940472070e+00
s606        ,  9.842778583139866e-01,  8.635599569618876e-01, -3.762091243787582e+01
s607        , -1.138623824161354e+00, -7.416146458365795e-01,  3.230837584436032e+01
s608        , -4.177570888255018e-01, -5.750221671786276e-01,  2.505078938279155e+01
s609        ,  3.685164501033219e-01,  1.505339028905487e-03, -6.557996041755609e-02
s610        , -2.659779361808961e-01, -1.351479775048983e-02,  5.887709575783885e-01
s611        , -7.893175620146011e-01, -1.898358514939404e-01,  8.270181924308877e+00
s612        ,  4.551812262842944e-01,  5.890071621301743e-01, -2.566004443946093e+01
s613        , -1.906510824785770e+00, -1.692286491763303e+00,  7.372430994879623e+01
s614        ,  4.363873919671318e-01,  2.891205700347751e-01, -1.259551182471867e+01
s615        ,  2.289607222323559e-01,  1.073787978082171e-01, -4.677947741161389e+00
s616        ,  1.051114336732525e+00,  8.014819349949406e-01, -3.491648895238745e+01
s617        ,  9.612491509961185e-01,  1.050211208904187e+00, -4.575235756699620e+01
s618        ,  1.641704627639855e+00,  1.020448947790005e+00, -4.445576731833641e+01
s619        , -1.622899727833569e+00, -8.746129474324391e-01,  3.810243498106119e+01
s620        , -1.432198008011447e+00, -1.433749517986525e+00,  6.246116976495971e+01
s621        , -5.169781910985175e-01, -9.826581818926829e-01,  4.280941597547753e+01
s622        ,  7.834349958828789e-02,  8.773872773697214e-01, -3.822329841712349e+01
s623        ,  1.505481327993915e-01, -6.902831631972055e-02,  3.007212438536956e+00
s624        , -1.795745482905790e+00, -1.469588656460726e+00,  6.402249863334580e+01
s625        , -6.540205211871799e-01,  4.006288278211854e-01, -1.745335912120670e+01
s626        , -9.921730176745909e-02, -3.155740548730844e-01,  1.374795553028372e+01
s627        ,  1.003457009680013e-01, -3.174400232566915e-01,  1.382924627634668e+01
s628        , -7.262707774759888e-01, -7.767835683825940e-03,  3.384050681566559e-01
s629        ,  9.013378522352091e-01,  5.657170066488143e-01, -2.464541089495137e+01
s630        ,  2.883264293170171e-01, -2.000293224775535e-01,  8.714259577772218e+00
s631        , -4.308621051856988e-01, -1.736299832590886e-01,  7.564174721302337e+00
s632        , -2.552616433847757e-02,  1.897296024456643e-01, -8.265553194005182e+00
s633        , -2.361941375317399e+00, -2.410196516246775e+00,  1.049999960799423e+02
s634        , -1.741723873388839e-01, -5.037550029933034e-01,  2.194604173684421e+01
s635        , -1.887226794633780e+00, -1.768130294349697e+00,  7.702843843814466e+01
s636        ,  5.559866372520853e-01,  1.813690843371702e-01, -7.901327968924705e+00
s637        ,  5.224165136667182e-01,  3.508636129410284e-01, -1.528534197733039e+01
s638        , -9.017862751888349e-01, -1.664964477413957e-01,  7.253402883261396e+00
s639        ,  4.059987622661941e-02, -7.887949140053706e-02,  3.436378001550594e+00
s640        ,  1.793715557338358e-01,  8.609660647017375e-02, -3.750790975311040e+00
s641        , -1.502090098725329e+00, -1.250438219057208e+00,  5.447522939070324e+01
s642        , -1.255445500732830e+00, -1.036208427316130e+00,  4.514232763709499e+01
s643        ,  2.659311374869887e-02, -7.037778008584952e-02,  3.066001707046154e+00
s644        ,  5.978067737156746e-01,  1.042348455263525e+00, -4.540981740652301e+01
s645        , -1.614381328938929e-01, -4.037394821792235e-01,  1.758887450063676e+01
s646        , -7.340994125406998e-01, -7.389485203642249e-01,  3.219222632615348e+01
s647        , -1.496428190082178e-01, -2.952655630247256e-01,  1.286321789578252e+01
s648        , -4.884218476882379e-01, -6.258473009711525e-02,  2.726498179946992e+00
s649        , -5.843001747665787e-01, -5.260692151241448e-01,  2.291815839640769e+01
s650        ,  7.524274850037658e-01,  6.924104002912267e-01, -3.016479727947880e+01
s651        , -1.389027741701250e+00, -1.478464050211507e+00,  6.440915436982125e+01
s652        , -2.566043711440669e+00, -2.691997904928009e+00,  1.172766484223533e+02
s653        , -1.007282708793189e+00, -4.160171908362839e-01,  1.812375178229076e+01
s654        , -1.044226385778375e+00, -8.215256098777864e-01,  3.578968985942549e+01
s655        , -6.127047200082997e-01, -3.601326424960344e-01,  1.568914642247838e+01
s656        , -9.677099452782351e-01, -7.184211350371119e-01,  3.129795261679025e+01
s657        , -9.543477553558062e-02, -1.818215189727271e-01,  7.921038243435436e+00
s658        ,  2.152611224039404e+00,  1.885894526672351e+00, -8.215882670685373e+01
s659        ,  7.601680812147134e-01,  3.441517865082460e-01, -1.499294185792899e+01
s660        , -8.552740445977219e-01, -8.650095510517942e-01,  3.768406387500214e+01
s661        , -8.587465647638401e-01, -6.972958986274456e-01,  3.037763357838380e+01
s662        ,  2.292650657012456e+00,  1.987276707174432e+00, -8.657553235037170e+01
s663        , -7.424589206994223e-01, -5.785925334404745e-01,  2.520633207027401e+01
s664        ,  1.170121236794572e+00,  9.409140361686336e-01, -4.099083599337242e+01
s665        , -9.550555766428818e-02,  1.511566051900520e-01, -6.585124011849554e+00
s666        ,  6.314775109494175e-01,  8.686309152708004e-01, -3.784182828393576e+01
s667        ,  9.502651428335526e-01,  9.565638460839561e-01, -4.167261856532618e+01
s668        , -1.539888656744302e+00, -7.733707081755284e-01,  3.369182586539696e+01
s669        , -7.817282530962720e-01, -7.279716927495042e-01,  3.171402181098362e+01
s670        ,  1.305183965640755e+00,  7.678722812063912e-01, -3.345228738531301e+01
s671        ,  4.799138388405841e-01,  5.141519427131553e-01, -2.239898348763875e+01
s672        ,  3.973005628545346e-02,  6.332819256333041e-01, -2.758887055921166e+01
s673        , -1.414611532455524e-01, -4.585226621852203e-01,  1.997549884728297e+01
s674        ,  2.903659687553911e-01,  1.545286923369537e-01, -6.732028687389152e+00
s675        ,  1.026086479328726e+00,  6.827452882889481e-01, -2.974373753787242e+01
s676        , -6.754288667653827e-02, -2.339800767630629e-01,  1.019332115754780e+01
s677        ,  1.605266818482901e+00,  1.332970215414728e+00, -5.807072844465758e+01
s678        ,  1.084789537255858e-01,  8.762032226287958e-02, -3.817171517803151e+00
s679        , -2.992012028639636e-01, -5.363799017357382e-01,  2.336734253824054e+01
s680        ,  8.990202473369718e-01,  4.841762874067490e-01, -2.109309674004372e+01
s681        ,  5.643835559735575e-01,  4.071238148695865e-01, -1.773631265218408e+01
s682        , -5.946014640649122e-01, -1.245361177745302e+00,  5.425404853916091e+01
s683        , -6.016194601328428e-01,  7.231017429184773e-01, -3.150186288131934e+01
s684        , -1.092230320268682e+00, -5.568426335954068e-01,  2.425879962506595e+01
s685        , -1.049541099357342e+00, -1.543370911243204e+00,  6.723681597664424e+01
s686        , -3.882296162024126e-01, -8.300896585842412e-01,  3.616278187683761e+01
s687        , -1.289479776127262e+00, -5.274751798641835e-01,  2.297940912480161e+01
s688        ,  1.174200481057901e+00,  1.246864566933334e+00, -5.431954355493485e+01
s689        , -2.594548196962304e-02, -2.675488744474037e-01,  1.165574283208949e+01
s690        ,  4.711059702108155e-01,  5.004197344296701e-01, -2.180074105959797e+01
s691        ,  9.245223879507848e-01,  5.431127530394791e-01, -2.366065860426837e+01
s692        ,  1.066847762125763e+00,  8.422771555479465e-01, -3.669372909412344e+01
s693        ,  6.254387821095569e-01,  3.733953802465446e-01, -1.626693640865814e+01
s694        , -5.171349029224964e-01,  6.370875594211002e-01, -2.775466265546054e+01
s695        , -1.267384161897314e+00, -1.306549687649338e+00,  5.691972051103241e+01
s696        , -4.788650652000022e-01,  5.351654829873208e-01, -2.331443649387286e+01
s697        , -3.220149437916258e-01, -6.164899430405042e-01,  2.685732933652168e+01
s698        , -1.380331688121128e+00, -1.484447699211326e+00,  6.466983150435759e+01
s699        ,  1.594942071124517e+00,  1.130690322364095e+00, -4.925842296077025e+01
s700        ,  1.292968973461459e+00,  9.933828549881625e-01, -4.327663540152560e+01
s701        ,  5.937524925456381e-01,  3.660927774660692e-01, -1.594879917040616e+01
s702        ,  9.323059097091277e-01,  7.726314196261601e-01, -3.365961882573754e+01
s703        , -3.788357179143477e-01,  7.867003831035845e-01, -3.427253196374124e+01
s704        , -4.335664235266130e-01, -8.148272739970490e-01,  3.549787745471966e+01
s705        ,  1.028207628094288e-01,  2.156876588193674e-01, -9.396413602734892e+00
s706        , -9.693990214196425e-01, -5.061794213898403e-01,  2.205166130786945e+01
s707        , -4.022383612473933e-01, -8.147055993659531e-01,  3.549257671027747e+01
s708        , -4.176881010209963e-01, -9.456072750883701e-01,  4.119529652796074e+01
s709        , -5.070250417068456e-01, -1.166044547070513e+00,  5.079862660414954e+01
s710        , -6.560408805167797e-01, -2.085743230787297e-01,  9.086521766178246e+00
s711        , -7.281768921318991e-01,  3.357469243146557e-02, -1.462678478673950e+00
s712        ,  1.638529471594250e+00,  1.280758143615579e+00, -5.579611419752828e+01
s713        , -2.681291651109597e-01, -4.635835717288663e-01,  2.019597691978110e+01
s714        ,  1.813117241484988e+00,  1.529113025988320e+00, -6.661567247826987e+01
s715        ,  5.902106972748544e-01,  2.542999549255532e-01, -1.107855483580768e+01
s716        ,  1.256825138045294e+00,  1.173716114866396e+00, -5.113283777036141e+01
s717        ,  1.935429652037489e-01, -2.983509835222893e-01,  1.299763396433350e+01
s718        , -9.717462693594499e-01, -1.018457490884142e+00,  4.436900967600339e+01
s719        , -1.005002399040077e+00, -6.261792452965829e-01,  2.727944292437547e+01
s720        , -1.084502233578804e+00, -6.648272557664975e-01,  2.896314005051600e+01
s721        ,  1.202728817719904e+00,  7.025130889701403e-01, -3.060492000994174e+01
s722        , -8.687581931338572e-01, -7.012747164535610e-02,  3.055097042180273e+00
s723        , -8.228918435433465e-02, -1.073070859442503e-01,  4.674823620209210e+00
s724        , -4.319725882125269e-01,  1.665758942272456e-01, -7.256863962325466e+00
s725        ,  2.076224205209437e-01,  1.979302525163540e-01, -8.622813782289608e+00
s726        ,  1.218751687971090e+00,  1.147247572934841e+00, -4.997973810387325e+01
s727        , -4.191973947875540e-01, -9.017806259325732e-01,  3.928599246974986e+01
s728        , -6.090434041993623e-01, -1.491655462415554e-01,  6.498383706493661e+00
s729        ,  9.718089694740940e-01,  8.913962291040549e-01, -3.883359714889649e+01
s730        ,  2.269628290273034e-01,  6.280671243211808e-02, -2.736168820555700e+00
s731        ,  8.255797233596714e-01,  1.246735360966633e+00, -5.431391470852931e+01
s732        ,  1.498830275111732e+00,  8.271819417561416e-01, -3.603610745278375e+01
s733        , -8.897216148319836e-01, -7.108802283137815e-01,  3.096943368854041e+01
s734        ,  5.730515015964993e-01,  3.587673797979025e-01, -1.562966887490673e+01
s735        , -4.493104523117364e-01, -1.790886824859651e-01,  7.801982465841012e+00
s736        ,  9.253604820479431e-01,  8.658720707331378e-01, -3.772163946792551e+01
s737        , -7.641264386628301e-01, -1.613878362373157e-01,  7.030846679115166e+00
s738        ,  1.093494957500644e+00,  6.283163192571030e-01, -2.737254436069588e+01
s739        ,  3.235386076744294e-01,  3.786680219475246e-01, -1.649663857368988e+01
s740        ,  9.523024838580033e-01,  7.724382194537932e-01, -3.365120207747472e+01
s741        , -4.683237856465198e-01, -6.687036252119407e-01,  2.913201373937592e+01
s742        ,  1.206631327064570e+00,  9.802226692666623e-01, -4.270331308533513e+01
s743        ,  5.593827587743279e-02, -9.698094782505522e-01,  4.224966334826980e+01
s744        , -1.602853178165513e-01, -3.875449887290306e-01,  1.688336283910850e+01
s745        , -5.306178829342441e-01, -6.999485599052895e-02,  3.049319653015893e+00
s746        ,  6.509625117887479e-01,  6.586495922558202e-01, -2.869401069113307e+01
s747        , -5.126484862205682e-01, -3.122224082007195e-01,  1.360194134219267e+01
s748        , -7.766421657116760e-01, -9.326202242676748e-01,  4.062951681826863e+01
s749        , -2.162768438186639e-01,  2.426776560662042e-01, -1.057223042348468e+01
s750        , -7.494903637093456e-02, -5.410287196765670e-01,  2.356986787684799e+01
s751        , -1.132573444571337e+00, -1.138879328746845e+00,  4.961517629282905e+01
s752        ,  1.560177551100659e+00,  1.218160975929960e+00, -5.306907417514840e+01
s753        , -9.778812152465644e-01, -9.530051038450855e-01,  4.151758227736710e+01
s754        ,  8.187766647944796e-01,  2.859335233050165e-01, -1.245666841843396e+01
s755        , -1.210746771791428e+00, -3.411687018460278e-01,  1.486298404090970e+01
s756        , -4.332253543244241e-02, -6.698311144093386e-01,  2.918113270561330e+01
s757        ,  6.046843465793931e-01,  1.289077224262701e-01, -5.615853420330284e+00
s758        ,  7.853283269182638e-01,  4.300470247245546e-01, -1.873496024323590e+01
s759        , -4.512800599860263e-01, -8.154417969270122e-01,  3.552464909130706e+01
s760        ,  2.133127133712616e-01,  2.638735640430265e-01, -1.149562826240567e+01
s761        , -1.372370955930419e+00, -1.329034349595675e+00,  5.789926280159242e+01
s762        ,  1.452970431080306e+00,  1.233368568545218e+00, -5.373159158990013e+01
s763        , -1.593336135067460e-01, -5.491260049812171e-01,  2.392262538832694e+01
s764        ,  1.129930705304393e-01,  8.032532785423374e-01, -3.499365737590776e+01
s765        ,  1.677207924737715e-01, -9.492010224843017e-02,  4.135185781246268e+00
s766        ,  5.961954984880359e-01,  5.055900971529635e-01, -2.202598745009690e+01
s767        , -9.375424158088497e-03,  5.562868166226093e-02, -2.423458550826169e+00
s768        , -8.411067604869058e-01, -7.245210164392654e-02,  3.156369340555888e+00
s769        , -1.631013149721456e+00, -2.121402795326826e+00,  9.241872340773428e+01
s770        , -1.228187901814855e+00, -1.938966738400344e+00,  8.447091287320133e+01
s771        ,  9.328417972171988e-01,  1.149835456281231e+00, -5.009247901084685e+01
s772        , -9.596604783247586e-02, -4.576762529801482e-01,  1.993862510582019e+01
s773        , -9.831278135606507e-01, -3.349114787766864e-01,  1.459038867645565e+01
s774        , -2.033459030028846e+00, -1.765737809665591e+00,  7.692421005645087e+01
s775        , -6.607780820803044e-01, -1.385863093435671e-01,  6.037500195406630e+00
s776        ,  1.215325319114621e+00,  1.235331634687992e+00, -5.381711239117360e+01
s777        ,  4.760210780336026e-01,  2.693388840213657e-01, -1.173372443939081e+01
s778        ,  2.142801356098008e-01,  8.278259234510973e-03, -3.606416245783568e-01
s779        , -1.470608055270920e+00, -1.305215212991812e+00,  5.686158424170145e+01
s780        ,  1.453146522973686e-01, -4.049848064415461e-01,  1.764312694095883e+01
s781        ,  1.109240315344008e+00,  1.320478872800332e+00, -5.752654421872264e+01
s782        ,  7.695424724410216e-02,  1.595408520389939e-02, -6.950382977389211e-01
s783        , -7.894231608208058e-01,  5.117853191503731e-01, -2.229588174338687e+01
s784        ,  9.832415361728466e-01,  6.658299668003176e-01, -2.900682306719558e+01
s785        ,  5.886112315649437e-01,  5.073766295425529e-01, -2.210381757417147e+01
s786        , -2.620848509633372e-02,  8.075774439257194e-02, -3.518203925483047e+00
s787        ,  8.241728815006354e-01, -2.130224524730773e-01,  9.280304126173057e+00
s788        ,  4.759016983835212e-01,  2.026842587427080e-01, -8.829921639166157e+00
s789        , -1.007342786777141e+00, -5.141909023812467e-01,  2.240068076210140e+01
s790        , -8.094162460092497e-01, -2.231919324194674e-01,  9.723336612241374e+00
s791        ,  5.705555442811846e-01,  1.822706721373467e-01, -7.940605560957605e+00
s792        , -1.035864338805942e+00, -2.948486704803034e-01,  1.284505600929940e+01
s793        , -1.498582767952144e-01,  4.429530234360296e-01, -1.929720892502508e+01
s794        ,  2.280617797563588e-01,  8.923703102732757e-01, -3.887603290808057e+01
s795        , -4.151258976430172e-01, -6.724806173976118e-01,  2.929655806678496e+01
s796        ,  7.548647250689058e-01,  5.146950100318577e-01, -2.242264216690018e+01
s797        ,  1.447952712683449e+00,  1.034693227716844e+00, -4.507631810180895e+01
s798        ,  1.064853965398538e+00,  5.164473345778277e-01, -2.249898202932108e+01
s799        , -5.069554785822377e-01,  1.508121876174007e+00, -6.570119491042053e+01
s800        , -9.315847236743398e-01, -8.177628548235837e-01,  3.562576577137796e+01
s801        ,  9.104636181068654e-02,  1.741759216515404e-01, -7.587958478635314e+00
s802        , -1.700965738434856e+00, -1.420925301202113e+00,  6.190248390552263e+01
s803        , -9.506056245870035e-01, -6.056312991281100e-01,  2.638427348379380e+01
s804        ,  2.069942262873753e+00,  1.748855236073606e+00, -7.618872224496805e+01
s805        , -6.414178242260793e-01,  2.875993516206976e-01, -1.252924008030357e+01
s806        , -7.253070023190913e-01, -6.778566896973260e-01,  2.953076617661765e+01
s807        ,  5.484542484121483e-01,  2.681672115147563e-01, -1.168268063123173e+01
s808        , -1.482202071480258e+00, -9.157434217110325e-01,  3.989428042142540e+01
s809        , -1.517909024869592e-01, -4.871554828127190e-01,  2.122288512196184e+01
s810        , -5.243890825004432e-01, -9.421160837202615e-01,  4.104320308765630e+01
s811        , -8.402207079652194e-01, -4.738516318992806e-01,  2.064330404450909e+01
s812        , -1.837554634883737e+00, -1.435254966673925e+00,  6.252675450263985e+01
s813        , -1.305458046196112e+00, -8.749054590485753e-01,  3.811517822350661e+01
s814        ,  9.601020837191020e-01,  6.825051641883829e-01, -2.973327655286639e+01
s815        , -2.071547047876009e-01,  2.219565472025155e-01, -9.669517165543603e+00
s816        ,  1.086281096001821e+00,  8.628189864047896e-01, -3.758863212169985e+01
s817        , -6.950199443354254e-01, -6.765740523620409e-01,  2.947488819560279e+01
s818        , -2.042921524283320e-01, -5.573575890518584e-01,  2.428123361355788e+01
s819        , -1.174085534063621e+00, -7.493724980379365e-01,  3.264634598299438e+01
s820        , -4.418897943240204e-01, -1.208287157315798e+00,  5.263892214862593e+01
s821        , -1.211161791292892e+00, -1.351979107407546e+00,  5.889884912746323e+01
s822        ,  2.603756505819580e-01, -2.756146225955226e-01,  1.200712643015938e+01
s823        ,  6.199991222555385e-01,  7.342717798081451e-01, -3.198848454130512e+01
s824        , -1.854748548283659e+00, -1.838801465323424e+00,  8.010722169303112e+01
s825        , -2.925657132343389e-01, -1.056596433424475e-01,  4.603052930323475e+00
s826        , -1.096505403479755e+00, -8.652250871030779e-01,  3.769345368383611e+01
s827        , -6.487388694069519e-02,  1.873611867349546e+00, -8.162373374988852e+01
s828        , -5.631644114900024e-01, -7.319192036551503e-01,  3.188599477120672e+01
s829        ,  9.396149132061843e-01,  1.397938109062178e+00, -6.090104893193766e+01
s830        , -1.058909335821911e-01, -2.742739186248287e-01,  1.194871878135635e+01
s831        ,  1.916013365790170e-02,  7.789938998912680e-01, -3.393679971052919e+01
s832        ,  1.966479662680959e+00,  1.663807174398026e+00, -7.248361103003329e+01
s833        , -3.620791385089753e-01, -4.152530304861458e-01,  1.809046120485109e+01
s834        , -7.529060995547020e-01, -9.900170228514823e-01,  4.313000322494800e+01
s835        ,  8.955601758309945e-01,  7.771389376183447e-01, -3.385598844469570e+01
s836        , -3.511452156713288e-01, -9.778379714221046e-01,  4.259942393661119e+01
s837        ,  2.142601060729459e+00,  1.737314922014577e+00, -7.568596949315246e+01
s838        ,  1.028409428393702e+00,  9.546120643021628e-01, -4.158758936623152e+01
s839        , -9.381248660546658e-01, -5.540025484149660e-02,  2.413507156770539e+00
s840        ,  1.041568016558684e+00,  1.107189280471683e+00, -4.823460216858836e+01
s841        , -3.031960082211786e-01, -5.823165623874195e-01,  2.536856905891580e+01
s842        ,  1.545481033371346e+00,  1.252393136936210e+00, -5.456039521359281e+01
s843        ,  9.376075098808509e-02, -2.811883394921759e-02,  1.224994490921487e+00
s844        ,  2.260200226388619e+00,  1.910430223371665e+00, -8.322772214333807e+01
s845        ,  7.631813505267834e-02, -1.507418885321710e-01,  6.567056917669418e+00
s846        , -7.719312092337802e-01,  6.122700240182908e-02, -2.667348894101700e+00
s847        ,  8.390061559731493e-02, -6.147728898602085e-02,  2.678252606799805e+00
s848        ,  1.798212902578797e+00,  1.412661694821366e+00, -6.154248063121043e+01
s849        , -4.426333276094398e-01, -4.322527756702300e-01,  1.883105358628415e+01
s850        ,  1.776931420661177e+00,  1.564568742611768e+00, -6.816029760795470e+01
s851        ,  6.740950847184962e-01,  3.584697306697655e-02, -1.561670181720936e+00
s852        ,  5.247617444717383e-01,  1.758699495156681e-01, -7.661758651315719e+00
s853        , -6.937010389893300e-01,  3.695577955550221e-02, -1.609975237414034e+00
s854        , -3.849480547825320e-01, -3.902857291325467e-01,  1.700276295013076e+01
s855        ,  1.721123124597798e-01, -7.722341956023689e-02,  3.364231379660026e+00
s856        ,  8.284120434530070e-01,  7.105759964726139e-01, -3.095617985553767e+01
s857        , -1.430174539460575e+00, -1.730228644321963e+00,  7.537725643804261e+01
s858        , -4.661418612561535e-01, -4.522395648007524e-01,  1.970177627060016e+01
s859        ,  9.776646253335924e-01,  6.100146918125708e-01, -2.657523559480117e+01
s860        , -6.760181986005682e-01, -8.268225409614097e-02,  3.602045018924409e+00
s861        , -2.202836606256784e-01, -9.386155526489467e-02,  4.089070276401566e+00
s862        ,  1.775874489146720e-01,  4.288504673629147e-01, -1.868283232858882e+01
s863        ,  4.919397024905665e-04, -4.185156498208878e-01,  1.823259692492578e+01
s864        , -6.626061886661074e-01, -4.887336629142459e-01,  2.129163839720589e+01
s865        , -8.371406217114558e-01, -5.776352091392872e-01,  2.516462632254999e+01
s866        , -1.153749740508799e+00, -4.131011588437879e-01,  1.799671510884230e+01
s867        ,  2.473721027027026e-01,  7.057290705507385e-02, -3.074502396042012e+00
s868        ,  2.269395821593049e+00,  2.107730700945872e+00, -9.182309983649102e+01
s869        ,  4.678738330590472e-01,  2.078592683376286e-01, -9.055370470212718e+00
s870        ,  9.504545520744460e-01,  7.591914648246914e-01, -3.307410839455230e+01
s871        ,  3.278186090591084e-01,  1.027327398439318e-01, -4.475542640685676e+00
s872        , -1.060745617852256e+00, -5.021590807647736e-01,  2.187651552742106e+01
s873        , -8.092360756143714e-01, -8.285788740915544e-01,  3.609696468527650e+01
s874        , -1.497433451430839e+00, -1.393703379098043e+00,  6.071656329907067e+01
s875        , -8.298963454824552e-01, -5.793620949538616e-01,  2.523985794890848e+01
s876        , -1.395330685836568e+00, -7.563554623285352e-01,  3.295055819896797e+01
s877        , -8.863229551700670e-01, -2.302888470562291e-01,  1.003251306487357e+01
s878        ,  7.300994035482326e-01,  5.063984603154438e-01, -2.206120371911042e+01
s879        ,  1.327007379676470e+00,  1.007377254279110e+00, -4.388630015740156e+01
s880        ,  1.165217936206896e+00,  6.854865786742952e-01, -2.986316160880406e+01
s881        , -5.128601822306692e-01,  1.499606401965918e+00, -6.533021903669362e+01
s882        ,  1.082188332309200e+00,  5.978219680996210e-01, -2.604406067465102e+01
s883        ,  3.093387130541843e-01, -3.044871686059465e-01,  1.326495631974588e+01
s884        ,  7.836281255656845e-01,  3.820864917644589e-01, -1.664556390610902e+01
s885        ,  3.559456324088518e-01,  2.544314513540348e-03, -1.108428346597354e-01
s886        ,  1.369087292176832e+00,  1.344961908440628e+00, -5.859314548087176e+01
s887        , -2.827754397002292e-01, -4.113973583762203e-01,  1.792248919356540e+01
s888        , -7.552424250973399e-01, -6.420627890236267e-01,  2.797140808897221e+01
s889        ,  1.207746653680362e+00,  8.903713131434333e-01, -3.878894677656291e+01
s890        , -9.666579634146734e-02,  3.922067759434392e-02, -1.708645318296143e+00
s891        ,  4.787826376712746e-01,  2.912391033860122e-01, -1.268780554105078e+01
s892        ,  1.139204080980141e+00,  8.592755914773108e-01, -3.743426443799150e+01
s893        , -1.069606673210606e+00, -1.936763696280209e+00,  8.437493753989598e+01
s894        ,  1.150226613104442e-02, -1.609609203684599e-01,  7.012248127397844e+00
s895        ,  8.523293459277042e-01,  6.904406147748680e-01, -3.007898374929493e+01
s896        , -2.385584700608096e+00, -2.067711547432110e+00,  9.007966898604280e+01
s897        , -9.548618878298403e-01, -1.528920531408316e+00,  6.660728646907540e+01
s898        ,  4.811635465516753e-02,  1.646907488049365e-01, -7.174737770283325e+00
s899        ,  1.118448561197112e+00,  1.124253133476746e+00, -4.897798740151964e+01
s900        ,  1.281569968989787e+00,  1.004777159832545e+00, -4.377302727493883e+01
s901        , -2.113499475721238e+00, -1.978234886601005e+00,  8.618162624422413e+01
s902        ,  1.947857445727211e+00,  1.675682766621351e+00, -7.300097014514719e+01
s903        , -1.628072514827294e+00, -1.405384276150973e+00,  6.122544053646611e+01
s904        , -5.933703029200499e-01,  1.184849779223504e+00, -5.161787486421309e+01
s905        , -7.688731068500246e-01, -1.001854907536296e+00,  4.364571961451270e+01
s906        ,  1.176277268616818e+00,  9.085320852197309e-01, -3.958011919091417e+01
s907        ,  5.507369645827748e-01,  6.223070955314032e-02, -2.711075306550924e+00
s908        , -2.303152982922224e-01, -2.017647877761021e-01,  8.789864968584185e+00
s909        , -8.668706479272460e-02,  4.022821751094465e-01, -1.752538704823090e+01
s910        ,  1.637183577828672e+00,  1.431469707503216e+00, -6.236185002476553e+01
s911        ,  1.126621425294678e+00,  6.938475400882900e-01, -3.022740614644910e+01
s912        , -4.659972316167655e-03, -2.295135074071043e-01,  9.998735462271483e+00
s913        ,  1.463412550315811e+00,  1.266426673336143e+00, -5.517176497412805e+01
s914        ,  6.888333030824358e-02, -5.118398107001395e-02,  2.229825566288846e+00
s915        ,  4.153763854817183e-01,  4.897920440698932e-01, -2.133774667777340e+01
s916        , -8.981673760840302e-01, -8.200446725724480e-01,  3.572517295791684e+01
s917        ,  1.165490548301742e+00,  1.447096682434461e+00, -6.304263779267637e+01
s918        , -3.127845128551579e+00, -3.150410632777809e+00,  1.372473579901272e+02
s919        ,  5.105583294163231e-01,  8.016528113634401e-01, -3.492393316612756e+01
s920        ,  1.771894143640764e+00,  1.676000709284388e+00, -7.301482128888073e+01
s921        , -9.056974563096514e-01, -2.218807434695906e-01,  9.666214782685538e+00
s922        , -1.410433837530576e+00, -1.159248028858285e+00,  5.050253689493677e+01
s923        ,  4.793953840304336e-01,  2.341626986572373e-01, -1.020127706406540e+01
s924        ,  1.135546937050434e+00,  1.503921600951228e+00, -6.551821029528494e+01
s925        , -1.660407611730610e+00, -1.660423978797626e+00,  7.233622241570868e+01
s926        ,  1.324119315063384e+00,  8.727498764423967e-01, -3.802127045969018e+01
s927        ,  1.539392353089735e+00,  1.184619995810545e+00, -5.160786437033954e+01
s928        ,  9.855836123941223e-01,  7.727081110518065e-01, -3.366295988084983e+01
s929        , -2.495918760023568e-01, -2.970809516233680e-01,  1.294230513802858e+01
s930        ,  1.838769784503462e-01,  3.728869165338992e-01, -1.624478523240563e+01
s931        , -8.638799567978230e-01, -1.047946367679939e+00,  4.565368996123686e+01
s932        ,  5.236538255108801e-02, -3.904455369885122e-01,  1.700972496511037e+01
s933        , -8.753815959596397e-01, -1.534027619659325e+00,  6.682977631283757e+01
s934        ,  2.186233935344458e+00,  1.665211339733441e+00, -7.254478336752540e+01
s935        ,  1.613974894427503e+00,  1.580288740862849e+00, -6.884513792849030e+01
s936        ,  1.035578030022412e+00,  1.419135531119258e+00, -6.182451273162994e+01
s937        , -8.171291125163769e-01, -1.873417982885922e-01,  8.161528719053846e+00
s938        ,  4.014725274785205e-02, -3.145165898013872e-01,  1.370188715883168e+01
s939        ,  1.057305901451997e+00,  1.133389299445786e+00, -4.937600365640527e+01
s940        , -3.957202982614637e-01, -1.538940172857832e-01,  6.704379125440326e+00
s941        ,  9.864841851237819e-01,  6.832375903266935e-01, -2.976518463220061e+01
s942        ,  1.279801670109016e+00,  9.025488014578430e-01, -3.931945796793567e+01
s943        ,  4.132936671989457e-01,  2.364014704987509e-01, -1.029880895949311e+01
s944        ,  1.282832595601720e+00,  9.173479379211767e-01, -3.996418102689037e+01
s945        ,  4.840279729543951e-01,  5.783997704615642e-01, -2.519793436830504e+01
s946        , -8.681769341819047e-01, -9.471955389126698e-01,  4.126448909968725e+01
s947        ,  3.232932517737256e-03, -3.878458199587536e-02,  1.689646852477740e+00
s948        ,  1.167684526421475e+00,  8.596739904617060e-01, -3.745162065418290e+01
s949        ,  6.583480301151363e-02,  8.137150451599715e-02, -3.544942330471710e+00
s950        , -1.242753674158428e+00, -5.958785560378614e-01,  2.595939610166255e+01
s951        ,  2.310361811645397e+00,  1.965375539344349e+00, -8.562140992889969e+01
s952        , -1.119290121794750e+00, -1.176808460918732e+00,  5.126755555008789e+01
s953        , -1.683258967109912e+00, -1.493173617000193e+00,  6.504997533389552e+01
s954        , -9.643407255924855e-01, -9.546566915698523e-01,  4.158953354916474e+01
s955        ,  1.355195898291680e+00,  1.234889907943434e+00, -5.379786860497845e+01
s956        , -1.419644027773449e+00, -1.244948618259563e+00,  5.423607542199253e+01
s957        ,  7.507017303053017e-01,  8.532073721586838e-01, -3.716990300506558e+01
s958        , -6.248853964214247e-01, -8.499814978920640e-01,  3.702936808060358e+01
s959        ,  4.741402585439857e-01,  4.744753706869563e-01, -2.067047716911502e+01
s960        ,  1.748017862668237e+00,  1.296424403333163e+00, -5.647861340364913e+01
s961        ,  8.462482137940457e-02,  1.767778326844213e-01, -7.701310500518694e+00
s962        ,  7.563555564957672e-01,  9.183551203167860e-01, -4.000805883804721e+01
s963        ,  5.141335492556059e-01, -2.654360238098719e-01,  1.156369668267268e+01
s964        ,  1.406034132046022e+00,  1.093438300140504e+00, -4.763554193796551e+01
s965        ,  2.420661684207245e-01,  3.032983715797011e-01, -1.321316648341747e+01
s966        ,  1.305187256819844e+00,  1.182683674580387e+00, -5.152350870879673e+01
s967        , -1.065928149752257e+00,  1.446719706079320e-02, -6.302621485141340e-01
s968        ,  1.019284942775861e-01, -8.697709654109012e-02,  3.789149446652101e+00
s969        , -4.350166918309603e-01, -6.403092677027561e-01,  2.789501608915959e+01
s970        ,  1.624604127608152e-01, -1.925390554973851e-01,  8.387946765412780e+00
s971        ,  5.357086935063688e-01,  9.368233044778087e-01, -4.081262363242786e+01
s972        ,  4.526177537044205e-01,  1.200880747608534e-01, -5.231626257087463e+00
s973        ,  2.518105508318819e-02, -4.063026010584190e-01,  1.770053654580769e+01
s974        ,  1.381098824526411e-01,  1.819033827544430e-01, -7.924604631778124e+00
s975        ,  7.774949586651241e-02, -4.588903733885656e-01,  1.999151815303234e+01
s976        , -6.716438652263078e-01, -3.383014511079628e-01,  1.473807251845598e+01
s977        ,  5.126581856654772e-01,  4.638087329537059e-01, -2.020578604844177e+01
s978        ,  1.652033990012039e+00,  1.277364426043067e+00, -5.564826719442785e+01
s979        , -5.079779506789148e-01,  5.292944011107693e-02, -2.305866333601290e+00
s980        ,  1.486324502914815e+00,  1.271078463622248e+00, -5.537441980269212e+01
s981        , -6.471792492072077e-01, -6.697979054712876e-01,  2.917968596119156e+01
s982        , -4.819216106830154e-01, -5.037885789368439e-01,  2.194750446982734e+01
s983        ,  9.658446198162700e-01,  6.033623568431750e-01, -2.628542721569159e+01
s984        , -6.852585050477367e-01, -1.233041986512615e+00,  5.371736407280274e+01
s985        ,  1.854305119617258e+00,  1.681858680871041e+00, -7.327002329813129e+01
s986        , -4.521581959933576e-01, -6.227241982185454e-01,  2.712892410684150e+01
s987        , -2.521511431321029e-01, -5.515397961070503e-01,  2.402778198325263e+01
s988        , -5.979353596012116e-01, -7.173016906794610e-01,  3.124918412327833e+01
s989        ,  5.009353081364425e-02,  1.341621943032084e-01, -5.844764018599608e+00
s990        , -8.490157785255917e-01, -4.730408104013427e-01,  2.060798067833081e+01
s991        ,  1.777005115889338e+00,  1.265185113853326e+00, -5.511767654608909e+01
s992        ,  1.436402784430078e-01, -3.604818482057786e-01,  1.570435953805093e+01
s993        , -7.746133794839222e-01, -4.801588392924489e-01,  2.091807697156873e+01
s994        , -3.519374423249963e-01,  5.821034694203707e-01, -2.535928568282837e+01
s995        ,  2.515821213310820e+00,  2.160057333733889e+00, -9.410270492287388e+01
s996        , -9.307341685855109e-01, -4.447522671477903e-01,  1.937559281671540e+01
s997        ,  9.020799685707303e-01,  6.199225320371384e-01, -2.700686976974401e+01
s998        ,  7.128984046028965e-02,  1.748590603602496e-01, -7.617719355498674e+00
s999        ,  5.124895301791403e-01,  1.804694185531215e-01, -7.862134109352838e+00
s1000       , -1.908214440895996e+00, -1.731598200566369e+00,  7.543692103357432e+01
s1001       , -6.478798150695012e-01, -6.674986566976520e-01,  2.907951939361453e+01
s1002       ,  1.628384326110677e+00,  1.102830592389512e+00, -4.804471631137439e+01
s1003       , -1.320631610111836e+00, -8.642698004585763e-01,  3.765183670644371e+01
s1004       ,  3.127068110729108e-01,  5.540233075334947e-01, -2.413597593685069e+01
s1005       , -8.308586454054456e-02, -7.255455781958887e-02,  3.160832834702691e+00
s1006       , -4.431446782915395e-01, -1.560247311581845e+00,  6.797203485089615e+01
s1007       ,  8.915087432489126e-01,  6.349164969592408e-02, -2.766008051311302e+00
s1008       , -4.555641263772588e-01,  3.617994280466301e-01, -1.576175978620154e+01
s1009       , -1.076167756737711e+00, -5.073550077202931e-01,  2.210287562141488e+01
s1010       , -5.741566073917021e-02, -8.493802388522396e-02,  3.700317428420629e+00
s1011       , -6.851232733351752e-01,  1.167993078038358e-01, -5.088351418182446e+00
s1012       ,  1.183771163089419e+00,  8.343037408865144e-01, -3.634636799615876e+01
s1013       ,  5.720663447691927e-01,  3.641065860061703e-01, -1.586227091675647e+01
s1014       ,  1.639794129625306e+00,  1.226156684442606e+00, -5.341740650275113e+01
s1015       ,  1.278838546119833e+00,  1.355303196290095e+00, -5.904366276290089e+01
s1016       , -1.591656559306218e+00, -1.328906750232205e+00,  5.789370394671324e+01
s1017       , -2.238585492043279e-01, -4.799522200591314e-01,  2.090907562311347e+01
s1018       ,  1.969653626448107e+00,  1.775400360371316e+00, -7.734515821540147e+01
s1019       , -1.095283509128894e+00, -6.618206761183265e-01,  2.883215867653094e+01
s1020       ,  2.026970585970871e+00,  1.732593144163129e+00, -7.548026566255179e+01
s1021       , -1.076267557425617e+00, -3.879572204045754e-01,  1.690132167525503e+01
s1022       ,  2.061743967154248e+00,  1.699500830747057e+00, -7.403860198262304e+01
s1023       , -7.584250456952716e-01, -1.195683861305202e+00,  5.208986068297928e+01
s1024       ,  1.053814834881829e+00,  7.512554855265764e-01, -3.272837816484880e+01
s1025       ,  2.675022500952487e-01,  2.825653265628539e-01, -1.230993322802954e+01
s1026       ,  1.191217039336654e+00,  9.564651300181424e-01, -4.166831800873106e+01
s1027       , -1.091104512041814e+00, -9.092734426646931e-01,  3.961241636182546e+01
s1028       ,  4.058140530066474e-01,  1.338438654122688e-01, -5.830896048881999e+00
s1029       , -2.810797283104409e-01,  3.240735482242284e-02, -1.411823519940408e+00
s1030       , -5.114017609957666e-01, -6.432999454978101e-01,  2.802530470033310e+01
s1031       ,  7.568139692128296e-01,  3.239886488297376e-01, -1.411453656486203e+01
s1032       ,  1.164702788614623e+00,  8.566755878695459e-01, -3.732099551291303e+01
s1033       , -8.951823961598004e-01, -3.387370673335717e-01,  1.475705010043860e+01
s1034       ,  1.875078712098186e+00,  1.415103987270465e+00, -6.164887888373998e+01
s1035       ,  5.020924654475383e-01,  4.654033965055328e-01, -2.027525742372672e+01
s1036       ,  2.037733904983300e+00,  1.985028615305017e+00, -8.647759442876045e+01
s1037       ,  7.899885329373273e-01,  2.535040355502204e-01, -1.104388067927042e+01
s1038       , -1.481530067718233e+00, -1.118112208617070e+00,  4.871045855818817e+01
s1039       , -1.299957501960030e+00, -1.175659886576151e+00,  5.121751801138281e+01
s1040       ,  7.907676425376595e-02, -3.008532568100797e-02,  1.310664527674659e+00
s1041       , -2.182521057971927e+00, -2.227349602438070e+00,  9.703428660201115e+01
