# c0 + a0 * (VPA - E_T)
# Property Label: $ln_{D}$; Unit of the Property: Unitless
# RMSE: 0.448635096952508; Max AE: 2.30079039279759
# Coefficients
# Task   a0                      c0
# all ,  2.282180849512826e-02,  4.068984302937630e-16, 
# Feature Rung, Units, and Expressions
# 0;  1; Unitless;                                         4|0|sub; (VPA - E_T); $\left(VPA - E_{T}\right)$; (VPA - E_T); (newdata$VPA - newdata$E_T); VPA,E_T
# Number of Samples Per Task
# Task, n_samples               
# all , 1041                  

# Sample ID , Property Value        ,  Property Value (EST) ,  Feature 0 Value      
s1          , -1.176056511198248e+00, -6.352440711044220e-01, -2.783495756876705e+01
s2          , -1.455476726264239e+00, -1.756501359215340e+00, -7.696591440552569e+01
s3          ,  1.360540424298584e+00,  1.139710234404405e+00,  4.993952318229719e+01
s4          ,  5.214207269978391e-01,  1.810770823111605e-01,  7.934387949570882e+00
s5          ,  9.232192651096478e-02, -2.248388659866649e-01, -9.851930272513741e+00
s6          , -8.371953399684261e-01, -1.938741865485100e-01, -8.495128096000650e+00
s7          , -7.203728580649982e-01,  1.298537717481666e-01,  5.689898404672262e+00
s8          , -2.733255709368181e-01, -1.103250675734436e+00, -4.834194783336063e+01
s9          , -1.521729831673386e+00, -1.091760433393523e+00, -4.783847141766088e+01
s10         ,  3.230218919710685e-01,  3.608942896152768e-01,  1.581357102756848e+01
s11         ,  4.593978616455925e-01, -1.788866159807973e-01, -7.838406672240037e+00
s12         ,  2.356762313996669e-01,  8.028673057496782e-01,  3.517982836115134e+01
s13         ,  1.907045033118390e+00,  1.704496331854286e+00,  7.468717179964690e+01
s14         ,  1.054844414236797e+00,  4.578410437251282e-01,  2.006155839152110e+01
s15         , -6.375331890789701e-01, -8.578128532260357e-01, -3.758741790376308e+01
s16         , -1.315170182182296e+00, -6.698089353427241e-01, -2.934951169560939e+01
s17         ,  8.942625882950092e-01,  7.307141301373639e-01,  3.201823949637242e+01
s18         , -4.582075442603601e-01, -5.844021230170922e-01, -2.560717846448690e+01
s19         , -7.693791289946220e-01, -6.369192936996383e-01, -2.790836203167689e+01
s20         ,  3.128393520635399e-01, -1.015699267997742e-01, -4.450564328478023e+00
s21         , -1.098688503016758e+00, -1.056953334773339e+00, -4.631330312840747e+01
s22         ,  1.599324596570011e+00,  1.513473417104432e+00,  6.631697998112249e+01
s23         , -1.314277649873613e+00, -1.520645685442295e+00, -6.663125254805750e+01
s24         ,  1.052755589569482e-01,  3.581757688497723e-02,  1.569445159993466e+00
s25         , -1.088909426848386e+00, -6.940040331036310e-01, -3.040968612333153e+01
s26         ,  1.095156312501731e+00,  7.207445111490284e-01,  3.158139335464515e+01
s27         ,  2.628094430707173e-03, -1.162397580869433e-01, -5.093363136044072e+00
s28         ,  1.859558668493155e+00,  1.390625773430833e+00,  6.093407425304122e+01
s29         , -1.265074927670763e+00, -1.182169930304036e+00, -5.180001096566878e+01
s30         ,  1.657227749413040e+00,  1.427492372087844e+00,  6.254948517303387e+01
s31         ,  2.746080273692961e-01,  6.062688970987935e-01,  2.656533101783815e+01
s32         , -6.897019771020165e-01, -9.925478699681486e-01, -4.349120141727711e+01
s33         , -1.405625106938475e+00, -1.552321683004410e+00, -6.801922307497156e+01
s34         , -1.474210819660272e+00, -1.569317184330122e+00, -6.876392748038010e+01
s35         , -1.171464689733801e+00, -5.539173123795669e-01, -2.427140305282166e+01
s36         , -1.148641161041122e+00, -8.852302612229364e-01, -3.878878667358486e+01
s37         , -1.078435221245579e+00, -1.035784897616115e+00, -4.538575011867370e+01
s38         , -4.378262290801383e-01, -1.929383083187369e-01, -8.454120029967109e+00
s39         , -6.410161109102297e-01,  8.424885352358552e-01,  3.691594097004624e+01
s40         ,  1.431814259493607e-01,  5.732855628604318e-01,  2.512007595641729e+01
s41         ,  3.398432822287206e-01,  6.039840248513180e-01,  2.646521308687036e+01
s42         ,  8.067612274639525e-01,  1.055714905220879e-01,  4.625903794812041e+00
s43         , -1.242741757202650e+00, -3.834367562097887e-01, -1.680133089766487e+01
s44         ,  1.711958335245295e-01,  5.397516806176070e-02,  2.365069712739124e+00
s45         ,  4.644113787063103e-01,  2.395168981559351e-01,  1.049508842417392e+01
s46         ,  5.605068277705415e-02, -3.778026079735480e-01, -1.655445527264841e+01
s47         ,  9.066999267258494e-01,  5.102733294182344e-01,  2.235902249057788e+01
s48         ,  1.579727584566370e+00,  1.227207495959600e+00,  5.377345516774314e+01
s49         , -6.435089824614265e-01, -1.246581450997257e+00, -5.462237803210747e+01
s50         , -2.217827055817793e-02, -5.505539141678457e-01, -2.412402655492320e+01
s51         , -9.869737286665018e-01, -8.768046827506413e-01, -3.841959689293738e+01
s52         , -6.291725742859308e-02, -1.544920272062397e-01, -6.769490999769775e+00
s53         ,  7.061953554227811e-01,  1.632497966594998e+00,  7.153236637418480e+01
s54         , -1.923256326608463e+00, -2.202261617647951e+00, -9.649812012567126e+01
s55         ,  1.449677165676465e-01, -1.823506979368718e-01, -7.990194903957695e+00
s56         , -1.428251212735210e+00, -1.126579234752348e+00, -4.936415249443696e+01
s57         , -7.632144013758455e-01, -3.498184579417860e-01, -1.532825314945841e+01
s58         , -2.465293161402924e+00, -2.371773089176322e+00, -1.039257291849865e+02
s59         , -8.768884797438996e-03, -1.895586786646272e-03, -8.306032306998490e-02
s60         ,  1.714446572989188e+00,  1.214533442494355e+00,  5.321810682766964e+01
s61         ,  1.653657662090557e+00,  1.046217889144666e+00,  4.584290019645026e+01
s62         ,  2.913807026429409e-01, -1.563299603376501e-02, -6.850025070144012e-01
s63         , -1.790911115854549e+00, -1.462704504729360e+00, -6.409240113646568e+01
s64         , -5.454632126173593e-01,  4.085356940590673e-02,  1.790110955256998e+00
s65         , -1.096531543219279e+00, -5.982749173862139e-01, -2.621505291808610e+01
s66         , -9.925198589409868e-01, -9.711959117450532e-01, -4.255560692976516e+01
s67         , -4.301391331597769e-01,  2.030606316025943e-01,  8.897657328337541e+00
s68         , -1.496017763262518e+00, -1.449930196118080e+00, -6.353265984278131e+01
s69         , -5.130334975012112e-01, -2.999429318696556e-01, -1.314282047076525e+01
s70         , -1.298331351434060e+00, -4.176885904748346e-01, -1.830216875950030e+01
s71         ,  8.978734253548585e-01,  2.882859870451917e-02,  1.263203952950213e+00
s72         , -8.703072211857277e-01, -3.274686559183349e-01, -1.434893540484487e+01
s73         ,  1.052659824554331e+00,  8.743792877702825e-01,  3.831332157383297e+01
s74         , -1.304189005820537e+00, -1.378297198813317e+00, -6.039386401421872e+01
s75         , -7.491961797362119e-01, -2.058185470856774e-01, -9.018502943340955e+00
s76         ,  1.130323653742102e+00,  5.140437943058792e-01,  2.252423572897875e+01
s77         ,  1.083046725976420e+00,  1.083185134803418e+00,  4.746272124028400e+01
s78         ,  1.592651226510811e+00,  1.283698722296664e+00,  5.624877285999019e+01
s79         , -5.815008980639539e-01, -4.272051346270329e-01, -1.871916218726610e+01
s80         , -2.983814549448998e-01, -5.508042680416398e-01, -2.413499649509458e+01
s81         ,  1.752594407670262e+00,  1.500298551338662e+00,  6.573968717943312e+01
s82         ,  2.898444462079387e-01,  1.829879615020162e-01,  8.018118351184917e+00
s83         ,  1.476200951700887e+00,  1.191977541133403e+00,  5.222975827651224e+01
s84         , -3.835514085014881e-01, -1.261058563830569e+00, -5.525673235316849e+01
s85         ,  4.460752375789071e-01,  6.173585503211280e-01,  2.705125452493891e+01
s86         , -5.546686089820558e-01,  2.477253643072326e-01,  1.085476483426429e+01
s87         ,  8.762923637719959e-02, -1.987910397953211e-02, -8.710573477897724e-01
s88         ,  4.367974440523036e-01,  1.020188646158191e-01,  4.470235767581544e+00
s89         , -5.727247528300363e-01, -2.834154780012074e-01, -1.241862484569127e+01
s90         ,  4.181427428933503e-02, -2.829269487671274e-01, -1.239721860024913e+01
s91         , -8.667270491804479e-01, -4.608731714100432e-01, -2.019441936463648e+01
s92         ,  8.549438204377635e-01,  8.143797754911234e-01,  3.568427873123935e+01
s93         , -1.173621714519396e+00, -7.961853645344086e-01, -3.488704081906435e+01
s94         , -2.684963611581566e-01, -1.869224206563276e-01, -8.190517447214145e+00
s95         ,  9.260657816336888e-01,  6.961045166946228e-01,  3.050172456066393e+01
s96         , -2.278868324329024e-01, -4.499340270918812e-01, -1.971509081709841e+01
s97         , -1.648661305544417e+00, -1.825942494688184e+00, -8.000866780903738e+01
s98         ,  5.404249878717727e-01,  8.579110854062753e-01,  3.759172221559093e+01
s99         ,  1.310930209873364e+00,  8.440643715310989e-01,  3.698499055021340e+01
s100        ,  7.521780108780159e-02,  4.471796810841522e-01,  1.959440160842690e+01
s101        , -1.544763391692015e-01,  1.447428348225056e-01,  6.342303453006504e+00
s102        ,  1.059402820517896e+00,  4.924723374190474e-01,  2.157902330677144e+01
s103        , -3.987127671222759e-01, -8.920063186375528e-02, -3.908569817453214e+00
s104        ,  1.672104507359812e+00,  1.602103820145506e+00,  7.020056366205614e+01
s105        , -3.729535248655157e-01, -4.851772451298004e-01, -2.125936887225090e+01
s106        , -9.091422672215730e-01, -4.995166074288059e-01, -2.188768727664319e+01
s107        ,  4.095288752140306e-01, -7.829545936507408e-02, -3.430729838162830e+00
s108        , -8.642846593415402e-01, -4.207996699285415e-01, -1.843848922044760e+01
s109        ,  1.308766037007560e+00,  5.839490025501231e-01,  2.558732375108561e+01
s110        , -1.060518384725506e+00, -9.871168868903727e-01, -4.325322802971954e+01
s111        , -9.347636068172456e-01, -3.637436709222350e-01, -1.593842446797690e+01
s112        , -1.677387906237608e+00, -7.711984144111155e-01, -3.379216921287122e+01
s113        , -2.426092490978830e-01,  1.256654430883569e-01,  5.506375321446684e+00
s114        , -1.644000182446823e+00, -1.251801464684917e+00, -5.485110721843704e+01
s115        , -2.329704376178373e+00, -2.550510789700164e+00, -1.117576107189147e+02
s116        , -5.268968759749211e-01,  3.206270135683235e-01,  1.404915012045460e+01
s117        ,  1.742591906297736e+00,  1.385118152365781e+00,  6.069274276232139e+01
s118        ,  1.515143207668377e+00,  1.232026793908070e+00,  5.398462589724511e+01
s119        , -4.303518965464308e-02, -1.191811597802354e-01, -5.222248701529383e+00
s120        , -2.251286346153320e-01,  1.543599205624845e-01,  6.763702385612212e+00
s121        , -3.744651294305373e-01, -2.879567185059584e-01, -1.261761172728395e+01
s122        ,  1.754705398768575e+00,  1.359863665531618e+00,  5.958614830292287e+01
s123        ,  1.494372078098040e+00,  1.108064973950915e+00,  4.855289948592163e+01
s124        ,  4.706190523857749e-01,  4.891362615993592e-01,  2.143284401425829e+01
s125        , -2.939771406988250e-01, -8.226804418925842e-01, -3.604799514763263e+01
s126        ,  1.907608110252774e-01,  1.718604630663423e-01,  7.530536552483504e+00
s127        ,  1.175241554433439e+00,  9.961079716544550e-01,  4.364719701627030e+01
s128        , -9.405598864666275e-01, -4.258090633598035e-01, -1.865798950379856e+01
s129        ,  8.848224007924820e-01,  8.330656625304490e-01,  3.650305201309011e+01
s130        , -8.567501741532092e-01,  6.054480079860606e-01,  2.652936151468032e+01
s131        ,  4.181459542201291e-01,  2.177571966541564e-01,  9.541627548957845e+00
s132        ,  1.352109327204641e+00,  1.103419622681673e+00,  4.834935070624302e+01
s133        ,  3.377243561871698e-01,  2.849223085487174e-01,  1.248465075016027e+01
s134        ,  1.167150831191734e+00,  8.838324107783178e-01,  3.872753603059056e+01
s135        , -7.551299954675708e-01, -8.717750682626677e-01, -3.819921056864379e+01
s136        , -1.288171140802968e+00, -1.043939812167966e+00, -4.574308001886944e+01
s137        ,  7.561360588094119e-01,  1.067075338607849e+00,  4.675682642923041e+01
s138        , -4.177976720303577e-01, -2.377380195923587e-01, -1.041714199131540e+01
s139        ,  3.703571329650210e-01,  2.005756408904785e-01,  8.788770659139246e+00
s140        ,  6.601089262860428e-01,  1.185582121087819e-02,  5.194952544365024e-01
s141        , -1.578466378610989e-01, -4.568330751602904e-01, -2.001739149015339e+01
s142        ,  1.583934988818062e+00,  1.135554923894319e+00,  4.975744687966880e+01
s143        , -6.655556961981216e-01, -8.418583304396289e-02, -3.688832682209840e+00
s144        , -1.444363515954881e+00, -1.781235867465058e-01, -7.804972458012257e+00
s145        , -7.857021391434503e-01, -8.115783667855383e-01, -3.556152734165591e+01
s146        , -1.297382615214570e+00, -8.261117634622726e-01, -3.619834789335919e+01
s147        , -5.360922680501714e-01, -6.129268192844509e-01, -2.685706610040532e+01
s148        , -6.315112169106484e-01, -2.752675124401091e-01, -1.206159943454396e+01
s149        ,  1.034538941403273e+00,  9.545319606576674e-01,  4.182543030546547e+01
s150        , -1.132891587887058e+00, -3.505685710736098e-01, -1.536112140930661e+01
s151        ,  5.509532181847399e-02,  4.738017128797204e-02,  2.076091879312974e+00
s152        , -1.325344879425763e-01, -5.380100557120490e-01, -2.357438306551813e+01
s153        , -1.431235874103281e+00, -9.498937477346899e-01, -4.162219431196537e+01
s154        ,  3.955605453613595e-01,  4.657697428345213e-02,  2.040897604297856e+00
s155        , -6.583727769299562e-02, -1.000033464027984e+00, -4.381920320825846e+01
s156        ,  1.360777508064747e+00,  1.265542770412372e+00,  5.545322013733159e+01
s157        ,  1.886695766984781e-01,  4.900113611581441e-01,  2.147118889647794e+01
s158        , -5.322620015856455e-01, -3.543670537274221e-01, -1.552756232281367e+01
s159        , -9.397989837818175e-01, -5.297394229920963e-01, -2.321198265707906e+01
s160        ,  1.011185408564766e+00,  7.421607978590929e-01,  3.251980657087367e+01
s161        ,  8.691500702744535e-01,  2.544961496997313e-01,  1.115144532713338e+01
s162        , -7.631554763960900e-01, -6.656621211698160e-01, -2.916780768324800e+01
s163        , -1.913891772907037e-01, -4.516892655984817e-01, -1.979200139616032e+01
s164        , -1.172488852060699e+00, -1.280483710261214e+00, -5.610789830852178e+01
s165        , -7.847148269254141e-01,  5.696819118065993e-02,  2.496217212269590e+00
s166        ,  6.442637705728566e-01,  7.354741289484769e-01,  3.222681187187585e+01
s167        ,  1.426867873093048e-01, -3.486618222083517e-01, -1.527757198921288e+01
s168        , -1.763664779687589e+00, -2.009467424064824e+00, -8.805031487727112e+01
s169        , -1.122536795524768e+00, -1.442393826247047e+00, -6.320243317066453e+01
s170        ,  1.958646106185055e-01, -1.172318123027385e-01, -5.136832706652682e+00
s171        , -1.074510878859395e+00, -5.606531262970802e-01, -2.456655117480118e+01
s172        , -3.012776379076099e-01, -4.444434361277483e-01, -1.947450554685986e+01
s173        , -7.731154552407105e-01, -5.472548351777070e-01, -2.397946837975304e+01
s174        , -1.035147889271374e+00, -9.565338947356106e-01, -4.191315052616452e+01
s175        ,  5.473686561230826e-01,  4.576841461708874e-01,  2.005468349577064e+01
s176        , -1.268948530849032e+00, -9.049305565239554e-01, -3.965200902974583e+01
s177        ,  1.005563615864533e-01,  3.653585796250108e-01,  1.600918611261693e+01
s178        ,  1.242644395595530e+00,  5.444483889472120e-01,  2.385649625722844e+01
s179        , -1.576962637744264e+00, -1.148968631777956e+00, -5.034520520243720e+01
s180        ,  1.737282181449411e+00,  1.347570588190901e+00,  5.904749347443543e+01
s181        ,  2.233856545359632e+00,  1.862308179500437e+00,  8.160212981797567e+01
s182        , -1.711402508932139e+00, -1.623408677295923e+00, -7.113409428715828e+01
s183        , -7.106254116747583e-01, -7.851087954453208e-01, -3.440169062907163e+01
s184        , -1.590416334708451e+00, -1.373104707781480e+00, -6.016634080838053e+01
s185        , -1.868355490710606e+00, -1.642208247455819e+00, -7.195784890607506e+01
s186        , -2.760321167234583e-01, -2.268799563205327e-01, -9.941366231732461e+00
s187        , -4.966273090043231e-02, -3.205610047098977e-01, -1.404625776166371e+01
s188        , -1.015813052583435e+00, -1.011695085957871e+00, -4.433018908969620e+01
s189        , -2.906800910340787e-01, -1.886105218391214e-01, -8.264486220685983e+00
s190        ,  5.354894060030271e-01,  2.515674396370136e-01,  1.102311588017729e+01
s191        ,  1.753961104841035e+00,  1.552501413166929e+00,  6.802709844394406e+01
s192        ,  1.693846989966433e+00,  1.235661284299751e+00,  5.414388104095808e+01
s193        , -1.325060983901232e+00, -1.183587233002107e+00, -5.186211396238673e+01
s194        , -3.735061674670884e-01, -4.641636311305004e-01, -2.033859986291556e+01
s195        ,  5.549893676077536e-01,  1.014232887735370e-01,  4.444138982026216e+00
s196        ,  5.156221309853631e-01,  5.214458896960997e-01,  2.284857879722423e+01
s197        ,  4.039259378191074e-02, -2.095774884282791e-01, -9.183211246077089e+00
s198        , -1.147577574253399e-01,  4.253386755085229e-01,  1.863737817269473e+01
s199        , -8.191010016050872e-02,  5.081273194505486e-01,  2.226498919044989e+01
s200        ,  1.189193657309887e+00,  9.182708259001866e-01,  4.023654944331901e+01
s201        ,  6.533862606425194e-01,  1.561727289053712e-01,  6.843135544613338e+00
s202        , -8.110875660980833e-01, -8.173918561302708e-01, -3.581626128817787e+01
s203        , -8.655630508261463e-01, -1.300063738694062e+00, -5.696585084269660e+01
s204        , -3.544918020535805e-01, -4.917970638487699e-01, -2.154943434714008e+01
s205        , -3.633282890048445e-01, -9.775214129826570e-02, -4.283277607869381e+00
s206        , -5.026824938914743e-01, -4.276486951830868e-01, -1.873859800700619e+01
s207        ,  4.240041451428595e-01,  1.831591188376200e-01,  8.025618078283248e+00
s208        , -8.062259524963590e-01, -1.031449396316776e+00, -4.519577826345176e+01
s209        ,  3.099661283982239e-01, -9.625256991273340e-02, -4.217569783449927e+00
s210        , -3.065562839865105e-01, -3.955720930280454e-01, -1.733307389344223e+01
s211        , -4.563063004879184e-01, -4.578012055937553e-01, -2.005981277476243e+01
s212        ,  4.998062981764828e-01,  4.858982994928284e-01,  2.129096384261361e+01
s213        ,  6.563519744665959e-01,  7.111365680965208e-01,  3.116039503391353e+01
s214        ,  1.142353378029062e+00,  7.550604815014719e-01,  3.308504151468334e+01
s215        , -1.476327451002582e-01, -6.163639000625976e-01, -2.700767120161280e+01
s216        , -1.905199100184842e-01,  3.595362504126803e-01,  1.575406482310241e+01
s217        , -2.414550310188500e-01, -4.584314573710399e-01, -2.008742898131412e+01
s218        , -1.293237902229174e+00, -1.104849415100697e+00, -4.841200097426758e+01
s219        ,  2.482302713119656e-01, -3.780791549939692e-01, -1.656657293722702e+01
s220        , -2.000823243837164e-01,  5.118454108737329e-02,  2.242790754216484e+00
s221        , -6.698961632051862e-01, -1.097985309734665e+00, -4.811123141135161e+01
s222        ,  1.037060196097378e+00,  7.526397378135377e-01,  3.297897000468662e+01
s223        , -1.623853301049458e-01, -3.486003802193759e-01, -1.527487974030592e+01
s224        , -6.705934431510087e-01, -6.668844659089846e-01, -2.922136806341811e+01
s225        , -1.448990103249857e+00, -7.123144119270792e-01, -3.121200548497883e+01
s226        , -1.718251341837416e+00, -9.352354120711908e-01, -4.097989921661268e+01
s227        ,  1.227776018054062e-01,  1.582769409883402e-01,  6.935337356026231e+00
s228        ,  4.264100451543563e-01, -9.920169474402708e-02, -4.346793759364160e+00
s229        ,  4.451483651439820e-01, -1.731573419676306e-01, -7.587362850958751e+00
s230        ,  1.833521503477001e+00,  1.579025563152298e+00,  6.918932666924140e+01
s231        ,  5.465231310557156e-01,  2.757665029885122e-01,  1.208346407110459e+01
s232        , -9.701705002670065e-01, -6.615042015542050e-01, -2.898561705552020e+01
s233        , -4.717599438000208e-01,  3.052568895351805e-01,  1.337566606959930e+01
s234        , -5.281115591146329e-01,  8.321035026625874e-02,  3.646089234515360e+00
s235        ,  1.986306191498733e+00,  1.817358538230794e+00,  7.963253826350977e+01
s236        , -9.106289011065025e-02, -1.141985624750708e+00, -5.003922563781423e+01
s237        , -2.049911438812475e-01,  2.236290544603993e-01,  9.798919069368962e+00
s238        , -8.473750345453807e-01,  1.690374944638273e-01,  7.406840457008965e+00
s239        ,  4.108404411494213e-01,  3.253458867766166e-01,  1.425592046511421e+01
s240        ,  7.165538551738689e-01,  7.664466863951950e-01,  3.358395924489538e+01
s241        ,  1.480467310245773e+00,  1.384245678026720e+00,  6.065451291128888e+01
s242        ,  1.377587652535837e-03, -2.499577369363255e-01, -1.095258235076699e+01
s243        ,  1.131563109684979e-01, -1.454460886943542e-01, -6.373118446130279e+00
s244        , -5.391359916687376e-01, -3.444851161919125e-02, -1.509455818391664e+00
s245        , -6.959002745715563e-01, -8.934426887384389e-01, -3.914863666168969e+01
s246        ,  1.097686348144868e+00,  1.006384130014665e+00,  4.409747501954090e+01
s247        ,  1.841111551502399e+00,  1.760931098476699e+00,  7.716001555497243e+01
s248        , -3.591369962873629e-01,  6.955452229287488e-02,  3.047721757358633e+00
s249        , -6.877465177400688e-02,  1.930923553262259e-02,  8.460870021209801e-01
s250        ,  9.781851862563173e-01,  9.622697231709456e-01,  4.216448154739181e+01
s251        , -1.545108495483156e+00, -1.107731124805760e+00, -4.853827097191822e+01
s252        ,  9.402639511564144e-01,  7.168848813836448e-01,  3.141227311309166e+01
s253        ,  3.571077652909773e-01, -1.352315179982230e-01, -5.925539074919989e+00
s254        ,  2.257901594076580e-01, -2.267883271333359e-01, -9.937351248116402e+00
s255        , -1.438850770729053e-01, -2.452351085628926e-01, -1.074564746326931e+01
s256        ,  1.248756905340010e+00,  1.100108060524972e+00,  4.820424554696486e+01
s257        , -7.549787863785817e-01, -8.246310707070826e-01, -3.613346728779693e+01
s258        ,  8.177238568000533e-01,  6.017578039188789e-01,  2.636766512379310e+01
s259        , -3.969340657877687e-01, -5.709297382800644e-01, -2.501684905479513e+01
s260        ,  1.424749928690502e+00,  9.789444131276702e-01,  4.289512872464265e+01
s261        , -2.470942124509466e-01, -4.226439960480846e-01, -1.851930341709362e+01
s262        ,  2.007985062735016e-02,  6.932278210834069e-01,  3.037567426925823e+01
s263        ,  1.714213031012279e+00,  1.402856662429365e+00,  6.147000412911317e+01
s264        , -2.919262533908621e-01,  4.742124935913379e-01,  2.077891827427117e+01
s265        , -2.155995419331203e-01,  3.740021642651524e-01,  1.638792843016756e+01
s266        , -9.362328774391201e-01, -1.776887199516486e-01, -7.785917579212881e+00
s267        ,  6.142764498338860e-01,  5.272911030088848e-01,  2.310470281623143e+01
s268        ,  8.320264617200721e-01,  1.000302658272983e+00,  4.383099869085815e+01
s269        , -4.610366351192068e-01, -6.739084687059453e-01, -2.952914396989196e+01
s270        ,  5.033046853861965e-01,  3.736472175943374e-01,  1.637237547033571e+01
s271        ,  2.731597535481846e-01, -1.633521278731213e-01, -7.157720559612629e+00
s272        , -4.876259036091397e-01, -4.033796765207723e-01, -1.767518453267547e+01
s273        ,  3.756531389576167e-01,  6.493852322288507e-01,  2.845459124624035e+01
s274        , -6.075622032726076e-01, -1.887180152268911e-01, -8.269196337668721e+00
s275        , -3.667973944341356e-01, -2.381352736367280e-01, -1.043454876451018e+01
s276        ,  9.245727537620891e-01,  5.328261238560795e-01,  2.334723490339605e+01
s277        , -9.396261947398056e-01,  1.361164198057785e+00,  5.964313469497171e+01
s278        , -1.341488674963300e+00, -1.710375809113252e+00, -7.494479718723272e+01
s279        , -1.266362915480045e+00, -1.459527507917794e+00, -6.395319232607518e+01
s280        ,  2.057477526667467e+00,  1.441658789683482e+00,  6.317022553191745e+01
s281        , -2.834398711024385e-01,  1.150512589473129e+00,  5.041285793449399e+01
s282        ,  9.178955657779987e-01,  1.184247835948639e+00,  5.189106008848677e+01
s283        ,  3.733503076570951e-01, -3.814146762511340e-01, -1.671272793006542e+01
s284        , -1.411377341359432e+00, -2.134816996396150e+00, -9.354284945699493e+01
s285        , -7.489991269044497e-01, -3.617257596806911e-01, -1.585000416412698e+01
s286        , -1.503542794535010e+00, -1.743979776158274e+00, -7.641724697368133e+01
s287        ,  6.691186599609008e-01,  7.025078727096036e-01,  3.078230512974318e+01
s288        , -7.261797515669667e-02, -6.215225428032577e-01, -2.723371125193403e+01
s289        , -2.036131017088608e+00, -2.068188386904620e+00, -9.062333457692951e+01
s290        , -3.593369916728853e-01, -6.357553656554532e-01, -2.785736133887757e+01
s291        , -9.653688942346333e-01,  8.915790778690484e-01,  3.906697745094882e+01
s292        ,  1.020142466608096e+00,  1.358400117659577e+00,  5.952201894733945e+01
s293        ,  1.809672166646086e+00,  1.517451834857984e+00,  6.649130524348725e+01
s294        , -1.362048565302476e+00, -1.281300123290402e+00, -5.614367167982852e+01
s295        ,  1.783462244939523e+00,  1.522126690883872e+00,  6.669614685482959e+01
s296        , -4.444596513339619e-01,  6.377785740730760e-01,  2.794601375299514e+01
s297        , -5.510249411793563e-01, -2.601713397548608e-01, -1.140011931177144e+01
s298        , -8.286362700584804e-01, -3.981382722625549e-01, -1.744551805995328e+01
s299        ,  6.445649183446500e-01,  3.041264415848902e-01,  1.332613239874532e+01
s300        ,  1.263431947632347e+00,  1.140282676204641e+00,  4.996460628648494e+01
s301        , -1.374060773425154e+00, -1.086672117249620e+00, -4.761551291965273e+01
s302        ,  1.535703749464311e+00,  1.330189134551800e+00,  5.828587751210659e+01
s303        , -5.834699387477037e-01,  7.176485833105674e-01,  3.144573680318816e+01
s304        , -1.532084137217445e+00, -1.674960586805938e+00, -7.339298229425989e+01
s305        ,  8.275615567870639e-01,  4.742817270270493e-01,  2.078195192674118e+01
s306        , -7.539381022379023e-01, -9.197077199875893e-01, -4.029951089038007e+01
s307        ,  1.586514123372291e-01, -5.139413333318905e-01, -2.251974612097903e+01
s308        , -5.508401709447740e-02,  1.723162933761634e+00,  7.550510005065878e+01
s309        , -5.766874189299147e-01, -1.040018502972295e+00, -4.557125712426807e+01
s310        ,  6.374709732867283e-01,  1.671424564111267e-01,  7.323804178218651e+00
s311        ,  4.080149769921139e-02, -3.702575343699484e-01, -1.622384722266805e+01
s312        ,  9.731382012764279e-01,  6.239692753045164e-01,  2.734092153291505e+01
s313        ,  1.429932001970077e-01,  3.428651255742548e-01,  1.502357386126719e+01
s314        ,  1.930683047603774e-01,  1.787893037308595e-01,  7.834142669676023e+00
s315        ,  5.348221101378693e-01,  3.266747347499969e-01,  1.431414757597897e+01
s316        , -1.241701629755850e+00, -5.951346605157152e-01, -2.607745396876668e+01
s317        ,  1.919675275186283e+00,  1.835303601525668e+00,  8.041885032544408e+01
s318        , -4.758666133750817e-02,  8.845383988348751e-02,  3.875847082950031e+00
s319        ,  1.127723396934456e-01,  5.244672929029426e-01,  2.298096984798113e+01
s320        , -2.749916285582357e+00, -2.503900789025061e+00, -1.097152659728770e+02
s321        ,  1.503561162462575e+00,  9.535966037363530e-01,  4.178444508198881e+01
s322        ,  3.544546857579591e-02, -6.760368197340734e-02, -2.962240349525280e+00
s323        , -8.304133648084051e-01, -6.612198815078950e-01, -2.897315879453835e+01
s324        ,  7.189309498557251e-01,  2.525058450198601e-01,  1.106423468033928e+01
s325        , -7.647497330279208e-02,  3.921273965218427e-03,  1.718213508826476e-01
s326        , -2.795970934311181e-01,  7.332086667368429e-01,  3.212754444475159e+01
s327        ,  9.507662038906267e-01,  1.555967441870333e-01,  6.817897197772382e+00
s328        , -4.226431741816794e-01,  3.184159004417896e-02,  1.395226414724132e+00
s329        , -6.340756771310201e-01,  2.347706745521666e-01,  1.028711964708154e+01
s330        , -4.983104214676741e-01, -2.692518300198071e-01, -1.179800584503565e+01
s331        ,  4.313976606624865e-01,  1.133540256080962e-01,  4.966916869550166e+00
s332        ,  2.872576810614043e-01,  9.727644625814970e-03,  4.262433727761368e-01
s333        , -1.428207646760553e+00, -1.191380166586020e+00, -5.220358267577007e+01
s334        ,  1.090736693025978e+00,  7.704102569393046e-01,  3.375763393614326e+01
s335        ,  8.689786106388561e-01,  6.041783338436491e-01,  2.647372726717174e+01
s336        , -6.909278893094605e-01, -6.600989235710399e-01, -2.892404095459616e+01
s337        ,  1.253402841738086e+00,  2.352256168914594e+00,  1.030705419080493e+02
s338        , -5.188757165053888e-01, -4.713008061569166e-01, -2.065133472036297e+01
s339        ,  1.328885826036196e+00,  4.693402754360889e-01,  2.056542870107239e+01
s340        ,  5.747319815580367e-01,  4.803214709787619e-01,  2.104659983810201e+01
s341        , -1.829453856971746e+00, -1.773826258040519e+00, -7.772505226389819e+01
s342        ,  6.006312482055266e-01,  7.341021589701548e-02,  3.216669525234420e+00
s343        ,  3.874115618757035e-01,  8.401723356503747e-01,  3.681445034602427e+01
s344        , -7.953203262348685e-01, -9.751408130769518e-01, -4.272846357838443e+01
s345        ,  6.299310808043834e-01,  6.988039056470645e-01,  3.062000567554656e+01
s346        , -1.002600077568548e+00, -3.750899312084054e-01, -1.643559191588501e+01
s347        ,  1.953430134440088e+00,  1.528103126362347e+00,  6.695802073216714e+01
s348        , -2.116724435810483e-01, -2.652594303514925e-01, -1.162306792680858e+01
s349        ,  5.157492200743797e-01,  2.032819281752344e-01,  8.907354043332203e+00
s350        , -1.510374771276913e-01, -3.971426930449560e-01, -1.740189403174310e+01
s351        , -7.759769648741240e-01, -7.657962304371561e-01, -3.355545773686735e+01
s352        , -3.539192931352820e-01, -8.256391939089962e-01, -3.617764096501137e+01
s353        ,  5.069167448439574e-01,  4.599764530403030e-02,  2.015512719504633e+00
s354        , -1.828973197137163e-01,  4.356534708873621e-01,  1.908934916268183e+01
s355        ,  1.624801336388416e+00,  1.330455007889839e+00,  5.829752748007895e+01
s356        , -5.658130117516301e-01, -1.622207382998714e-01, -7.108145628971553e+00
s357        ,  5.765045328570928e-01,  8.776640111039007e-02,  3.845725071662267e+00
s358        , -7.806919589092669e-02,  9.257618609612964e-02,  4.056478964666247e+00
s359        , -6.122238556537778e-01, -4.035419059145953e-01, -1.768229305756988e+01
s360        ,  7.072470066133247e-01,  8.173768429097706e-01,  3.581560344283209e+01
s361        , -8.533119485587989e-01,  1.256003756375153e-01,  5.503524213005583e+00
s362        , -3.832307428619676e-01, -7.530226553091126e-01, -3.299574858275845e+01
s363        ,  1.136620729810577e+00,  9.310891342209008e-01,  4.079821870469462e+01
s364        ,  1.183780326191236e+00,  9.066760513191149e-01,  3.972849266142345e+01
s365        , -8.620628158872323e-01, -2.054607540670614e-01, -9.002825262990060e+00
s366        , -1.425655087558077e+00, -1.120798027660864e+00, -4.911083308319408e+01
s367        , -1.566451522193896e+00, -8.387268304378753e-01, -3.675111157894948e+01
s368        ,  3.820728130067759e-01, -1.486817560445402e-01, -6.514898066745214e+00
s369        , -1.056326402261627e+00, -8.886123665777130e-01, -3.893698287615569e+01
s370        ,  1.443000454420478e+00,  7.591950688606257e-01,  3.326620977573664e+01
s371        , -5.876015246379517e-01, -4.901307961386392e-01, -2.147642226702880e+01
s372        , -1.098974443479297e+00, -6.835223837985311e-01, -2.995040397190443e+01
s373        ,  2.115861634781081e+00,  1.748150472980793e+00,  7.659999746969955e+01
s374        ,  8.889609764508162e-01,  8.380964730468774e-01,  3.672349074464385e+01
s375        , -3.861821693859098e-01, -6.331073397935996e-01, -2.774133083838419e+01
s376        , -1.647182127127575e+00, -1.826112137878455e+00, -8.001610118971392e+01
s377        , -9.921142122504716e-01, -7.013957368505712e-01, -3.073357385328589e+01
s378        , -4.827505529619482e-01, -8.793006133628328e-01, -3.852896292379880e+01
s379        ,  7.391578818969189e-01,  7.642886137085757e-01,  3.348939738372298e+01
s380        ,  9.482091524808841e-01,  8.122735683476723e-01,  3.559198950079117e+01
s381        , -2.602453229516086e-01, -1.119157625724991e-01, -4.903895438277381e+00
s382        ,  1.104663472507788e+00,  7.215574968959749e-01,  3.161701655020041e+01
s383        , -2.293659969566494e-01, -6.010813517047180e-01, -2.633802451865418e+01
s384        ,  1.124093149995714e+00,  7.632589944176380e-01,  3.344428179653551e+01
s385        , -1.028301590354242e+00, -8.211873431591767e-01, -3.598257094018096e+01
s386        , -8.502764349509152e-01, -8.033387770897533e-01, -3.520048716828210e+01
s387        ,  1.129785972964034e+00,  1.003425752774067e+00,  4.396784562399016e+01
s388        , -1.726546649489343e+00, -1.846187171197370e+00, -8.089574371774583e+01
s389        , -6.831952605802530e-01, -5.559436885742945e-01, -2.436019427176297e+01
s390        , -3.734364635864852e-02, -1.652320079063477e-02, -7.240092648294006e-01
s391        ,  4.779948697936299e-01,  3.455296442426032e-01,  1.514032703921613e+01
s392        ,  3.310220817152515e-01,  5.716658272596028e-02,  2.504910280802818e+00
s393        ,  5.553356616642980e-02, -3.156784402204382e-01, -1.383231483551472e+01
s394        ,  4.365379722541595e-01,  1.887383458758452e-01,  8.270087180695365e+00
s395        , -8.983021968784184e-01,  5.620657575597204e-01,  2.462844947979050e+01
s396        ,  1.678248791678738e-01,  1.360123415385712e+00,  5.959752995368685e+01
s397        ,  8.185692451143642e-01,  4.558889615512842e-01,  1.997602256843939e+01
s398        , -3.699760772173830e-01, -1.427674397825029e-01, -6.255746112889330e+00
s399        ,  1.905475331815307e+00,  1.667231854289335e+00,  7.305432672635195e+01
s400        ,  1.858354115946673e+00,  1.415454705805213e+00,  6.202202187908851e+01
s401        ,  1.882929356651747e+00,  1.555764332385069e+00,  6.817007217973877e+01
s402        ,  7.251022959905945e-01,  6.230399509076131e-01,  2.730020064100582e+01
s403        , -4.598852698083180e-01, -1.942985640639920e-01, -8.513723358316193e+00
s404        , -7.654208212581715e-01, -6.595111691069109e-01, -2.889828688413087e+01
s405        , -1.008550952239817e+00, -7.137451681532099e-01, -3.127469798484956e+01
s406        ,  6.851436048144010e-01,  6.721716538757282e-01,  2.945304067463432e+01
s407        ,  1.179473302867332e+00,  5.659123421312162e-01,  2.479699811047053e+01
s408        ,  1.889092138737942e+00,  1.480736613235144e+00,  6.488252732254917e+01
s409        ,  1.749725590072469e-01, -3.128817953913518e-01, -1.370977218821824e+01
s410        ,  1.998254738056868e+00,  1.710425833643051e+00,  7.494698914891750e+01
s411        ,  9.892338833250636e-01,  6.783761251410108e-01,  2.972490656407981e+01
s412        , -1.223391619754290e+00, -1.634618953661735e+00, -7.162530322742283e+01
s413        ,  5.743625596418537e-01,  7.855490776140450e-02,  3.442098279729808e+00
s414        ,  1.092248078316437e-01,  8.025367604920475e-02,  3.516534461602199e+00
s415        , -2.685700492164793e-01, -3.242443536508768e-01, -1.420765377643464e+01
s416        ,  1.462987518702352e+00,  8.820585304182627e-01,  3.864980860769882e+01
s417        ,  1.569882344576942e+00,  1.360120839491374e+00,  5.959741708382651e+01
s418        ,  1.876220335020836e-02, -3.096230588559394e-02, -1.356698172811494e+00
s419        ,  1.276905221099546e+00,  9.573881044092641e-01,  4.195058006089377e+01
s420        , -1.647237733483662e+00, -1.456388961746345e+00, -6.381566833571664e+01
s421        , -1.445425539908424e-01,  7.199791482498669e-01,  3.154785688450411e+01
s422        ,  5.402460517048289e-01,  2.813226014006756e-01,  1.232691972946530e+01
s423        ,  8.390845889372367e-02, -2.311654060043514e-01, -1.012914493843459e+01
s424        , -9.431170827773597e-01, -1.806100517147538e-02, -7.913923725778019e-01
s425        ,  1.130552771406502e+00,  6.157070099879286e-01,  2.697888776515508e+01
s426        , -8.389925436276273e-01, -3.488670671508480e-01, -1.528656535810125e+01
s427        ,  8.392912737700503e-01,  3.826009349795246e-01,  1.676470710290981e+01
s428        , -9.488637335179150e-01, -1.270771444616507e+00, -5.568232880789343e+01
s429        ,  3.637065073507825e-02,  1.161828081224256e-01,  5.090867717482887e+00
s430        , -9.278822222973141e-01, -3.406553566707703e-02, -1.492674678886617e+00
s431        , -1.858348493139306e-01, -3.343442279330653e-01, -1.465020741035653e+01
s432        , -1.980571102286932e-01,  9.036428280124265e-01,  3.959558368064150e+01
s433        ,  2.907509872393486e-01, -1.274363424666313e-01, -5.583972124463116e+00
s434        , -7.856669273303235e-01, -4.082636541327356e-01, -1.788918937865452e+01
s435        ,  2.522946697305543e-01, -9.740020298453278e-02, -4.267856467436622e+00
s436        ,  9.124956428672120e-01,  1.061107170864610e+00,  4.649531482534008e+01
s437        , -3.499552547842402e-01, -3.782267134112363e-01, -1.657303861313078e+01
s438        , -2.967024119054128e-01, -4.301175668269020e-01, -1.884677837511076e+01
s439        ,  1.398781376080027e+00,  1.205838638971682e+00,  5.283712021460043e+01
s440        , -1.423048475754128e+00, -1.706896723154417e+00, -7.479235151406979e+01
s441        ,  4.627215551435010e-01,  5.471807938610556e-01,  2.397622405682096e+01
s442        , -1.281983082708195e+00, -1.403107809712819e+00, -6.148100883470034e+01
s443        ,  4.064644218525872e-01,  3.201246006226618e-01,  1.402713552219133e+01
s444        ,  1.926435095105153e-02, -6.876812769058475e-02, -3.013263725583579e+00
s445        , -6.163049587306062e-01, -8.926810122281565e-01, -3.911526172076663e+01
s446        ,  1.711464900608388e-01, -1.155508616357825e-01, -5.063177252602458e+00
s447        , -5.502000181018426e-01, -1.915925779337006e-02, -8.395153170030485e-01
s448        ,  1.089535632894734e-01, -1.699023781852168e-01, -7.444737704353539e+00
s449        , -1.011248874107511e+00, -9.297331639156473e-01, -4.073880315462802e+01
s450        , -1.947013588700806e+00, -1.163267060446986e+00, -5.097172998780125e+01
s451        ,  1.238871233763808e+00,  9.699014318817933e-01,  4.249888575170703e+01
s452        , -3.901411635884037e-01, -9.057633463723808e-01, -3.968849999620903e+01
s453        ,  5.429001167419540e-01,  2.727815842715530e-01,  1.195267168812598e+01
s454        ,  1.674074113182614e+00,  9.627682006836094e-01,  4.218632370388743e+01
s455        ,  3.036107540082147e-01,  1.064853325146821e-01,  4.665946282802828e+00
s456        ,  1.697945289202256e+00,  1.140485373267350e+00,  4.997348801304716e+01
s457        ,  1.416859305428101e+00,  1.417675264847694e+00,  6.211932175096128e+01
s458        , -1.404208354895570e-02,  1.369988309953842e-01,  6.002978730832342e+00
s459        ,  6.925018491951431e-01,  6.888304949379774e-01,  3.018299338919703e+01
s460        , -1.114252131965874e+00, -1.134890368854522e+00, -4.972832758178592e+01
s461        ,  2.042381769729374e+00,  1.941084206662767e+00,  8.505391704943662e+01
s462        , -1.531404654443665e+00, -9.528580470244846e-01, -4.175208319830965e+01
s463        , -3.759583777355113e-01, -6.683055942630601e-01, -2.928363869172432e+01
s464        ,  1.991689923540824e+00,  1.491899443669974e+00,  6.537165728949337e+01
s465        ,  9.755969169673073e-02, -2.957446996332855e-01, -1.295886343522767e+01
s466        ,  6.072772838991297e-01,  1.073773074140462e+00,  4.705030604255917e+01
s467        ,  1.216496181986968e+00,  9.008883398246066e-01,  3.947488824196021e+01
s468        ,  3.775595362798933e-01,  8.143242406281959e-01,  3.568184531922736e+01
s469        , -1.307461059058785e+00, -1.214296862422282e+00, -5.320774042431812e+01
s470        , -5.283291461494825e-01, -5.648445089399285e-01, -2.475020807665202e+01
s471        ,  2.377867747615111e-01,  4.834971292201293e-02,  2.118574999537555e+00
s472        ,  1.302569086132945e+00,  8.963842243905741e-01,  3.927752809694830e+01
s473        , -5.693295827287675e-01, -8.111496123988972e-01, -3.554274029475151e+01
s474        ,  1.884221453852586e+00,  1.481410931672182e+00,  6.491207443040354e+01
s475        , -1.446520811585995e+00, -1.461484873508947e+00, -6.403895965654645e+01
s476        , -1.215631750383895e+00, -5.661297073463919e-01, -2.480652256227824e+01
s477        , -8.341578078875426e-01, -5.361992071390650e-01, -2.349503577919897e+01
s478        ,  1.187878793372986e+00,  1.042850600962034e+00,  4.569535324882995e+01
s479        ,  3.365947877874360e-01,  4.599575230731942e-01,  2.015429772672837e+01
s480        , -9.637108529621194e-01, -2.821857638732592e-01, -1.236474155558257e+01
s481        ,  2.085079041846591e+00,  1.472481293725364e+00,  6.452079790432437e+01
s482        , -1.022603717946666e+00, -4.744965392460894e-01, -2.079136451203593e+01
s483        , -1.034187950850505e+00, -5.997589054591883e-01, -2.628007791701602e+01
s484        , -1.995156105028394e+00, -2.013136750274455e+00, -8.821109644768936e+01
s485        ,  6.269503300594436e-01,  4.987496780013850e-02,  2.185408216477885e+00
s486        , -1.429365852931641e+00, -1.530009061488140e+00, -6.704153449603913e+01
s487        ,  4.249609108300679e-01,  7.704123633894907e-01,  3.375772623602328e+01
s488        , -2.798574335396176e-01, -3.638750441264381e-01, -1.594418094447311e+01
s489        , -5.336235067101003e-01, -9.749470691899041e-01, -4.271997415971767e+01
s490        , -1.648273604531437e+00, -1.348642965463718e+00, -5.909448261962284e+01
s491        ,  7.228333429987273e-01,  4.901577360016222e-01,  2.147760271085681e+01
s492        , -9.260692223596583e-01, -1.038738676762732e+00, -4.551517803615214e+01
s493        , -5.201114240395055e-01,  6.752101465369764e-01,  2.958618054660796e+01
s494        ,  1.832055246002863e-02, -6.085775469538307e-01, -2.666649082975801e+01
s495        ,  2.383820600840625e-01, -2.345434140450405e-02, -1.027716160597492e+00
s496        , -7.978377098794708e-01, -1.919758760603827e-01, -8.411948426495821e+00
s497        ,  4.550356427377596e-01,  3.534608146614223e-01,  1.548785297785996e+01
s498        , -6.680642327437073e-01, -2.940336982957306e-01, -1.288389122879977e+01
s499        ,  8.575607855949897e-01,  7.145567308613056e-01,  3.131025882606282e+01
s500        , -1.692527892902983e-01, -1.777640641795965e-01, -7.789218992769307e+00
s501        , -6.422509788397670e-01, -4.871018286926344e-01, -2.134369976843052e+01
s502        ,  1.243213320474068e+00,  1.380591189434461e+00,  6.049438149168472e+01
s503        , -1.279877945312270e+00, -1.055492523766217e+00, -4.624929369605095e+01
s504        ,  1.209352307302353e-01, -2.547446597136069e-01, -1.116233447353602e+01
s505        , -1.237963369094699e+00, -9.342864540328675e-01, -4.093831802296951e+01
s506        , -1.696383544323350e-01, -3.107808024658006e-01, -1.361771143299809e+01
s507        , -1.230468344629726e+00, -6.514012117622253e-01, -2.854292690701000e+01
s508        , -2.371439343057282e-01, -4.890766411837782e-01, -2.143023158257511e+01
s509        , -1.639492376941975e-01, -2.620922599687441e-01, -1.148428968829061e+01
s510        ,  6.798876031058373e-01,  9.648716198654192e-01,  4.227849077216596e+01
s511        , -1.306302408071936e+00, -1.187515893090767e+00, -5.203425895648301e+01
s512        , -1.810398909331260e-01, -6.920288769238255e-01, -3.032313924952759e+01
s513        ,  7.546842351810933e-01,  5.368822773625399e-01,  2.352496637052874e+01
s514        , -1.659299996003214e+00, -1.558799458421347e+00, -6.830306453382528e+01
s515        , -2.345220738579200e-01, -1.136242344770311e+00, -4.978756810674595e+01
s516        , -1.737647836542105e+00, -1.474259475880015e+00, -6.459871382211992e+01
s517        , -1.327112675511377e+00, -1.121920209219309e+00, -4.916000453946514e+01
s518        , -4.005723114576410e-01, -1.264809749312711e+00, -5.542110081165165e+01
s519        , -7.627096815238132e-01,  2.657924705003691e-01,  1.164642453980398e+01
s520        ,  5.205308045053684e-01,  6.374119854528535e-01,  2.792995066928725e+01
s521        , -1.565970964052308e-01,  2.810651286313166e-01,  1.231563785540111e+01
s522        ,  9.369677526584559e-01,  5.384691369703841e-01,  2.359449896730708e+01
s523        , -1.137675297963781e+00, -1.113600127602470e+00, -4.879543739227280e+01
s524        , -1.043872792855045e+00, -1.001751782045224e-01, -4.389449601503189e+00
s525        , -4.052687326822306e-01, -6.541504916933982e-01, -2.866339413167187e+01
s526        , -9.078531683408999e-01, -6.078339160653609e-01, -2.663390660714355e+01
s527        , -2.354883271970434e-01,  2.869333554250310e-01,  1.257277027306061e+01
s528        ,  1.249426787716260e+00,  8.170077096120421e-01,  3.579942885711477e+01
s529        , -1.079712692195388e+00, -8.386955836911925e-01, -3.674974241722465e+01
s530        , -1.464169262892369e+00, -1.418628355236857e+00, -6.216108401486631e+01
s531        ,  8.870341112159444e-01,  1.131277816782523e+00,  4.957003372559258e+01
s532        ,  8.189742158633641e-01,  1.158143617000563e-01,  5.074723229089344e+00
s533        , -6.018468317011504e-01, -7.467638484723654e-01, -3.272150183153875e+01
s534        , -1.393564173594942e+00, -1.315728664632121e+00, -5.765225244585626e+01
s535        ,  1.247772269364924e+00,  9.223321412079276e-01,  4.041450708890210e+01
s536        ,  1.175565678381589e-01, -4.027805350843649e-02, -1.764893151085507e+00
s537        ,  1.371458952168796e-02,  4.455820598296913e-02,  1.952439746064844e+00
s538        ,  1.438921434076982e+00,  1.173066539072123e+00,  5.140112096385943e+01
s539        ,  4.815773172227232e-01, -2.548849654639289e-01, -1.116848235398782e+01
s540        , -7.238055425047152e-01,  4.914094911506622e-02,  2.153245178862835e+00
s541        ,  2.233900132878818e+00,  1.935275841899934e+00,  8.479940765049599e+01
s542        ,  4.148904574828530e-02, -2.211475700091225e-01, -9.690186036585617e+00
s543        ,  7.192492690821944e-01,  9.302846604859278e-01,  4.076296848624043e+01
s544        , -1.195051331046210e+00, -3.383309216804293e-01, -1.482489530804067e+01
s545        ,  1.551116853180877e-01,  3.250526664226716e-01,  1.424307221279417e+01
s546        , -5.623355357397409e-01, -4.680755894160534e-01, -2.051001302179769e+01
s547        ,  1.448160679819764e+00,  1.182018689845530e+00,  5.179338395105072e+01
s548        ,  3.848360583786407e-01,  2.558209645526665e-01,  1.120949571578764e+01
s549        , -1.115216456955655e+00, -9.258668540281105e-01, -4.056939020523963e+01
s550        , -2.045366715571642e+00, -1.872915688947371e+00, -8.206692687598267e+01
s551        ,  1.482005267115409e+00,  1.167027680953325e+00,  5.113651186769218e+01
s552        , -2.227828855322892e-01, -3.087652275563423e-01, -1.352939350193279e+01
s553        ,  1.297454412958832e-01,  6.173606939301989e-02,  2.705134845303701e+00
s554        ,  1.061901762942694e+00,  9.334870023739693e-01,  4.090328786052337e+01
s555        , -4.386884091748981e-01,  7.188313697255485e-01,  3.149756382711721e+01
s556        ,  3.941867714817063e-01,  7.053259320026973e-01,  3.090578611038919e+01
s557        , -8.951391675309346e-01, -2.517360117899188e-01, -1.103050233042035e+01
s558        ,  5.626259017835469e-01,  4.766525285572032e-01,  2.088583508440855e+01
s559        , -2.646400996406346e-02, -1.819078463638342e-01, -7.970790150248881e+00
s560        , -4.614794874684225e-01, -1.137733852634776e+00, -4.985292260592086e+01
s561        , -5.368862422565327e-01,  4.271489583595423e-01,  1.871670067035769e+01
s562        ,  1.314110066282131e+00,  7.161582706753695e-01,  3.138043467625479e+01
s563        ,  1.921771526510788e+00,  1.485108173891136e+00,  6.507407921717332e+01
s564        ,  8.001607223901942e-01,  7.383843373499605e-01,  3.235433061790795e+01
s565        , -5.562845031577306e-02, -4.831343077149981e-01, -2.116985197812577e+01
s566        ,  1.020041341313152e+00,  7.594821661490381e-01,  3.327878972918221e+01
s567        , -2.539691194509933e-01, -4.645833593963041e-01, -2.035699140563196e+01
s568        , -2.316202851259171e-01, -5.130982962219691e-01, -2.248280614270775e+01
s569        , -2.442891053411890e-01, -5.100283202529075e-01, -2.234828674343591e+01
s570        , -7.106433958989193e-02, -4.068728402119907e-01, -1.782824706021198e+01
s571        , -1.517261224362497e-01, -4.938380557023103e-01, -2.163886599117373e+01
s572        , -1.943188611921064e+00, -1.886345462070901e+00, -8.265538914120575e+01
s573        ,  4.755730333935128e-01,  3.431424645283732e-01,  1.503572622658818e+01
s574        , -3.521357752458716e-01, -6.127147379240665e-01, -2.684777317515666e+01
s575        , -2.101634380935241e-02, -3.009464341689567e-01, -1.318679167048482e+01
s576        ,  8.972128211862684e-01,  8.414538612809753e-01,  3.687060389892409e+01
s577        ,  3.519332247195900e-01,  5.834857456799448e-01,  2.556702488343552e+01
s578        , -4.676730825695681e-01, -5.954734265136318e-01, -2.609229792813077e+01
s579        , -5.850412346637100e-02, -4.940026239078514e-01, -2.164607699750464e+01
s580        , -9.183798967000043e-01, -8.319894495330983e-01, -3.645589479513433e+01
s581        ,  9.240377559230070e-02, -2.345905318464450e-01, -1.027922620139956e+01
s582        , -1.742244634920983e+00, -1.204778382562154e+00, -5.279066217821156e+01
s583        ,  7.055292745925379e-01,  1.190163125065997e-01,  5.215025467066098e+00
s584        , -3.175359681654383e-01, -2.516721095550614e-01, -1.102770227910666e+01
s585        , -1.018136882779183e+00, -5.954289841632456e-01, -2.609035056491476e+01
s586        ,  1.796431915125592e+00,  1.647399903735068e+00,  7.218533553494396e+01
s587        ,  1.528101545573583e+00,  1.393213827000524e+00,  6.104747690341593e+01
s588        , -1.493251816790637e+00, -8.629590729642393e-01, -3.781291360623127e+01
s589        , -1.919234877209601e-01, -6.990892001201988e-01, -3.063250663370665e+01
s590        , -1.474690448373283e+00, -1.448931215265457e+00, -6.348888676262261e+01
s591        , -7.075916964107042e-02, -5.461851086257791e-01, -2.393259538315611e+01
s592        ,  1.771261470718517e+00,  1.692544877342343e+00,  7.416348611038636e+01
s593        ,  9.576275984893917e-01,  1.221332694120527e+00,  5.351603464647609e+01
s594        ,  1.644504072992790e+00,  1.478803196103248e+00,  6.479780935936454e+01
s595        , -5.357649623549657e-01,  5.287447161988308e-01,  2.316839685652873e+01
s596        ,  6.346409254556347e-01,  7.862462847813861e-01,  3.445153283751481e+01
s597        , -1.925166625783171e+00, -1.658885054835596e+00, -7.268858886401209e+01
s598        ,  4.877766835626365e-01,  7.955687734252280e-01,  3.486002319207334e+01
s599        , -1.762506312086289e+00, -1.406053161388122e+00, -6.161006747945813e+01
s600        ,  3.925159363258416e-01, -2.348030611050416e-01, -1.028853875253423e+01
s601        , -2.895039831412950e-01, -3.222358325109014e-01, -1.411964492558462e+01
s602        ,  1.015619978504493e+00,  1.303234700299837e+00,  5.710479520402760e+01
s603        ,  1.530534275818686e+00,  1.260723441817799e+00,  5.524204806498678e+01
s604        ,  1.102137725135546e+00,  1.247878272830262e+00,  5.467920182997963e+01
s605        , -2.082111847210221e-02,  1.480428151528186e-01,  6.486901122863278e+00
s606        ,  9.842778583139866e-01,  8.683687351295257e-01,  3.804995275965508e+01
s607        , -1.138623824161354e+00, -7.507624281175862e-01, -3.289671054236788e+01
s608        , -4.177570888255018e-01, -5.882052369041717e-01, -2.577382230815474e+01
s609        ,  3.685164501033219e-01,  7.440145010186972e-03,  3.260103164819214e-01
s610        , -2.659779361808961e-01, -3.454136622760083e-02, -1.513524497192006e+00
s611        , -7.893175620146011e-01, -2.023591679813760e-01, -8.866920779944929e+00
s612        ,  4.551812262842944e-01,  6.103840544648762e-01,  2.674564790056728e+01
s613        , -1.906510824785770e+00, -1.660709560225592e+00, -7.276853456114584e+01
s614        ,  4.363873919671318e-01,  3.016593630840058e-01,  1.321803060210588e+01
s615        ,  2.289607222323559e-01,  9.976130036552749e-02,  4.371314411249354e+00
s616        ,  1.051114336732525e+00,  7.992597126430900e-01,  3.502175179559966e+01
s617        ,  9.612491509961185e-01,  1.061734109104765e+00,  4.652278584019366e+01
s618        ,  1.641704627639855e+00,  1.016330588981053e+00,  4.453330634152011e+01
s619        , -1.622899727833569e+00, -8.370946180875523e-01, -3.667959172763395e+01
s620        , -1.432198008011447e+00, -1.427278816632839e+00, -6.254012765629503e+01
s621        , -5.169781910985175e-01, -9.875762013103324e-01, -4.327335414812325e+01
s622        ,  7.834349958828789e-02,  8.650697023708406e-01,  3.790539661024258e+01
s623        ,  1.505481327993915e-01, -5.888853957713995e-02, -2.580362533044268e+00
s624        , -1.795745482905790e+00, -1.463582737155038e+00, -6.413088329382256e+01
s625        , -6.540205211871799e-01,  4.039059840478550e-01,  1.769824613742053e+01
s626        , -9.921730176745909e-02, -3.287509558553755e-01, -1.440512288610054e+01
s627        ,  1.003457009680013e-01, -3.124229502069444e-01, -1.368966663065450e+01
s628        , -7.262707774759888e-01, -4.396404343670429e-03, -1.926404887942745e-01
s629        ,  9.013378522352091e-01,  5.662340630904173e-01,  2.481109519481290e+01
s630        ,  2.883264293170171e-01, -2.241868469973904e-01, -9.823360275994240e+00
s631        , -4.308621051856988e-01, -1.808244955793773e-01, -7.923320170615665e+00
s632        , -2.552616433847757e-02,  2.011698623827306e-01,  8.814808100141303e+00
s633        , -2.361941375317399e+00, -2.374340550008256e+00, -1.040382295081962e+02
s634        , -1.741723873388839e-01, -5.264421295144873e-01, -2.306750271902714e+01
s635        , -1.887226794633780e+00, -1.706468697862433e+00, -7.477359641444326e+01
s636        ,  5.559866372520853e-01,  1.889465249790507e-01,  8.279209117865680e+00
s637        ,  5.224165136667182e-01,  3.547460161570560e-01,  1.554416759884664e+01
s638        , -9.017862751888349e-01, -1.617628605730603e-01, -7.088082463210222e+00
s639        ,  4.059987622661941e-02, -8.374161524050247e-02, -3.669368063375831e+00
s640        ,  1.793715557338358e-01,  9.492412924148351e-02,  4.159360519642711e+00
s641        , -1.502090098725329e+00, -1.256528892503854e+00, -5.505825240677503e+01
s642        , -1.255445500732830e+00, -1.025081429007743e+00, -4.491674834737861e+01
s643        ,  2.659311374869887e-02, -5.267848639006081e-02, -2.308252056418159e+00
s644        ,  5.978067737156746e-01,  1.046948428700698e+00,  4.587491078650442e+01
s645        , -1.614381328938929e-01, -4.135607084377376e-01, -1.812129431048465e+01
s646        , -7.340994125406998e-01, -7.351264730962713e-01, -3.221157837921557e+01
s647        , -1.496428190082178e-01, -2.834122474594640e-01, -1.241848329066314e+01
s648        , -4.884218476882379e-01, -8.113143544877849e-02, -3.554995892025731e+00
s649        , -5.843001747665787e-01, -5.310095863987689e-01, -2.326763834304031e+01
s650        ,  7.524274850037658e-01,  7.130444256705772e-01,  3.124399303511768e+01
s651        , -1.389027741701250e+00, -1.487415748326737e+00, -6.517519190664726e+01
s652        , -2.566043711440669e+00, -2.663963892093857e+00, -1.167288689089881e+02
s653        , -1.007282708793189e+00, -4.316586556354297e-01, -1.891430539904739e+01
s654        , -1.044226385778375e+00, -8.213977838325539e-01, -3.599179197423802e+01
s655        , -6.127047200082997e-01, -3.802694419982802e-01, -1.666254635689613e+01
s656        , -9.677099452782351e-01, -7.351749600061911e-01, -3.221370296587706e+01
s657        , -9.543477553558062e-02, -1.786740493083330e-01, -7.829092481714355e+00
s658        ,  2.152611224039404e+00,  1.888253093078661e+00,  8.273897721478750e+01
s659        ,  7.601680812147134e-01,  3.237240969095722e-01,  1.418485730342872e+01
s660        , -8.552740445977219e-01, -8.285634658766994e-01, -3.630577594468782e+01
s661        , -8.587465647638401e-01, -6.738234782607593e-01, -2.952541988092661e+01
s662        ,  2.292650657012456e+00,  1.984986618240512e+00,  8.697762136879925e+01
s663        , -7.424589206994223e-01, -5.917878555094522e-01, -2.593080454757916e+01
s664        ,  1.170121236794572e+00,  9.533159062738759e-01,  4.177214555443222e+01
s665        , -9.550555766428818e-02,  1.384033133338627e-01,  6.064519968406842e+00
s666        ,  6.314775109494175e-01,  8.563884293373236e-01,  3.752500287258721e+01
s667        ,  9.502651428335526e-01,  9.734371307639882e-01,  4.265381207505032e+01
s668        , -1.539888656744302e+00, -7.502506274600241e-01, -3.287428459581455e+01
s669        , -7.817282530962720e-01, -6.902995767166554e-01, -3.024736522804550e+01
s670        ,  1.305183965640755e+00,  7.605979407909212e-01,  3.332768044886910e+01
s671        ,  4.799138388405841e-01,  4.944757624795357e-01,  2.166680885895131e+01
s672        ,  3.973005628545346e-02,  6.308832231964204e-01,  2.764387508251565e+01
s673        , -1.414611532455524e-01, -4.638896518242434e-01, -2.032659470976061e+01
s674        ,  2.903659687553911e-01,  1.580766940750102e-01,  6.926562989464847e+00
s675        ,  1.026086479328726e+00,  6.822186028617834e-01,  2.989327524185540e+01
s676        , -6.754288667653827e-02, -2.110432212230097e-01, -9.247436340028058e+00
s677        ,  1.605266818482901e+00,  1.341818105073521e+00,  5.879543268273225e+01
s678        ,  1.084789537255858e-01,  6.321764521399059e-02,  2.770054144810004e+00
s679        , -2.992012028639636e-01, -5.427386276929457e-01, -2.378157838844383e+01
s680        ,  8.990202473369718e-01,  4.766956692800551e-01,  2.088772541325173e+01
s681        ,  5.643835559735575e-01,  4.045049056591496e-01,  1.772448952700213e+01
s682        , -5.946014640649122e-01, -1.258970105726603e+00, -5.516522084546253e+01
s683        , -6.016194601328428e-01,  7.257201554813775e-01,  3.179941482885966e+01
s684        , -1.092230320268682e+00, -5.739544171378551e-01, -2.514938363716341e+01
s685        , -1.049541099357342e+00, -1.555237302769616e+00, -6.814697893471548e+01
s686        , -3.882296162024126e-01, -8.308420768629214e-01, -3.640561952135742e+01
s687        , -1.289479776127262e+00, -5.068327528828183e-01, -2.220826421319816e+01
s688        ,  1.174200481057901e+00,  1.231144815138877e+00,  5.394597958359378e+01
s689        , -2.594548196962304e-02, -2.728289318669506e-01, -1.195474635260354e+01
s690        ,  4.711059702108155e-01,  5.329675943767254e-01,  2.335343382144745e+01
s691        ,  9.245223879507848e-01,  5.501413537620184e-01,  2.410594909160928e+01
s692        ,  1.066847762125763e+00,  8.453854705932058e-01,  3.704287812132279e+01
s693        ,  6.254387821095569e-01,  3.795691201061556e-01,  1.663185983648848e+01
s694        , -5.171349029224964e-01,  6.439221040633391e-01,  2.821520933368606e+01
s695        , -1.267384161897314e+00, -1.322838578922956e+00, -5.796379279956454e+01
s696        , -4.788650652000022e-01,  5.521066468324919e-01,  2.419206378628358e+01
s697        , -3.220149437916258e-01, -6.146233642545835e-01, -2.693140486152913e+01
s698        , -1.380331688121128e+00, -1.494317065938196e+00, -6.547759202594249e+01
s699        ,  1.594942071124517e+00,  1.123826394148662e+00,  4.924352924916374e+01
s700        ,  1.292968973461459e+00,  1.000375435870667e+00,  4.383418764048498e+01
s701        ,  5.937524925456381e-01,  3.767515723432585e-01,  1.650840126993804e+01
s702        ,  9.323059097091277e-01,  7.606932992064829e-01,  3.333185883883245e+01
s703        , -3.788357179143477e-01,  7.935945042483477e-01,  3.477351518473020e+01
s704        , -4.335664235266130e-01, -8.224756138316084e-01, -3.603902004554904e+01
s705        ,  1.028207628094288e-01,  2.389440525797560e-01,  1.046998762743814e+01
s706        , -9.693990214196425e-01, -5.188060740723166e-01, -2.273290805078247e+01
s707        , -4.022383612473933e-01, -8.031040313429212e-01, -3.519020114091130e+01
s708        , -4.176881010209963e-01, -9.337657922727457e-01, -4.091550380295566e+01
s709        , -5.070250417068456e-01, -1.179440367877369e+00, -5.168040771743147e+01
s710        , -6.560408805167797e-01, -1.814671405897479e-01, -7.951479420593941e+00
s711        , -7.281768921318991e-01,  3.642926930570974e-02,  1.596248137542905e+00
s712        ,  1.638529471594250e+00,  1.272929857273715e+00,  5.577690556580759e+01
s713        , -2.681291651109597e-01, -4.790711443092999e-01, -2.099181335307265e+01
s714        ,  1.813117241484988e+00,  1.532841987753817e+00,  6.716566691377813e+01
s715        ,  5.902106972748544e-01,  2.361170369578592e-01,  1.034611420073314e+01
s716        ,  1.256825138045294e+00,  1.185069310410123e+00,  5.192705524030218e+01
s717        ,  1.935429652037489e-01, -3.143120695104220e-01, -1.377244356324864e+01
s718        , -9.717462693594499e-01, -1.029246730367040e+00, -4.509926242640905e+01
s719        , -1.005002399040077e+00, -6.405026212231681e-01, -2.806537533429464e+01
s720        , -1.084502233578804e+00, -6.662142978176042e-01, -2.919200281431774e+01
s721        ,  1.202728817719904e+00,  6.991814756678815e-01,  3.063654993937638e+01
s722        , -8.687581931338572e-01, -6.335255395448371e-02, -2.775965540505166e+00
s723        , -8.228918435433465e-02, -7.712298547979146e-02, -3.379354685946786e+00
s724        , -4.319725882125269e-01,  1.628380081767573e-01,  7.135192998027201e+00
s725        ,  2.076224205209437e-01,  2.027041369447358e-01,  8.882036539216703e+00
s726        ,  1.218751687971090e+00,  1.164186383620998e+00,  5.101201264875723e+01
s727        , -4.191973947875540e-01, -8.924276209821971e-01, -3.910415868982087e+01
s728        , -6.090434041993623e-01, -1.515956826976246e-01, -6.642579738147657e+00
s729        ,  9.718089694740940e-01,  8.831806240480774e-01,  3.869897621113630e+01
s730        ,  2.269628290273034e-01,  4.856971474714027e-02,  2.128214981626367e+00
s731        ,  8.255797233596714e-01,  1.257223061505221e+00,  5.508866932143427e+01
s732        ,  1.498830275111732e+00,  8.026380765085041e-01,  3.516978405457401e+01
s733        , -8.897216148319836e-01, -7.075667439952342e-01, -3.100397342069880e+01
s734        ,  5.730515015964993e-01,  3.484503047631739e-01,  1.526830377345234e+01
s735        , -4.493104523117364e-01, -1.556136302186105e-01, -6.818637105461189e+00
s736        ,  9.253604820479431e-01,  8.581968671884894e-01,  3.760424452653203e+01
s737        , -7.641264386628301e-01, -1.418498476214194e-01, -6.215539301002385e+00
s738        ,  1.093494957500644e+00,  6.245616943654434e-01,  2.736687999545554e+01
s739        ,  3.235386076744294e-01,  3.681193678398868e-01,  1.613015760422617e+01
s740        ,  9.523024838580033e-01,  7.554235946675594e-01,  3.310095231185636e+01
s741        , -4.683237856465198e-01, -6.661715506274319e-01, -2.919012972918597e+01
s742        ,  1.206631327064570e+00,  9.741767071385098e-01,  4.268621863803938e+01
s743        ,  5.593827587743279e-02, -9.713577274075330e-01, -4.256269732588843e+01
s744        , -1.602853178165513e-01, -3.983796887921574e-01, -1.745609638592837e+01
s745        , -5.306178829342441e-01, -5.755271889815378e-02, -2.521829893999850e+00
s746        ,  6.509625117887479e-01,  6.816633609685965e-01,  2.986894579866928e+01
s747        , -5.126484862205682e-01, -2.827210227314580e-01, -1.238819538739932e+01
s748        , -7.766421657116760e-01, -9.189142986106882e-01, -4.026474496124389e+01
s749        , -2.162768438186639e-01,  2.625935146461281e-01,  1.150625353385921e+01
s750        , -7.494903637093456e-02, -5.251195539805190e-01, -2.300955045226219e+01
s751        , -1.132573444571337e+00, -1.150618093854904e+00, -5.041748089773538e+01
s752        ,  1.560177551100659e+00,  1.209740475813953e+00,  5.300808987474391e+01
s753        , -9.778812152465644e-01, -9.743225621525292e-01, -4.269260967466785e+01
s754        ,  8.187766647944796e-01,  2.782224204748378e-01,  1.219107681734465e+01
s755        , -1.210746771791428e+00, -3.348331459829250e-01, -1.467163069282619e+01
s756        , -4.332253543244241e-02, -6.811889067799379e-01, -2.984815628986418e+01
s757        ,  6.046843465793931e-01,  1.119901509922580e-01,  4.907154970482028e+00
s758        ,  7.853283269182638e-01,  4.055026924784400e-01,  1.776821028732240e+01
s759        , -4.512800599860263e-01, -7.878790514744145e-01, -3.452307697887318e+01
s760        ,  2.133127133712616e-01,  2.862328724828130e-01,  1.254207669580237e+01
s761        , -1.372370955930419e+00, -1.351068930148902e+00, -5.920078290190338e+01
s762        ,  1.452970431080306e+00,  1.235481046587932e+00,  5.413598343232385e+01
s763        , -1.593336135067460e-01, -5.549010407783967e-01, -2.431450780497309e+01
s764        ,  1.129930705304393e-01,  7.970456891766980e-01,  3.492473829788037e+01
s765        ,  1.677207924737715e-01, -1.089948830582141e-01, -4.775909108232221e+00
s766        ,  5.961954984880359e-01,  4.819570670916045e-01,  2.111826795823332e+01
s767        , -9.375424158088497e-03,  9.198581776752260e-02,  4.030610360574986e+00
s768        , -8.411067604869058e-01, -8.454994895268916e-02, -3.704787417295975e+00
s769        , -1.631013149721456e+00, -2.100040494422138e+00, -9.201902184353317e+01
s770        , -1.228187901814855e+00, -1.947734617419813e+00, -8.534532299820120e+01
s771        ,  9.328417972171988e-01,  1.174559380412194e+00,  5.146653389291761e+01
s772        , -9.596604783247586e-02, -4.494266222942891e-01, -1.969285748718065e+01
s773        , -9.831278135606507e-01, -3.327575996480775e-01, -1.458068494962225e+01
s774        , -2.033459030028846e+00, -1.759178953598794e+00, -7.708324053171879e+01
s775        , -6.607780820803044e-01, -1.308183592243760e-01, -5.732164444912508e+00
s776        ,  1.215325319114621e+00,  1.219399804199552e+00,  5.343133978448094e+01
s777        ,  4.760210780336026e-01,  2.974146028449377e-01,  1.303203481478806e+01
s778        ,  2.142801356098008e-01,  1.194091455961008e-02,  5.232238524023494e-01
s779        , -1.470608055270920e+00, -1.305944939307150e+00, -5.722355174375986e+01
s780        ,  1.453146522973686e-01, -4.272415505085205e-01, -1.872075784877975e+01
s781        ,  1.109240315344008e+00,  1.335511559964035e+00,  5.851909414843808e+01
s782        ,  7.695424724410216e-02,  2.770961837211647e-03,  1.214172767159427e-01
s783        , -7.894231608208058e-01,  5.232872427655569e-01,  2.292926272154382e+01
s784        ,  9.832415361728466e-01,  6.587859240728413e-01,  2.886650828804698e+01
s785        ,  5.886112315649437e-01,  5.300732418295356e-01,  2.322660984306696e+01
s786        , -2.620848509633372e-02,  8.978987617810767e-02,  3.934389169783569e+00
s787        ,  8.241728815006354e-01, -2.406980775798305e-01, -1.054684503339043e+01
s788        ,  4.759016983835212e-01,  2.079891812960573e-01,  9.113615222056398e+00
s789        , -1.007342786777141e+00, -4.789866508128536e-01, -2.098811103927643e+01
s790        , -8.094162460092497e-01, -2.274388610263506e-01, -9.965856171078730e+00
s791        ,  5.705555442811846e-01,  1.835844377186633e-01,  8.044254589107275e+00
s792        , -1.035864338805942e+00, -2.994940444681282e-01, -1.312315124071176e+01
s793        , -1.498582767952144e-01,  4.509759823891940e-01,  1.976074694016746e+01
s794        ,  2.280617797563588e-01,  8.935839206208173e-01,  3.915482512315222e+01
s795        , -4.151258976430172e-01, -6.780361804400808e-01, -2.971001095661725e+01
s796        ,  7.548647250689058e-01,  5.139460233743556e-01,  2.251995162802573e+01
s797        ,  1.447952712683449e+00,  1.041745158744412e+00,  4.564691527259075e+01
s798        ,  1.064853965398538e+00,  4.981954416525385e-01,  2.182979678227022e+01
s799        , -5.069554785822377e-01,  1.522376463978073e+00,  6.670709134655355e+01
s800        , -9.315847236743398e-01, -7.848968552567201e-01, -3.439240388965105e+01
s801        ,  9.104636181068654e-02,  1.705726804993478e-01,  7.474108834791041e+00
s802        , -1.700965738434856e+00, -1.439040570728992e+00, -6.305550110264850e+01
s803        , -9.506056245870035e-01, -6.091958366283027e-01, -2.669358288403600e+01
s804        ,  2.069942262873753e+00,  1.734488045331609e+00,  7.600134080968505e+01
s805        , -6.414178242260793e-01,  2.994353686329266e-01,  1.312058019840305e+01
s806        , -7.253070023190913e-01, -6.938269871396561e-01, -3.040192836986459e+01
s807        ,  5.484542484121483e-01,  2.414456954468352e-01,  1.057960395638128e+01
s808        , -1.482202071480258e+00, -8.930378103678344e-01, -3.913089580777397e+01
s809        , -1.517909024869592e-01, -5.033589363587334e-01, -2.205604943474069e+01
s810        , -5.243890825004432e-01, -9.630793658774066e-01, -4.219995825847869e+01
s811        , -8.402207079652194e-01, -4.837418682700859e-01, -2.119647390667352e+01
s812        , -1.837554634883737e+00, -1.445057410445353e+00, -6.331914540225098e+01
s813        , -1.305458046196112e+00, -8.607343117424796e-01, -3.771542960437250e+01
s814        ,  9.601020837191020e-01,  6.815203465778793e-01,  2.986267923172531e+01
s815        , -2.071547047876009e-01,  2.424871317742872e-01,  1.062523733936555e+01
s816        ,  1.086281096001821e+00,  8.809445676735369e-01,  3.860099728124484e+01
s817        , -6.950199443354254e-01, -6.772498019190486e-01, -2.967555362948649e+01
s818        , -2.042921524283320e-01, -5.575952939144416e-01, -2.443256388000412e+01
s819        , -1.174085534063621e+00, -7.326161249228432e-01, -3.210158060344929e+01
s820        , -4.418897943240204e-01, -1.216056443665007e+00, -5.328484129224893e+01
s821        , -1.211161791292892e+00, -1.348939814243024e+00, -5.910748986133070e+01
s822        ,  2.603756505819580e-01, -2.651135917207694e-01, -1.161667760805912e+01
s823        ,  6.199991222555385e-01,  7.208654112789213e-01,  3.158669092472681e+01
s824        , -1.854748548283659e+00, -1.820381431377340e+00, -7.976499460005262e+01
s825        , -2.925657132343389e-01, -9.211368031670918e-02, -4.036213008113400e+00
s826        , -1.096505403479755e+00, -8.546378905311106e-01, -3.744829822376037e+01
s827        , -6.487388694069519e-02,  1.864703665052017e+00,  8.170709457359928e+01
s828        , -5.631644114900024e-01, -7.324864688691630e-01, -3.209589936860290e+01
s829        ,  9.396149132061843e-01,  1.404535812219042e+00,  6.154358067279663e+01
s830        , -1.058909335821911e-01, -2.827864202471154e-01, -1.239106095853367e+01
s831        ,  1.916013365790170e-02,  7.771046607983558e-01,  3.405096756307647e+01
s832        ,  1.966479662680959e+00,  1.648548681673035e+00,  7.223567238437514e+01
s833        , -3.620791385089753e-01, -4.133101353927100e-01, -1.811031476672583e+01
s834        , -7.529060995547020e-01, -1.000399347512726e+00, -4.383523539452537e+01
s835        ,  8.955601758309945e-01,  7.836539730452805e-01,  3.433794360392454e+01
s836        , -3.511452156713288e-01, -9.668728274448495e-01, -4.236617915934431e+01
s837        ,  2.142601060729459e+00,  1.722717616904120e+00,  7.548558727376341e+01
s838        ,  1.028409428393702e+00,  9.784710372077715e-01,  4.287438646313433e+01
s839        , -9.381248660546658e-01, -7.277593204478289e-02, -3.188876642283571e+00
s840        ,  1.041568016558684e+00,  1.090145873272102e+00,  4.776772504706688e+01
s841        , -3.031960082211786e-01, -5.719853243393982e-01, -2.506310244700807e+01
s842        ,  1.545481033371346e+00,  1.237816256466305e+00,  5.423830704435800e+01
s843        ,  9.376075098808509e-02, -2.771554936901758e-02, -1.214432650021333e+00
s844        ,  2.260200226388619e+00,  1.897587796284934e+00,  8.314800278382887e+01
s845        ,  7.631813505267834e-02, -1.401732981515637e-01, -6.142076697448702e+00
s846        , -7.719312092337802e-01,  6.148965753347383e-02,  2.694337635275466e+00
s847        ,  8.390061559731493e-02, -7.577233966567819e-02, -3.320172443032006e+00
s848        ,  1.798212902578797e+00,  1.411739971576373e+00,  6.185925063203184e+01
s849        , -4.426333276094398e-01, -4.295714678242885e-01, -1.882284955269819e+01
s850        ,  1.776931420661177e+00,  1.576125251840561e+00,  6.906224159128377e+01
s851        ,  6.740950847184962e-01,  4.108076395929980e-03,  1.800066106420321e-01
s852        ,  5.247617444717383e-01,  1.690833415373928e-01,  7.408849372015646e+00
s853        , -6.937010389893300e-01,  2.712136718596524e-02,  1.188396931459415e+00
s854        , -3.849480547825320e-01, -3.804115767333247e-01, -1.666877437931928e+01
s855        ,  1.721123124597798e-01, -6.480261572195156e-02, -2.839503965506734e+00
s856        ,  8.284120434530070e-01,  7.182352497653686e-01,  3.147144319954700e+01
s857        , -1.430174539460575e+00, -1.724229520095633e+00, -7.555183545001276e+01
s858        , -4.661418612561535e-01, -4.551004875781569e-01, -1.994147342334009e+01
s859        ,  9.776646253335924e-01,  6.121203576275870e-01,  2.682172877571271e+01
s860        , -6.760181986005682e-01, -9.465989478223770e-02, -4.147782363630166e+00
s861        , -2.202836606256784e-01, -8.866395378443791e-02, -3.885053798578902e+00
s862        ,  1.775874489146720e-01,  4.287592769813682e-01,  1.878726118803838e+01
s863        ,  4.919397024905665e-04, -4.365817206118118e-01, -1.913002296487628e+01
s864        , -6.626061886661074e-01, -4.657626516190786e-01, -2.040866532196626e+01
s865        , -8.371406217114558e-01, -5.865635515575105e-01, -2.570188737157810e+01
s866        , -1.153749740508799e+00, -4.181903991675787e-01, -1.832415688076822e+01
s867        ,  2.473721027027026e-01,  9.151530654265819e-02,  4.009993623519952e+00
s868        ,  2.269395821593049e+00,  2.109836436811449e+00,  9.244825786974037e+01
s869        ,  4.678738330590472e-01,  2.172376974486248e-01,  9.518864269455149e+00
s870        ,  9.504545520744460e-01,  7.236012028901994e-01,  3.170656712173643e+01
s871        ,  3.278186090591084e-01,  1.309392411518683e-01,  5.737461217406120e+00
s872        , -1.060745617852256e+00, -5.060473545043861e-01, -2.217384983369796e+01
s873        , -8.092360756143714e-01, -8.244988779553561e-01, -3.612767490058297e+01
s874        , -1.497433451430839e+00, -1.397805519208743e+00, -6.124867446447686e+01
s875        , -8.298963454824552e-01, -5.832538159358360e-01, -2.555686224693117e+01
s876        , -1.395330685836568e+00, -7.349511485165519e-01, -3.220389605291103e+01
s877        , -8.863229551700670e-01, -2.309592309887569e-01, -1.012011081584791e+01
s878        ,  7.300994035482326e-01,  5.086600363925590e-01,  2.228833164125190e+01
s879        ,  1.327007379676470e+00,  1.005254054218194e+00,  4.404795765562504e+01
s880        ,  1.165217936206896e+00,  6.713145942642543e-01,  2.941548626207947e+01
s881        , -5.128601822306692e-01,  1.517103246700152e+00,  6.647603089930431e+01
s882        ,  1.082188332309200e+00,  6.053379925560411e-01,  2.652454088751386e+01
s883        ,  3.093387130541843e-01, -3.328856112192647e-01, -1.458629412696745e+01
s884        ,  7.836281255656845e-01,  3.719371479029471e-01,  1.629744408653432e+01
s885        ,  3.559456324088518e-01, -2.788270563300493e-02, -1.221757059216294e+00
s886        ,  1.369087292176832e+00,  1.351583154361678e+00,  5.922331504316139e+01
s887        , -2.827754397002292e-01, -4.119947450797898e-01, -1.805267734008627e+01
s888        , -7.552424250973399e-01, -6.536803897218068e-01, -2.864279532716907e+01
s889        ,  1.207746653680362e+00,  8.933180207185216e-01,  3.914317399119428e+01
s890        , -9.666579634146734e-02,  4.138178135929527e-02,  1.813256007652881e+00
s891        ,  4.787826376712746e-01,  2.850163699456257e-01,  1.248877230770153e+01
s892        ,  1.139204080980141e+00,  8.443530546207330e-01,  3.699763998987965e+01
s893        , -1.069606673210606e+00, -1.907809357139905e+00, -8.359588844798006e+01
s894        ,  1.150226613104442e-02, -1.585212413305094e-01, -6.946042044141643e+00
s895        ,  8.523293459277042e-01,  6.868357980557308e-01,  3.009559028603488e+01
s896        , -2.385584700608096e+00, -2.051462521960024e+00, -8.989044502752478e+01
s897        , -9.548618878298403e-01, -1.532197373756939e+00, -6.713742138726715e+01
s898        ,  4.811635465516753e-02,  1.790228877191052e-01,  7.844377791414756e+00
s899        ,  1.118448561197112e+00,  1.114186883274709e+00,  4.882114769793783e+01
s900        ,  1.281569968989787e+00,  1.013973414998176e+00,  4.443002031213378e+01
s901        , -2.113499475721238e+00, -1.977909675934854e+00, -8.666752577286223e+01
s902        ,  1.947857445727211e+00,  1.668821173120190e+00,  7.312396708071715e+01
s903        , -1.628072514827294e+00, -1.421925484721072e+00, -6.230555676709884e+01
s904        , -5.933703029200499e-01,  1.185899118450711e+00,  5.196341555069410e+01
s905        , -7.688731068500246e-01, -1.013585121758286e+00, -4.441300618111201e+01
s906        ,  1.176277268616818e+00,  9.108852430509757e-01,  3.991292991725089e+01
s907        ,  5.507369645827748e-01,  5.136018494801200e-02,  2.250487070688345e+00
s908        , -2.303152982922224e-01, -2.011706070466531e-01, -8.814840729629168e+00
s909        , -8.668706479272460e-02,  4.023509076822883e-01,  1.763010621038982e+01
s910        ,  1.637183577828672e+00,  1.438479689143915e+00,  6.303092454092694e+01
s911        ,  1.126621425294678e+00,  6.859270388086758e-01,  3.005577051245081e+01
s912        , -4.659972316167655e-03, -1.939754456836567e-01, -8.499565042142246e+00
s913        ,  1.463412550315811e+00,  1.272215301511080e+00,  5.574559534940700e+01
s914        ,  6.888333030824358e-02, -6.247381836945017e-02, -2.737461335844036e+00
s915        ,  4.153763854817183e-01,  5.052819907042102e-01,  2.214031332407647e+01
s916        , -8.981673760840302e-01, -8.153569005437973e-01, -3.572709413970636e+01
s917        ,  1.165490548301742e+00,  1.436706502065407e+00,  6.295322749606362e+01
s918        , -3.127845128551579e+00, -3.112473710090897e+00, -1.363815541066920e+02
s919        ,  5.105583294163231e-01,  7.720401521313324e-01,  3.382905225482627e+01
s920        ,  1.771894143640764e+00,  1.680809043061592e+00,  7.364924841168445e+01
s921        , -9.056974563096514e-01, -2.274664128663059e-01, -9.967063430352738e+00
s922        , -1.410433837530576e+00, -1.156115139429267e+00, -5.065834899438674e+01
s923        ,  4.793953840304336e-01,  2.388049323998840e-01,  1.046389169600038e+01
s924        ,  1.135546937050434e+00,  1.504828093920183e+00,  6.593816148450355e+01
s925        , -1.660407611730610e+00, -1.657584286030717e+00, -7.263159211876479e+01
s926        ,  1.324119315063384e+00,  8.741864044227327e-01,  3.830486986205951e+01
s927        ,  1.539392353089735e+00,  1.178950814703039e+00,  5.165895660524483e+01
s928        ,  9.855836123941223e-01,  7.933412771937174e-01,  3.476241934827691e+01
s929        , -2.495918760023568e-01, -3.019286058597698e-01, -1.322982821121396e+01
s930        ,  1.838769784503462e-01,  3.580358305928007e-01,  1.568831982220996e+01
s931        , -8.638799567978230e-01, -1.057147706249336e+00, -4.632182004660169e+01
s932        ,  5.236538255108801e-02, -4.028896960691657e-01, -1.765371469816559e+01
s933        , -8.753815959596397e-01, -1.500535791567873e+00, -6.575008250937654e+01
s934        ,  2.186233935344458e+00,  1.649920492877677e+00,  7.229578204680331e+01
s935        ,  1.613974894427503e+00,  1.590520332524138e+00,  6.969300144919119e+01
s936        ,  1.035578030022412e+00,  1.398964791982465e+00,  6.129947117385984e+01
s937        , -8.171291125163769e-01, -1.644061870384399e-01, -7.203907046785354e+00
s938        ,  4.014725274785205e-02, -3.135840930970445e-01, -1.374054528430493e+01
s939        ,  1.057305901451997e+00,  1.151805186606021e+00,  5.046949661556815e+01
s940        , -3.957202982614637e-01, -1.464624812138118e-01, -6.417654466125123e+00
s941        ,  9.864841851237819e-01,  6.641371464795626e-01,  2.910098674350609e+01
s942        ,  1.279801670109016e+00,  9.002411047012850e-01,  3.944652786362035e+01
s943        ,  4.132936671989457e-01,  2.274410259952079e-01,  9.965951035114459e+00
s944        ,  1.282832595601720e+00,  8.949583056698438e-01,  3.921504756561641e+01
s945        ,  4.840279729543951e-01,  5.705725785031380e-01,  2.500119912166194e+01
s946        , -8.681769341819047e-01, -9.106245212675104e-01, -3.990150567874148e+01
s947        ,  3.232932517737256e-03, -5.788370736094340e-03, -2.536333059376246e-01
s948        ,  1.167684526421475e+00,  8.555058808016963e-01,  3.748633159306019e+01
s949        ,  6.583480301151363e-02,  8.000977232731547e-02,  3.505847152489893e+00
s950        , -1.242753674158428e+00, -6.018398077607576e-01, -2.637125834656057e+01
s951        ,  2.310361811645397e+00,  1.949616600373341e+00,  8.542778723209085e+01
s952        , -1.119290121794750e+00, -1.168022018913430e+00, -5.118008150680812e+01
s953        , -1.683258967109912e+00, -1.501778373626604e+00, -6.580452964309059e+01
s954        , -9.643407255924855e-01, -9.612588052599239e-01, -4.212018541234902e+01
s955        ,  1.355195898291680e+00,  1.232611315867923e+00,  5.401023832668854e+01
s956        , -1.419644027773449e+00, -1.245433117819929e+00, -5.457206067108094e+01
s957        ,  7.507017303053017e-01,  8.608668925106414e-01,  3.772123899358848e+01
s958        , -6.248853964214247e-01, -8.637411305192525e-01, -3.784718159840990e+01
s959        ,  4.741402585439857e-01,  4.669922913510453e-01,  2.046254535221138e+01
s960        ,  1.748017862668237e+00,  1.270637425657639e+00,  5.567645640041540e+01
s961        ,  8.462482137940457e-02,  1.718500574974217e-01,  7.530080604002345e+00
s962        ,  7.563555564957672e-01,  9.177138494547519e-01,  4.021214399597887e+01
s963        ,  5.141335492556059e-01, -2.923705043057805e-01, -1.281101383215063e+01
s964        ,  1.406034132046022e+00,  1.090124995234853e+00,  4.776681021872388e+01
s965        ,  2.420661684207245e-01,  3.024229821582847e-01,  1.325149066178704e+01
s966        ,  1.305187256819844e+00,  1.199323278146350e+00,  5.255163184821079e+01
s967        , -1.065928149752257e+00,  2.622999329057468e-02,  1.149338944640323e+00
s968        ,  1.019284942775861e-01, -6.805570828851527e-02, -2.982047119668164e+00
s969        , -4.350166918309603e-01, -5.999108975442073e-01, -2.628673786620679e+01
s970        ,  1.624604127608152e-01, -2.109123578023566e-01, -9.241702201093316e+00
s971        ,  5.357086935063688e-01,  9.358609448769584e-01,  4.100730864851201e+01
s972        ,  4.526177537044205e-01,  1.387831141038789e-01,  6.081161978618142e+00
s973        ,  2.518105508318819e-02, -4.238356601505801e-01, -1.857151944119837e+01
s974        ,  1.381098824526411e-01,  1.818230749268222e-01,  7.967075657726044e+00
s975        ,  7.774949586651241e-02, -4.573112367732350e-01, -2.003834344990043e+01
s976        , -6.716438652263078e-01, -3.324707188437842e-01, -1.456811448202085e+01
s977        ,  5.126581856654772e-01,  4.586068889084783e-01,  2.009511599426382e+01
s978        ,  1.652033990012039e+00,  1.258933937253809e+00,  5.516363602483787e+01
s979        , -5.079779506789148e-01,  7.245567976403945e-02,  3.174843912107407e+00
s980        ,  1.486324502914815e+00,  1.274260524295310e+00,  5.583521238324844e+01
s981        , -6.471792492072077e-01, -6.688282797261386e-01, -2.930654158582186e+01
s982        , -4.819216106830154e-01, -5.212173325235431e-01, -2.283856393917279e+01
s983        ,  9.658446198162700e-01,  5.929035062302160e-01,  2.597968983732301e+01
s984        , -6.852585050477367e-01, -1.209505861530339e+00, -5.299780960779383e+01
s985        ,  1.854305119617258e+00,  1.698909819330441e+00,  7.444238346374280e+01
s986        , -4.521581959933576e-01, -6.218824021478863e-01, -2.724947947401447e+01
s987        , -2.521511431321029e-01, -5.485848020266167e-01, -2.403774451721137e+01
s988        , -5.979353596012116e-01, -7.375090665633416e-01, -3.231597823287217e+01
s989        ,  5.009353081364425e-02,  1.458897954411149e-01,  6.392560671616248e+00
s990        , -8.490157785255917e-01, -4.709322495889547e-01, -2.063518540563884e+01
s991        ,  1.777005115889338e+00,  1.260359720062600e+00,  5.522611060081619e+01
s992        ,  1.436402784430078e-01, -3.613405726415128e-01, -1.583312613979072e+01
s993        , -7.746133794839222e-01, -4.927928342647609e-01, -2.159306675323111e+01
s994        , -3.519374423249963e-01,  5.651685522209564e-01,  2.476440691988112e+01
s995        ,  2.515821213310820e+00,  2.153071265459196e+00,  9.434271021592387e+01
s996        , -9.307341685855109e-01, -4.156381804657413e-01, -1.821232443320464e+01
s997        ,  9.020799685707303e-01,  6.473696032354503e-01,  2.836627094533910e+01
s998        ,  7.128984046028965e-02,  1.716608877960636e-01,  7.521791615800622e+00
s999        ,  5.124895301791403e-01,  1.778342807431609e-01,  7.792295723676874e+00
s1000       , -1.908214440895996e+00, -1.723812823133959e+00, -7.553357673218315e+01
s1001       , -6.478798150695012e-01, -6.728693121676914e-01, -2.948361048211093e+01
s1002       ,  1.628384326110677e+00,  1.085278193367314e+00,  4.755443432973273e+01
s1003       , -1.320631610111836e+00, -8.708135294692492e-01, -3.815707811478398e+01
s1004       ,  3.127068110729108e-01,  5.509538866916739e-01,  2.414155244573561e+01
s1005       , -8.308586454054456e-02, -7.305298655484130e-02, -3.201016543909577e+00
s1006       , -4.431446782915395e-01, -1.563227134190610e+00, -6.849707526571834e+01
s1007       ,  8.915087432489126e-01,  3.582724959798705e-02,  1.569868996387146e+00
s1008       , -4.555641263772588e-01,  3.464110826781727e-01,  1.517894967667090e+01
s1009       , -1.076167756737711e+00, -5.183772197133513e-01, -2.271411662331708e+01
s1010       , -5.741566073917021e-02, -8.676344025753638e-02, -3.801777596900703e+00
s1011       , -6.851232733351752e-01,  1.234303593872598e-01,  5.408439011904244e+00
s1012       ,  1.183771163089419e+00,  8.516101261776484e-01,  3.731562844195454e+01
s1013       ,  5.720663447691927e-01,  3.646233285104779e-01,  1.597696907273204e+01
s1014       ,  1.639794129625306e+00,  1.249367255828813e+00,  5.474444569524422e+01
s1015       ,  1.278838546119833e+00,  1.378933137490823e+00,  6.042172940786800e+01
s1016       , -1.591656559306218e+00, -1.334019528457831e+00, -5.845371670446725e+01
s1017       , -2.238585492043279e-01, -4.887483979862514e-01, -2.141584870850986e+01
s1018       ,  1.969653626448107e+00,  1.778148218475172e+00,  7.791443078907398e+01
s1019       , -1.095283509128894e+00, -6.610817173028573e-01, -2.896710475175435e+01
s1020       ,  2.026970585970871e+00,  1.710422643856475e+00,  7.494684937968856e+01
s1021       , -1.076267557425617e+00, -3.717948161552929e-01, -1.629120743146451e+01
s1022       ,  2.061743967154248e+00,  1.682429044494725e+00,  7.372023320824336e+01
s1023       , -7.584250456952716e-01, -1.196852282810994e+00, -5.244335842474909e+01
s1024       ,  1.053814834881829e+00,  7.538765517617573e-01,  3.303316439285194e+01
s1025       ,  2.675022500952487e-01,  2.739923421725239e-01,  1.200572435926856e+01
s1026       ,  1.191217039336654e+00,  9.591381156139549e-01,  4.202726159141596e+01
s1027       , -1.091104512041814e+00, -9.150516407553001e-01, -4.009549203563930e+01
s1028       ,  4.058140530066474e-01,  1.141883118718749e-01,  5.003473405547600e+00
s1029       , -2.810797283104409e-01,  5.603316037520514e-02,  2.455246278451861e+00
s1030       , -5.114017609957666e-01, -6.484521369567957e-01, -2.841370512311591e+01
s1031       ,  7.568139692128296e-01,  3.175137820833273e-01,  1.391273536236649e+01
s1032       ,  1.164702788614623e+00,  8.468614197231414e-01,  3.710755087196176e+01
s1033       , -8.951823961598004e-01, -3.559008521944264e-01, -1.559476990048358e+01
s1034       ,  1.875078712098186e+00,  1.393363440261606e+00,  6.105403261792532e+01
s1035       ,  5.020924654475383e-01,  4.584577212400303e-01,  2.008857980461523e+01
s1036       ,  2.037733904983300e+00,  1.982002574229784e+00,  8.684686731346811e+01
s1037       ,  7.899885329373273e-01,  2.378542252878273e-01,  1.042223386190456e+01
s1038       , -1.481530067718233e+00, -1.093016506559730e+00, -4.789350970117269e+01
s1039       , -1.299957501960030e+00, -1.169339458756224e+00, -5.123780873920843e+01
s1040       ,  7.907676425376595e-02, -4.342042810062265e-02, -1.902584894176636e+00
s1041       , -2.182521057971927e+00, -2.220717344586930e+00, -9.730680831280239e+01
