# c0 + a0 * (poly_dist_avg + E_T)
# Property Label: $ln_{D}$; Unit of the Property: Unitless
# RMSE: 0.44821858171939; Max AE: 2.30915186822637
# Coefficients
# Task   a0                      c0
# all , -2.280473735035473e-02,  6.899208056989381e-16, 
# Feature Rung, Units, and Expressions
# 0;  1; Unitless;                                         30|0|add; (poly_dist_avg + E_T); $\left(poly_{dist, avg} + E_{T}\right)$; (poly_dist_avg + E_T); (newdata$poly_dist_avg + newdata$E_T); poly_dist_avg,E_T
# Number of Samples Per Task
# Task, n_samples               
# all , 1041                  

# Sample ID , Property Value        ,  Property Value (EST) ,  Feature 0 Value      
s1          , -1.176056511198248e+00, -6.363274157845260e-01,  2.790329947714256e+01
s2          , -1.455476726264239e+00, -1.772836926943375e+00,  7.773985289577557e+01
s3          ,  1.360540424298584e+00,  1.142889076122475e+00, -5.011630077400109e+01
s4          ,  5.214207269978391e-01,  1.834525496841534e-01, -8.044492986949445e+00
s5          ,  9.232192651096478e-02, -2.436297772059564e-01,  1.068329678448007e+01
s6          , -8.371953399684261e-01, -1.936004004361835e-01,  8.489481701185774e+00
s7          , -7.203728580649982e-01,  1.268364230694292e-01, -5.561845379791473e+00
s8          , -2.733255709368181e-01, -1.091717480573975e+00,  4.787239878283422e+01
s9          , -1.521729831673386e+00, -1.102970390867158e+00,  4.836584495238668e+01
s10         ,  3.230218919710685e-01,  3.520029461582002e-01, -1.543551853942857e+01
s11         ,  4.593978616455925e-01, -1.635477030310555e-01,  7.171654753941386e+00
s12         ,  2.356762313996669e-01,  8.319661556092030e-01, -3.648216345698281e+01
s13         ,  1.907045033118390e+00,  1.708550454986388e+00, -7.492085651930608e+01
s14         ,  1.054844414236797e+00,  4.592355295634978e-01, -2.013772500459663e+01
s15         , -6.375331890789701e-01, -8.546055815525235e-01,  3.747491446285965e+01
s16         , -1.315170182182296e+00, -6.718173678629981e-01,  2.945955296663605e+01
s17         ,  8.942625882950092e-01,  7.406048913593137e-01, -3.247592287432299e+01
s18         , -4.582075442603601e-01, -5.732305700865638e-01,  2.513646885205840e+01
s19         , -7.693791289946220e-01, -6.207859168647094e-01,  2.722179638938283e+01
s20         ,  3.128393520635399e-01, -1.035612357489991e-01,  4.541215895537989e+00
s21         , -1.098688503016758e+00, -1.063646280906436e+00,  4.664146157727582e+01
s22         ,  1.599324596570011e+00,  1.498735169778894e+00, -6.572034339854302e+01
s23         , -1.314277649873613e+00, -1.514516137405078e+00,  6.641234731789272e+01
s24         ,  1.052755589569482e-01,  4.082371748710882e-02, -1.790141971815918e+00
s25         , -1.088909426848386e+00, -7.062071955872368e-01,  3.096756541141450e+01
s26         ,  1.095156312501731e+00,  7.019783218458193e-01, -3.078212702304591e+01
s27         ,  2.628094430707173e-03, -9.937352476611112e-02,  4.357582516273359e+00
s28         ,  1.859558668493155e+00,  1.393475780151142e+00, -6.110466254194618e+01
s29         , -1.265074927670763e+00, -1.192403533143003e+00,  5.228753634930402e+01
s30         ,  1.657227749413040e+00,  1.432966510309018e+00, -6.283635230233106e+01
s31         ,  2.746080273692961e-01,  6.063669641291833e-01, -2.658951755564729e+01
s32         , -6.897019771020165e-01, -9.756018187092625e-01,  4.278066454881085e+01
s33         , -1.405625106938475e+00, -1.558878552036465e+00,  6.835766306303094e+01
s34         , -1.474210819660272e+00, -1.583430155766312e+00,  6.943426409345085e+01
s35         , -1.171464689733801e+00, -5.585691192215938e-01,  2.449355634490155e+01
s36         , -1.148641161041122e+00, -9.006370765943066e-01,  3.949342028183007e+01
s37         , -1.078435221245579e+00, -1.045453577019557e+00,  4.584370172556692e+01
s38         , -4.378262290801383e-01, -1.979396186664036e-01,  8.679758754745112e+00
s39         , -6.410161109102297e-01,  8.483807159271145e-01, -3.720195075668860e+01
s40         ,  1.431814259493607e-01,  5.615846705653204e-01, -2.462578989345756e+01
s41         ,  3.398432822287206e-01,  5.962794550448600e-01, -2.614717485599913e+01
s42         ,  8.067612274639525e-01,  1.125339483484383e-01, -4.934674169649541e+00
s43         , -1.242741757202650e+00, -3.806714646728376e-01,  1.669264849774369e+01
s44         ,  1.711958335245295e-01,  3.194352016489873e-02, -1.400740542376874e+00
s45         ,  4.644113787063103e-01,  2.513149428102010e-01, -1.102029543025152e+01
s46         ,  5.605068277705415e-02, -3.611698694482919e-01,  1.583749305679570e+01
s47         ,  9.066999267258494e-01,  5.330281049554706e-01, -2.337356913023945e+01
s48         ,  1.579727584566370e+00,  1.218772240622183e+00, -5.344381835659355e+01
s49         , -6.435089824614265e-01, -1.252246281463642e+00,  5.491167305393957e+01
s50         , -2.217827055817793e-02, -5.462422166114638e-01,  2.395301503452604e+01
s51         , -9.869737286665018e-01, -8.819012137385874e-01,  3.867184261715998e+01
s52         , -6.291725742859308e-02, -1.601170715149448e-01,  7.021219716545204e+00
s53         ,  7.061953554227811e-01,  1.634944973732041e+00, -7.169321657224033e+01
s54         , -1.923256326608463e+00, -2.199986191056110e+00,  9.647057790042425e+01
s55         ,  1.449677165676465e-01, -1.756503734375766e-01,  7.702363361569041e+00
s56         , -1.428251212735210e+00, -1.136599568559470e+00,  4.984050248409419e+01
s57         , -7.632144013758455e-01, -3.334599392437829e-01,  1.462239771152622e+01
s58         , -2.465293161402924e+00, -2.373395125202890e+00,  1.040746529433707e+02
s59         , -8.768884797438996e-03, -5.805838242541265e-03,  2.545891300279169e-01
s60         ,  1.714446572989188e+00,  1.212944780256636e+00, -5.318828108484080e+01
s61         ,  1.653657662090557e+00,  1.053778201014903e+00, -4.620874096576740e+01
s62         ,  2.913807026429409e-01, -2.546579634418675e-02,  1.116688868323726e+00
s63         , -1.790911115854549e+00, -1.475768331817638e+00,  6.471323519955746e+01
s64         , -5.454632126173593e-01,  4.048692082541717e-02, -1.775373257030154e+00
s65         , -1.096531543219279e+00, -6.004079884903518e-01,  2.632821326841605e+01
s66         , -9.925198589409868e-01, -9.858184066774432e-01,  4.322866742695063e+01
s67         , -4.301391331597769e-01,  2.041378239853716e-01, -8.951553392137424e+00
s68         , -1.496017763262518e+00, -1.465691568950946e+00,  6.427136372733307e+01
s69         , -5.130334975012112e-01, -2.925600613552780e-01,  1.282891606514064e+01
s70         , -1.298331351434060e+00, -4.200235168303603e-01,  1.841825715321503e+01
s71         ,  8.978734253548585e-01,  3.642372917105709e-02, -1.597200117303251e+00
s72         , -8.703072211857277e-01, -3.253783904707214e-01,  1.426801745057857e+01
s73         ,  1.052659824554331e+00,  8.992067632828413e-01, -3.943070027372420e+01
s74         , -1.304189005820537e+00, -1.388674966781748e+00,  6.089414429323157e+01
s75         , -7.491961797362119e-01, -1.970565386270391e-01,  8.641035219990137e+00
s76         ,  1.130323653742102e+00,  5.229990535726299e-01, -2.293378983224702e+01
s77         ,  1.083046725976420e+00,  1.074171260505011e+00, -4.710298759429918e+01
s78         ,  1.592651226510811e+00,  1.284932975520662e+00, -5.634500217125606e+01
s79         , -5.815008980639539e-01, -4.216752074766378e-01,  1.849068467653627e+01
s80         , -2.983814549448998e-01, -5.433093664384504e-01,  2.382440797679259e+01
s81         ,  1.752594407670262e+00,  1.506006184326073e+00, -6.603918129768095e+01
s82         ,  2.898444462079387e-01,  1.664457861021729e-01, -7.298737255554630e+00
s83         ,  1.476200951700887e+00,  1.189592850726446e+00, -5.216428641340791e+01
s84         , -3.835514085014881e-01, -1.264748697807324e+00,  5.545991073594413e+01
s85         ,  4.460752375789071e-01,  6.372723961882912e-01, -2.794473737617407e+01
s86         , -5.546686089820558e-01,  2.669173991699950e-01, -1.170447153454466e+01
s87         ,  8.762923637719959e-02, -1.609664428614288e-02,  7.058465106984969e-01
s88         ,  4.367974440523036e-01,  8.656658392743576e-02, -3.795991271352595e+00
s89         , -5.727247528300363e-01, -2.903297023116531e-01,  1.273111362131683e+01
s90         ,  4.181427428933503e-02, -2.735176547636630e-01,  1.199389629275468e+01
s91         , -8.667270491804479e-01, -4.702958959378958e-01,  2.062272801973669e+01
s92         ,  8.549438204377635e-01,  8.067437432303152e-01, -3.537614710645924e+01
s93         , -1.173621714519396e+00, -7.880455645171767e-01,  3.455622191171253e+01
s94         , -2.684963611581566e-01, -1.905492738103070e-01,  8.355688157370674e+00
s95         ,  9.260657816336888e-01,  6.905754428197326e-01, -3.028210464388400e+01
s96         , -2.278868324329024e-01, -4.497373359098844e-01,  1.972122410359133e+01
s97         , -1.648661305544417e+00, -1.818004508921479e+00,  7.972047566218518e+01
s98         ,  5.404249878717727e-01,  8.708071991551068e-01, -3.818536410995151e+01
s99         ,  1.310930209873364e+00,  8.322781632839160e-01, -3.649584516135500e+01
s100        ,  7.521780108780159e-02,  4.441729805863356e-01, -1.947722412946035e+01
s101        , -1.544763391692015e-01,  1.537808570999022e-01, -6.743373306051668e+00
s102        ,  1.059402820517896e+00,  4.783288055748611e-01, -2.097497542840238e+01
s103        , -3.987127671222759e-01, -9.278950050137803e-02,  4.068869510568399e+00
s104        ,  1.672104507359812e+00,  1.586371728272740e+00, -6.956325363019640e+01
s105        , -3.729535248655157e-01, -4.782562920383760e-01,  2.097179567082089e+01
s106        , -9.091422672215730e-01, -4.973373864082556e-01,  2.180851192309479e+01
s107        ,  4.095288752140306e-01, -1.080127447703307e-01,  4.736416960691337e+00
s108        , -8.642846593415402e-01, -4.169649096752322e-01,  1.828413558416830e+01
s109        ,  1.308766037007560e+00,  5.952583335897943e-01, -2.610239813091004e+01
s110        , -1.060518384725506e+00, -1.005219218468369e+00,  4.407940346012071e+01
s111        , -9.347636068172456e-01, -3.736541609711881e-01,  1.638493595565908e+01
s112        , -1.677387906237608e+00, -7.696669287314959e-01,  3.375030884622419e+01
s113        , -2.426092490978830e-01,  1.336571982610624e-01, -5.860940040994714e+00
s114        , -1.644000182446823e+00, -1.247139057386009e+00,  5.468771853084336e+01
s115        , -2.329704376178373e+00, -2.547116198243496e+00,  1.116924154447179e+02
s116        , -5.268968759749211e-01,  3.338169344523067e-01, -1.463805214345578e+01
s117        ,  1.742591906297736e+00,  1.387816277554994e+00, -6.085649030872990e+01
s118        ,  1.515143207668377e+00,  1.233456503585119e+00, -5.408773118651736e+01
s119        , -4.303518965464308e-02, -1.341355505618345e-01,  5.881916046700213e+00
s120        , -2.251286346153320e-01,  1.575235634289712e-01, -6.907492991868210e+00
s121        , -3.744651294305373e-01, -2.963912495395553e-01,  1.299691572790447e+01
s122        ,  1.754705398768575e+00,  1.374136513202463e+00, -6.025662528321500e+01
s123        ,  1.494372078098040e+00,  1.108632275963504e+00, -4.861412165951818e+01
s124        ,  4.706190523857749e-01,  4.599278043834621e-01, -2.016808162784244e+01
s125        , -2.939771406988250e-01, -8.390899934827353e-01,  3.679454757981169e+01
s126        ,  1.907608110252774e-01,  1.776541684461302e-01, -7.790230850580967e+00
s127        ,  1.175241554433439e+00,  9.791555834311028e-01, -4.293649904351436e+01
s128        , -9.405598864666275e-01, -4.332926498278085e-01,  1.900011577292160e+01
s129        ,  8.848224007924820e-01,  8.326701026702251e-01, -3.651303191427777e+01
s130        , -8.567501741532092e-01,  6.041491492053693e-01, -2.649226517822495e+01
s131        ,  4.181459542201291e-01,  2.120356857233565e-01, -9.297878877787539e+00
s132        ,  1.352109327204641e+00,  1.109552695566760e+00, -4.865448255423560e+01
s133        ,  3.377243561871698e-01,  2.975909603383455e-01, -1.304952369178309e+01
s134        ,  1.167150831191734e+00,  9.030148455440320e-01, -3.959768672933148e+01
s135        , -7.551299954675708e-01, -8.774699362826047e-01,  3.847752871703020e+01
s136        , -1.288171140802968e+00, -1.065628581091492e+00,  4.672838650671489e+01
s137        ,  7.561360588094119e-01,  1.083033171185450e+00, -4.749158714465977e+01
s138        , -4.177976720303577e-01, -2.455292453887659e-01,  1.076658948606340e+01
s139        ,  3.703571329650210e-01,  1.934498594920700e-01, -8.482880399806936e+00
s140        ,  6.601089262860428e-01,  3.195883066668131e-02, -1.401411916115908e+00
s141        , -1.578466378610989e-01, -4.504085428429421e-01,  1.975065688866338e+01
s142        ,  1.583934988818062e+00,  1.135035969033634e+00, -4.977193780379046e+01
s143        , -6.655556961981216e-01, -7.914320462793890e-02,  3.470472095865139e+00
s144        , -1.444363515954881e+00, -1.692469129572501e-01,  7.421568174939677e+00
s145        , -7.857021391434503e-01, -8.131755045159877e-01,  3.565818329862674e+01
s146        , -1.297382615214570e+00, -8.248774475160159e-01,  3.617131979391929e+01
s147        , -5.360922680501714e-01, -6.212680327364984e-01,  2.724293742970187e+01
s148        , -6.315112169106484e-01, -2.788455375767214e-01,  1.222752682009664e+01
s149        ,  1.034538941403273e+00,  9.430800992613307e-01, -4.135456965684634e+01
s150        , -1.132891587887058e+00, -3.528748125115591e-01,  1.547375034802016e+01
s151        ,  5.509532181847399e-02,  3.053097655891744e-02, -1.338799745415259e+00
s152        , -1.325344879425763e-01, -5.427284376989012e-01,  2.379893393906857e+01
s153        , -1.431235874103281e+00, -9.462043109211427e-01,  4.149156801871366e+01
s154        ,  3.955605453613595e-01,  4.937974481053229e-02, -2.165328372429753e+00
s155        , -6.583727769299562e-02, -9.865031734935956e-01,  4.325869482019056e+01
s156        ,  1.360777508064747e+00,  1.247330160452345e+00, -5.469609850310081e+01
s157        ,  1.886695766984781e-01,  4.806064512248213e-01, -2.107485141535054e+01
s158        , -5.322620015856455e-01, -3.550556448763101e-01,  1.556938102033382e+01
s159        , -9.397989837818175e-01, -5.390282586299198e-01,  2.363667909648325e+01
s160        ,  1.011185408564766e+00,  7.353040301502569e-01, -3.224347725885203e+01
s161        ,  8.691500702744535e-01,  2.920798234453202e-01, -1.280785737445804e+01
s162        , -7.631554763960900e-01, -6.703311191763347e-01,  2.939438016223889e+01
s163        , -1.913891772907037e-01, -4.561458758855289e-01,  2.000224202882276e+01
s164        , -1.172488852060699e+00, -1.295186468526377e+00,  5.679462335514381e+01
s165        , -7.847148269254141e-01,  5.846332837836009e-02, -2.563648398145221e+00
s166        ,  6.442637705728566e-01,  7.478947872463230e-01, -3.279558873036916e+01
s167        ,  1.426867873093048e-01, -3.330788768780343e-01,  1.460568792180603e+01
s168        , -1.763664779687589e+00, -1.993776255178968e+00,  8.742816128719655e+01
s169        , -1.122536795524768e+00, -1.449678381187325e+00,  6.356917683004035e+01
s170        ,  1.958646106185055e-01, -1.133473908228020e-01,  4.970344059719659e+00
s171        , -1.074510878859395e+00, -5.560600410624035e-01,  2.438353191793084e+01
s172        , -3.012776379076099e-01, -4.414769921330189e-01,  1.935900358554897e+01
s173        , -7.731154552407105e-01, -5.539936081917295e-01,  2.429291772497054e+01
s174        , -1.035147889271374e+00, -9.620423682236008e-01,  4.218607535107773e+01
s175        ,  5.473686561230826e-01,  4.883139800966901e-01, -2.141283070243708e+01
s176        , -1.268948530849032e+00, -8.974085641791730e-01,  3.935184827573620e+01
s177        ,  1.005563615864533e-01,  3.702843967577534e-01, -1.623716998222709e+01
s178        ,  1.242644395595530e+00,  5.515014204308744e-01, -2.418363395105250e+01
s179        , -1.576962637744264e+00, -1.153572745449153e+00,  5.058478542096474e+01
s180        ,  1.737282181449411e+00,  1.342471891583558e+00, -5.886811459210580e+01
s181        ,  2.233856545359632e+00,  1.865270525272303e+00, -8.179311590463409e+01
s182        , -1.711402508932139e+00, -1.644423021702349e+00,  7.210883407419601e+01
s183        , -7.106254116747583e-01, -7.822453760848955e-01,  3.430188052890372e+01
s184        , -1.590416334708451e+00, -1.362405994421035e+00,  5.974223572453657e+01
s185        , -1.868355490710606e+00, -1.646790820548853e+00,  7.221266332730806e+01
s186        , -2.760321167234583e-01, -2.227364892505499e-01,  9.767114868660650e+00
s187        , -4.966273090043231e-02, -3.147938026788649e-01,  1.380387758221512e+01
s188        , -1.015813052583435e+00, -1.022465839942638e+00,  4.483567708911735e+01
s189        , -2.906800910340787e-01, -1.991381334411124e-01,  8.732314272324452e+00
s190        ,  5.354894060030271e-01,  2.499074217916734e-01, -1.095857487645151e+01
s191        ,  1.753961104841035e+00,  1.553979852795238e+00, -6.814285246618135e+01
s192        ,  1.693846989966433e+00,  1.244529322269632e+00, -5.457328024215427e+01
s193        , -1.325060983901232e+00, -1.200598205327549e+00,  5.264687713269692e+01
s194        , -3.735061674670884e-01, -4.501937366314182e-01,  1.974123752073891e+01
s195        ,  5.549893676077536e-01,  1.039620533877686e-01, -4.558791964606895e+00
s196        ,  5.156221309853631e-01,  5.273870647238942e-01, -2.312620648164097e+01
s197        ,  4.039259378191074e-02, -1.871978792078025e-01,  8.208727701259464e+00
s198        , -1.147577574253399e-01,  4.343753545842172e-01, -1.904759295890157e+01
s199        , -8.191010016050872e-02,  5.275551969638315e-01, -2.313357917080438e+01
s200        ,  1.189193657309887e+00,  9.146141397951656e-01, -4.010632202176790e+01
s201        ,  6.533862606425194e-01,  1.815402397988363e-01, -7.960637169803307e+00
s202        , -8.110875660980833e-01, -8.260602260077026e-01,  3.622318526702320e+01
s203        , -8.655630508261463e-01, -1.300403366156657e+00,  5.702338712251949e+01
s204        , -3.544918020535805e-01, -4.769640245326843e-01,  2.091512904555622e+01
s205        , -3.633282890048445e-01, -8.459344115211043e-02,  3.709467899256260e+00
s206        , -5.026824938914743e-01, -4.371556822438455e-01,  1.916951182237782e+01
s207        ,  4.240041451428595e-01,  1.432585915200615e-01, -6.281966300209654e+00
s208        , -8.062259524963590e-01, -1.038554497733631e+00,  4.554117338770739e+01
s209        ,  3.099661283982239e-01, -9.526167239616452e-02,  4.177275577992281e+00
s210        , -3.065562839865105e-01, -3.864276642874849e-01,  1.694506094723668e+01
s211        , -4.563063004879184e-01, -4.490381663654223e-01,  1.969056514296746e+01
s212        ,  4.998062981764828e-01,  4.750244824122976e-01, -2.083007908025338e+01
s213        ,  6.563519744665959e-01,  7.139175446872568e-01, -3.130566836702248e+01
s214        ,  1.142353378029062e+00,  7.481069182025962e-01, -3.280489078691181e+01
s215        , -1.476327451002582e-01, -6.123347522689735e-01,  2.685120827578614e+01
s216        , -1.905199100184842e-01,  3.727294092318330e-01, -1.634438509444330e+01
s217        , -2.414550310188500e-01, -4.295384829361472e-01,  1.883549353527048e+01
s218        , -1.293237902229174e+00, -1.113855646178476e+00,  4.884316925321441e+01
s219        ,  2.482302713119656e-01, -3.783926348968512e-01,  1.659272058623231e+01
s220        , -2.000823243837164e-01,  5.462993687490638e-02, -2.395552118650291e+00
s221        , -6.698961632051862e-01, -1.098046752930872e+00,  4.814994078034371e+01
s222        ,  1.037060196097378e+00,  7.395206623581091e-01, -3.242837884938873e+01
s223        , -1.623853301049458e-01, -3.386215213169173e-01,  1.484873586196557e+01
s224        , -6.705934431510087e-01, -6.750811013479351e-01,  2.960266943558702e+01
s225        , -1.448990103249857e+00, -7.078746050000810e-01,  3.104068221110517e+01
s226        , -1.718251341837416e+00, -9.355771628243670e-01,  4.102556185808536e+01
s227        ,  1.227776018054062e-01,  1.294683045518374e-01, -5.677254798543988e+00
s228        ,  4.264100451543563e-01, -9.702191368770853e-02,  4.254463105500315e+00
s229        ,  4.451483651439820e-01, -1.742292709254186e-01,  7.640047251967544e+00
s230        ,  1.833521503477001e+00,  1.582150460853064e+00, -6.937814878312784e+01
s231        ,  5.465231310557156e-01,  2.758611311625361e-01, -1.209665899345447e+01
s232        , -9.701705002670065e-01, -6.567339370242986e-01,  2.879813641063854e+01
s233        , -4.717599438000208e-01,  3.048836222236785e-01, -1.336931083834365e+01
s234        , -5.281115591146329e-01,  6.889833043906227e-02, -3.021228851731978e+00
s235        ,  1.986306191498733e+00,  1.793912701596696e+00, -7.866403695146224e+01
s236        , -9.106289011065025e-02, -1.134248504447199e+00,  4.973740705808027e+01
s237        , -2.049911438812475e-01,  2.189781962268758e-01, -9.602311697901177e+00
s238        , -8.473750345453807e-01,  1.705851361477781e-01, -7.480249981704961e+00
s239        ,  4.108404411494213e-01,  3.267565088054740e-01, -1.432844868087861e+01
s240        ,  7.165538551738689e-01,  7.619580337947088e-01, -3.341226965645609e+01
s241        ,  1.480467310245773e+00,  1.374290800932186e+00, -6.026339088315824e+01
s242        ,  1.377587652535837e-03, -2.454130371898010e-01,  1.076149369402776e+01
s243        ,  1.131563109684979e-01, -1.331578465970714e-01,  5.839043201916151e+00
s244        , -5.391359916687376e-01, -4.390832539836001e-02,  1.925403688005102e+00
s245        , -6.959002745715563e-01, -8.796161271749915e-01,  3.857164034214626e+01
s246        ,  1.097686348144868e+00,  9.983344086245989e-01, -4.377750084497548e+01
s247        ,  1.841111551502399e+00,  1.775386042229567e+00, -7.785163297230213e+01
s248        , -3.591369962873629e-01,  6.417896761416804e-02, -2.814282253207755e+00
s249        , -6.877465177400688e-02,  3.277953277287518e-02, -1.437400144946839e+00
s250        ,  9.781851862563173e-01,  9.581181178179686e-01, -4.201399485984715e+01
s251        , -1.545108495483156e+00, -1.092171715036409e+00,  4.789231720835498e+01
s252        ,  9.402639511564144e-01,  7.093228039638048e-01, -3.110418651468356e+01
s253        ,  3.571077652909773e-01, -1.093856930110739e-01,  4.796621479588016e+00
s254        ,  2.257901594076580e-01, -2.052002694458564e-01,  8.998142197093323e+00
s255        , -1.438850770729053e-01, -2.454069012498784e-01,  1.076122462976149e+01
s256        ,  1.248756905340010e+00,  1.085928246637422e+00, -4.761853776055570e+01
s257        , -7.549787863785817e-01, -8.218870889938659e-01,  3.604019096414114e+01
s258        ,  8.177238568000533e-01,  6.007944231225227e-01, -2.634515863490866e+01
s259        , -3.969340657877687e-01, -5.776410725771002e-01,  2.532987175877803e+01
s260        ,  1.424749928690502e+00,  9.740194048463175e-01, -4.271127484970424e+01
s261        , -2.470942124509466e-01, -4.233673094444668e-01,  1.856488425804570e+01
s262        ,  2.007985062735016e-02,  7.147549349587397e-01, -3.134238838087828e+01
s263        ,  1.714213031012279e+00,  1.386737480936423e+00, -6.080918449669634e+01
s264        , -2.919262533908621e-01,  4.571588271145802e-01, -2.004666048510611e+01
s265        , -2.155995419331203e-01,  3.652155372746674e-01, -1.601489776723896e+01
s266        , -9.362328774391201e-01, -1.788430099534513e-01,  7.842362190181949e+00
s267        ,  6.142764498338860e-01,  5.253873290924796e-01, -2.303851699850016e+01
s268        ,  8.320264617200721e-01,  9.916069288069538e-01, -4.348249723610733e+01
s269        , -4.610366351192068e-01, -6.840913241128569e-01,  2.999777255063262e+01
s270        ,  5.033046853861965e-01,  3.949180462359079e-01, -1.731736876284454e+01
s271        ,  2.731597535481846e-01, -1.716358635320314e-01,  7.526324942714689e+00
s272        , -4.876259036091397e-01, -4.137328073975097e-01,  1.814240616066883e+01
s273        ,  3.756531389576167e-01,  6.648971147528810e-01, -2.915609614519581e+01
s274        , -6.075622032726076e-01, -1.861857686827405e-01,  8.164346110298222e+00
s275        , -3.667973944341356e-01, -2.261106762165063e-01,  9.915074782169761e+00
s276        ,  9.245727537620891e-01,  5.370206007305078e-01, -2.354864221762913e+01
s277        , -9.396261947398056e-01,  1.369525673486564e+00, -6.005443748139727e+01
s278        , -1.341488674963300e+00, -1.714916208161611e+00,  7.519999822032312e+01
s279        , -1.266362915480045e+00, -1.456855177535471e+00,  6.388388321046857e+01
s280        ,  2.057477526667467e+00,  1.437918835009379e+00, -6.305351440440998e+01
s281        , -2.834398711024385e-01,  1.159376607962030e+00, -5.083928791418398e+01
s282        ,  9.178955657779987e-01,  1.196156722367318e+00, -5.245211571571599e+01
s283        ,  3.733503076570951e-01, -3.758588464348657e-01,  1.648161259919180e+01
s284        , -1.411377341359432e+00, -2.136007735149893e+00,  9.366508819346996e+01
s285        , -7.489991269044497e-01, -3.763504300207731e-01,  1.650316880386783e+01
s286        , -1.503542794535010e+00, -1.753219402841989e+00,  7.687961391121735e+01
s287        ,  6.691186599609008e-01,  6.893387742999323e-01, -3.022787606405863e+01
s288        , -7.261797515669667e-02, -6.065675954790438e-01,  2.659831534826290e+01
s289        , -2.036131017088608e+00, -2.075736657597603e+00,  9.102216902161847e+01
s290        , -3.593369916728853e-01, -6.552856352538585e-01,  2.873462759893028e+01
s291        , -9.653688942346333e-01,  8.996350061386175e-01, -3.944947895331156e+01
s292        ,  1.020142466608096e+00,  1.373766806639051e+00, -6.024041345153582e+01
s293        ,  1.809672166646086e+00,  1.513926154427805e+00, -6.638647624697398e+01
s294        , -1.362048565302476e+00, -1.289424996413513e+00,  5.654197970376784e+01
s295        ,  1.783462244939523e+00,  1.525585925082760e+00, -6.689776346224959e+01
s296        , -4.444596513339619e-01,  6.498851239271174e-01, -2.849781227219474e+01
s297        , -5.510249411793563e-01, -2.564472915646464e-01,  1.124535168394114e+01
s298        , -8.286362700584804e-01, -3.999068846207646e-01,  1.753613200963021e+01
s299        ,  6.445649183446500e-01,  3.124088464529022e-01, -1.369929596878440e+01
s300        ,  1.263431947632347e+00,  1.117861441500147e+00, -4.901882553287806e+01
s301        , -1.374060773425154e+00, -1.094611258974170e+00,  4.799929252231198e+01
s302        ,  1.535703749464311e+00,  1.335411305875360e+00, -5.855850411075166e+01
s303        , -5.834699387477037e-01,  7.246988219815863e-01, -3.177843317587312e+01
s304        , -1.532084137217445e+00, -1.679426715236618e+00,  7.364376486495668e+01
s305        ,  8.275615567870639e-01,  4.754898062539755e-01, -2.085048378101923e+01
s306        , -7.539381022379023e-01, -9.135065864373546e-01,  4.005775521124981e+01
s307        ,  1.586514123372291e-01, -5.026806552238725e-01,  2.204281713492543e+01
s308        , -5.508401709447740e-02,  1.728708591352706e+00, -7.580480164248920e+01
s309        , -5.766874189299147e-01, -1.065242245649519e+00,  4.671144548976572e+01
s310        ,  6.374709732867283e-01,  1.674658900654490e-01, -7.343469363081411e+00
s311        ,  4.080149769921139e-02, -3.530094178247256e-01,  1.547965286340976e+01
s312        ,  9.731382012764279e-01,  6.250719583474762e-01, -2.740974161396130e+01
s313        ,  1.429932001970077e-01,  3.393990343330522e-01, -1.488283022596496e+01
s314        ,  1.930683047603774e-01,  1.729985417232166e-01, -7.586079114413695e+00
s315        ,  5.348221101378693e-01,  3.277853129698849e-01, -1.437356229690519e+01
s316        , -1.241701629755850e+00, -5.996981548369745e-01,  2.629708668087979e+01
s317        ,  1.919675275186283e+00,  1.815615418820966e+00, -7.961571277613173e+01
s318        , -4.758666133750817e-02,  8.685012100334052e-02, -3.808424524652062e+00
s319        ,  1.127723396934456e-01,  5.296909799431455e-01, -2.322723440333354e+01
s320        , -2.749916285582357e+00, -2.490638260142133e+00,  1.092158274782056e+02
s321        ,  1.503561162462575e+00,  9.535153654308628e-01, -4.181216169174736e+01
s322        ,  3.544546857579591e-02, -4.928791348050226e-02,  2.161301519209835e+00
s323        , -8.304133648084051e-01, -6.584671378584939e-01,  2.887413819954616e+01
s324        ,  7.189309498557251e-01,  2.493781759923731e-01, -1.093536716345884e+01
s325        , -7.647497330279208e-02, -1.243811184574977e-02,  5.454178951794409e-01
s326        , -2.795970934311181e-01,  7.343735773841831e-01, -3.220267640454799e+01
s327        ,  9.507662038906267e-01,  1.630444014271148e-01, -7.149584707871146e+00
s328        , -4.226431741816794e-01,  4.879542977322841e-02, -2.139705843727628e+00
s329        , -6.340756771310201e-01,  2.307480579613126e-01, -1.011842646623258e+01
s330        , -4.983104214676741e-01, -2.542035138022081e-01,  1.114696082207913e+01
s331        ,  4.313976606624865e-01,  1.120116295160390e-01, -4.911770207881651e+00
s332        ,  2.872576810614043e-01,  1.174294733555914e-02, -5.149345574627189e-01
s333        , -1.428207646760553e+00, -1.200452078273530e+00,  5.264046938277311e+01
s334        ,  1.090736693025978e+00,  7.580634854575949e-01, -3.324149161690751e+01
s335        ,  8.689786106388561e-01,  6.048941339426963e-01, -2.652493315970098e+01
s336        , -6.909278893094605e-01, -6.775193354598217e-01,  2.970958731297484e+01
s337        ,  1.253402841738086e+00,  2.366643419709785e+00, -1.037785870256020e+02
s338        , -5.188757165053888e-01, -4.712727195936086e-01,  2.066556226249536e+01
s339        ,  1.328885826036196e+00,  4.736596203890022e-01, -2.077022914634155e+01
s340        ,  5.747319815580367e-01,  4.795848149633298e-01, -2.103005211572275e+01
s341        , -1.829453856971746e+00, -1.771505130449008e+00,  7.768145290309397e+01
s342        ,  6.006312482055266e-01,  9.301184527603215e-02, -4.078619448541232e+00
s343        ,  3.874115618757035e-01,  8.428373346802088e-01, -3.695887050710092e+01
s344        , -7.953203262348685e-01, -9.721763413660138e-01,  4.263045552466721e+01
s345        ,  6.299310808043834e-01,  6.958911707237393e-01, -3.051520217192565e+01
s346        , -1.002600077568548e+00, -3.845791825072786e-01,  1.686400402683424e+01
s347        ,  1.953430134440088e+00,  1.528565371336964e+00, -6.702841378320838e+01
s348        , -2.116724435810483e-01, -2.592280673623954e-01,  1.136729019851499e+01
s349        ,  5.157492200743797e-01,  2.067216618420837e-01, -9.064856072059406e+00
s350        , -1.510374771276913e-01, -4.010999323424226e-01,  1.758844779399242e+01
s351        , -7.759769648741240e-01, -7.940517771410580e-01,  3.481959756614812e+01
s352        , -3.539192931352820e-01, -8.344302112614922e-01,  3.659021362280733e+01
s353        ,  5.069167448439574e-01,  7.190694054590856e-02, -3.153158023316999e+00
s354        , -1.828973197137163e-01,  4.220458823522720e-01, -1.850693896922721e+01
s355        ,  1.624801336388416e+00,  1.337737869180827e+00, -5.866052516320771e+01
s356        , -5.658130117516301e-01, -1.573698053876120e-01,  6.900750619044722e+00
s357        ,  5.765045328570928e-01,  1.180680843930215e-01, -5.177349012142175e+00
s358        , -7.806919589092669e-02,  9.569317863275652e-02, -4.196197358583799e+00
s359        , -6.122238556537778e-01, -4.072546233597414e-01,  1.785833430585015e+01
s360        ,  7.072470066133247e-01,  7.941923586435978e-01, -3.482576214065642e+01
s361        , -8.533119485587989e-01,  1.193525366335689e-01, -5.233672933826256e+00
s362        , -3.832307428619676e-01, -7.537692359994448e-01,  3.305318646819322e+01
s363        ,  1.136620729810577e+00,  9.596234553866629e-01, -4.208000472198972e+01
s364        ,  1.183780326191236e+00,  8.978531598850620e-01, -3.937134403659751e+01
s365        , -8.620628158872323e-01, -2.117122985332428e-01,  9.283698175543790e+00
s366        , -1.425655087558077e+00, -1.124118389232891e+00,  4.929319605671344e+01
s367        , -1.566451522193896e+00, -8.448020491399080e-01,  3.704502429302338e+01
s368        ,  3.820728130067759e-01, -1.276707567779611e-01,  5.598431361717740e+00
s369        , -1.056326402261627e+00, -8.912786955637270e-01,  3.908305023955313e+01
s370        ,  1.443000454420478e+00,  7.633641745522657e-01, -3.347392968507005e+01
s371        , -5.876015246379517e-01, -5.048564375143630e-01,  2.213822635876623e+01
s372        , -1.098974443479297e+00, -6.987258908507957e-01,  3.063950617435757e+01
s373        ,  2.115861634781081e+00,  1.741571276511852e+00, -7.636883730584870e+01
s374        ,  8.889609764508162e-01,  8.384175282814113e-01, -3.676505961899925e+01
s375        , -3.861821693859098e-01, -6.293786989480847e-01,  2.759859450599177e+01
s376        , -1.647182127127575e+00, -1.828882972274858e+00,  8.019750213200373e+01
s377        , -9.921142122504716e-01, -7.059202398585945e-01,  3.095498224835352e+01
s378        , -4.827505529619482e-01, -8.590520630071500e-01,  3.766989506650854e+01
s379        ,  7.391578818969189e-01,  7.423806596587066e-01, -3.255379126947753e+01
s380        ,  9.482091524808841e-01,  8.250066469503761e-01, -3.617698525861524e+01
s381        , -2.602453229516086e-01, -1.169069935651215e-01,  5.126434554761655e+00
s382        ,  1.104663472507788e+00,  7.169392134210065e-01, -3.143817016642175e+01
s383        , -2.293659969566494e-01, -6.082722755042701e-01,  2.667306648435524e+01
s384        ,  1.124093149995714e+00,  7.869057504653423e-01, -3.450624045240763e+01
s385        , -1.028301590354242e+00, -8.091011301125505e-01,  3.547951978933735e+01
s386        , -8.502764349509152e-01, -8.119301558895542e-01,  3.560357409145627e+01
s387        ,  1.129785972964034e+00,  9.935699812313336e-01, -4.356857814088693e+01
s388        , -1.726546649489343e+00, -1.842510760592167e+00,  8.079508798041506e+01
s389        , -6.831952605802530e-01, -5.379904164364250e-01,  2.359116915801958e+01
s390        , -3.734364635864852e-02, -2.064763537834858e-02,  9.054099181733435e-01
s391        ,  4.779948697936299e-01,  3.368235602680638e-01, -1.476989430280914e+01
s392        ,  3.310220817152515e-01,  7.232451573838136e-02, -3.171468920130126e+00
s393        ,  5.553356616642980e-02, -3.114827133219285e-01,  1.365868453280318e+01
s394        ,  4.365379722541595e-01,  1.960850917642437e-01, -8.598436752493134e+00
s395        , -8.983021968784184e-01,  5.666147145244428e-01, -2.484636002684014e+01
s396        ,  1.678248791678738e-01,  1.354999127342738e+00, -5.941744061883090e+01
s397        ,  8.185692451143642e-01,  4.553522637910808e-01, -1.996744171157916e+01
s398        , -3.699760772173830e-01, -1.472722361845790e-01,  6.457966777779569e+00
s399        ,  1.905475331815307e+00,  1.669769148499310e+00, -7.322027536850084e+01
s400        ,  1.858354115946673e+00,  1.419876759743797e+00, -6.226235969877153e+01
s401        ,  1.882929356651747e+00,  1.558308174242567e+00, -6.833265168994927e+01
s402        ,  7.251022959905945e-01,  6.277574747775325e-01, -2.752750295401964e+01
s403        , -4.598852698083180e-01, -2.036471376319334e-01,  8.930036531587868e+00
s404        , -7.654208212581715e-01, -6.389433951787769e-01,  2.801801158077528e+01
s405        , -1.008550952239817e+00, -7.243975397446137e-01,  3.176522178771537e+01
s406        ,  6.851436048144010e-01,  6.761618285387181e-01, -2.965005990425054e+01
s407        ,  1.179473302867332e+00,  5.439107812204541e-01, -2.385078033849808e+01
s408        ,  1.889092138737942e+00,  1.479902240796213e+00, -6.489450933199160e+01
s409        ,  1.749725590072469e-01, -3.062133672952800e-01,  1.342762087503356e+01
s410        ,  1.998254738056868e+00,  1.715416611240391e+00, -7.522194116450578e+01
s411        ,  9.892338833250636e-01,  6.829773467111777e-01, -2.994892404233515e+01
s412        , -1.223391619754290e+00, -1.636709747408420e+00,  7.177060284726154e+01
s413        ,  5.743625596418537e-01,  9.048949175133503e-02, -3.968012889651928e+00
s414        ,  1.092248078316437e-01,  8.757004802043390e-02, -3.839993711616725e+00
s415        , -2.685700492164793e-01, -3.239566535438989e-01,  1.420567352155277e+01
s416        ,  1.462987518702352e+00,  8.840427273126762e-01, -3.876574913935258e+01
s417        ,  1.569882344576942e+00,  1.330455106402082e+00, -5.834117209779599e+01
s418        ,  1.876220335020836e-02, -3.079318671393549e-02,  1.350297801761667e+00
s419        ,  1.276905221099546e+00,  9.574176208323113e-01, -4.198327769021282e+01
s420        , -1.647237733483662e+00, -1.453053329434781e+00,  6.371717012615272e+01
s421        , -1.445425539908424e-01,  7.229970834572877e-01, -3.170381102617877e+01
s422        ,  5.402460517048289e-01,  2.780386610748308e-01, -1.219214485145146e+01
s423        ,  8.390845889372367e-02, -2.162292010966604e-01,  9.481766782694281e+00
s424        , -9.431170827773597e-01, -1.954096916978029e-02,  8.568820096266977e-01
s425        ,  1.130552771406502e+00,  6.229464256014939e-01, -2.731653585967756e+01
s426        , -8.389925436276273e-01, -3.659535324001374e-01,  1.604725925047524e+01
s427        ,  8.392912737700503e-01,  3.969998028179987e-01, -1.740865490879344e+01
s428        , -9.488637335179150e-01, -1.265862933142460e+00,  5.550877055476239e+01
s429        ,  3.637065073507825e-02,  1.261458418468920e-01, -5.531563021703871e+00
s430        , -9.278822222973141e-01, -3.173278386347343e-02,  1.391499642199585e+00
s431        , -1.858348493139306e-01, -3.406424204561392e-01,  1.493735337630806e+01
s432        , -1.980571102286932e-01,  9.086360639324234e-01, -3.984418017944367e+01
s433        ,  2.907509872393486e-01, -1.493486839512390e-01,  6.549020129316095e+00
s434        , -7.856669273303235e-01, -4.124503472855403e-01,  1.808616959489451e+01
s435        ,  2.522946697305543e-01, -1.014404428648338e-01,  4.448217986744609e+00
s436        ,  9.124956428672120e-01,  1.057458588610926e+00, -4.637012794161723e+01
s437        , -3.499552547842402e-01, -4.062711743773132e-01,  1.781520953895109e+01
s438        , -2.967024119054128e-01, -4.282726109523198e-01,  1.877998436783832e+01
s439        ,  1.398781376080027e+00,  1.187231468385962e+00, -5.206073852753641e+01
s440        , -1.423048475754128e+00, -1.713541654678569e+00,  7.513972331068814e+01
s441        ,  4.627215551435010e-01,  5.492533576202296e-01, -2.408505518752161e+01
s442        , -1.281983082708195e+00, -1.407893006030631e+00,  6.173686565211553e+01
s443        ,  4.064644218525872e-01,  3.196734167057219e-01, -1.401785128214812e+01
s444        ,  1.926435095105153e-02, -5.805360866752722e-02,  2.545681968427708e+00
s445        , -6.163049587306062e-01, -8.769365177427557e-01,  3.845413802711986e+01
s446        ,  1.711464900608388e-01, -1.034040732987977e-01,  4.534324237555403e+00
s447        , -5.502000181018426e-01, -1.963361215587115e-02,  8.609444544015517e-01
s448        ,  1.089535632894734e-01, -1.805050888275062e-01,  7.915245242879290e+00
s449        , -1.011248874107511e+00, -9.330272404406482e-01,  4.091374638989804e+01
s450        , -1.947013588700806e+00, -1.171062688403878e+00,  5.135172882776756e+01
s451        ,  1.238871233763808e+00,  9.711173650505345e-01, -4.258401884358594e+01
s452        , -3.901411635884037e-01, -9.051578767829561e-01,  3.969165980194361e+01
s453        ,  5.429001167419540e-01,  2.785392523961904e-01, -1.221409605017253e+01
s454        ,  1.674074113182614e+00,  9.610908964092422e-01, -4.214435280019972e+01
s455        ,  3.036107540082147e-01,  1.051966409672321e-01, -4.612929294079112e+00
s456        ,  1.697945289202256e+00,  1.143235627789529e+00, -5.013149725101945e+01
s457        ,  1.416859305428101e+00,  1.397722716457337e+00, -6.129089298349646e+01
s458        , -1.404208354895570e-02,  1.104384649222799e-01, -4.842786094204294e+00
s459        ,  6.925018491951431e-01,  7.029743998543763e-01, -3.082580557953415e+01
s460        , -1.114252131965874e+00, -1.131953088186878e+00,  4.963675182030857e+01
s461        ,  2.042381769729374e+00,  1.940963854940499e+00, -8.511230912774825e+01
s462        , -1.531404654443665e+00, -9.620578457979257e-01,  4.218675405103762e+01
s463        , -3.759583777355113e-01, -6.625098467316595e-01,  2.905141315829953e+01
s464        ,  1.991689923540824e+00,  1.501122423349672e+00, -6.582502575177966e+01
s465        ,  9.755969169673073e-02, -2.965038491335768e-01,  1.300185328067220e+01
s466        ,  6.072772838991297e-01,  1.075743367461508e+00, -4.717192533001366e+01
s467        ,  1.216496181986968e+00,  9.045429679002356e-01, -3.966469571666278e+01
s468        ,  3.775595362798933e-01,  8.157001286724054e-01, -3.576888942593835e+01
s469        , -1.307461059058785e+00, -1.225853761988719e+00,  5.375434687782760e+01
s470        , -5.283291461494825e-01, -5.525221309649165e-01,  2.422839265703372e+01
s471        ,  2.377867747615111e-01,  4.217114254782459e-02, -1.849227285538894e+00
s472        ,  1.302569086132945e+00,  8.925759282761376e-01, -3.913993459180326e+01
s473        , -5.693295827287675e-01, -8.111192956614276e-01,  3.556801743427276e+01
s474        ,  1.884221453852586e+00,  1.486145481167593e+00, -6.516827878065762e+01
s475        , -1.446520811585995e+00, -1.449797349127803e+00,  6.357439363822588e+01
s476        , -1.215631750383895e+00, -5.696375223001799e-01,  2.497891177384334e+01
s477        , -8.341578078875426e-01, -5.433326578387699e-01,  2.382542931722557e+01
s478        ,  1.187878793372986e+00,  1.021380862317158e+00, -4.478810023660588e+01
s479        ,  3.365947877874360e-01,  4.628627832534254e-01, -2.029678203008222e+01
s480        , -9.637108529621194e-01, -2.945363082296463e-01,  1.291557555364984e+01
s481        ,  2.085079041846591e+00,  1.491670716696775e+00, -6.541056333076213e+01
s482        , -1.022603717946666e+00, -4.766135359469229e-01,  2.089975993253480e+01
s483        , -1.034187950850505e+00, -5.901560824604339e-01,  2.587866167427071e+01
s484        , -1.995156105028394e+00, -2.021808788789765e+00,  8.865740296536745e+01
s485        ,  6.269503300594436e-01,  7.040551837688719e-02, -3.087319853556275e+00
s486        , -1.429365852931641e+00, -1.527122183346334e+00,  6.696512921349562e+01
s487        ,  4.249609108300679e-01,  7.804319676204983e-01, -3.422236159226618e+01
s488        , -2.798574335396176e-01, -3.719052960654864e-01,  1.630824728878985e+01
s489        , -5.336235067101003e-01, -9.797061406740363e-01,  4.296064127477432e+01
s490        , -1.648273604531437e+00, -1.355296253025834e+00,  5.943046973986540e+01
s491        ,  7.228333429987273e-01,  4.781998369222054e-01, -2.096932008360826e+01
s492        , -9.260692223596583e-01, -1.048842223553256e+00,  4.599229569889970e+01
s493        , -5.201114240395055e-01,  6.832698399386129e-01, -2.996175002769694e+01
s494        ,  1.832055246002863e-02, -5.983129262999743e-01,  2.623634366438639e+01
s495        ,  2.383820600840625e-01, -3.262154855543445e-02,  1.430472452028820e+00
s496        , -7.978377098794708e-01, -1.931823317200875e-01,  8.471149163096291e+00
s497        ,  4.550356427377596e-01,  3.677711357470247e-01, -1.612696213496637e+01
s498        , -6.680642327437073e-01, -2.819075080172876e-01,  1.236179587101902e+01
s499        ,  8.575607855949897e-01,  7.055522320533799e-01, -3.093884490813503e+01
s500        , -1.692527892902983e-01, -1.837927837032019e-01,  8.059412431704400e+00
s501        , -6.422509788397670e-01, -4.942357792713615e-01,  2.167250478171696e+01
s502        ,  1.243213320474068e+00,  1.387593268079987e+00, -6.084671122328895e+01
s503        , -1.279877945312270e+00, -1.066414639670038e+00,  4.676285559822290e+01
s504        ,  1.209352307302353e-01, -2.464021825293032e-01,  1.080486824924871e+01
s505        , -1.237963369094699e+00, -9.503021838528695e-01,  4.167126195110895e+01
s506        , -1.696383544323350e-01, -3.093309494152648e-01,  1.356432852801323e+01
s507        , -1.230468344629726e+00, -6.576871710283990e-01,  2.883993623448460e+01
s508        , -2.371439343057282e-01, -4.518995143182128e-01,  1.981603678988147e+01
s509        , -1.639492376941975e-01, -2.548505307121763e-01,  1.117533286162635e+01
s510        ,  6.798876031058373e-01,  9.815362735904750e-01, -4.304089358763022e+01
s511        , -1.306302408071936e+00, -1.185486528133326e+00,  5.198422195881534e+01
s512        , -1.810398909331260e-01, -6.848676694777081e-01,  3.003181571249517e+01
s513        ,  7.546842351810933e-01,  5.318699258778693e-01, -2.332278235467577e+01
s514        , -1.659299996003214e+00, -1.577329425374473e+00,  6.916674378404707e+01
s515        , -2.345220738579200e-01, -1.131374129642806e+00,  4.961136417671602e+01
s516        , -1.737647836542105e+00, -1.478692151887043e+00,  6.484144628239019e+01
s517        , -1.327112675511377e+00, -1.133730643263782e+00,  4.971469856661811e+01
s518        , -4.005723114576410e-01, -1.256667692314241e+00,  5.510555429811578e+01
s519        , -7.627096815238132e-01,  2.704110968562241e-01, -1.185767205742526e+01
s520        ,  5.205308045053684e-01,  6.535490167236836e-01, -2.865847594221544e+01
s521        , -1.565970964052308e-01,  2.815627063481402e-01, -1.234667613235018e+01
s522        ,  9.369677526584559e-01,  5.536934284058962e-01, -2.427975467988816e+01
s523        , -1.137675297963781e+00, -1.126514970341505e+00,  4.939828742750166e+01
s524        , -1.043872792855045e+00, -1.011386140355328e-01,  4.434982630219166e+00
s525        , -4.052687326822306e-01, -6.509210529773857e-01,  2.854323831829886e+01
s526        , -9.078531683408999e-01, -6.283357398797599e-01,  2.755286018981432e+01
s527        , -2.354883271970434e-01,  2.671501365667668e-01, -1.171467719458784e+01
s528        ,  1.249426787716260e+00,  8.084067711980193e-01, -3.544907177742364e+01
s529        , -1.079712692195388e+00, -8.472205062696164e-01,  3.715107493910420e+01
s530        , -1.464169262892369e+00, -1.421139257228213e+00,  6.231772089258936e+01
s531        ,  8.870341112159444e-01,  1.133837793806899e+00, -4.971939717557243e+01
s532        ,  8.189742158633641e-01,  1.266532801321870e-01, -5.553814463476654e+00
s533        , -6.018468317011504e-01, -7.428518298797493e-01,  3.257445233712349e+01
s534        , -1.393564173594942e+00, -1.304883928726431e+00,  5.721986220140062e+01
s535        ,  1.247772269364924e+00,  9.311823682608706e-01, -4.083284775241603e+01
s536        ,  1.175565678381589e-01, -2.497118468414300e-02,  1.094999880967945e+00
s537        ,  1.371458952168796e-02,  5.393379810663754e-02, -2.365026059192824e+00
s538        ,  1.438921434076982e+00,  1.196460693675665e+00, -5.246544502110011e+01
s539        ,  4.815773172227232e-01, -2.294301224811820e-01,  1.006063428648144e+01
s540        , -7.238055425047152e-01,  5.543717575294842e-02, -2.430949977684588e+00
s541        ,  2.233900132878818e+00,  1.934306162726292e+00, -8.482036574283119e+01
s542        ,  4.148904574828530e-02, -2.149664874664634e-01,  9.426396110767758e+00
s543        ,  7.192492690821944e-01,  9.503968084812330e-01, -4.167541129196337e+01
s544        , -1.195051331046210e+00, -3.346553340420818e-01,  1.467481641646168e+01
s545        ,  1.551116853180877e-01,  3.142188977727155e-01, -1.377866769282599e+01
s546        , -5.623355357397409e-01, -4.782587809099822e-01,  2.097190480917964e+01
s547        ,  1.448160679819764e+00,  1.174222191222960e+00, -5.149027472595271e+01
s548        ,  3.848360583786407e-01,  2.500588867316534e-01, -1.096521669554607e+01
s549        , -1.115216456955655e+00, -9.424224122439512e-01,  4.132572972734950e+01
s550        , -2.045366715571642e+00, -1.880763808100976e+00,  8.247250469086072e+01
s551        ,  1.482005267115409e+00,  1.168761579835935e+00, -5.125082397924456e+01
s552        , -2.227828855322892e-01, -2.993222650815222e-01,  1.312544233607965e+01
s553        ,  1.297454412958832e-01,  7.736853117102495e-02, -3.392651710142181e+00
s554        ,  1.061901762942694e+00,  9.293629724052705e-01, -4.075306626545355e+01
s555        , -4.386884091748981e-01,  7.141144182804869e-01, -3.131430137998841e+01
s556        ,  3.941867714817063e-01,  6.855918496962229e-01, -3.006357140463000e+01
s557        , -8.951391675309346e-01, -2.481123454530447e-01,  1.087985981339031e+01
s558        ,  5.626259017835469e-01,  4.701007651386545e-01, -2.061417142922461e+01
s559        , -2.646400996406346e-02, -1.715785695086777e-01,  7.523812568970871e+00
s560        , -4.614794874684225e-01, -1.129621764608456e+00,  4.953452202732277e+01
s561        , -5.368862422565327e-01,  4.362758588132765e-01, -1.913093109167028e+01
s562        ,  1.314110066282131e+00,  7.166765515279664e-01, -3.142665230112013e+01
s563        ,  1.921771526510788e+00,  1.515702605949870e+00, -6.646437460181021e+01
s564        ,  8.001607223901942e-01,  7.375701945506924e-01, -3.234284978683250e+01
s565        , -5.562845031577306e-02, -4.915016789548771e-01,  2.155261301210437e+01
s566        ,  1.020041341313152e+00,  7.537562930252261e-01, -3.305261891181135e+01
s567        , -2.539691194509933e-01, -4.555064030119451e-01,  1.997420079932910e+01
s568        , -2.316202851259171e-01, -5.003013783864250e-01,  2.193848456573622e+01
s569        , -2.442891053411890e-01, -5.307950158666129e-01,  2.327564697246368e+01
s570        , -7.106433958989193e-02, -4.029885672777797e-01,  1.767126545184752e+01
s571        , -1.517261224362497e-01, -4.913740140130128e-01,  2.154701483572974e+01
s572        , -1.943188611921064e+00, -1.885690985310295e+00,  8.268856406193005e+01
s573        ,  4.755730333935128e-01,  3.538952300217569e-01, -1.551849620474806e+01
s574        , -3.521357752458716e-01, -5.905289244297455e-01,  2.589501099518519e+01
s575        , -2.101634380935241e-02, -2.754586077694091e-01,  1.207900812613941e+01
s576        ,  8.972128211862684e-01,  8.343762024644786e-01, -3.658784530800567e+01
s577        ,  3.519332247195900e-01,  6.012224862425678e-01, -2.636392943298753e+01
s578        , -4.676730825695681e-01, -5.915992618119783e-01,  2.594194586515492e+01
s579        , -5.850412346637100e-02, -4.974148337273294e-01,  2.181190802969685e+01
s580        , -9.183798967000043e-01, -8.106314104811161e-01,  3.554662340667156e+01
s581        ,  9.240377559230070e-02, -2.377862628911917e-01,  1.042705553841836e+01
s582        , -1.742244634920983e+00, -1.204299350427064e+00,  5.280917433624078e+01
s583        ,  7.055292745925379e-01,  1.285067287643319e-01, -5.635089183008386e+00
s584        , -3.175359681654383e-01, -2.448989514273486e-01,  1.073895075680579e+01
s585        , -1.018136882779183e+00, -6.028129310349316e-01,  2.643367129266917e+01
s586        ,  1.796431915125592e+00,  1.644961970237833e+00, -7.213246725738959e+01
s587        ,  1.528101545573583e+00,  1.364541919483733e+00, -5.983589718749848e+01
s588        , -1.493251816790637e+00, -8.601668606084598e-01,  3.771877954100096e+01
s589        , -1.919234877209601e-01, -7.108956636854796e-01,  3.117315725955608e+01
s590        , -1.474690448373283e+00, -1.442821162294032e+00,  6.326848409291541e+01
s591        , -7.075916964107042e-02, -5.375194504136638e-01,  2.357051704457816e+01
s592        ,  1.771261470718517e+00,  1.669874429239302e+00, -7.322489198558239e+01
s593        ,  9.576275984893917e-01,  1.235366463410322e+00, -5.417148395226334e+01
s594        ,  1.644504072992790e+00,  1.475807290987206e+00, -6.471494358010000e+01
s595        , -5.357649623549657e-01,  5.207221823842292e-01, -2.283394780585485e+01
s596        ,  6.346409254556347e-01,  7.542980810980745e-01, -3.307637661024588e+01
s597        , -1.925166625783171e+00, -1.653807621621542e+00,  7.252035382884239e+01
s598        ,  4.877766835626365e-01,  8.064981015992529e-01, -3.536537558880094e+01
s599        , -1.762506312086289e+00, -1.410565706532191e+00,  6.185406500681536e+01
s600        ,  3.925159363258416e-01, -2.694540683358247e-01,  1.181570584199840e+01
s601        , -2.895039831412950e-01, -3.244829005176805e-01,  1.422874973443331e+01
s602        ,  1.015619978504493e+00,  1.289079442580849e+00, -5.652682698232418e+01
s603        ,  1.530534275818686e+00,  1.257028747133911e+00, -5.512138674617783e+01
s604        ,  1.102137725135546e+00,  1.275681364307161e+00, -5.593931404289190e+01
s605        , -2.082111847210221e-02,  1.567052870224064e-01, -6.871611131270853e+00
s606        ,  9.842778583139866e-01,  8.938193024374238e-01, -3.919445721761490e+01
s607        , -1.138623824161354e+00, -7.432822430790043e-01,  3.259332618743987e+01
s608        , -4.177570888255018e-01, -5.865097423078119e-01,  2.571876769712892e+01
s609        ,  3.685164501033219e-01,  8.572737263447813e-03, -3.759191404725287e-01
s610        , -2.659779361808961e-01, -5.153326929586124e-02,  2.259761579541293e+00
s611        , -7.893175620146011e-01, -2.042187472872333e-01,  8.955101922454606e+00
s612        ,  4.551812262842944e-01,  6.040081782443605e-01, -2.648608352575323e+01
s613        , -1.906510824785770e+00, -1.668102457173392e+00,  7.314719005730821e+01
s614        ,  4.363873919671318e-01,  3.010385280596943e-01, -1.320070139088934e+01
s615        ,  2.289607222323559e-01,  1.230712354309896e-01, -5.396739876465824e+00
s616        ,  1.051114336732525e+00,  7.902032792001824e-01, -3.465083886124609e+01
s617        ,  9.612491509961185e-01,  1.059707517447021e+00, -4.646874468082994e+01
s618        ,  1.641704627639855e+00,  1.018878210899626e+00, -4.467835762571395e+01
s619        , -1.622899727833569e+00, -8.409183982472280e-01,  3.687472411227521e+01
s620        , -1.432198008011447e+00, -1.441281614524743e+00,  6.320097409507434e+01
s621        , -5.169781910985175e-01, -9.850479041137206e-01,  4.319488047506054e+01
s622        ,  7.834349958828789e-02,  8.584772512458397e-01, -3.764468926157070e+01
s623        ,  1.505481327993915e-01, -7.118939794968067e-02,  3.121693394489983e+00
s624        , -1.795745482905790e+00, -1.477970989310818e+00,  6.480982291549299e+01
s625        , -6.540205211871799e-01,  4.047425021562745e-01, -1.774817643975093e+01
s626        , -9.921730176745909e-02, -3.019392253135003e-01,  1.324019744997433e+01
s627        ,  1.003457009680013e-01, -3.077931077991291e-01,  1.349689334590569e+01
s628        , -7.262707774759888e-01, -7.490663770612110e-03,  3.284696357397987e-01
s629        ,  9.013378522352091e-01,  5.538188110593414e-01, -2.428525277668791e+01
s630        ,  2.883264293170171e-01, -2.152849267317001e-01,  9.440359843844114e+00
s631        , -4.308621051856988e-01, -1.920506443329452e-01,  8.421524062409713e+00
s632        , -2.552616433847757e-02,  2.014633535890197e-01, -8.834276426598935e+00
s633        , -2.361941375317399e+00, -2.384476973719049e+00,  1.045605979619826e+02
s634        , -1.741723873388839e-01, -5.201206143777245e-01,  2.280756872517256e+01
s635        , -1.887226794633780e+00, -1.718618862046696e+00,  7.536236158492584e+01
s636        ,  5.559866372520853e-01,  1.841853929748814e-01, -8.076628559460943e+00
s637        ,  5.224165136667182e-01,  3.475209062529200e-01, -1.523897867859082e+01
s638        , -9.017862751888349e-01, -1.628196318745188e-01,  7.139728442081217e+00
s639        ,  4.059987622661941e-02, -5.810537118594337e-02,  2.547951782704492e+00
s640        ,  1.793715557338358e-01,  8.868688045751992e-02, -3.888967414752518e+00
s641        , -1.502090098725329e+00, -1.265621660245781e+00,  5.549819060845685e+01
s642        , -1.255445500732830e+00, -1.030169077807247e+00,  4.517346821322733e+01
s643        ,  2.659311374869887e-02, -3.993755281210948e-02,  1.751283174129122e+00
s644        ,  5.978067737156746e-01,  1.070278553222754e+00, -4.693229028599645e+01
s645        , -1.614381328938929e-01, -4.119040394067525e-01,  1.806221370053823e+01
s646        , -7.340994125406998e-01, -7.434220219627758e-01,  3.259945556668350e+01
s647        , -1.496428190082178e-01, -2.924308330373150e-01,  1.282324933388311e+01
s648        , -4.884218476882379e-01, -5.963689555912437e-02,  2.615109950310276e+00
s649        , -5.843001747665787e-01, -5.496396502432425e-01,  2.410199432683637e+01
s650        ,  7.524274850037658e-01,  7.175230217526243e-01, -3.146377047580697e+01
s651        , -1.389027741701250e+00, -1.477587866979059e+00,  6.479302279515511e+01
s652        , -2.566043711440669e+00, -2.676942884899642e+00,  1.173853854913178e+02
s653        , -1.007282708793189e+00, -4.298913255621777e-01,  1.885096587422399e+01
s654        , -1.044226385778375e+00, -8.127240893556131e-01,  3.563838850101783e+01
s655        , -6.127047200082997e-01, -3.849657553516845e-01,  1.688095545400776e+01
s656        , -9.677099452782351e-01, -7.531518629978716e-01,  3.302611432997526e+01
s657        , -9.543477553558062e-02, -1.825168276429894e-01,  8.003461072098297e+00
s658        ,  2.152611224039404e+00,  1.864858707556041e+00, -8.177505747624987e+01
s659        ,  7.601680812147134e-01,  3.293919927002671e-01, -1.444401606735202e+01
s660        , -8.552740445977219e-01, -8.434608318936446e-01,  3.698621119530347e+01
s661        , -8.587465647638401e-01, -6.989535263542309e-01,  3.064948811363352e+01
s662        ,  2.292650657012456e+00,  1.966410681052805e+00, -8.622816614119944e+01
s663        , -7.424589206994223e-01, -6.039435440069068e-01,  2.648324927967272e+01
s664        ,  1.170121236794572e+00,  9.346693659795170e-01, -4.098575447811406e+01
s665        , -9.550555766428818e-02,  1.314479519922246e-01, -5.764063403702354e+00
s666        ,  6.314775109494175e-01,  8.557680865963148e-01, -3.752589093436774e+01
s667        ,  9.502651428335526e-01,  9.349137962574514e-01, -4.099647287728609e+01
s668        , -1.539888656744302e+00, -7.498687665483790e-01,  3.288214878461275e+01
s669        , -7.817282530962720e-01, -7.065660518180745e-01,  3.098330145017366e+01
s670        ,  1.305183965640755e+00,  7.618773960918043e-01, -3.340873364980687e+01
s671        ,  4.799138388405841e-01,  5.199061222129503e-01, -2.279816312836694e+01
s672        ,  3.973005628545346e-02,  6.273286109479971e-01, -2.750869704439890e+01
s673        , -1.414611532455524e-01, -4.700782792922383e-01,  2.061318541276367e+01
s674        ,  2.903659687553911e-01,  1.627058478150600e-01, -7.134738949866851e+00
s675        ,  1.026086479328726e+00,  6.648130592252314e-01, -2.915241026509299e+01
s676        , -6.754288667653827e-02, -2.016177432321719e-01,  8.841046495500921e+00
s677        ,  1.605266818482901e+00,  1.342477169760670e+00, -5.886834604301141e+01
s678        ,  1.084789537255858e-01,  7.465820951307509e-02, -3.273802647497410e+00
s679        , -2.992012028639636e-01, -5.408441430396040e-01,  2.371630660465343e+01
s680        ,  8.990202473369718e-01,  4.665013832766851e-01, -2.045633659838787e+01
s681        ,  5.643835559735575e-01,  3.977176154288462e-01, -1.744013137790684e+01
s682        , -5.946014640649122e-01, -1.242007838811369e+00,  5.446271183614618e+01
s683        , -6.016194601328428e-01,  7.335511593724769e-01, -3.216661293233732e+01
s684        , -1.092230320268682e+00, -5.760753419702694e-01,  2.526121362942640e+01
s685        , -1.049541099357342e+00, -1.572628759912650e+00,  6.896061707495124e+01
s686        , -3.882296162024126e-01, -8.306718232621149e-01,  3.642540628731224e+01
s687        , -1.289479776127262e+00, -5.096196838698800e-01,  2.234709727371420e+01
s688        ,  1.174200481057901e+00,  1.238555514017057e+00, -5.431132553683154e+01
s689        , -2.594548196962304e-02, -2.801436555146504e-01,  1.228444998996199e+01
s690        ,  4.711059702108155e-01,  5.545147976858721e-01, -2.431577216464832e+01
s691        ,  9.245223879507848e-01,  5.175724692886066e-01, -2.269583119230948e+01
s692        ,  1.066847762125763e+00,  8.258123035156794e-01, -3.621231373238478e+01
s693        ,  6.254387821095569e-01,  3.797385750877256e-01, -1.665174078761394e+01
s694        , -5.171349029224964e-01,  6.340051005074608e-01, -2.780146470301699e+01
s695        , -1.267384161897314e+00, -1.314945019362829e+00,  5.766104643789618e+01
s696        , -4.788650652000022e-01,  5.405500531544393e-01, -2.370341060499126e+01
s697        , -3.220149437916258e-01, -6.220835712035971e-01,  2.727869923018084e+01
s698        , -1.380331688121128e+00, -1.494604816888271e+00,  6.553922520247849e+01
s699        ,  1.594942071124517e+00,  1.118766620290119e+00, -4.905851810973457e+01
s700        ,  1.292968973461459e+00,  9.990601572012319e-01, -4.380932531045751e+01
s701        ,  5.937524925456381e-01,  3.635344644720696e-01, -1.594118182055774e+01
s702        ,  9.323059097091277e-01,  7.648582771929058e-01, -3.353944688957392e+01
s703        , -3.788357179143477e-01,  8.050474993977994e-01, -3.530176590195529e+01
s704        , -4.335664235266130e-01, -8.218982974176964e-01,  3.604068245955538e+01
s705        ,  1.028207628094288e-01,  2.283642003059960e-01, -1.001389302571569e+01
s706        , -9.693990214196425e-01, -5.264534404539318e-01,  2.308526655518545e+01
s707        , -4.022383612473933e-01, -7.987915993560428e-01,  3.502744131993339e+01
s708        , -4.176881010209963e-01, -9.174553315416012e-01,  4.023090980819083e+01
s709        , -5.070250417068456e-01, -1.177679295946457e+00,  5.164187062773335e+01
s710        , -6.560408805167797e-01, -1.853495506309021e-01,  8.127677498904397e+00
s711        , -7.281768921318991e-01,  3.398421612307893e-02, -1.490226157879850e+00
s712        ,  1.638529471594250e+00,  1.269430720139369e+00, -5.566521993377058e+01
s713        , -2.681291651109597e-01, -4.773927556124711e-01,  2.093392913402907e+01
s714        ,  1.813117241484988e+00,  1.511666561865773e+00, -6.628739189764262e+01
s715        ,  5.902106972748544e-01,  2.378360757879329e-01, -1.042923986073590e+01
s716        ,  1.256825138045294e+00,  1.155958937147993e+00, -5.068942121054558e+01
s717        ,  1.935429652037489e-01, -3.055501774784676e-01,  1.339853964482145e+01
s718        , -9.717462693594499e-01, -1.019172705214789e+00,  4.469127135984910e+01
s719        , -1.005002399040077e+00, -6.421261768787156e-01,  2.815757827040827e+01
s720        , -1.084502233578804e+00, -6.591933213188672e-01,  2.890598173491413e+01
s721        ,  1.202728817719904e+00,  7.038892430886027e-01, -3.086592194746996e+01
s722        , -8.687581931338572e-01, -6.326379352933321e-02,  2.774151377294851e+00
s723        , -8.228918435433465e-02, -6.440581364668478e-02,  2.824229573759315e+00
s724        , -4.319725882125269e-01,  1.532208608891719e-01, -6.718817170976445e+00
s725        ,  2.076224205209437e-01,  2.005423454680533e-01, -8.793889725063339e+00
s726        ,  1.218751687971090e+00,  1.155491533120015e+00, -5.066892529249148e+01
s727        , -4.191973947875540e-01, -8.833920652860080e-01,  3.873721725947733e+01
s728        , -6.090434041993623e-01, -1.708885825838599e-01,  7.493556271157948e+00
s729        ,  9.718089694740940e-01,  8.851074257628230e-01, -3.881243673911703e+01
s730        ,  2.269628290273034e-01,  5.541254198658786e-02, -2.429869773778615e+00
s731        ,  8.255797233596714e-01,  1.253427755406284e+00, -5.496348132186607e+01
s732        ,  1.498830275111732e+00,  8.068035980832544e-01, -3.537877177395792e+01
s733        , -8.897216148319836e-01, -7.041545689488421e-01,  3.087755662916634e+01
s734        ,  5.730515015964993e-01,  3.730772520721136e-01, -1.635963819010218e+01
s735        , -4.493104523117364e-01, -1.686723755996586e-01,  7.396374402752574e+00
s736        ,  9.253604820479431e-01,  8.568178055691186e-01, -3.757192167599290e+01
s737        , -7.641264386628301e-01, -1.424891482311711e-01,  6.248225798090822e+00
s738        ,  1.093494957500644e+00,  6.241036321467639e-01, -2.736727998917537e+01
s739        ,  3.235386076744294e-01,  3.869196899816926e-01, -1.696663653859944e+01
s740        ,  9.523024838580033e-01,  7.618995819596825e-01, -3.340970651204761e+01
s741        , -4.683237856465198e-01, -6.738418902674753e-01,  2.954832936310903e+01
s742        ,  1.206631327064570e+00,  9.759908581897419e-01, -4.279772413930299e+01
s743        ,  5.593827587743279e-02, -9.749959544014088e-01,  4.275409707300327e+01
s744        , -1.602853178165513e-01, -3.776065227657037e-01,  1.655824914641390e+01
s745        , -5.306178829342441e-01, -6.726029902457882e-02,  2.949400293072583e+00
s746        ,  6.509625117887479e-01,  6.703964668322714e-01, -2.939724569210365e+01
s747        , -5.126484862205682e-01, -2.782889354723240e-01,  1.220311951840988e+01
s748        , -7.766421657116760e-01, -9.276217597082037e-01,  4.067671315204931e+01
s749        , -2.162768438186639e-01,  2.598107342816929e-01, -1.139284045635592e+01
s750        , -7.494903637093456e-02, -4.962301900263424e-01,  2.175996076616178e+01
s751        , -1.132573444571337e+00, -1.168479881615022e+00,  5.123847136072569e+01
s752        ,  1.560177551100659e+00,  1.205138084725522e+00, -5.284595328640235e+01
s753        , -9.778812152465644e-01, -9.740546080268709e-01,  4.271281852810816e+01
s754        ,  8.187766647944796e-01,  2.821694293758179e-01, -1.237328126348397e+01
s755        , -1.210746771791428e+00, -3.375053448013705e-01,  1.479979092134211e+01
s756        , -4.332253543244241e-02, -6.749950457230850e-01,  2.959889585014607e+01
s757        ,  6.046843465793931e-01,  1.189928106918192e-01, -5.217898757775763e+00
s758        ,  7.853283269182638e-01,  4.168034918514887e-01, -1.827705732576677e+01
s759        , -4.512800599860263e-01, -7.652824571660746e-01,  3.355804740957348e+01
s760        ,  2.133127133712616e-01,  2.733641633396617e-01, -1.198716561124563e+01
s761        , -1.372370955930419e+00, -1.358696478897903e+00,  5.957957147341445e+01
s762        ,  1.452970431080306e+00,  1.216582954086533e+00, -5.334781696433828e+01
s763        , -1.593336135067460e-01, -5.360991594152936e-01,  2.350823652029280e+01
s764        ,  1.129930705304393e-01,  8.006392705556860e-01, -3.510846269594204e+01
s765        ,  1.677207924737715e-01, -1.076377770133372e-01,  4.719974422843488e+00
s766        ,  5.961954984880359e-01,  5.152049632097694e-01, -2.259201477721710e+01
s767        , -9.375424158088497e-03,  1.009384792091545e-01, -4.426206610425343e+00
s768        , -8.411067604869058e-01, -7.799743338883477e-02,  3.420229410694012e+00
s769        , -1.631013149721456e+00, -2.107089882097320e+00,  9.239702478154369e+01
s770        , -1.228187901814855e+00, -1.942064286339052e+00,  8.516056363652193e+01
s771        ,  9.328417972171988e-01,  1.167199828176020e+00, -5.118234032885555e+01
s772        , -9.596604783247586e-02, -4.563476747350305e-01,  2.001109101692559e+01
s773        , -9.831278135606507e-01, -3.356102954077909e-01,  1.471669198604346e+01
s774        , -2.033459030028846e+00, -1.761761009058192e+00,  7.725416793852213e+01
s775        , -6.607780820803044e-01, -1.145840970652907e-01,  5.024574293705209e+00
s776        ,  1.215325319114621e+00,  1.222958350150587e+00, -5.362738151121756e+01
s777        ,  4.760210780336026e-01,  3.137498244853206e-01, -1.375809857684853e+01
s778        ,  2.142801356098008e-01,  3.133865524798251e-03, -1.374216890399228e-01
s779        , -1.470608055270920e+00, -1.309090723389946e+00,  5.740433241032631e+01
s780        ,  1.453146522973686e-01, -4.174841792898955e-01,  1.830690583609822e+01
s781        ,  1.109240315344008e+00,  1.326138278078307e+00, -5.815187685367832e+01
s782        ,  7.695424724410216e-02,  2.736699116981342e-02, -1.200057284123337e+00
s783        , -7.894231608208058e-01,  5.211544929366461e-01, -2.285290485612801e+01
s784        ,  9.832415361728466e-01,  6.833294058012733e-01, -2.996436202281643e+01
s785        ,  5.886112315649437e-01,  5.259879448297383e-01, -2.306485432166382e+01
s786        , -2.620848509633372e-02,  9.113347082730459e-02, -3.996251718544187e+00
s787        ,  8.241728815006354e-01, -2.304707346479825e-01,  1.010626568976460e+01
s788        ,  4.759016983835212e-01,  2.056700268708210e-01, -9.018741312871164e+00
s789        , -1.007342786777141e+00, -4.908558073778982e-01,  2.152429119602483e+01
s790        , -8.094162460092497e-01, -2.411762383083384e-01,  1.057570778400513e+01
s791        ,  5.705555442811846e-01,  1.828839300592331e-01, -8.019558710523258e+00
s792        , -1.035864338805942e+00, -2.975744755066118e-01,  1.304880082304406e+01
s793        , -1.498582767952144e-01,  4.757884828948534e-01, -2.086358091238669e+01
s794        ,  2.280617797563588e-01,  9.085004429251887e-01, -3.983823312532281e+01
s795        , -4.151258976430172e-01, -6.799150281346427e-01,  2.981463972546332e+01
s796        ,  7.548647250689058e-01,  5.011317318309345e-01, -2.197489601094392e+01
s797        ,  1.447952712683449e+00,  1.071703406964858e+00, -4.699477088904892e+01
s798        ,  1.064853965398538e+00,  4.985821597124024e-01, -2.186309590207345e+01
s799        , -5.069554785822377e-01,  1.529827814953457e+00, -6.708377261488869e+01
s800        , -9.315847236743398e-01, -7.916316085161257e-01,  3.471347187008109e+01
s801        ,  9.104636181068654e-02,  1.671591669990185e-01, -7.330019391625118e+00
s802        , -1.700965738434856e+00, -1.447375425407222e+00,  6.346819098027051e+01
s803        , -9.506056245870035e-01, -6.277240991698004e-01,  2.752603941566715e+01
s804        ,  2.069942262873753e+00,  1.721782395638225e+00, -7.550108423465102e+01
s805        , -6.414178242260793e-01,  3.145193798535671e-01, -1.379184399370748e+01
s806        , -7.253070023190913e-01, -6.997672044868872e-01,  3.068516833744647e+01
s807        ,  5.484542484121483e-01,  2.515399207867282e-01, -1.103016083554300e+01
s808        , -1.482202071480258e+00, -8.827501596540361e-01,  3.870906935221973e+01
s809        , -1.517909024869592e-01, -4.980918377495095e-01,  2.184159502024531e+01
s810        , -5.243890825004432e-01, -9.609835983546953e-01,  4.213964772278983e+01
s811        , -8.402207079652194e-01, -4.971401632931629e-01,  2.179986358340718e+01
s812        , -1.837554634883737e+00, -1.453031788166493e+00,  6.371622552995075e+01
s813        , -1.305458046196112e+00, -8.698619418727823e-01,  3.814391406964624e+01
s814        ,  9.601020837191020e-01,  7.079463623368255e-01, -3.104382880892126e+01
s815        , -2.071547047876009e-01,  2.481326375548974e-01, -1.088074963297207e+01
s816        ,  1.086281096001821e+00,  8.727054466826301e-01, -3.826860328514393e+01
s817        , -6.950199443354254e-01, -6.537102227408138e-01,  2.866554491278304e+01
s818        , -2.042921524283320e-01, -5.607346521759347e-01,  2.458851612983883e+01
s819        , -1.174085534063621e+00, -7.460938317914395e-01,  3.271661586489768e+01
s820        , -4.418897943240204e-01, -1.212931195510626e+00,  5.318768538642079e+01
s821        , -1.211161791292892e+00, -1.362735883911370e+00,  5.975670155614282e+01
s822        ,  2.603756505819580e-01, -2.530996560993717e-01,  1.109855606801958e+01
s823        ,  6.199991222555385e-01,  7.416205930589889e-01, -3.252046194022279e+01
s824        , -1.854748548283659e+00, -1.826743603923812e+00,  8.010368967899545e+01
s825        , -2.925657132343389e-01, -1.001828223766897e-01,  4.393070651836823e+00
s826        , -1.096505403479755e+00, -8.634182466732925e-01,  3.786135456893840e+01
s827        , -6.487388694069519e-02,  1.866089549733196e+00, -8.182903056781610e+01
s828        , -5.631644114900024e-01, -7.291897926483446e-01,  3.197536465540581e+01
s829        ,  9.396149132061843e-01,  1.401828335448013e+00, -6.147092658474342e+01
s830        , -1.058909335821911e-01, -2.836393124104498e-01,  1.243773642523615e+01
s831        ,  1.916013365790170e-02,  7.637016933900791e-01, -3.348873006766723e+01
s832        ,  1.966479662680959e+00,  1.655738389056715e+00, -7.260501901947841e+01
s833        , -3.620791385089753e-01, -4.203160286898289e-01,  1.843108395560151e+01
s834        , -7.529060995547020e-01, -1.024537944535173e+00,  4.492653999013220e+01
s835        ,  8.955601758309945e-01,  7.632808087213432e-01, -3.347027404853973e+01
s836        , -3.511452156713288e-01, -9.798493608546156e-01,  4.296692155673411e+01
s837        ,  2.142601060729459e+00,  1.725636916784061e+00, -7.567010706033049e+01
s838        ,  1.028409428393702e+00,  9.679566319128139e-01, -4.244541899526664e+01
s839        , -9.381248660546658e-01, -6.932227957142836e-02,  3.039819249238174e+00
s840        ,  1.041568016558684e+00,  1.112920896592585e+00, -4.880217998104997e+01
s841        , -3.031960082211786e-01, -5.686906531338858e-01,  2.493739105155887e+01
s842        ,  1.545481033371346e+00,  1.239443981358033e+00, -5.435028530766012e+01
s843        ,  9.376075098808509e-02, -3.342084033421323e-02,  1.465521826485498e+00
s844        ,  2.260200226388619e+00,  1.884434462200190e+00, -8.263346484763950e+01
s845        ,  7.631813505267834e-02, -1.333805618158685e-01,  5.848809384063985e+00
s846        , -7.719312092337802e-01,  6.997284131772194e-02, -3.068346731765048e+00
s847        ,  8.390061559731493e-02, -7.283913714088588e-02,  3.194035345456568e+00
s848        ,  1.798212902578797e+00,  1.409835514485181e+00, -6.182204569276700e+01
s849        , -4.426333276094398e-01, -4.348757653006546e-01,  1.906953623799972e+01
s850        ,  1.776931420661177e+00,  1.550077068815360e+00, -6.797171328926738e+01
s851        ,  6.740950847184962e-01,  1.486263802063648e-02, -6.517346721559414e-01
s852        ,  5.247617444717383e-01,  1.933421246502039e-01, -8.478156169038085e+00
s853        , -6.937010389893300e-01,  2.503766886506119e-02, -1.097915248064501e+00
s854        , -3.849480547825320e-01, -3.891830675858540e-01,  1.706588686406427e+01
s855        ,  1.721123124597798e-01, -8.809809892243760e-02,  3.863149027720239e+00
s856        ,  8.284120434530070e-01,  7.159329683167855e-01, -3.139404577731953e+01
s857        , -1.430174539460575e+00, -1.743629446570404e+00,  7.645908917005275e+01
s858        , -4.661418612561535e-01, -4.711048539292386e-01,  2.065820126281398e+01
s859        ,  9.776646253335924e-01,  6.106288376520931e-01, -2.677640300218560e+01
s860        , -6.760181986005682e-01, -9.576905807031907e-02,  4.199524712738254e+00
s861        , -2.202836606256784e-01, -7.479580144902211e-02,  3.279836127902580e+00
s862        ,  1.775874489146720e-01,  4.459362167487609e-01, -1.955454298366754e+01
s863        ,  4.919397024905665e-04, -4.582213099616912e-01,  2.009325092948567e+01
s864        , -6.626061886661074e-01, -4.481882858003024e-01,  1.965329742301687e+01
s865        , -8.371406217114558e-01, -5.898099114094396e-01,  2.586348188747132e+01
s866        , -1.153749740508799e+00, -4.179194333380122e-01,  1.832599196024119e+01
s867        ,  2.473721027027026e-01,  7.230301503313460e-02, -3.170526102639337e+00
s868        ,  2.269395821593049e+00,  2.087955907952805e+00, -9.155798972270671e+01
s869        ,  4.678738330590472e-01,  2.234223371558306e-01, -9.797189668240339e+00
s870        ,  9.504545520744460e-01,  7.362355588685184e-01, -3.228432529423829e+01
s871        ,  3.278186090591084e-01,  1.584823183946933e-01, -6.949534912851227e+00
s872        , -1.060745617852256e+00, -4.939623215447133e-01,  2.166051351330430e+01
s873        , -8.092360756143714e-01, -8.095754161124737e-01,  3.550031748556321e+01
s874        , -1.497433451430839e+00, -1.388137784318066e+00,  6.087058855323645e+01
s875        , -8.298963454824552e-01, -5.916663792960274e-01,  2.594488900293450e+01
s876        , -1.395330685836568e+00, -7.379666039547332e-01,  3.236023255243739e+01
s877        , -8.863229551700670e-01, -2.421799921606819e-01,  1.061972293037242e+01
s878        ,  7.300994035482326e-01,  5.060885228794842e-01, -2.219225396479347e+01
s879        ,  1.327007379676470e+00,  9.948128280046045e-01, -4.362307764045041e+01
s880        ,  1.165217936206896e+00,  6.780042592322399e-01, -2.973085148124685e+01
s881        , -5.128601822306692e-01,  1.520676837023773e+00, -6.668249731015288e+01
s882        ,  1.082188332309200e+00,  6.023649017577754e-01, -2.641402496786067e+01
s883        ,  3.093387130541843e-01, -3.221822915621474e-01,  1.412786679418329e+01
s884        ,  7.836281255656845e-01,  3.780068476616715e-01, -1.657580360844590e+01
s885        ,  3.559456324088518e-01, -1.158383717790916e-02,  5.079574914608547e-01
s886        ,  1.369087292176832e+00,  1.348076335788342e+00, -5.911387248524358e+01
s887        , -2.827754397002292e-01, -4.101682750155859e-01,  1.798609949827843e+01
s888        , -7.552424250973399e-01, -6.521996436042464e-01,  2.859930520506969e+01
s889        ,  1.207746653680362e+00,  8.824623240147602e-01, -3.869644760460408e+01
s890        , -9.666579634146734e-02,  3.252561601406330e-02, -1.426265758485338e+00
s891        ,  4.787826376712746e-01,  3.097238100580404e-01, -1.358155567852756e+01
s892        ,  1.139204080980141e+00,  8.644286780192649e-01, -3.790566252699323e+01
s893        , -1.069606673210606e+00, -1.895563596237590e+00,  8.312148336179392e+01
s894        ,  1.150226613104442e-02, -1.680219651228629e-01,  7.367853553474494e+00
s895        ,  8.523293459277042e-01,  6.875439585396455e-01, -3.014917242749783e+01
s896        , -2.385584700608096e+00, -2.036368459200474e+00,  8.929585234485498e+01
s897        , -9.548618878298403e-01, -1.562438569314089e+00,  6.851377173566902e+01
s898        ,  4.811635465516753e-02,  1.868407043581992e-01, -8.193065391971819e+00
s899        ,  1.118448561197112e+00,  1.110839418077475e+00, -4.871090602848775e+01
s900        ,  1.281569968989787e+00,  1.014228681796080e+00, -4.447447327343600e+01
s901        , -2.113499475721238e+00, -1.990528207703222e+00,  8.728573265818648e+01
s902        ,  1.947857445727211e+00,  1.660215223025864e+00, -7.280133059721638e+01
s903        , -1.628072514827294e+00, -1.415384293568491e+00,  6.206536264038469e+01
s904        , -5.933703029200499e-01,  1.197225208582296e+00, -5.249896941100585e+01
s905        , -7.688731068500246e-01, -1.015969014102285e+00,  4.455078778122748e+01
s906        ,  1.176277268616818e+00,  8.949876142925585e-01, -3.924568832092408e+01
s907        ,  5.507369645827748e-01,  7.193612678823412e-02, -3.154437855742919e+00
s908        , -2.303152982922224e-01, -1.982209730213731e-01,  8.692096294557430e+00
s909        , -8.668706479272460e-02,  4.060756538551864e-01, -1.780663585888084e+01
s910        ,  1.637183577828672e+00,  1.421303028693362e+00, -6.232490235943248e+01
s911        ,  1.126621425294678e+00,  6.827337083939519e-01, -2.993824037106620e+01
s912        , -4.659972316167655e-03, -1.780660501925243e-01,  7.808292086720970e+00
s913        ,  1.463412550315811e+00,  1.273057422263384e+00, -5.582425277279420e+01
s914        ,  6.888333030824358e-02, -4.471913676941826e-02,  1.960958202779886e+00
s915        ,  4.153763854817183e-01,  5.101163745782205e-01, -2.236887742845611e+01
s916        , -8.981673760840302e-01, -8.146801125708426e-01,  3.572416117119502e+01
s917        ,  1.165490548301742e+00,  1.432993759222604e+00, -6.283754718184962e+01
s918        , -3.127845128551579e+00, -3.121273883988610e+00,  1.368695388171203e+02
s919        ,  5.105583294163231e-01,  7.808002031664846e-01, -3.423850891903995e+01
s920        ,  1.771894143640764e+00,  1.657677707607932e+00, -7.269005918115280e+01
s921        , -9.056974563096514e-01, -2.298299366103057e-01,  1.007816635111263e+01
s922        , -1.410433837530576e+00, -1.151548405314919e+00,  5.049601701713993e+01
s923        ,  4.793953840304336e-01,  2.441927549024778e-01, -1.070798365931098e+01
s924        ,  1.135546937050434e+00,  1.502759813287675e+00, -6.589682618135036e+01
s925        , -1.660407611730610e+00, -1.663410084587295e+00,  7.294142699527391e+01
s926        ,  1.324119315063384e+00,  8.656910482733470e-01, -3.796101814169241e+01
s927        ,  1.539392353089735e+00,  1.161586311218101e+00, -5.093618459061233e+01
s928        ,  9.855836123941223e-01,  8.063690382457528e-01, -3.535971609132385e+01
s929        , -2.495918760023568e-01, -2.961824039954897e-01,  1.298775773845443e+01
s930        ,  1.838769784503462e-01,  3.747146836022461e-01, -1.643144044351016e+01
s931        , -8.638799567978230e-01, -1.058454553941707e+00,  4.641380155712443e+01
s932        ,  5.236538255108801e-02, -4.006475254461036e-01,  1.756860950822887e+01
s933        , -8.753815959596397e-01, -1.486394539862478e+00,  6.517920013840273e+01
s934        ,  2.186233935344458e+00,  1.640738309809958e+00, -7.194725747562427e+01
s935        ,  1.613974894427503e+00,  1.572013899768005e+00, -6.893365512686123e+01
s936        ,  1.035578030022412e+00,  1.404196885134952e+00, -6.157478876261249e+01
s937        , -8.171291125163769e-01, -1.744443481241812e-01,  7.649478502828202e+00
s938        ,  4.014725274785205e-02, -3.164061890643350e-01,  1.387458159255730e+01
s939        ,  1.057305901451997e+00,  1.142247880995528e+00, -5.008818402277101e+01
s940        , -3.957202982614637e-01, -1.558044634720252e-01,  6.832109534013219e+00
s941        ,  9.864841851237819e-01,  6.684476208806619e-01, -2.931178774879701e+01
s942        ,  1.279801670109016e+00,  8.972263860021800e-01, -3.934385966467721e+01
s943        ,  4.132936671989457e-01,  2.282485724715785e-01, -1.000882268297764e+01
s944        ,  1.282832595601720e+00,  8.997648552113959e-01, -3.945517290500166e+01
s945        ,  4.840279729543951e-01,  5.906894283260410e-01, -2.590204917737639e+01
s946        , -8.681769341819047e-01, -9.005419630549893e-01,  3.948924950196727e+01
s947        ,  3.232932517737256e-03,  1.060276827546240e-02, -4.649370923492256e-01
s948        ,  1.167684526421475e+00,  8.572256288938549e-01, -3.758980494816004e+01
s949        ,  6.583480301151363e-02,  8.268110349443868e-02, -3.625610864277368e+00
s950        , -1.242753674158428e+00, -5.908486434365096e-01,  2.590903084561592e+01
s951        ,  2.310361811645397e+00,  1.951428526885212e+00, -8.557119062170898e+01
s952        , -1.119290121794750e+00, -1.180411335030280e+00,  5.176167201118496e+01
s953        , -1.683258967109912e+00, -1.495823175714795e+00,  6.559265089240449e+01
s954        , -9.643407255924855e-01, -9.471335647307859e-01,  4.153231629813328e+01
s955        ,  1.355195898291680e+00,  1.252786803438074e+00, -5.493537523327741e+01
s956        , -1.419644027773449e+00, -1.251237828680622e+00,  5.486745185693442e+01
s957        ,  7.507017303053017e-01,  8.468613422784939e-01, -3.713532540489093e+01
s958        , -6.248853964214247e-01, -8.560085778573936e-01,  3.753643660553183e+01
s959        ,  4.741402585439857e-01,  4.679957631612158e-01, -2.052186596018548e+01
s960        ,  1.748017862668237e+00,  1.278265368735308e+00, -5.605262402706094e+01
s961        ,  8.462482137940457e-02,  1.632040871140500e-01, -7.156587011141817e+00
s962        ,  7.563555564957672e-01,  9.199124850696410e-01, -4.033865731215409e+01
s963        ,  5.141335492556059e-01, -2.803575948029510e-01,  1.229383134283679e+01
s964        ,  1.406034132046022e+00,  1.085684825169070e+00, -4.760786359822650e+01
s965        ,  2.420661684207245e-01,  3.066705222880929e-01, -1.344766736738242e+01
s966        ,  1.305187256819844e+00,  1.168333387880198e+00, -5.123204753165130e+01
s967        , -1.065928149752257e+00,  3.222431429776944e-02, -1.413053516148806e+00
s968        ,  1.019284942775861e-01, -6.458086382821002e-02,  2.831905618382671e+00
s969        , -4.350166918309603e-01, -5.962895906107676e-01,  2.614761930601638e+01
s970        ,  1.624604127608152e-01, -2.049237133113933e-01,  8.986015061831282e+00
s971        ,  5.357086935063688e-01,  9.350799184450647e-01, -4.100375742457383e+01
s972        ,  4.526177537044205e-01,  1.696091596530879e-01, -7.437452887412838e+00
s973        ,  2.518105508318819e-02, -3.933414740558586e-01,  1.724823522467540e+01
s974        ,  1.381098824526411e-01,  1.959643541287010e-01, -8.593142342227065e+00
s975        ,  7.774949586651241e-02, -4.684310526549701e-01,  2.054095363863878e+01
s976        , -6.716438652263078e-01, -3.383252659378023e-01,  1.483574490422887e+01
s977        ,  5.126581856654772e-01,  4.788384662629134e-01, -2.099732432373155e+01
s978        ,  1.652033990012039e+00,  1.273233381959078e+00, -5.583196870010310e+01
s979        , -5.079779506789148e-01,  6.232745659829936e-02, -2.733092499192022e+00
s980        ,  1.486324502914815e+00,  1.262391641180725e+00, -5.535655253495336e+01
s981        , -6.471792492072077e-01, -6.648398441997723e-01,  2.915358480063491e+01
s982        , -4.819216106830154e-01, -5.195636458972593e-01,  2.278314535769815e+01
s983        ,  9.658446198162700e-01,  5.917858957766717e-01, -2.595012986490133e+01
s984        , -6.852585050477367e-01, -1.222748506742519e+00,  5.361817976489431e+01
s985        ,  1.854305119617258e+00,  1.680640634809301e+00, -7.369699589121370e+01
s986        , -4.521581959933576e-01, -6.246413875077014e-01,  2.739086085102338e+01
s987        , -2.521511431321029e-01, -5.483904421511571e-01,  2.404721588002097e+01
s988        , -5.979353596012116e-01, -7.381892100004329e-01,  3.236999394728618e+01
s989        ,  5.009353081364425e-02,  1.142682587233525e-01, -5.010724612514529e+00
s990        , -8.490157785255917e-01, -4.760093716079699e-01,  2.087326700127797e+01
s991        ,  1.777005115889338e+00,  1.251645022247194e+00, -5.488530751386722e+01
s992        ,  1.436402784430078e-01, -3.629176356260367e-01,  1.591413354385299e+01
s993        , -7.746133794839222e-01, -4.970237190397750e-01,  2.179475744025811e+01
s994        , -3.519374423249963e-01,  5.628408787432455e-01, -2.468087529780253e+01
s995        ,  2.515821213310820e+00,  2.135860554948748e+00, -9.365863426247807e+01
s996        , -9.307341685855109e-01, -4.209605750361188e-01,  1.845934765960246e+01
s997        ,  9.020799685707303e-01,  6.247957666442960e-01, -2.739763045920705e+01
s998        ,  7.128984046028965e-02,  1.937919328071254e-01, -8.497880498681134e+00
s999        ,  5.124895301791403e-01,  1.609475742030740e-01, -7.057637706165895e+00
s1000       , -1.908214440895996e+00, -1.728979214353628e+00,  7.581666860665396e+01
s1001       , -6.478798150695012e-01, -6.769095915202870e-01,  2.968284971323111e+01
s1002       ,  1.628384326110677e+00,  1.088832543607504e+00, -4.774589274498121e+01
s1003       , -1.320631610111836e+00, -8.586862132945053e-01,  3.765385235981019e+01
s1004       ,  3.127068110729108e-01,  5.506452256909076e-01, -2.414608935113833e+01
s1005       , -8.308586454054456e-02, -7.742127296136486e-02,  3.394964466019657e+00
s1006       , -4.431446782915395e-01, -1.560323569939565e+00,  6.842102787538990e+01
s1007       ,  8.915087432489126e-01,  4.429089856848471e-02, -1.942179727309820e+00
s1008       , -4.555641263772588e-01,  3.502094989238720e-01, -1.535687491346722e+01
s1009       , -1.076167756737711e+00, -5.239993920782802e-01,  2.297765521382468e+01
s1010       , -5.741566073917021e-02, -7.429267840130185e-02,  3.257773911618715e+00
s1011       , -6.851232733351752e-01,  1.575230393165518e-01, -6.907470009256687e+00
s1012       ,  1.183771163089419e+00,  8.295356566999953e-01, -3.637558477239340e+01
s1013       ,  5.720663447691927e-01,  3.351132607912622e-01, -1.469489675074240e+01
s1014       ,  1.639794129625306e+00,  1.223300814703604e+00, -5.364239876608686e+01
s1015       ,  1.278838546119833e+00,  1.350371908107259e+00, -5.921453456626869e+01
s1016       , -1.591656559306218e+00, -1.349192856410983e+00,  5.916283251514829e+01
s1017       , -2.238585492043279e-01, -4.640319562116315e-01,  2.034805089322434e+01
s1018       ,  1.969653626448107e+00,  1.751050387411828e+00, -7.678450141784199e+01
s1019       , -1.095283509128894e+00, -6.616434223100779e-01,  2.901341998134377e+01
s1020       ,  2.026970585970871e+00,  1.721693970793758e+00, -7.549720675765541e+01
s1021       , -1.076267557425617e+00, -3.764142466734141e-01,  1.650596719841457e+01
s1022       ,  2.061743967154248e+00,  1.674579814746058e+00, -7.343122567118752e+01
s1023       , -7.584250456952716e-01, -1.195463064587744e+00,  5.242169844894743e+01
s1024       ,  1.053814834881829e+00,  7.477558783915992e-01, -3.278949750236729e+01
s1025       ,  2.675022500952487e-01,  2.914713015147170e-01, -1.278117336046330e+01
s1026       ,  1.191217039336654e+00,  9.565103928578824e-01, -4.194349525551554e+01
s1027       , -1.091104512041814e+00, -9.158221114436631e-01,  4.015929222835000e+01
s1028       ,  4.058140530066474e-01,  1.186119949857805e-01, -5.201199784216538e+00
s1029       , -2.810797283104409e-01,  4.741624827122664e-02, -2.079227992971749e+00
s1030       , -5.114017609957666e-01, -6.518641914235546e-01,  2.858459544649899e+01
s1031       ,  7.568139692128296e-01,  3.195815643784357e-01, -1.401382350818717e+01
s1032       ,  1.164702788614623e+00,  8.517956903303591e-01, -3.735169922126328e+01
s1033       , -8.951823961598004e-01, -3.521133201796902e-01,  1.544035849964366e+01
s1034       ,  1.875078712098186e+00,  1.395392977649304e+00, -6.118873268354470e+01
s1035       ,  5.020924654475383e-01,  4.823981839708793e-01, -2.115341986007898e+01
s1036       ,  2.037733904983300e+00,  1.964600224629790e+00, -8.614877665316455e+01
s1037       ,  7.899885329373273e-01,  2.448964548409806e-01, -1.073884128015053e+01
s1038       , -1.481530067718233e+00, -1.091140922577090e+00,  4.784711640452716e+01
s1039       , -1.299957501960030e+00, -1.168672285558144e+00,  5.124690837713008e+01
s1040       ,  7.907676425376595e-02, -4.753382589425701e-02,  2.084383834989369e+00
s1041       , -2.182521057971927e+00, -2.231040728367698e+00,  9.783233606647940e+01
