# c0 + a0 * (cub_root_V / E_T)
# Property Label: $ln_{D}$; Unit of the Property: Unitless
# RMSE: 0.582573056890231; Max AE: 3.3391010238026
# Coefficients
# Task   a0                      c0
# all ,  3.740190131816028e+00, -2.863732077308087e+01, 
# Feature Rung, Units, and Expressions
# 0;  1; A;                                                21|0|div; (cub_root_V / E_T); $\left(\frac{ cub_{root, V} }{ E_{T} } \right)$; (cub_root_V ./ E_T); (newdata$cub_root_V / newdata$E_T); cub_root_V,E_T
# Number of Samples Per Task
# Task, n_samples               
# all , 1041                  

# Sample ID , Property Value        ,  Property Value (EST) ,  Feature 0 Value      
s1          , -2.244947812336508e+01, -2.195875347341259e+01,  1.785622405357650e+00
s2          , -2.298888400764099e+01, -2.246334381675701e+01,  1.650712059743902e+00
s3          , -1.755271246623431e+01, -1.777316805253792e+01,  2.904706000940097e+00
s4          , -1.917258847351942e+01, -1.957464510540641e+01,  2.423052130580892e+00
s5          , -2.000094091703784e+01, -2.074285636184781e+01,  2.110712058212918e+00
s6          , -2.179532463031582e+01, -2.167002490231463e+01,  1.862818633603343e+00
s7          , -2.156980503382011e+01, -2.098883072086069e+01,  2.044946856353127e+00
s8          , -2.070680399014268e+01, -2.134641195103364e+01,  1.949341762074317e+00
s9          , -2.311678210871720e+01, -2.254980247405981e+01,  1.627595946857732e+00
s10         , -1.955558688693647e+01, -1.943507243315479e+01,  2.460369129806236e+00
s11         , -1.929232032084748e+01, -1.982470248780890e+01,  2.356195266734488e+00
s12         , -1.972420304545977e+01, -1.919243006989517e+01,  2.525243468999740e+00
s13         , -1.649771434553038e+01, -1.693032562314262e+01,  3.130053483204604e+00
s14         , -1.814284237715737e+01, -1.888847734049685e+01,  2.606510120877338e+00
s15         , -2.140988745272463e+01, -2.122826076900865e+01,  1.980931381281088e+00
s16         , -2.271802967642396e+01, -2.232610545709822e+01,  1.687404942945582e+00
s17         , -1.845283706311921e+01, -1.857904036855435e+01,  2.689243073223868e+00
s18         , -2.106370881996578e+01, -2.112425705089058e+01,  2.008738448422769e+00
s19         , -2.166440903696862e+01, -2.232374923961198e+01,  1.688034915594884e+00
s20         , -1.957524373940041e+01, -2.001559387639370e+01,  2.305157383135743e+00
s21         , -2.230012329283520e+01, -2.217944192706616e+01,  1.726617797068814e+00
s22         , -1.709175230426198e+01, -1.678263425729966e+01,  3.169541145766626e+00
s23         , -2.271630669020732e+01, -2.284485274942769e+01,  1.548709509278523e+00
s24         , -1.997593461761007e+01, -2.032644932773380e+01,  2.222045177503253e+00
s25         , -2.228124530569044e+01, -2.235543144160029e+01,  1.679564169223249e+00
s26         , -1.806502239865187e+01, -1.760636375800821e+01,  2.949303812455286e+00
s27         , -2.017409009594002e+01, -2.039283694759298e+01,  2.204295379359453e+00
s28         , -1.658938425028538e+01, -1.670344984946810e+01,  3.190712371036160e+00
s29         , -2.262132344831001e+01, -2.277794436484991e+01,  1.566598542247362e+00
s30         , -1.697997334312175e+01, -1.711780523414165e+01,  3.079927793228518e+00
s31         , -1.964904728113367e+01, -1.915604600217514e+01,  2.534971334813438e+00
s32         , -2.151059652715050e+01, -2.156096502933919e+01,  1.891977545084262e+00
s33         , -2.289264810431292e+01, -2.281562463654432e+01,  1.556524115449140e+00
s34         , -2.302504917991390e+01, -2.203107105787408e+01,  1.766287135782363e+00
s35         , -2.244061385591441e+01, -2.221898352247443e+01,  1.716045715432668e+00
s36         , -2.239655424600443e+01, -2.141647085423217e+01,  1.930610387269979e+00
s37         , -2.226102540809307e+01, -2.169495643931618e+01,  1.856152786113539e+00
s38         , -2.102436377352775e+01, -2.115085274070988e+01,  2.001627662905997e+00
s39         , -2.141661104833067e+01, -2.023654161593471e+01,  2.246083450593782e+00
s40         , -1.990275935468409e+01, -1.928903726976928e+01,  2.499413979998012e+00
s41         , -1.952311408648237e+01, -1.938611677513529e+01,  2.473458212525069e+00
s42         , -1.862175379272403e+01, -1.966847132068207e+01,  2.397966182549127e+00
s43         , -2.257821044890805e+01, -2.188153364374431e+01,  1.806268369051154e+00
s44         , -1.984867902879579e+01, -1.968292892672206e+01,  2.394100708995523e+00
s45         , -1.928264199244582e+01, -1.956377238653149e+01,  2.425959126881008e+00
s46         , -2.007096062658339e+01, -2.070973085468212e+01,  2.119568695442108e+00
s47         , -1.842882744186564e+01, -1.933486092193791e+01,  2.487162289427837e+00
s48         , -1.712958329507449e+01, -1.720102105206453e+01,  3.057678705617970e+00
s49         , -2.142142340445580e+01, -2.199635280110718e+01,  1.775569620239923e+00
s50         , -2.022197746600499e+01, -2.038984935945473e+01,  2.205094159109400e+00
s51         , -2.208446385448407e+01, -2.209847997583510e+01,  1.748264277161459e+00
s52         , -2.030062191637932e+01, -2.072726585208859e+01,  2.114880431800829e+00
s53         , -1.881589086732163e+01, -1.802195679619270e+01,  2.838188328071424e+00
s54         , -2.389190768082197e+01, -2.358053008844040e+01,  1.352014337887462e+00
s55         , -1.989931101552115e+01, -1.995410801901124e+01,  2.321596616226978e+00
s56         , -2.293632659980805e+01, -2.276999515446982e+01,  1.568723891521045e+00
s57         , -2.165250835772914e+01, -2.194548959157834e+01,  1.789168717541467e+00
s58         , -2.493828100106786e+01, -2.358218822642158e+01,  1.351571008023807e+00
s59         , -2.019609135900962e+01, -2.027948840409933e+01,  2.234600935895052e+00
s60         , -1.686951544328429e+01, -1.750468291495353e+01,  2.976489821580794e+00
s61         , -1.698686520707895e+01, -1.746072716301848e+01,  2.988242098974700e+00
s62         , -1.961666852236879e+01, -1.986383687022612e+01,  2.345732060042315e+00
s63         , -2.363642228074260e+01, -2.267100498335589e+01,  1.595190506218482e+00
s64         , -2.123215125329894e+01, -2.128204281074777e+01,  1.966551887233012e+00
s65         , -2.229595939650926e+01, -2.174411803615574e+01,  1.843008642338235e+00
s66         , -2.209517036440609e+01, -2.184357741568394e+01,  1.816416577223112e+00
s67         , -2.100952424313996e+01, -2.080640675888748e+01,  2.093720837232179e+00
s68         , -2.306714632630091e+01, -2.235666408977663e+01,  1.679234600903750e+00
s69         , -2.116954741071400e+01, -2.181214979759437e+01,  1.824819256493939e+00
s70         , -2.268552320802911e+01, -2.139023266310517e+01,  1.937625589760303e+00
s71         , -1.844586653395837e+01, -1.953660987861031e+01,  2.433221460335696e+00
s72         , -2.185924535832699e+01, -2.159737943387768e+01,  1.882241568234121e+00
s73         , -1.814705961150877e+01, -1.901048564139096e+01,  2.573889238891622e+00
s74         , -2.269683109870329e+01, -2.295114167440790e+01,  1.520291455320235e+00
s75         , -2.162544692540680e+01, -2.130368653426439e+01,  1.960765089569302e+00
s76         , -1.799713371423827e+01, -1.888240287868478e+01,  2.608134225962370e+00
s77         , -1.808839931225978e+01, -1.790776033096184e+01,  2.868720590123944e+00
s78         , -1.710463489071706e+01, -1.754313289546110e+01,  2.966209600749107e+00
s79         , -2.130172009097587e+01, -2.167855217269101e+01,  1.860538730690429e+00
s80         , -2.075517304342145e+01, -2.135886244955206e+01,  1.946012921004847e+00
s81         , -1.679587307458704e+01, -1.695450034506845e+01,  3.123589982400144e+00
s82         , -1.961963418382102e+01, -1.937614397065053e+01,  2.476124602236097e+00
s83         , -1.732943596118787e+01, -1.730057871782961e+01,  3.031060362096289e+00
s84         , -2.091958911511147e+01, -2.131641054341423e+01,  1.957363121032570e+00
s85         , -1.931803893900067e+01, -1.924573982165126e+01,  2.510990249276333e+00
s86         , -2.124992178205270e+01, -2.046795243753184e+01,  2.184212044745020e+00
s87         , -2.000999990609716e+01, -2.010308520320591e+01,  2.281765169443728e+00
s88         , -1.933594922663024e+01, -1.960043420800793e+01,  2.416156999132322e+00
s89         , -2.128477820873118e+01, -2.106217752792875e+01,  2.025336407556920e+00
s90         , -2.009844325702736e+01, -2.046976375035908e+01,  2.183727761122154e+00
s91         , -2.185233402642529e+01, -2.195220126568646e+01,  1.787374243498280e+00
s92         , -1.852873985612102e+01, -1.820943099469667e+01,  2.788064085212960e+00
s93         , -2.244477787769646e+01, -2.170484655973544e+01,  1.853508503317559e+00
s94         , -2.069748145715988e+01, -2.100529386404888e+01,  2.040545170179972e+00
s95         , -1.839144268754908e+01, -1.818865232618192e+01,  2.793619596505822e+00
s96         , -2.061908691885885e+01, -2.093650271676711e+01,  2.058937590045636e+00
s97         , -2.336181657728519e+01, -2.316223493116123e+01,  1.463852277280149e+00
s98         , -1.913590175727989e+01, -1.891437927322771e+01,  2.599584822478594e+00
s99         , -1.764848235022367e+01, -1.769954842736600e+01,  2.924389392045184e+00
s100        , -2.003395952271198e+01, -1.976070599288143e+01,  2.373305759161887e+00
s101        , -2.047737186068138e+01, -2.099154528848239e+01,  2.044221073030348e+00
s102        , -1.813404261594337e+01, -1.825928402542969e+01,  2.774735075463178e+00
s103        , -2.094885731266024e+01, -2.089451850483569e+01,  2.070162744503499e+00
s104        , -1.695125455205811e+01, -1.597942733062549e+01,  3.384291438764214e+00
s105        , -2.089913046364001e+01, -2.148686769125466e+01,  1.911788660421481e+00
s106        , -2.193421435204462e+01, -2.226506588175035e+01,  1.703724855355551e+00
s107        , -1.938858975045087e+01, -1.939331350903036e+01,  2.471534049944710e+00
s108        , -2.184761912256448e+01, -2.200863929971818e+01,  1.772284627183956e+00
s109        , -1.765266017099491e+01, -1.869632898541362e+01,  2.657884074690196e+00
s110        , -2.222643790681205e+01, -2.109184041441745e+01,  2.017405557668735e+00
s111        , -2.198367498730207e+01, -2.171185629395563e+01,  1.851634338108533e+00
s112        , -2.341727175416096e+01, -2.247896760576852e+01,  1.646534788412532e+00
s113        , -2.064750776227555e+01, -2.009482816099457e+01,  2.283972822509569e+00
s114        , -2.335281852671257e+01, -2.265561419429775e+01,  1.599305481264057e+00
s115        , -2.467653405274963e+01, -2.354492087474639e+01,  1.361535034012265e+00
s116        , -2.119630992652875e+01, -2.089372685649323e+01,  2.070374404423065e+00
s117        , -1.681518237222159e+01, -1.745838726589642e+01,  2.988867708112095e+00
s118        , -1.725426000439147e+01, -1.719337794771141e+01,  3.059722212521028e+00
s119        , -2.026224064054247e+01, -2.056933333079332e+01,  2.157106232022003e+00
s120        , -2.061376236446881e+01, -2.035094904813965e+01,  2.215494783126924e+00
s121        , -2.090204853596659e+01, -2.109112904033894e+01,  2.017595754972465e+00
s122        , -1.679179791839329e+01, -1.679321475464028e+01,  3.166712279594660e+00
s123        , -1.729435756680531e+01, -1.751303292908317e+01,  2.974257310976959e+00
s124        , -1.927065840811719e+01, -1.988072533246167e+01,  2.341216657979761e+00
s125        , -2.074667074869674e+01, -2.090713940030080e+01,  2.066788345069165e+00
s126        , -1.981090987888966e+01, -1.992673655362334e+01,  2.328914817821882e+00
s127        , -1.791042209268825e+01, -1.734088851514042e+01,  3.020282889323472e+00
s128        , -2.199486439730610e+01, -2.206910716984240e+01,  1.756117569362527e+00
s129        , -1.847106084369403e+01, -1.860438858690259e+01,  2.682465819272896e+00
s130        , -2.183307419908922e+01, -2.082201502885432e+01,  2.089547715167055e+00
s131        , -1.937195493711046e+01, -2.009805631561744e+01,  2.283109723439978e+00
s132        , -1.756898825137140e+01, -1.777807057471033e+01,  2.903395232770662e+00
s133        , -1.952720456066259e+01, -1.987378786479451e+01,  2.343071501563284e+00
s134        , -1.792604080418195e+01, -1.904633441104789e+01,  2.564304493626404e+00
s135        , -2.163690184151209e+01, -2.187908472762545e+01,  1.806923126171128e+00
s136        , -2.266590946104735e+01, -2.193387487238556e+01,  1.792274099563086e+00
s137        , -1.871948299194560e+01, -1.852289497994325e+01,  2.704254446077214e+00
s138        , -2.098569970792443e+01, -2.090401475695296e+01,  2.067623768734196e+00
s139        , -1.946420871832499e+01, -1.960012010773088e+01,  2.416240978894307e+00
s140        , -1.890485827097119e+01, -1.995591604052871e+01,  2.321113212588729e+00
s141        , -2.048387804329865e+01, -2.150599243694030e+01,  1.906675352003559e+00
s142        , -1.712146112463541e+01, -1.710264702591303e+01,  3.083980584047806e+00
s143        , -2.146398341435241e+01, -2.197268968433360e+01,  1.781896335176762e+00
s144        , -2.296743054539722e+01, -2.174536788514611e+01,  1.842674475104401e+00
s145        , -2.169591974109321e+01, -2.139010522525464e+01,  1.937659662319730e+00
s146        , -2.268369172314783e+01, -2.240682880683845e+01,  1.665822256799881e+00
s147        , -2.121406114253308e+01, -2.138773139973618e+01,  1.938294342759705e+00
s148        , -2.139826235530006e+01, -2.065077644618540e+01,  2.135331104950446e+00
s149        , -1.818204101397333e+01, -1.874653249910948e+01,  2.644461357682095e+00
s150        , -2.236615053154114e+01, -2.171769873364692e+01,  1.850072267870019e+00
s151        , -2.007280490017163e+01, -2.006075590765684e+01,  2.293082587558116e+00
s152        , -2.043501428229088e+01, -2.063732278336609e+01,  2.138928158133614e+00
s153        , -2.294208833005412e+01, -2.245112669709307e+01,  1.653978503222275e+00
s154        , -1.941555486932839e+01, -2.015363888153382e+01,  2.268248830288166e+00
s155        , -2.030625886040805e+01, -2.094332968748038e+01,  2.057112289600291e+00
s156        , -1.755225478861601e+01, -1.761659876229960e+01,  2.946567319407962e+00
s157        , -1.981494689568535e+01, -1.916085137202646e+01,  2.533686541879934e+00
s158        , -2.120666701656112e+01, -2.096790331472297e+01,  2.050542135042224e+00
s159        , -2.199339551508707e+01, -2.164898598986106e+01,  1.868443725299778e+00
s160        , -1.822712376873660e+01, -1.786443704133832e+01,  2.880303768544471e+00
s161        , -1.850131544535105e+01, -2.026949205233917e+01,  2.237273621348962e+00
s162        , -2.165239460618542e+01, -2.129210686436161e+01,  1.963861100599405e+00
s163        , -2.054863013411503e+01, -2.075433814524575e+01,  2.107642218714581e+00
s164        , -2.244259094688993e+01, -2.252582293060463e+01,  1.634007263558237e+00
s165        , -2.169401378729562e+01, -2.142618691929126e+01,  1.928012640974560e+00
s166        , -1.893544650248816e+01, -1.938530137065332e+01,  2.473676224030698e+00
s167        , -1.990371422830687e+01, -2.085984437675073e+01,  2.079433430448047e+00
s168        , -2.358382467591309e+01, -2.340303696873923e+01,  1.399469978762861e+00
s169        , -2.234616115486217e+01, -2.266985978608055e+01,  1.595496693132777e+00
s170        , -1.980105726485419e+01, -2.033079475095749e+01,  2.220883358699785e+00
s171        , -2.225344967355102e+01, -2.213513030349440e+01,  1.738465222469684e+00
s172        , -2.076076397080535e+01, -2.066114244015045e+01,  2.132559589706642e+00
s173        , -2.167162181633835e+01, -2.123286508550937e+01,  1.979700343195202e+00
s174        , -2.217746151284670e+01, -2.172707303566921e+01,  1.847565897420413e+00
s175        , -1.912249737452136e+01, -1.990318561635819e+01,  2.335211539762517e+00
s176        , -2.262880123350610e+01, -2.232953962106856e+01,  1.686486763962879e+00
s177        , -1.998504477748202e+01, -2.052461864062467e+01,  2.169061423761664e+00
s178        , -1.778030448780716e+01, -1.841462442412153e+01,  2.733202320919383e+00
s179        , -2.322340610724453e+01, -2.273371169454010e+01,  1.578424858223533e+00
s180        , -1.682543251402466e+01, -1.639186170378855e+01,  3.274020474287121e+00
s181        , -1.586682207916231e+01, -1.426198166397068e+01,  3.843478166210316e+00
s182        , -2.348293513803748e+01, -2.232825156097494e+01,  1.686831147549869e+00
s183        , -2.155098810628208e+01, -2.117878115850764e+01,  1.994160551124649e+00
s184        , -2.324937775466465e+01, -2.253861923029189e+01,  1.630585966983390e+00
s185        , -2.378592453308165e+01, -2.295812029252212e+01,  1.518425609502703e+00
s186        , -2.071202883303041e+01, -2.141789077790148e+01,  1.930230747834746e+00
s187        , -2.027503475690737e+01, -2.034071512073722e+01,  2.218230988250665e+00
s188        , -2.214013663755619e+01, -2.202452686201120e+01,  1.768036831822467e+00
s189        , -2.074030596943589e+01, -2.084651399438749e+01,  2.082997522618080e+00
s190        , -1.914542963593283e+01, -1.933125115116902e+01,  2.488127419713110e+00
s191        , -1.679323473828856e+01, -1.677627756917926e+01,  3.171240708595352e+00
s192        , -1.690928184419942e+01, -1.716486986154813e+01,  3.067344307964996e+00
s193        , -2.273712334380998e+01, -2.242752496410603e+01,  1.660288806216304e+00
s194        , -2.090019731082972e+01, -2.140651871326392e+01,  1.933271252257456e+00
s195        , -1.910778599576077e+01, -1.983046464940871e+01,  2.354654660135161e+00
s196        , -1.918378235513936e+01, -1.947274618340660e+01,  2.450296446620606e+00
s197        , -2.010118773573690e+01, -2.052353882380608e+01,  2.169350130159073e+00
s198        , -2.040069724820686e+01, -2.050328005812083e+01,  2.174766637066817e+00
s199        , -2.033728659050214e+01, -1.994020684614375e+01,  2.325313318420602e+00
s200        , -1.788348829912646e+01, -1.829260064780186e+01,  2.765827340509076e+00
s201        , -1.891783601993355e+01, -2.044877272796257e+01,  2.189340048641431e+00
s202        , -2.174492495952721e+01, -2.156475149222933e+01,  1.890965173317938e+00
s203        , -2.185008698942601e+01, -2.174737439901970e+01,  1.842138001341604e+00
s204        , -2.086349108831322e+01, -2.098036554933210e+01,  2.047210156140103e+00
s205        , -2.088054945703831e+01, -2.151840326167564e+01,  1.903357118358224e+00
s206        , -2.114956534802060e+01, -2.112055363606098e+01,  2.009728615954120e+00
s207        , -1.936064601068155e+01, -1.853804875278912e+01,  2.700202841128854e+00
s208        , -2.173553987268506e+01, -2.140410094909394e+01,  1.933917680402756e+00
s209        , -1.958079034508013e+01, -1.984369564981981e+01,  2.351117139328788e+00
s210        , -2.077095411669474e+01, -2.140961542842917e+01,  1.932443295641317e+00
s211        , -2.106003856984427e+01, -2.109288258077353e+01,  2.017126917728159e+00
s212        , -1.921431398034701e+01, -1.922783576037539e+01,  2.515777188080209e+00
s213        , -1.891211086691480e+01, -1.871592891506187e+01,  2.652643718195609e+00
s214        , -1.797391097043976e+01, -1.753478108043817e+01,  2.968442592850734e+00
s215        , -2.046416066581664e+01, -2.067695144140190e+01,  2.128332798903423e+00
s216        , -2.054695205981560e+01, -2.028212002082545e+01,  2.233897330828632e+00
s217        , -2.064527960557822e+01, -2.120137024066798e+01,  1.988120996619603e+00
s218        , -2.267569057486860e+01, -2.233105890239873e+01,  1.686080559658652e+00
s219        , -1.969996813819463e+01, -2.062788186309988e+01,  2.141452340042416e+00
s220        , -2.056541179285701e+01, -2.166007822955895e+01,  1.865478036576219e+00
s221        , -2.147236245537334e+01, -2.167447053311967e+01,  1.861630022690965e+00
s222        , -1.817717386569833e+01, -1.837157951678542e+01,  2.744711069357049e+00
s223        , -2.049263974761081e+01, -2.079672690290720e+01,  2.096308902447884e+00
s224        , -2.147370851727396e+01, -2.140557159017879e+01,  1.933524480850588e+00
s225        , -2.297636192643720e+01, -2.210008042442286e+01,  1.747836371485181e+00
s226        , -2.349615644619751e+01, -2.217008256392186e+01,  1.729120173369067e+00
s227        , -1.994214785348108e+01, -2.062436103233136e+01,  2.142393690787816e+00
s228        , -1.935600154849446e+01, -1.985043099476946e+01,  2.349316336505328e+00
s229        , -1.931982821700711e+01, -1.927501090102924e+01,  2.503164155322181e+00
s230        , -1.663964761443124e+01, -1.698921296063723e+01,  3.114309006207652e+00
s231        , -1.912412961575534e+01, -1.958990534678481e+01,  2.418972059557608e+00
s232        , -2.205202611453251e+01, -2.206841120078888e+01,  1.756303647885004e+00
s233        , -2.108987100746543e+01, -2.073230436910836e+01,  2.113533303221213e+00
s234        , -2.119865480781422e+01, -2.115340846705829e+01,  2.000944348352901e+00
s235        , -1.634470488909293e+01, -1.520182230207030e+01,  3.592196652443183e+00
s236        , -2.035495556536669e+01, -2.128001546237337e+01,  1.967093931434764e+00
s237        , -2.057488800817375e+01, -2.068694014437654e+01,  2.125662158475369e+00
s238        , -2.181497599002021e+01, -2.113713924942708e+01,  2.005294185408729e+00
s239        , -1.938605784207409e+01, -1.907547990036724e+01,  2.556511978194790e+00
s240        , -1.879589433372550e+01, -1.872395347396087e+01,  2.650498223283269e+00
s241        , -1.732119998261703e+01, -1.661129080776761e+01,  3.215352573392864e+00
s242        , -2.017650413285683e+01, -2.063903110566595e+01,  2.138471410685047e+00
s243        , -1.996072124442394e+01, -2.032280761427913e+01,  2.223018848179431e+00
s244        , -2.121993688931675e+01, -2.122334530424889e+01,  1.982245609859455e+00
s245        , -2.152256201120388e+01, -2.172795059688212e+01,  1.847331267312856e+00
s246        , -1.806013829922115e+01, -1.811350220960517e+01,  2.813712189108930e+00
s247        , -1.662499542985015e+01, -1.669334582590006e+01,  3.193413844280017e+00
s248        , -2.087245838906029e+01, -2.054546282332932e+01,  2.163488396196209e+00
s249        , -2.031192930505803e+01, -2.019927262669140e+01,  2.256047914412422e+00
s250        , -1.829082894515480e+01, -1.855027773308888e+01,  2.696933226518695e+00
s251        , -2.316191337748571e+01, -2.291319902011952e+01,  1.530436034325888e+00
s252        , -1.836403387539604e+01, -1.866276199346094e+01,  2.666858749979333e+00
s253        , -1.948978591890307e+01, -2.060521288689171e+01,  2.147513255506400e+00
s254        , -1.974328758235917e+01, -2.062358975239177e+01,  2.142599904887208e+00
s255        , -2.045692599174058e+01, -2.057320638731999e+01,  2.156070708053922e+00
s256        , -1.776850461240055e+01, -1.792874179733763e+01,  2.863110857560534e+00
s257        , -2.163660994039700e+01, -2.133048106538624e+01,  1.953601140631541e+00
s258        , -1.860059101905129e+01, -1.908257060574170e+01,  2.554616164045092e+00
s259        , -2.094542362420654e+01, -2.120408656235308e+01,  1.987394744319754e+00
s260        , -1.742875942837962e+01, -1.765965574717621e+01,  2.935055341845553e+00
s261        , -2.065616574581777e+01, -2.072170425499686e+01,  2.116367414252448e+00
s262        , -2.014040040752147e+01, -1.947452396757583e+01,  2.449821127423832e+00
s263        , -1.686996628366655e+01, -1.606746962612065e+01,  3.360751914731403e+00
s264        , -2.074271161967796e+01, -2.017018618924588e+01,  2.263824641375602e+00
s265        , -2.059536695716665e+01, -2.055255643367115e+01,  2.161591805356752e+00
s266        , -2.198651133619990e+01, -2.167381636158090e+01,  1.861804925975482e+00
s267        , -1.899333543245141e+01, -1.925168128288415e+01,  2.509401704035719e+00
s268        , -1.857298059991068e+01, -1.828911302315743e+01,  2.766759813063014e+00
s269        , -2.106917022960664e+01, -2.123847394337739e+01,  1.978200724814760e+00
s270        , -1.920756052964929e+01, -2.034076703425461e+01,  2.218217108336660e+00
s271        , -1.965184309682283e+01, -2.003854238968184e+01,  2.299021728936527e+00
s272        , -2.112049940018463e+01, -2.101519032122759e+01,  2.037899193149412e+00
s273        , -1.945398506004425e+01, -1.921730423445441e+01,  2.518592960955336e+00
s274        , -2.135203005648119e+01, -2.186895609002162e+01,  1.809631180373417e+00
s275        , -2.088724638081418e+01, -2.084962855736022e+01,  2.082164794103496e+00
s276        , -1.839432489855567e+01, -1.895433457423530e+01,  2.588902129995208e+00
s277        , -2.199306195501885e+01, -1.969623040628412e+01,  2.390544344454344e+00
s278        , -2.276883612887764e+01, -2.218381175409372e+01,  1.725449453515798e+00
s279        , -2.262380984036664e+01, -2.245260396091019e+01,  1.653583532976096e+00
s280        , -1.620731240668889e+01, -1.578997673792342e+01,  3.434944102405694e+00
s281        , -2.072632910940930e+01, -1.976784564216319e+01,  2.371396859071214e+00
s282        , -1.840721485531197e+01, -1.855268559819424e+01,  2.696289445047568e+00
s283        , -1.945843055355910e+01, -2.014737938642348e+01,  2.269922407002111e+00
s284        , -2.290375248734285e+01, -2.296297361947237e+01,  1.517127994467315e+00
s285        , -2.162506652538119e+01, -2.124269370017013e+01,  1.977072504953196e+00
s286        , -2.308167299949378e+01, -2.317209458703245e+01,  1.461216139671168e+00
s287        , -1.888746545864790e+01, -1.833558285845892e+01,  2.754335355037150e+00
s288        , -2.031934863671701e+01, -2.066461239669548e+01,  2.131631841003303e+00
s289        , -2.410980627565496e+01, -2.330760300085901e+01,  1.424985785317294e+00
s290        , -2.087284446952964e+01, -2.096042285884195e+01,  2.052542155259750e+00
s291        , -2.204275686911580e+01, -2.071298856282681e+01,  2.118697694763032e+00
s292        , -1.820983264392220e+01, -1.775697094465085e+01,  2.909036558295800e+00
s293        , -1.668568749246811e+01, -1.615927875906520e+01,  3.336205266109568e+00
s294        , -2.280852590517532e+01, -2.295738360932326e+01,  1.518622573606907e+00
s295        , -1.673628435422914e+01, -1.707589230838594e+01,  3.091133888180531e+00
s296        , -2.103716924286631e+01, -2.043377807458797e+01,  2.193349110439397e+00
s297        , -2.124288787488653e+01, -2.094222052664073e+01,  2.057408841593789e+00
s298        , -2.177880180045448e+01, -2.171191856253967e+01,  1.851617689600878e+00
s299        , -1.893486515270964e+01, -1.967987308562405e+01,  2.394917737272244e+00
s300        , -1.774017522269403e+01, -1.695644284227082e+01,  3.123070624524229e+00
s301        , -2.283171483494903e+01, -2.273065148471814e+01,  1.579243054548882e+00
s302        , -1.721456897049112e+01, -1.754658817454076e+01,  2.965285776302251e+00
s303        , -2.130552121943375e+01, -2.050926583357160e+01,  2.173166243707171e+00
s304        , -2.313677054561944e+01, -2.248313510406586e+01,  1.645420540700395e+00
s305        , -1.858159986173835e+01, -1.910274463951392e+01,  2.549222311577376e+00
s306        , -2.163460095493751e+01, -2.156970462664317e+01,  1.889640873151563e+00
s307        , -1.987289536762319e+01, -2.071902755801741e+01,  2.117083072249800e+00
s308        , -2.028550026196297e+01, -1.872742481885296e+01,  2.649570103383011e+00
s309        , -2.129242792516701e+01, -2.138705122746802e+01,  1.938476197757498e+00
s310        , -1.894855963686166e+01, -1.941320895415252e+01,  2.466214682634232e+00
s311        , -2.010039836844276e+01, -2.046477517138398e+01,  2.185061537962178e+00
s312        , -1.830057188159682e+01, -1.904263723300326e+01,  2.565292993652962e+00
s313        , -1.990312271450173e+01, -1.960075660081611e+01,  2.416070802228738e+00
s314        , -1.980645538479249e+01, -2.011480867565272e+01,  2.278630710490134e+00
s315        , -1.914671781515828e+01, -1.994442025224261e+01,  2.324186796519210e+00
s316        , -2.257620253811652e+01, -2.222272580483585e+01,  1.715045156041425e+00
s317        , -1.647333233405121e+01, -1.547591165703558e+01,  3.518914454130931e+00
s318        , -2.027102701488289e+01, -2.020672098502243e+01,  2.254056475991238e+00
s319        , -1.996146248057647e+01, -2.016682767055959e+01,  2.264722595374710e+00
s320        , -2.548773082504399e+01, -2.348785090886823e+01,  1.376793607471591e+00
s321        , -1.727661852750149e+01, -1.754886383609018e+01,  2.964677341578556e+00
s322        , -2.011073789818953e+01, -2.088264801665221e+01,  2.073336510479327e+00
s323        , -2.178223238748198e+01, -2.130044087860146e+01,  1.961632867823495e+00
s324        , -1.879130547869734e+01, -1.947497669266007e+01,  2.449700084089595e+00
s325        , -2.032679436678044e+01, -2.019547665996449e+01,  2.257062827182394e+00
s326        , -2.071891083121713e+01, -2.040670420025906e+01,  2.200587746277348e+00
s327        , -1.834375983430116e+01, -1.954310438701361e+01,  2.431485049037228e+00
s328        , -2.099505369246730e+01, -2.121931739692259e+01,  1.983322535679892e+00
s329        , -2.140321290954873e+01, -2.089383169368584e+01,  2.070346374513111e+00
s330        , -2.114112529442132e+01, -2.167663842573299e+01,  1.861050401726009e+00
s331        , -1.934637322166436e+01, -2.026259247571034e+01,  2.239118334153838e+00
s332        , -1.962462779654497e+01, -2.044752102226248e+01,  2.189674712296477e+00
s333        , -2.293624249800790e+01, -2.269845204860490e+01,  1.587852091784538e+00
s334        , -1.807355423930957e+01, -1.828174550266082e+01,  2.768729638188730e+00
s335        , -1.850164643907080e+01, -1.861175748578307e+01,  2.680495625614078e+00
s336        , -2.151296308555482e+01, -2.124777625493105e+01,  1.975713602175049e+00
s337        , -1.775953587894473e+01, -1.442043485514213e+01,  3.801113156521753e+00
s338        , -2.118082550420247e+01, -2.124290493887270e+01,  1.977016026887876e+00
s339        , -1.761381998690202e+01, -1.845300809724611e+01,  2.722939828433221e+00
s340        , -1.906967392812366e+01, -1.934706754087658e+01,  2.483898653487292e+00
s341        , -2.371082699534004e+01, -2.316238103695053e+01,  1.463813213546983e+00
s342        , -1.901967676945428e+01, -1.939176218719400e+01,  2.471948820793700e+00
s343        , -1.943128604912865e+01, -1.886081688716143e+01,  2.613905588048944e+00
s344        , -2.171448714042025e+01, -2.225070759218944e+01,  1.707563775050773e+00
s345        , -1.896311499883081e+01, -1.900089847761951e+01,  2.576452521354161e+00
s346        , -2.211462969107367e+01, -2.181520966644094e+01,  1.824001151333847e+00
s347        , -1.640817037109120e+01, -1.664789029223316e+01,  3.205567112446848e+00
s348        , -2.058778590237884e+01, -2.086785652806757e+01,  2.077291252902396e+00
s349        , -1.918353701640313e+01, -1.961916713320409e+01,  2.411148450225462e+00
s350        , -2.047073332015930e+01, -2.100532031485047e+01,  2.040538098132655e+00
s351        , -2.167714580870165e+01, -2.183947246466060e+01,  1.817514101915352e+00
s352        , -2.086238589025425e+01, -2.103563050353434e+01,  2.032434181589471e+00
s353        , -1.920058764071421e+01, -2.012222456595426e+01,  2.276647952918947e+00
s354        , -2.053223705409261e+01, -2.038365711477874e+01,  2.206749755337867e+00
s355        , -1.704257081119439e+01, -1.776409661295652e+01,  2.907131396243997e+00
s356        , -2.127143545968418e+01, -2.148488371492089e+01,  1.912319108410446e+00
s357        , -1.906625211198675e+01, -1.983633650520868e+01,  2.353084725026779e+00
s358        , -2.032987192881253e+01, -2.014487024729350e+01,  2.270593265712915e+00
s359        , -2.136102912880764e+01, -2.155397709245320e+01,  1.893845882425339e+00
s360        , -1.881386071055488e+01, -1.823507165200643e+01,  2.781208643001173e+00
s361        , -2.182643688719446e+01, -2.109591346951210e+01,  2.016316560866139e+00
s362        , -2.091897008712596e+01, -2.112191849920875e+01,  2.009363697835076e+00
s363        , -1.798497754334610e+01, -1.885641663604893e+01,  2.615082065970501e+00
s364        , -1.789393844733154e+01, -1.800175380190076e+01,  2.843589923599971e+00
s365        , -2.184332997178521e+01, -2.122745797625034e+01,  1.981146020839510e+00
s366        , -2.293131491804218e+01, -2.222426041877878e+01,  1.714634852316521e+00
s367        , -2.320311495695380e+01, -2.225751176808404e+01,  1.705744569166903e+00
s368        , -1.944159222026194e+01, -2.031345030899566e+01,  2.225520674277486e+00
s369        , -2.221834550731525e+01, -2.238588332169557e+01,  1.671422369201842e+00
s370        , -1.739352775780219e+01, -1.797638611676204e+01,  2.850372382310541e+00
s371        , -2.131349702655302e+01, -2.094322880363865e+01,  2.057139262518291e+00
s372        , -2.230067528571091e+01, -2.160681271486078e+01,  1.879719428810552e+00
s373        , -1.609460498694387e+01, -1.495205803257742e+01,  3.658975147837912e+00
s374        , -1.846307154319872e+01, -1.876990851255145e+01,  2.638211404439580e+00
s375        , -2.092466765927065e+01, -2.125127154269954e+01,  1.974779080761617e+00
s376        , -2.335896110191541e+01, -2.332190805838869e+01,  1.421161098061960e+00
s377        , -2.209438728501526e+01, -2.204028242387369e+01,  1.763824328899563e+00
s378        , -2.111108779470583e+01, -2.160812743978055e+01,  1.879367915953334e+00
s379        , -1.875225846070942e+01, -1.862474620579987e+01,  2.677022882368671e+00
s380        , -1.834869608623442e+01, -1.892618038722294e+01,  2.596429604808016e+00
s381        , -2.068155326614140e+01, -2.040250138639745e+01,  2.201711436173712e+00
s382        , -1.804666933121612e+01, -1.858772502881539e+01,  2.686921089593366e+00
s383        , -2.062194236740874e+01, -2.121917256668806e+01,  1.983361258372972e+00
s384        , -1.800916137079852e+01, -1.910898690542996e+01,  2.547553341365691e+00
s385        , -2.216424509641620e+01, -2.215858454639516e+01,  1.732194353322886e+00
s386        , -2.182057698940036e+01, -2.178014578151461e+01,  1.833376045039934e+00
s387        , -1.799817167842237e+01, -1.760351347136069e+01,  2.950065882442928e+00
s388        , -2.351217009702901e+01, -2.312475864848196e+01,  1.473872164333611e+00
s389        , -2.149803565649794e+01, -2.211582397540575e+01,  1.743627079864158e+00
s390        , -2.025125341850577e+01, -2.004184204474233e+01,  2.298139513074714e+00
s391        , -1.925641978436478e+01, -1.958054963893530e+01,  2.421473458555997e+00
s392        , -1.954014294555121e+01, -2.064873103695695e+01,  2.135877978012069e+00
s393        , -2.007195889273447e+01, -2.063499787266679e+01,  2.139549760409798e+00
s394        , -1.933645012315517e+01, -1.922434261579725e+01,  2.516711136477225e+00
s395        , -2.191328817199827e+01, -2.105338668451011e+01,  2.027686780962769e+00
s396        , -1.985518647713905e+01, -1.913005305769147e+01,  2.541920966668396e+00
s397        , -1.859895904181181e+01, -1.885541119580208e+01,  2.615350886594966e+00
s398        , -2.089338265909714e+01, -2.117042226425819e+01,  1.996395435971372e+00
s399        , -1.650074457052408e+01, -1.634916700599742e+01,  3.285435588569131e+00
s400        , -1.659170957499870e+01, -1.617424857447816e+01,  3.332202845140209e+00
s401        , -1.654426837808786e+01, -1.663054922616625e+01,  3.210203525424735e+00
s402        , -1.877939202276407e+01, -1.928928924422623e+01,  2.499346610573447e+00
s403        , -2.106694758002669e+01, -2.091920537549790e+01,  2.063562312495458e+00
s404        , -2.165676773412189e+01, -2.211674075531943e+01,  1.743381964006039e+00
s405        , -2.212611753855641e+01, -2.184258647902550e+01,  1.816681520079895e+00
s406        , -1.885653015374473e+01, -1.945067475339342e+01,  2.456197598496663e+00
s407        , -1.790225292709843e+01, -1.776006897265401e+01,  2.908208250671328e+00
s408        , -1.653237145459570e+01, -1.677424035661086e+01,  3.171785390148056e+00
s409        , -1.984138826084547e+01, -2.065005467570679e+01,  2.135524081898988e+00
s410        , -1.632163885458830e+01, -1.626177340032662e+01,  3.308801674941957e+00
s411        , -1.826950002229553e+01, -1.871197622500274e+01,  2.653700533469655e+00
s412        , -2.254085603631221e+01, -2.228306513806585e+01,  1.698912464626429e+00
s413        , -1.907038707751166e+01, -2.009348023381899e+01,  2.284333212524002e+00
s414        , -1.996831080241482e+01, -2.053731707136195e+01,  2.165666294025006e+00
s415        , -2.069762370804266e+01, -2.035894191097228e+01,  2.213357762667820e+00
s416        , -1.735494379178349e+01, -1.809898695622910e+01,  2.817593075605205e+00
s417        , -1.714858900796163e+01, -1.657055763116861e+01,  3.226243243429260e+00
s418        , -2.014294405560549e+01, -2.051216488524673e+01,  2.172391135604919e+00
s419        , -1.771416578387462e+01, -1.803420363629612e+01,  2.834913938355446e+00
s420        , -2.335906844703241e+01, -2.291600238284995e+01,  1.529686510202346e+00
s421        , -2.045819521600993e+01, -2.016550808967771e+01,  2.265075406551516e+00
s422        , -1.913624718404630e+01, -1.934974083109418e+01,  2.483183906342524e+00
s423        , -2.001718266940652e+01, -2.045544057214255e+01,  2.187557293234622e+00
s424        , -2.199980092896302e+01, -2.149845294441049e+01,  1.908691156618859e+00
s425        , -1.799669141475633e+01, -1.897940039077847e+01,  2.582200380709803e+00
s426        , -2.179879403652462e+01, -2.117846004696846e+01,  1.994246405460357e+00
s427        , -1.855895626610580e+01, -1.971487797310696e+01,  2.385558617481745e+00
s428        , -2.201089453299450e+01, -2.224207521790408e+01,  1.709871779184555e+00
s429        , -2.010895188317044e+01, -2.055518881058725e+01,  2.160887997041311e+00
s430        , -2.197039083997888e+01, -2.135712835391853e+01,  1.946476559368782e+00
s431        , -2.053790779896415e+01, -2.076885875626274e+01,  2.103759899766816e+00
s432        , -2.056150222449639e+01, -2.021307203684383e+01,  2.252358420117720e+00
s433        , -1.961788415450921e+01, -1.977818281906187e+01,  2.368633048533684e+00
s434        , -2.169585176655818e+01, -2.129762553190779e+01,  1.962385596052394e+00
s435        , -1.969212203292086e+01, -2.010603624330877e+01,  2.280976161398988e+00
s436        , -1.841763911968392e+01, -1.840871586083836e+01,  2.734782070363912e+00
s437        , -2.085473352476042e+01, -2.025088853845158e+01,  2.242247570060643e+00
s438        , -2.075193174001312e+01, -2.121216668727845e+01,  1.985234392936375e+00
s439        , -1.747889033992054e+01, -1.758249319968213e+01,  2.955685990228290e+00
s440        , -2.292628299240021e+01, -2.229448492852123e+01,  1.695859199938563e+00
s441        , -1.928590410708185e+01, -1.944532075427210e+01,  2.457629076291275e+00
s442        , -2.265396374356312e+01, -2.205162155989737e+01,  1.760792628471497e+00
s443        , -1.939450551490213e+01, -1.957069623165149e+01,  2.424107925504614e+00
s444        , -2.014197468633274e+01, -2.043824499882260e+01,  2.192154806386073e+00
s445        , -2.136890748153691e+01, -2.152261460644146e+01,  1.902231147587382e+00
s446        , -1.984877428373165e+01, -2.010594890937154e+01,  2.280999511532042e+00
s447        , -2.124129540469972e+01, -2.118477996151379e+01,  1.992556674638498e+00
s448        , -1.996883442559681e+01, -2.036935235235518e+01,  2.210574363691832e+00
s449        , -2.213132573342666e+01, -2.194793212270686e+01,  1.788515667551375e+00
s450        , -2.393776981346641e+01, -2.244129259961420e+01,  1.656607807383905e+00
s451        , -1.778758837631850e+01, -1.833669984933628e+01,  2.754036709557110e+00
s452        , -2.093231028730361e+01, -2.119100707658725e+01,  1.990891755248309e+00
s453        , -1.913112365245808e+01, -1.980242467494359e+01,  2.362151598386134e+00
s454        , -1.694745233262931e+01, -1.747639987579306e+01,  2.984051747088238e+00
s455        , -1.959305905778561e+01, -1.973101157659202e+01,  2.381245039049507e+00
s456        , -1.690137029519855e+01, -1.707822513298982e+01,  3.090510169994645e+00
s457        , -1.744399185749123e+01, -1.709724022987795e+01,  3.085426177946652e+00
s458        , -2.020627098912283e+01, -2.026793986791218e+01,  2.237688622825434e+00
s459        , -1.884232545378780e+01, -1.905319848754842e+01,  2.562469272351919e+00
s460        , -2.233016805188693e+01, -2.207541603173830e+01,  1.754430793644300e+00
s461        , -1.623645396367353e+01, -1.563914849563697e+01,  3.475270459347668e+00
s462        , -2.313545884021418e+01, -2.214168890897938e+01,  1.736711673785303e+00
s463        , -2.090493117250811e+01, -2.066305777937646e+01,  2.132047492952597e+00
s464        , -1.633431188033305e+01, -1.605265440875819e+01,  3.364713001424946e+00
s465        , -1.999082968954132e+01, -2.039506640572668e+01,  2.203699297862220e+00
s466        , -1.900684695054017e+01, -1.810200922515626e+01,  2.816785023388437e+00
s467        , -1.783078222536251e+01, -1.839343902205256e+01,  2.738866578971065e+00
s468        , -1.945030486126850e+01, -1.866377947469601e+01,  2.666586710002965e+00
s469        , -2.270314762369042e+01, -2.225413090753736e+01,  1.706648496621798e+00
s470        , -2.119907484802825e+01, -2.125583038597883e+01,  1.973560200673005e+00
s471        , -1.972012875359749e+01, -2.025555007947795e+01,  2.241001232077258e+00
s472        , -1.766462305551830e+01, -1.757381131697494e+01,  2.958007231235089e+00
s473        , -2.127822401317911e+01, -2.126862919127492e+01,  1.970138234183330e+00
s474        , -1.654177405306909e+01, -1.658075278496142e+01,  3.223517405053804e+00
s475        , -2.297159509003216e+01, -2.307940361362364e+01,  1.485998562527250e+00
s476        , -2.252587602064435e+01, -2.221504018915362e+01,  1.717100029032198e+00
s477        , -2.178946083596680e+01, -2.094056822331863e+01,  2.057850611467478e+00
s478        , -1.788602657411998e+01, -1.773452555094267e+01,  2.915037695381653e+00
s479        , -1.952938513246325e+01, -1.931945053219074e+01,  2.491282505032943e+00
s480        , -2.203955610850313e+01, -2.177493848086029e+01,  1.834768300639463e+00
s481        , -1.615402914764109e+01, -1.731602982773820e+01,  3.026929259300966e+00
s482        , -2.215324565636576e+01, -2.194109880686078e+01,  1.790342664470049e+00
s483        , -2.217560840271064e+01, -2.181894423581466e+01,  1.823002654133945e+00
s484        , -2.403070638423247e+01, -2.323431111275350e+01,  1.444581550645386e+00
s485        , -1.896886917982663e+01, -1.976392357576282e+01,  2.372445486617448e+00
s486        , -2.293847835350512e+01, -2.268330960868028e+01,  1.591900666694090e+00
s487        , -1.935879902533930e+01, -1.951067544131871e+01,  2.440155449351653e+00
s488        , -2.071941340396909e+01, -2.037102955658796e+01,  2.210125936159094e+00
s489        , -2.120929532988995e+01, -2.120168238399887e+01,  1.988037540078655e+00
s490        , -2.336106814107168e+01, -2.253134489977779e+01,  1.632530876268141e+00
s491        , -1.878377211600346e+01, -1.893556585101273e+01,  2.593920250080310e+00
s492        , -2.196689093989351e+01, -2.206724683671186e+01,  1.756614959352065e+00
s493        , -2.118321097196467e+01, -2.058493835522777e+01,  2.152933977702174e+00
s494        , -2.014379663919148e+01, -2.084194470189099e+01,  2.084219196473008e+00
s495        , -1.971897958689983e+01, -2.010844313278162e+01,  2.280332640778907e+00
s496        , -2.171934681583978e+01, -2.162918485737165e+01,  1.873737876610689e+00
s497        , -1.930074135275753e+01, -1.941534890753987e+01,  2.465642531670797e+00
s498        , -2.146882601091719e+01, -2.192872735417587e+01,  1.793650371364325e+00
s499        , -1.852368794388046e+01, -1.860452253656929e+01,  2.682430005674660e+00
s500        , -2.050589701281523e+01, -2.098147545297641e+01,  2.046913405545831e+00
s501        , -2.141899489528082e+01, -2.136863635085394e+01,  1.943399711259508e+00
s502        , -1.777920620854658e+01, -1.801862580128117e+01,  2.839078923146574e+00
s503        , -2.264989988763092e+01, -2.227376144991668e+01,  1.701399955321095e+00
s504        , -1.994570445298742e+01, -2.064079179862205e+01,  2.138000661099051e+00
s505        , -2.256898602446125e+01, -2.222273825661033e+01,  1.715041826859205e+00
s506        , -2.050664132584332e+01, -2.049725489008989e+01,  2.176377562666476e+00
s507        , -2.255451727781655e+01, -2.160673307624737e+01,  1.879740721474988e+00
s508        , -2.063695726234980e+01, -2.090736930747154e+01,  2.066726875688561e+00
s509        , -2.049565878814769e+01, -2.067388738233947e+01,  2.129152024385133e+00
s510        , -1.886667658587990e+01, -1.876264030314414e+01,  2.640154677147959e+00
s511        , -2.270091090950000e+01, -2.268576226726204e+01,  1.591244908966454e+00
s512        , -2.052865138648571e+01, -2.108243453625970e+01,  2.019920370506120e+00
s513        , -1.872228566034903e+01, -1.926254662935794e+01,  2.506496678865642e+00
s514        , -2.338235400416073e+01, -2.270674897739636e+01,  1.585633774399847e+00
s515        , -2.063189590001077e+01, -2.113960129738787e+01,  2.004635917279564e+00
s516        , -2.353360034901451e+01, -2.284706213206431e+01,  1.548118795288390e+00
s517        , -2.274108402549141e+01, -2.220980163816672e+01,  1.718500639910866e+00
s518        , -2.095244706423326e+01, -2.159355742609609e+01,  1.883263443498986e+00
s519        , -2.165153402286209e+01, -2.111554861860584e+01,  2.011066787886230e+00
s520        , -1.917430642162448e+01, -2.031590017940711e+01,  2.224865662012038e+00
s521        , -2.048146586988528e+01, -1.978627295624810e+01,  2.366470020211297e+00
s522        , -1.837039701152461e+01, -1.948369685332334e+01,  2.447368608855463e+00
s523        , -2.237538522976599e+01, -2.178551202967778e+01,  1.831941292266934e+00
s524        , -2.219430447580721e+01, -2.175060677164863e+01,  1.841273774520237e+00
s525        , -2.096151325596525e+01, -2.079024126670130e+01,  2.098042941621650e+00
s526        , -2.193172581512368e+01, -2.157102933511054e+01,  1.889286691032290e+00
s527        , -2.063376120076111e+01, -2.031682488337653e+01,  2.224618427530146e+00
s528        , -1.776721144005281e+01, -1.789397961817670e+01,  2.872405085376716e+00
s529        , -2.226349149791107e+01, -2.244157164046437e+01,  1.656533201323694e+00
s530        , -2.300566448791293e+01, -2.256110435651371e+01,  1.624574206770843e+00
s531        , -1.846679125419261e+01, -1.765760124577559e+01,  2.935604645845674e+00
s532        , -1.859817726729017e+01, -1.981334155981430e+01,  2.359232793596547e+00
s533        , -2.134099683522431e+01, -2.221338373062560e+01,  1.717542909867035e+00
s534        , -2.286936511308830e+01, -2.263021749367066e+01,  1.606095697732213e+00
s535        , -1.777040539985326e+01, -1.823868301932576e+01,  2.780243085852460e+00
s536        , -1.995222678224889e+01, -2.025001364672291e+01,  2.242481486438644e+00
s537        , -2.015268820600640e+01, -2.097445852099683e+01,  2.048789495191618e+00
s538        , -1.740140208992538e+01, -1.796453285393719e+01,  2.853541542809634e+00
s539        , -1.924950405987826e+01, -2.033912002702584e+01,  2.218657462214598e+00
s540        , -2.157643164881004e+01, -2.133854720190420e+01,  1.951444529273914e+00
s541        , -1.586673793577160e+01, -1.524141986977945e+01,  3.581609605711973e+00
s542        , -2.009907109345192e+01, -2.061526686938512e+01,  2.144825161548856e+00
s543        , -1.879069098033760e+01, -1.893120030966816e+01,  2.595087447787034e+00
s544        , -2.248614661420541e+01, -2.152200417155854e+01,  1.902394357173367e+00
s545        , -1.987972862262733e+01, -2.039538078867311e+01,  2.203615242524029e+00
s546        , -2.126472237694319e+01, -2.087461008307539e+01,  2.075485581326940e+00
s547        , -1.738356621674509e+01, -1.754899454564713e+01,  2.964642394275786e+00
s548        , -1.943625792183643e+01, -2.017073147421240e+01,  2.263678850667831e+00
s549        , -2.233202963006129e+01, -2.237202618381885e+01,  1.675127297932294e+00
s550        , -2.412763530103872e+01, -2.304739827274045e+01,  1.494555705280754e+00
s551        , -1.731823103856605e+01, -1.716271605267415e+01,  3.067920163415674e+00
s552        , -2.060923402045430e+01, -2.116417751799783e+01,  1.998065069343010e+00
s553        , -1.992869680942914e+01, -2.007784191184009e+01,  2.288514369477995e+00
s554        , -1.812921854031919e+01, -1.761704009752836e+01,  2.946449321334814e+00
s555        , -2.102602816640752e+01, -2.041444130272142e+01,  2.198519107467640e+00
s556        , -1.941820686683750e+01, -1.951810095263239e+01,  2.438170119448097e+00
s557        , -2.190718211184164e+01, -2.142680809098761e+01,  1.927846560728780e+00
s558        , -1.909304407213536e+01, -1.918897040209063e+01,  2.526168466842794e+00
s559        , -2.023025085829861e+01, -2.072733646968440e+01,  2.114861551050567e+00
s560        , -2.107002513254548e+01, -2.135469471055071e+01,  1.947127233073073e+00
s561        , -2.121559386756793e+01, -2.106220263732946e+01,  2.025329694154706e+00
s562        , -1.764234380631898e+01, -1.833940073465517e+01,  2.753314584418092e+00
s563        , -1.646928563220792e+01, -1.709396079038984e+01,  3.086302988849986e+00
s564        , -1.863449571719480e+01, -1.876837737266908e+01,  2.638620779318504e+00
s565        , -2.028655126138008e+01, -2.072326212292039e+01,  2.115950893201747e+00
s566        , -1.821002786093300e+01, -1.836828075118671e+01,  2.745593047406948e+00
s567        , -2.066943738863287e+01, -2.109067548140862e+01,  2.017717021248869e+00
s568        , -2.062629415098700e+01, -2.096200156490580e+01,  2.052120062797009e+00
s569        , -2.065075063553067e+01, -2.132696216858547e+01,  1.954541974299549e+00
s570        , -2.031634942577389e+01, -2.094580438568375e+01,  2.056450639225271e+00
s571        , -2.047206271335130e+01, -2.055280126256265e+01,  2.161526346414059e+00
s572        , -2.393038589894997e+01, -2.318296312492621e+01,  1.458310261223624e+00
s573        , -1.926109501090367e+01, -1.961218998533444e+01,  2.413013902949455e+00
s574        , -2.085894290369713e+01, -2.126036264421619e+01,  1.972348428523028e+00
s575        , -2.021973442813006e+01, -2.113277143017319e+01,  2.006461992151155e+00
s576        , -1.844714179521902e+01, -1.872122691216044e+01,  2.651227213442683e+00
s577        , -1.949977509463960e+01, -1.950376422017506e+01,  2.442003275504890e+00
s578        , -2.108198153892643e+01, -2.066469903330076e+01,  2.131608677313162e+00
s579        , -2.029210259566103e+01, -2.076714272699006e+01,  2.104218707798549e+00
s580        , -2.195204710511243e+01, -2.260922241813166e+01,  1.611709068924338e+00
s581        , -2.000078291173359e+01, -2.041456380309011e+01,  2.198486355023411e+00
s582        , -2.354247422413414e+01, -2.263242419653042e+01,  1.605505700223535e+00
s583        , -1.881717670098672e+01, -1.985759358791286e+01,  2.347401302004147e+00
s584        , -2.079214981383572e+01, -2.076489173336936e+01,  2.104820547154669e+00
s585        , -2.214462266832296e+01, -2.207490692599543e+01,  1.754566911254615e+00
s586        , -1.671124709479596e+01, -1.638459933327029e+01,  3.275962185874582e+00
s587        , -1.722924462132460e+01, -1.649541408677980e+01,  3.246334078852199e+00
s588        , -2.306180681354529e+01, -2.245506209077427e+01,  1.652926312413117e+00
s589        , -2.054966159202169e+01, -2.088431959456603e+01,  2.072889587233472e+00
s590        , -2.302597507766974e+01, -2.247057487818414e+01,  1.648778719145623e+00
s591        , -2.031576031139625e+01, -2.066764476079743e+01,  2.130821089679152e+00
s592        , -1.675983730084032e+01, -1.586097055013769e+01,  3.415962764636165e+00
s593        , -1.833051427645905e+01, -1.881420055838032e+01,  2.626369213463218e+00
s594        , -1.700453572465554e+01, -1.688636489149549e+01,  3.141807092004642e+00
s595        , -2.121342929627275e+01, -2.070719375386906e+01,  2.120247030158699e+00
s596        , -1.895402289388661e+01, -1.871940888754754e+01,  2.651713291569417e+00
s597        , -2.389559541191659e+01, -2.322419749325444e+01,  1.447285589515769e+00
s598        , -1.923753651242740e+01, -1.941890292806914e+01,  2.464692307108938e+00
s599        , -2.358158831573873e+01, -2.259112258071665e+01,  1.616548351628454e+00
s600        , -1.942143232536245e+01, -1.924352707183883e+01,  2.511581863535084e+00
s601        , -2.073803555561576e+01, -2.083156675963466e+01,  2.086993906284696e+00
s602        , -1.821856306700227e+01, -1.772000662980576e+01,  2.918919562512793e+00
s603        , -1.722454836479658e+01, -1.746345981827617e+01,  2.987511479631463e+00
s604        , -1.805154515236764e+01, -1.795044839922813e+01,  2.857307248352048e+00
s605        , -2.021935755598555e+01, -1.966433967333095e+01,  2.399070844934061e+00
s606        , -1.827906736534894e+01, -1.927000295473529e+01,  2.504503110326461e+00
s607        , -2.237721630921111e+01, -2.224340394182126e+01,  1.709516523470179e+00
s608        , -2.098562136420296e+01, -2.112345392336179e+01,  2.008953177487467e+00
s609        , -1.946776205882490e+01, -1.984007582068784e+01,  2.352084958879237e+00
s610        , -2.069261977150295e+01, -2.035599171051437e+01,  2.214146546219976e+00
s611        , -2.170289912291919e+01, -2.143389059775958e+01,  1.925952938607350e+00
s612        , -1.930046031145336e+01, -1.896682024677059e+01,  2.585563884586483e+00
s613        , -2.385958137896088e+01, -2.317897018112943e+01,  1.459377838981990e+00
s614        , -1.933674081040147e+01, -1.982632357551168e+01,  2.355761842858791e+00
s615        , -1.973716697922491e+01, -2.000282528103784e+01,  2.308571272511913e+00
s616        , -1.815004309366292e+01, -1.790945026384964e+01,  2.868268759380522e+00
s617        , -1.832352306169715e+01, -1.774308291388183e+01,  2.912749746737982e+00
s618        , -1.700993990522181e+01, -1.674258770283727e+01,  3.180248236329145e+00
s619        , -2.331208521979489e+01, -2.252188358206174e+01,  1.635060511763291e+00
s620        , -2.294394567846179e+01, -2.263514646114074e+01,  1.604777858987025e+00
s621        , -2.117716243218820e+01, -2.164974525881551e+01,  1.868240722530483e+00
s622        , -2.002792552777272e+01, -1.940700087978272e+01,  2.467874511185990e+00
s623        , -1.988853831837967e+01, -2.015586298215782e+01,  2.267654181207339e+00
s624        , -2.364575476956619e+01, -2.261107909109018e+01,  1.611212657540669e+00
s625        , -2.144171537166414e+01, -2.093679450450561e+01,  2.058859575899772e+00
s626        , -2.037069722396305e+01, -2.075015781216852e+01,  2.108759898011596e+00
s627        , -1.998545144661707e+01, -2.043802551002195e+01,  2.192213490247833e+00
s628        , -2.158119065398551e+01, -2.170857541411629e+01,  1.852511534112937e+00
s629        , -1.843917864187274e+01, -1.827687090024998e+01,  2.770032941560762e+00
s630        , -1.962256463480217e+01, -2.013881417580925e+01,  2.272212453847959e+00
s631        , -2.101091990223662e+01, -2.084951186081356e+01,  2.082195994802535e+00
s632        , -2.022844039713042e+01, -1.997347636042765e+01,  2.316418178571722e+00
s633        , -2.473876586737651e+01, -2.335140924398995e+01,  1.413273481507308e+00
s634        , -2.051539403555230e+01, -2.067664273441943e+01,  2.128415336681341e+00
s635        , -2.382235458298951e+01, -2.310699535994175e+01,  1.478621465282007e+00
s636        , -1.910586081968059e+01, -1.963713873331297e+01,  2.406343453828085e+00
s637        , -1.917066616024459e+01, -1.949628965222110e+01,  2.444001721490397e+00
s638        , -2.192001400012589e+01, -2.180338739050444e+01,  1.827162026989855e+00
s639        , -2.010078758798683e+01, -1.983915099603714e+01,  2.352332225627209e+00
s640        , -1.983289623130970e+01, -2.003191062753217e+01,  2.300794837232082e+00
s641        , -2.307886864739055e+01, -2.251940683182425e+01,  1.635722710782646e+00
s642        , -2.260273435105626e+01, -2.235287120666700e+01,  1.680248689219040e+00
s643        , -2.012782689900612e+01, -2.030544554565444e+01,  2.227660876529006e+00
s644        , -1.902512926743999e+01, -1.824698710271905e+01,  2.778022855569873e+00
s645        , -2.049081123370357e+01, -2.081620924294797e+01,  2.091099985426517e+00
s646        , -2.159630341817387e+01, -2.203481760707272e+01,  1.765285435583549e+00
s647        , -2.046804100673445e+01, -2.075276984573053e+01,  2.108061528819134e+00
s648        , -2.112203592795417e+01, -2.198783770249639e+01,  1.777846268835499e+00
s649        , -2.130712394597167e+01, -2.183522953134040e+01,  1.818648518394371e+00
s650        , -1.872664219670308e+01, -1.843012376826422e+01,  2.729058321925628e+00
s651        , -2.286060777226206e+01, -2.300321137933045e+01,  1.506369782066348e+00
s652        , -2.513277458672901e+01, -2.342680955762092e+01,  1.393113994696846e+00
s653        , -2.212366926194319e+01, -2.153297635870612e+01,  1.899460766430416e+00
s654        , -2.219498706816524e+01, -2.225373513265735e+01,  1.706754313402779e+00
s655        , -2.136195741190379e+01, -2.159475278613075e+01,  1.882943844764019e+00
s656        , -2.204727614381470e+01, -2.160621445387325e+01,  1.879879383509763e+00
s657        , -2.036339525797458e+01, -2.049190872981089e+01,  2.177806944620491e+00
s658        , -1.602366185676991e+01, -1.463671742324886e+01,  3.743286532611136e+00
s659        , -1.871169938684588e+01, -1.967337243246784e+01,  2.396655791469251e+00
s660        , -2.183022460938435e+01, -2.130458082499725e+01,  1.960525986555461e+00
s661        , -2.183692812512830e+01, -2.200550665864973e+01,  1.773122189168254e+00
s662        , -1.575332316936146e+01, -1.450698727889373e+01,  3.777971973667081e+00
s663        , -2.161244100467384e+01, -2.176184155952941e+01,  1.838269973246818e+00
s664        , -1.792030659393350e+01, -1.775543488407508e+01,  2.909447248801266e+00
s665        , -2.036353189911458e+01, -2.051212193322387e+01,  2.172402619519199e+00
s666        , -1.896012969757172e+01, -1.874504247705153e+01,  2.644859739049201e+00
s667        , -1.834472710605888e+01, -1.858199678468423e+01,  2.688452627811819e+00
s668        , -2.315183675604283e+01, -2.247869611760751e+01,  1.646607375139795e+00
s669        , -2.168824836514504e+01, -2.119803470136253e+01,  1.989012806711575e+00
s670        , -1.765957516951316e+01, -1.788898266147535e+01,  2.873741102136623e+00
s671        , -1.925271531654228e+01, -2.006977407887493e+01,  2.290671434408072e+00
s672        , -2.010246672918431e+01, -1.992390380791417e+01,  2.329672197957472e+00
s673        , -2.045224673553428e+01, -2.085181601434205e+01,  2.081579942289888e+00
s674        , -1.961862741224291e+01, -1.983638728371251e+01,  2.353071148576908e+00
s675        , -1.819835804307071e+01, -1.850973691798607e+01,  2.707772465614578e+00
s676        , -2.030955144796039e+01, -2.066870429878734e+01,  2.130537805152812e+00
s677        , -1.708028116046972e+01, -1.735666107460082e+01,  3.016065841819327e+00
s678        , -1.996975063415185e+01, -2.026893895007669e+01,  2.237421502136565e+00
s679        , -2.075675552323975e+01, -2.096007414402517e+01,  2.052635389775774e+00
s680        , -1.844365265503332e+01, -1.898132929202888e+01,  2.581684657930364e+00
s681        , -1.908965101407623e+01, -1.885798240742188e+01,  2.614663431805455e+00
s682        , -2.132701003782740e+01, -2.132525763739991e+01,  1.954997708132722e+00
s683        , -2.134055790648813e+01, -2.064061921589398e+01,  2.138046803867731e+00
s684        , -2.228765611405496e+01, -2.222901037976387e+01,  1.713364873834764e+00
s685        , -2.220524684044785e+01, -2.203783169807596e+01,  1.764479569866295e+00
s686        , -2.092862014660340e+01, -2.116312597712326e+01,  1.998346215711915e+00
s687        , -2.266843571203506e+01, -2.218258030043070e+01,  1.725778702462943e+00
s688        , -1.791243182954496e+01, -1.806286322858763e+01,  2.827251335310825e+00
s689        , -2.022924986754604e+01, -2.049084667691840e+01,  2.178090901546493e+00
s690        , -1.926971843911773e+01, -1.964351420132807e+01,  2.404638869892398e+00
s691        , -1.839442212707931e+01, -1.889164372117019e+01,  2.605663538066906e+00
s692        , -1.811967055159425e+01, -1.862044459381861e+01,  2.678172987531684e+00
s693        , -1.897178714286070e+01, -1.947973805376081e+01,  2.448427057603524e+00
s694        , -2.117746495604092e+01, -2.083509024461064e+01,  2.086051845894234e+00
s695        , -2.262578130233349e+01, -2.281519878860582e+01,  1.556637972746095e+00
s696        , -2.110358706695218e+01, -2.063795303686548e+01,  2.138759649721696e+00
s697        , -2.080079623838923e+01, -2.096387576833148e+01,  2.051618964360935e+00
s698        , -2.284382050270110e+01, -2.273583860851486e+01,  1.577856193556815e+00
s699        , -1.710021253686445e+01, -1.757102401400110e+01,  2.958752461524353e+00
s700        , -1.768315556313765e+01, -1.741030951585332e+01,  3.001722068010573e+00
s701        , -1.903295584190279e+01, -1.929528392838081e+01,  2.497743835328522e+00
s702        , -1.837939645173277e+01, -1.871567202520876e+01,  2.652712401830414e+00
s703        , -2.091048572489854e+01, -2.011923848524228e+01,  2.277446329634231e+00
s704        , -2.101614044515869e+01, -2.121488524891853e+01,  1.984507541748530e+00
s705        , -1.998067347119072e+01, -1.945794138789449e+01,  2.454254746864803e+00
s706        , -2.205053681559340e+01, -2.172240261834099e+01,  1.848814608625894e+00
s707        , -2.095566328486310e+01, -2.106095271287762e+01,  2.025663881564379e+00
s708        , -2.098548818691052e+01, -2.139907093269623e+01,  1.935262536204315e+00
s709        , -2.115794840593145e+01, -2.160878792283064e+01,  1.879191325184734e+00
s710        , -2.144561556804213e+01, -2.123771204334246e+01,  1.978404431045748e+00
s711        , -2.158487030708884e+01, -2.160865238103029e+01,  1.879227564465513e+00
s712        , -1.701606937532507e+01, -1.718338452264205e+01,  3.062394115477073e+00
s713        , -2.069677260469373e+01, -2.095776279826982e+01,  2.053253365245976e+00
s714        , -1.667903695847065e+01, -1.628899077911743e+01,  3.301524670877569e+00
s715        , -1.903979308955687e+01, -1.954499440281468e+01,  2.430979722908221e+00
s716        , -1.775292931769286e+01, -1.754580799912263e+01,  2.965494368750931e+00
s717        , -1.980553907801730e+01, -2.071600330470354e+01,  2.117891655024279e+00
s718        , -2.205506805307129e+01, -2.259087787252629e+01,  1.616613778299757e+00
s719        , -2.211926724507942e+01, -2.214350212348385e+01,  1.736226881718438e+00
s720        , -2.227273745316376e+01, -2.253964454980655e+01,  1.630311831316881e+00
s721        , -1.785735939085095e+01, -1.841743843991411e+01,  2.732449948528299e+00
s722        , -2.185625504194673e+01, -2.144066959495724e+01,  1.924140464653151e+00
s723        , -2.033801839240394e+01, -2.081300916921350e+01,  2.091955576618859e+00
s724        , -2.101306363073858e+01, -2.111548063014071e+01,  2.011084965696108e+00
s725        , -1.977835943733275e+01, -2.039506759492030e+01,  2.203698979912177e+00
s726        , -1.782642809085736e+01, -1.714428794490306e+01,  3.072847214480358e+00
s727        , -2.098840179836340e+01, -2.109171451708835e+01,  2.017439218344975e+00
s728        , -2.135488943619893e+01, -2.120892112950689e+01,  1.986102145017735e+00
s729        , -1.830313789299144e+01, -1.865984658876527e+01,  2.667638230324695e+00
s730        , -1.974102380594271e+01, -1.970133857496948e+01,  2.389178593381447e+00
s731        , -1.858542568590836e+01, -1.790114849990487e+01,  2.870488369521232e+00
s732        , -1.728575125425960e+01, -1.802557539633689e+01,  2.837220837110626e+00
s733        , -2.189672381410002e+01, -2.200790306787635e+01,  1.772481470610598e+00
s734        , -1.907291800543370e+01, -1.956840510078813e+01,  2.424720496198244e+00
s735        , -2.104653345651221e+01, -2.056016042300161e+01,  2.159558756484242e+00
s736        , -1.839280423093862e+01, -1.905840668575801e+01,  2.561076776776551e+00
s737        , -2.165426899727042e+01, -2.140186250663333e+01,  1.934516164004315e+00
s738        , -1.806822955624155e+01, -1.858122127837745e+01,  2.688659971898471e+00
s739        , -1.955458939471557e+01, -1.989891042119518e+01,  2.336354581964206e+00
s740        , -1.834079412742093e+01, -1.866073110197967e+01,  2.667401741487702e+00
s741        , -2.108323768665554e+01, -2.114150834887669e+01,  2.004126036385381e+00
s742        , -1.784982580383593e+01, -1.832513948194396e+01,  2.757127559750522e+00
s743        , -2.007117762213282e+01, -2.053431830708939e+01,  2.166468061894253e+00
s744        , -2.048858578542649e+01, -2.104170051564780e+01,  2.030811266202944e+00
s745        , -2.120349313282904e+01, -2.110979774095799e+01,  2.012604377539474e+00
s746        , -1.892251493836264e+01, -1.898650067798414e+01,  2.580302004703389e+00
s747        , -2.116880416688591e+01, -2.071725944403947e+01,  2.117555805965365e+00
s748        , -2.167842994358758e+01, -2.116466739965124e+01,  1.997934091602268e+00
s749        , -2.059667445248301e+01, -2.044717329968393e+01,  2.189767681521649e+00
s750        , -2.032384862658092e+01, -2.132222156866028e+01,  1.955809449951353e+00
s751        , -2.236553637276776e+01, -2.172084825789721e+01,  1.849230191895459e+00
s752        , -1.716732359631470e+01, -1.671344127484689e+01,  3.188041002729562e+00
s753        , -2.206691124025960e+01, -2.222937394925700e+01,  1.713267667682050e+00
s754        , -1.859855862913608e+01, -1.948053486680858e+01,  2.448214016816912e+00
s755        , -2.251644582892857e+01, -2.184249989413372e+01,  1.816704669943601e+00
s756        , -2.026279534630465e+01, -2.094313264490288e+01,  2.057164972103201e+00
s757        , -1.901185247831666e+01, -1.987165527139546e+01,  2.343641684715447e+00
s758        , -1.866312886885699e+01, -1.914225798893111e+01,  2.538657781961338e+00
s759        , -2.105033567951521e+01, -2.159864397343528e+01,  1.881903473240810e+00
s760        , -1.976737462921502e+01, -1.960670515998586e+01,  2.414480359240520e+00
s761        , -2.282845273202710e+01, -2.234110576211692e+01,  1.683394370089645e+00
s762        , -1.737428124739802e+01, -1.675875799040805e+01,  3.175924849816459e+00
s763        , -2.048674857080450e+01, -2.052698458431068e+01,  2.168428850656385e+00
s764        , -1.996103637141938e+01, -1.962988690099689e+01,  2.408282347857665e+00
s765        , -1.985538741097363e+01, -2.045677523304798e+01,  2.187200450170929e+00
s766        , -1.902823974868692e+01, -1.931739365316270e+01,  2.491832444730003e+00
s767        , -2.019726225103009e+01, -2.035415341860271e+01,  2.214638043135074e+00
s768        , -2.180287541987858e+01, -2.163181521905143e+01,  1.873034607101099e+00
s769        , -2.332774774981945e+01, -2.291715868208331e+01,  1.529377355000977e+00
s770        , -2.255011500408412e+01, -2.214474434343138e+01,  1.735894754231933e+00
s771        , -1.837836194936116e+01, -1.800215270012631e+01,  2.843483271742314e+00
s772        , -2.036442085092615e+01, -2.082807128807355e+01,  2.087928476838043e+00
s773        , -2.207703951964118e+01, -2.216861951991740e+01,  1.729511341719578e+00
s774        , -2.410464814655394e+01, -2.310225607900826e+01,  1.479888588280159e+00
s775        , -2.145476048405246e+01, -2.079985117729559e+01,  2.095473577430095e+00
s776        , -1.783304251394927e+01, -1.810945050686709e+01,  2.814795477015505e+00
s777        , -1.926023008452307e+01, -2.000255993144940e+01,  2.308642217993048e+00
s778        , -1.976550707196644e+01, -2.017361746110537e+01,  2.262907235645264e+00
s779        , -2.301809423461469e+01, -2.249955238284941e+01,  1.641031117113638e+00
s780        , -1.989864127452180e+01, -2.081277444017070e+01,  2.092018335204526e+00
s781        , -1.803783397921168e+01, -1.750677793588950e+01,  2.975929684031061e+00
s782        , -2.003060740563550e+01, -2.061322516336040e+01,  2.145371044499392e+00
s783        , -2.170310297580588e+01, -2.076150882537538e+01,  2.105725022027538e+00
s784        , -1.828106793020000e+01, -1.964801035323365e+01,  2.403436751351061e+00
s785        , -1.904288077315707e+01, -1.949623074289387e+01,  2.444017471846703e+00
s786        , -2.022975758111321e+01, -2.029299502975365e+01,  2.230989722245930e+00
s787        , -1.858814151939532e+01, -2.008180099086238e+01,  2.287455846011872e+00
s788        , -1.926046054059691e+01, -2.012409436749903e+01,  2.276148031396546e+00
s789        , -2.212378523930028e+01, -2.215796594788408e+01,  1.732359745586190e+00
s790        , -2.174169856486492e+01, -2.157881609599148e+01,  1.887204775245523e+00
s791        , -1.907773631846257e+01, -1.954760229884619e+01,  2.430282459951099e+00
s792        , -2.217884458062024e+01, -2.143199636001736e+01,  1.926459393540244e+00
s793        , -2.046845693654859e+01, -1.969611591049028e+01,  2.390574956746713e+00
s794        , -1.973890233992908e+01, -1.916903126971884e+01,  2.531499514642257e+00
s795        , -2.098054198937622e+01, -2.125339184227688e+01,  1.974212184560458e+00
s796        , -1.872193723420701e+01, -1.914269543600823e+01,  2.538540823448078e+00
s797        , -1.738396768625594e+01, -1.819251325395807e+01,  2.792587315354309e+00
s798        , -1.812351947027918e+01, -1.886542723378868e+01,  2.612672937711725e+00
s799        , -2.115781411801412e+01, -1.931828814207504e+01,  2.491593288729688e+00
s800        , -2.197753832223543e+01, -2.188862303736297e+01,  1.804372905620470e+00
s801        , -2.000340332694237e+01, -2.087485898670726e+01,  2.075419032936859e+00
s802        , -2.346278750692302e+01, -2.267777668540042e+01,  1.593379982740830e+00
s803        , -2.201425716118592e+01, -2.159090948250131e+01,  1.883971413816391e+00
s804        , -1.618324989548500e+01, -1.610294245124147e+01,  3.351267684285717e+00
s805        , -2.141738653455062e+01, -2.077386658085561e+01,  2.102420977301279e+00
s806        , -2.157933013723432e+01, -2.150834724783056e+01,  1.906045755430319e+00
s807        , -1.912040169626662e+01, -2.078709673151154e+01,  2.098883683690619e+00
s808        , -2.304047586711122e+01, -2.216019236098763e+01,  1.731764478226755e+00
s809        , -2.047218776779852e+01, -2.058206562183999e+01,  2.153702049186921e+00
s810        , -2.119146876442327e+01, -2.178537686259813e+01,  1.831977431360105e+00
s811        , -2.180116494254657e+01, -2.196523888516803e+01,  1.783888426194324e+00
s812        , -2.372646511684069e+01, -2.273984561400120e+01,  1.576784856179540e+00
s813        , -2.269928091374550e+01, -2.218824866873061e+01,  1.724263173011193e+00
s814        , -1.832573741415099e+01, -1.957758724104147e+01,  2.422265503288865e+00
s815        , -2.057906464758977e+01, -2.003679084788455e+01,  2.299490031813004e+00
s816        , -1.808215553271357e+01, -1.758272264191100e+01,  2.955624645157376e+00
s817        , -2.152086258044021e+01, -2.175645076081197e+01,  1.839711290005444e+00
s818        , -2.057353864229959e+01, -2.094193482396195e+01,  2.057485228801046e+00
s819        , -2.244567325669163e+01, -2.235812567986663e+01,  1.678843821280660e+00
s820        , -2.103220827040201e+01, -2.109883990981756e+01,  2.015534129972971e+00
s821        , -2.251724700203312e+01, -2.222879556054438e+01,  1.713422309208880e+00
s822        , -1.967652212859418e+01, -2.052790985357509e+01,  2.168181465033784e+00
s823        , -1.898228811729100e+01, -1.955949088298937e+01,  2.427103855729337e+00
s824        , -2.375965705343503e+01, -2.313200439535175e+01,  1.471934897345991e+00
s825        , -2.074394606294202e+01, -2.055970889760729e+01,  2.159679479062082e+00
s826        , -2.229590893513048e+01, -2.201243030753208e+01,  1.771271040259152e+00
s827        , -2.030439908572953e+01, -1.778417656040377e+01,  2.901762699268823e+00
s828        , -2.126632247755481e+01, -2.129034601613431e+01,  1.964331891699654e+00
s829        , -1.836528680868646e+01, -1.736783962748130e+01,  3.013077075877888e+00
s830        , -2.038358031572328e+01, -2.070799839888759e+01,  2.120031895368710e+00
s831        , -2.014217587228185e+01, -2.006156151842119e+01,  2.292867194560444e+00
s832        , -1.638297894992474e+01, -1.716908667638265e+01,  3.066216874683289e+00
s833        , -2.087813803835245e+01, -2.086660619946198e+01,  2.077625548369077e+00
s834        , -2.163260872857058e+01, -2.103495273493569e+01,  2.032615393927553e+00
s835        , -1.845033213930005e+01, -1.838463297360845e+01,  2.741221017685076e+00
s836        , -2.085703068105029e+01, -2.084875966621728e+01,  2.082397106128371e+00
s837        , -1.604298594536770e+01, -1.534717686104024e+01,  3.553333772790763e+00
s838        , -1.819387371328009e+01, -1.752000472862608e+01,  2.972393288214158e+00
s839        , -2.199016371973259e+01, -2.128322517129953e+01,  1.966235764118920e+00
s840        , -1.816847175772266e+01, -1.891817856996881e+01,  2.598569019375756e+00
s841        , -2.076446728280485e+01, -2.078637300734549e+01,  2.099077182988929e+00
s842        , -1.719569444321167e+01, -1.758080440731149e+01,  2.956137516036104e+00
s843        , -1.999816334280537e+01, -2.014833672412317e+01,  2.269666447367455e+00
s844        , -1.581596700213373e+01, -1.543665758963026e+01,  3.529409660530039e+00
s845        , -2.003183538643507e+01, -2.058240836955735e+01,  2.153610410070918e+00
s846        , -2.166933569232110e+01, -2.152488392194363e+01,  1.901624409581508e+00
s847        , -2.001719781047365e+01, -2.032851397724553e+01,  2.221493160242376e+00
s848        , -1.670780899311153e+01, -1.613095796298332e+01,  3.343777286537345e+00
s849        , -2.103364362191806e+01, -2.136512346617895e+01,  1.944338937488972e+00
s850        , -1.674889176362534e+01, -1.535075267543177e+01,  3.552377721289233e+00
s851        , -1.887785873496733e+01, -2.013129490034405e+01,  2.274222853105803e+00
s852        , -1.916613881673827e+01, -2.012336893459889e+01,  2.276341987552402e+00
s853        , -2.151831650372089e+01, -2.118742791793101e+01,  1.991848700892808e+00
s854        , -2.092228526657664e+01, -2.066258514391705e+01,  2.132173859645934e+00
s855        , -1.984690981488844e+01, -2.000304267473216e+01,  2.308513148810535e+00
s856        , -1.857995804240183e+01, -1.859159109178584e+01,  2.685887435465048e+00
s857        , -2.294003947989728e+01, -2.250348767345847e+01,  1.639978953862474e+00
s858        , -2.107902559750898e+01, -2.149078246701660e+01,  1.910741982144717e+00
s859        , -1.829183386036745e+01, -1.865500280415667e+01,  2.668933294061534e+00
s860        , -2.148418071954308e+01, -2.130354125758719e+01,  1.960803931626011e+00
s861        , -2.060440939951398e+01, -2.020448199444728e+01,  2.254655106140039e+00
s862        , -1.983634035476443e+01, -1.993492444998244e+01,  2.326725652011981e+00
s863        , -2.017821382918477e+01, -2.092857925479072e+01,  2.061056055069375e+00
s864        , -2.145828954671971e+01, -2.104896144174884e+01,  2.028869940803662e+00
s865        , -2.179521899962700e+01, -2.188340174273505e+01,  1.805768902733961e+00
s866        , -2.240641608733365e+01, -2.213897111986040e+01,  1.737438318427205e+00
s867        , -1.970162478711471e+01, -1.952220593596142e+01,  2.437072586118412e+00
s868        , -1.579821539399930e+01, -1.477609907667012e+01,  3.706020605342998e+00
s869        , -1.927595790821999e+01, -1.969245276871100e+01,  2.391554356630190e+00
s870        , -1.834436146157947e+01, -1.890117494342335e+01,  2.603115212469208e+00
s871        , -1.954632707936713e+01, -2.033037098173636e+01,  2.220996660218212e+00
s872        , -2.222687656829416e+01, -2.202794071445166e+01,  1.767124083454030e+00
s873        , -2.174135075548704e+01, -2.125854968921965e+01,  1.972833151206273e+00
s874        , -2.306987923711809e+01, -2.306587608051984e+01,  1.489615366119326e+00
s875        , -2.178123430913379e+01, -2.155046692134261e+01,  1.894784383139708e+00
s876        , -2.287277527114560e+01, -2.248774008323413e+01,  1.644189325439678e+00
s877        , -2.189016288213647e+01, -2.126817780324519e+01,  1.970258920034536e+00
s878        , -1.876974537203656e+01, -1.860162166242380e+01,  2.683205601043681e+00
s879        , -1.761744622782913e+01, -1.745140686546230e+01,  2.990734030461525e+00
s880        , -1.792977215528789e+01, -1.890679842105665e+01,  2.601611685259332e+00
s881        , -2.116921283478955e+01, -1.925846544429273e+01,  2.507587849346656e+00
s882        , -1.809005639564229e+01, -1.895122257287982e+01,  2.589734173620210e+00
s883        , -1.958200153707774e+01, -2.062846861552965e+01,  2.141295462341260e+00
s884        , -1.866641101726497e+01, -1.927476027255809e+01,  2.503231164875791e+00
s885        , -1.949202935470739e+01, -2.066540964780743e+01,  2.131418683093182e+00
s886        , -1.753621319174707e+01, -1.702253814183012e+01,  3.105398982915142e+00
s887        , -2.072504645987743e+01, -2.061596647503985e+01,  2.144638110722541e+00
s888        , -2.163711888094086e+01, -2.174674704576309e+01,  1.842305734326959e+00
s889        , -1.784767272504274e+01, -1.762882806955111e+01,  2.943297617381992e+00
s890        , -2.036577167825686e+01, -2.104883906808540e+01,  2.028902659371202e+00
s891        , -1.925489904031788e+01, -1.979546849842317e+01,  2.364011444082546e+00
s892        , -1.797999052112338e+01, -1.953510397000107e+01,  2.433624089227856e+00
s893        , -2.224398236502422e+01, -2.211716689783433e+01,  1.743268027949348e+00
s894        , -2.015695897880840e+01, -2.043809948598426e+01,  2.192193711584262e+00
s895        , -1.853378696029952e+01, -1.860857219438698e+01,  2.681347264510450e+00
s896        , -2.478440805107692e+01, -2.336272057607110e+01,  1.410249214910557e+00
s897        , -2.202247365131235e+01, -2.130099823143753e+01,  1.961483850576662e+00
s898        , -2.008627742560493e+01, -1.970324828745855e+01,  2.388668001026041e+00
s899        , -1.802005794967191e+01, -1.792885571612725e+01,  2.863080399539523e+00
s900        , -1.770516073583232e+01, -1.828965531536823e+01,  2.766614822516626e+00
s901        , -2.425916197575684e+01, -2.281556464718880e+01,  1.556540154568385e+00
s902        , -1.641892815066793e+01, -1.545885505270804e+01,  3.523474811686673e+00
s903        , -2.332207101034287e+01, -2.278294376504247e+01,  1.565261872180769e+00
s904        , -2.132463334662818e+01, -1.958604961217396e+01,  2.420002952232836e+00
s905        , -2.166343218809494e+01, -2.168042873328982e+01,  1.860037002026197e+00
s906        , -1.790842270146736e+01, -1.704898122938731e+01,  3.098328998068050e+00
s907        , -1.911599503394165e+01, -2.018114254994910e+01,  2.260895282087148e+00
s908        , -2.062377494321661e+01, -2.036746584112013e+01,  2.211078752818739e+00
s909        , -2.034650826700463e+01, -2.079132809321706e+01,  2.097752361068935e+00
s910        , -1.701866755175476e+01, -1.646400866541808e+01,  3.254730823470760e+00
s911        , -1.800428066961873e+01, -1.874954177095008e+01,  2.643656780445498e+00
s912        , -2.018815932170212e+01, -2.095732311535484e+01,  2.053370921546452e+00
s913        , -1.735412329082851e+01, -1.726399205873458e+01,  3.040842393973173e+00
s914        , -2.004618788210774e+01, -2.110342028486852e+01,  2.014309493018822e+00
s915        , -1.937730144245923e+01, -1.977763150223420e+01,  2.368780451956569e+00
s916        , -2.191302790761547e+01, -2.186341970466548e+01,  1.811111422061947e+00
s917        , -1.792924589211810e+01, -1.706388930210418e+01,  3.094343085001743e+00
s918        , -2.621730238337609e+01, -2.396576693548013e+01,  1.249015069544739e+00
s919        , -1.919355775511356e+01, -1.958813430096854e+01,  2.419445577147316e+00
s920        , -1.675861595936722e+01, -1.556378014978975e+01,  3.495421399056881e+00
s921        , -2.192756432754418e+01, -2.169004587913868e+01,  1.857465703372939e+00
s922        , -2.290193110331377e+01, -2.273147146701079e+01,  1.579023819091925e+00
s923        , -1.925371616601646e+01, -1.962595704195876e+01,  2.409333058890962e+00
s924        , -1.798705044323696e+01, -1.846425398325871e+01,  2.719933059895724e+00
s925        , -2.338449219749342e+01, -2.282423071216187e+01,  1.554223142687263e+00
s926        , -1.762302148317026e+01, -1.705790490604139e+01,  3.095943109559824e+00
s927        , -1.720744831710588e+01, -1.692822206515216e+01,  3.130615903273190e+00
s928        , -1.827654667645005e+01, -1.898873514198597e+01,  2.579704584806783e+00
s929        , -2.066098735264480e+01, -2.133871021735177e+01,  1.951400944471583e+00
s930        , -1.982419875205301e+01, -2.085358583188989e+01,  2.081106753097503e+00
s931        , -2.184683786579889e+01, -2.229787487980713e+01,  1.694952841928294e+00
s932        , -2.007807490293144e+01, -2.038588580354251e+01,  2.206153879544063e+00
s933        , -2.186904116931162e+01, -2.203083185506807e+01,  1.766351090500592e+00
s934        , -1.595875499840616e+01, -1.549343927388199e+01,  3.514228163801112e+00
s935        , -1.706347068237267e+01, -1.677878258248424e+01,  3.170570952990239e+00
s936        , -1.818003510858343e+01, -1.775547487279293e+01,  2.909436557174252e+00
s937        , -2.175658784400171e+01, -2.163696329809187e+01,  1.871658185352734e+00
s938        , -2.010166135357230e+01, -2.008130328448958e+01,  2.287588915817219e+00
s939        , -1.813809060682595e+01, -1.785651603455264e+01,  2.882421577133478e+00
s940        , -2.094308051046411e+01, -2.104087617656737e+01,  2.031031666517200e+00
s941        , -1.827480816862776e+01, -1.897555840393397e+01,  2.583227597698538e+00
s942        , -1.770857434290158e+01, -1.764383514501206e+01,  2.939285234339406e+00
s943        , -1.938132201948424e+01, -2.021043819602408e+01,  2.253062619831352e+00
s944        , -1.770272330222015e+01, -1.802308360458143e+01,  2.837887057721782e+00
s945        , -1.924477319915050e+01, -1.940813426863491e+01,  2.467571481443585e+00
s946        , -2.185513295241253e+01, -2.189950388414110e+01,  1.801463736194678e+00
s947        , -2.017292248813791e+01, -1.999611616503206e+01,  2.310365062605284e+00
s948        , -1.792501053388721e+01, -1.859977510657385e+01,  2.683699307455620e+00
s949        , -2.005207290213696e+01, -2.058317813500999e+01,  2.153404600893976e+00
s950        , -2.257823345395823e+01, -2.230810830264780e+01,  1.692216771707258e+00
s951        , -1.571913272603913e+01, -1.443769620580662e+01,  3.796498056739082e+00
s952        , -2.233989362366768e+01, -2.256521188987833e+01,  1.623475991648118e+00
s953        , -2.342860552534396e+01, -2.288842603291849e+01,  1.537059490975940e+00
s954        , -2.204077204416149e+01, -2.215552135755207e+01,  1.733013346137458e+00
s955        , -1.756302978982562e+01, -1.809559570988743e+01,  2.818499779869470e+00
s956        , -2.291971088639473e+01, -2.239109277635377e+01,  1.670029537694725e+00
s957        , -1.872997367448807e+01, -1.885812070285222e+01,  2.614626456297400e+00
s958        , -2.138547156076431e+01, -2.129237833181464e+01,  1.963788519408753e+00
s959        , -1.926386090665138e+01, -1.889522450069646e+01,  2.604706159056729e+00
s960        , -1.680470785163838e+01, -1.682555928139625e+01,  3.158064450041603e+00
s961        , -2.001579976967623e+01, -1.980568969256176e+01,  2.361278643401736e+00
s962        , -1.871905926332032e+01, -1.775140359615238e+01,  2.910525078478535e+00
s963        , -1.918665598310528e+01, -2.009287260596223e+01,  2.284495671606385e+00
s964        , -1.746488927974545e+01, -1.740367584527697e+01,  3.003495686554700e+00
s965        , -1.971186761143078e+01, -1.969903429379289e+01,  2.389794680022869e+00
s966        , -1.765956881606673e+01, -1.730181366418894e+01,  3.030730179320599e+00
s967        , -2.223688117086612e+01, -2.135899136559944e+01,  1.945978453225713e+00
s968        , -1.998239594820018e+01, -2.072609801973728e+01,  2.115192670566814e+00
s969        , -2.101894011109180e+01, -2.096715433608349e+01,  2.050742386530273e+00
s970        , -1.986554229461376e+01, -2.043775337086744e+01,  2.192286251028681e+00
s971        , -1.914500631305469e+01, -1.854679008734023e+01,  2.697865704715188e+00
s972        , -1.930540895911451e+01, -2.042100262587890e+01,  2.196764832169798e+00
s973        , -2.013055280326089e+01, -2.045207110057722e+01,  2.188458175662140e+00
s974        , -1.991254970003848e+01, -2.033636905358639e+01,  2.219392979218411e+00
s975        , -2.002907222040815e+01, -2.048145820869237e+01,  2.180601059558561e+00
s976        , -2.147573630129902e+01, -2.152673097840731e+01,  1.901130569322433e+00
s977        , -1.918950409415471e+01, -1.937731149810584e+01,  2.475812444988962e+00
s978        , -1.698999961978807e+01, -1.645464928960220e+01,  3.257233203158964e+00
s979        , -2.115978794608996e+01, -2.112777605669698e+01,  2.007797585610353e+00
s980        , -1.730989298326385e+01, -1.675422084864933e+01,  3.177137927654435e+00
s981        , -2.142850865946883e+01, -2.124633475165057e+01,  1.976099011266480e+00
s982        , -2.110948756566415e+01, -2.151693678222959e+01,  1.903749205229311e+00
s983        , -1.831465175322002e+01, -1.842947847141456e+01,  2.729230852419246e+00
s984        , -2.150201864035685e+01, -2.106201798739942e+01,  2.025379063283956e+00
s985        , -1.659952594735737e+01, -1.613701240541064e+01,  3.342158533956873e+00
s986        , -2.105203087443673e+01, -2.114472389124529e+01,  2.003266309404861e+00
s987        , -2.066592788190784e+01, -2.118506163246280e+01,  1.992481365379056e+00
s988        , -2.133344594608628e+01, -2.146815336716341e+01,  1.916792236023710e+00
s989        , -2.008246059204520e+01, -2.031853336472556e+01,  2.224161637557223e+00
s990        , -2.181814335912880e+01, -2.187691872742650e+01,  1.807502241168657e+00
s991        , -1.674874949890157e+01, -1.622472150055673e+01,  3.318708096397567e+00
s992        , -1.990187356431624e+01, -2.034989183820212e+01,  2.215777445211009e+00
s993        , -2.167451347953028e+01, -2.143352159449832e+01,  1.926051597565385e+00
s994        , -2.085856003252748e+01, -2.034629379773348e+01,  2.216739439211805e+00
s995        , -1.532250426373563e+01, -1.356442746601391e+01,  4.029980502554933e+00
s996        , -2.197589637081217e+01, -2.186834793929098e+01,  1.809793779254545e+00
s997        , -1.843774602570321e+01, -1.783760321489017e+01,  2.887478223719861e+00
s998        , -2.004154224207673e+01, -2.018033248161677e+01,  2.261111866887327e+00
s999        , -1.918982967461324e+01, -1.959199454349858e+01,  2.418413479207374e+00
s1000       , -2.386287011937712e+01, -2.287225456393033e+01,  1.541383193359569e+00
s1001       , -2.142986106465667e+01, -2.132028973706433e+01,  1.956325956205814e+00
s1002       , -1.703565403983971e+01, -1.686929481328188e+01,  3.146371052020580e+00
s1003       , -2.272857267296788e+01, -2.269416497352431e+01,  1.588998310273304e+00
s1004       , -1.957549960274314e+01, -1.919974651974775e+01,  2.523287298432274e+00
s1005       , -2.033955634118916e+01, -2.023349665610162e+01,  2.246897569589282e+00
s1006       , -2.103463075725037e+01, -2.146954353670532e+01,  1.916420551833088e+00
s1007       , -1.845815321471510e+01, -1.950189556697237e+01,  2.442502889999565e+00
s1008       , -2.105860584214290e+01, -2.097274591398829e+01,  2.049247388225980e+00
s1009       , -2.225664818829298e+01, -2.159059893634299e+01,  1.884054443327560e+00
s1010       , -2.029000137617794e+01, -2.064820170069906e+01,  2.136019504576024e+00
s1011       , -2.150175758271834e+01, -2.143936364242646e+01,  1.924489632071051e+00
s1012       , -1.789395613621291e+01, -1.763588199693845e+01,  2.941411636418795e+00
s1013       , -1.907481979836395e+01, -1.945414898442706e+01,  2.455268706940031e+00
s1014       , -1.701362802016618e+01, -1.635458569499341e+01,  3.283986814895864e+00
s1015       , -1.771043360260808e+01, -1.739213860359189e+01,  3.006580353718260e+00
s1016       , -2.325177194237830e+01, -2.236574182598896e+01,  1.676807522094278e+00
s1017       , -2.061131053204120e+01, -2.119686271928330e+01,  1.989326154974078e+00
s1018       , -1.637685178145171e+01, -1.532078743697214e+01,  3.560389409840766e+00
s1019       , -2.229355013298489e+01, -2.209878032728485e+01,  1.748183973369628e+00
s1020       , -1.626620443538163e+01, -1.531641637884524e+01,  3.561558082547996e+00
s1021       , -2.225684084822025e+01, -2.210890382921366e+01,  1.745477292272671e+00
s1022       , -1.619907626993357e+01, -1.628167029203855e+01,  3.303481920862430e+00
s1023       , -2.164326276096592e+01, -2.150317700900257e+01,  1.907428101954365e+00
s1024       , -1.814482992541786e+01, -1.836564792624646e+01,  2.746296975508850e+00
s1025       , -1.966276460675046e+01, -2.011234208815382e+01,  2.279290192337841e+00
s1026       , -1.787958226759213e+01, -1.798261231753495e+01,  2.848707707373311e+00
s1027       , -2.228548280106830e+01, -2.269057189386683e+01,  1.589958977921431e+00
s1028       , -1.939576101741603e+01, -1.950943689684222e+01,  2.440486594141848e+00
s1029       , -2.072177297910414e+01, -2.039338023201551e+01,  2.204150123529296e+00
s1030       , -2.116639743005703e+01, -2.096863335436249e+01,  2.050346947200485e+00
s1031       , -1.871817432191781e+01, -1.905746838945009e+01,  2.561327645388800e+00
s1032       , -1.793076662035363e+01, -1.920004141810606e+01,  2.523208452612165e+00
s1033       , -2.190726556241366e+01, -2.184731122365581e+01,  1.815418283596243e+00
s1034       , -1.655942363042545e+01, -1.656590146840863e+01,  3.227488143446607e+00
s1035       , -1.920990065585595e+01, -1.997073572693314e+01,  2.317150931024919e+00
s1036       , -1.624542641970273e+01, -1.540375899339255e+01,  3.538205629472327e+00
s1037       , -1.865413258865576e+01, -1.965005315701864e+01,  2.402890574896659e+00
s1038       , -2.303917859954092e+01, -2.239197807048132e+01,  1.669792840068042e+00
s1039       , -2.268866240524940e+01, -2.301250922057724e+01,  1.503883854635094e+00
s1040       , -2.002650999928207e+01, -2.080409646487551e+01,  2.094338531501866e+00
s1041       , -2.439240447433291e+01, -2.302955050154673e+01,  1.499327594025631e+00
