# c0 + a0 * ((S - E_T) + (face-area-avg - O))
# Property Label: $ln_{D}$; Unit of the Property: Unitless
# RMSE: 0.42915000724983; Max AE: 2.31191443485351
# Coefficients
# Task   a0                      c0
# all ,  6.737411348953408e-01, -1.152936900044177e+01, 
# Feature Rung, Units, and Expressions
# 0;  2; Unitless;                                         11|0|sub|33|12|sub|add; ((S - E_T) + (face-area-avg - O)); $\left(\left(S - E_{T}\right) + \left(face-area-avg - O\right)\right)$; ((S - E_T) + (face_sub_area_sub_avg - O)); ((newdata$S - newdata$E_T) + (newdata$face_sub_area_sub_avg - newdata$O)); S,E_T,face-area-avg,O
# Number of Samples Per Task
# Task, n_samples               
# all , 1041                  

# Sample ID , Property Value        ,  Property Value (EST) ,  Feature 0 Value      
s1          , -2.244947812336508e+01, -2.189528245827022e+01, -1.538560274999195e+01
s2          , -2.298888400764099e+01, -2.297665175390832e+01, -1.699062467848987e+01
s3          , -1.755271246623431e+01, -1.789876479111826e+01, -9.453773060280664e+00
s4          , -1.917258847351942e+01, -1.891935496082268e+01, -1.096858359632275e+01
s5          , -2.000094091703784e+01, -2.046815310565867e+01, -1.326738660035275e+01
s6          , -2.179532463031582e+01, -2.135438293309297e+01, -1.458277285411321e+01
s7          , -2.156980503382011e+01, -2.106553811544137e+01, -1.415405505332690e+01
s8          , -2.070680399014268e+01, -2.081848505046890e+01, -1.378736664411934e+01
s9          , -2.311678210871720e+01, -2.289229285832959e+01, -1.686541502271929e+01
s10         , -1.955558688693647e+01, -1.944755693845119e+01, -1.175256716251923e+01
s11         , -1.929232032084748e+01, -1.948099241030160e+01, -1.180219374774414e+01
s12         , -1.972420304545977e+01, -1.859716723128617e+01, -1.049037659240194e+01
s13         , -1.649771434553038e+01, -1.711584895130213e+01, -8.291730549787735e+00
s14         , -1.814284237715737e+01, -1.834746104101372e+01, -1.011975028306839e+01
s15         , -2.140988745272463e+01, -2.141214414145008e+01, -1.466850490365784e+01
s16         , -2.271802967642396e+01, -2.237609821679165e+01, -1.609925334013459e+01
s17         , -1.845283706311921e+01, -1.859552917990168e+01, -1.048794531531398e+01
s18         , -2.106370881996578e+01, -2.117536126037177e+01, -1.431706001063511e+01
s19         , -2.166440903696862e+01, -2.229567794051896e+01, -1.597988957843525e+01
s20         , -1.957524373940041e+01, -1.927056511909938e+01, -1.148986712806266e+01
s21         , -2.230012329283520e+01, -2.238271863943120e+01, -1.610907969969118e+01
s22         , -1.709175230426198e+01, -1.661714573213043e+01, -7.551530503594673e+00
s23         , -2.271630669020732e+01, -2.325847582607973e+01, -1.740892194070942e+01
s24         , -1.997593461761007e+01, -2.035505296665695e+01, -1.309951776595348e+01
s25         , -2.228124530569044e+01, -2.261765996772770e+01, -1.645779126876139e+01
s26         , -1.806502239865187e+01, -1.774617245809166e+01, -9.227287953281362e+00
s27         , -2.017409009594002e+01, -2.019720158854722e+01, -1.286522692347101e+01
s28         , -1.658938425028538e+01, -1.721295497853717e+01, -8.435860130431681e+00
s29         , -2.262132344831001e+01, -2.327089239173065e+01, -1.742735122312640e+01
s30         , -1.697997334312175e+01, -1.756366951247219e+01, -8.956408031948037e+00
s31         , -1.964904728113367e+01, -1.925617923036364e+01, -1.146851487867392e+01
s32         , -2.151059652715050e+01, -2.154881208398348e+01, -1.487135424067306e+01
s33         , -2.289264810431292e+01, -2.358330862654967e+01, -1.789105489006599e+01
s34         , -2.302504917991390e+01, -2.228122555544504e+01, -1.595843863188414e+01
s35         , -2.244061385591441e+01, -2.234926747900550e+01, -1.605942982870490e+01
s36         , -2.239655424600443e+01, -2.151117654631708e+01, -1.481549370950297e+01
s37         , -2.226102540809307e+01, -2.192651235912530e+01, -1.543195571738191e+01
s38         , -2.102436377352775e+01, -2.089910824701187e+01, -1.390703159014567e+01
s39         , -2.141661104833067e+01, -2.012926703702076e+01, -1.276439509354717e+01
s40         , -1.990275935468409e+01, -1.923500102539162e+01, -1.143708113672894e+01
s41         , -1.952311408648237e+01, -1.890787071379066e+01, -1.095153810742915e+01
s42         , -1.862175379272403e+01, -1.919478609471662e+01, -1.137739214255576e+01
s43         , -2.257821044890805e+01, -2.200303912555655e+01, -1.554554053871412e+01
s44         , -1.984867902879579e+01, -1.969984833087788e+01, -1.212703055707785e+01
s45         , -1.928264199244582e+01, -1.962857985370369e+01, -1.202125034939429e+01
s46         , -2.007096062658339e+01, -2.019091197028207e+01, -1.285589156016989e+01
s47         , -1.842882744186564e+01, -1.898628970557942e+01, -1.106793146346335e+01
s48         , -1.712958329507449e+01, -1.678768926954184e+01, -7.804659678255948e+00
s49         , -2.142142340445580e+01, -2.209617343077327e+01, -1.568377509259984e+01
s50         , -2.022197746600499e+01, -2.018975766352790e+01, -1.285417828084882e+01
s51         , -2.208446385448407e+01, -2.258719184461631e+01, -1.641256896967150e+01
s52         , -2.030062191637932e+01, -2.008845601516203e+01, -1.270382135128180e+01
s53         , -1.881589086732163e+01, -1.853943927995537e+01, -1.040469390458481e+01
s54         , -2.389190768082197e+01, -2.459038463318259e+01, -1.938580703517491e+01
s55         , -1.989931101552115e+01, -1.967107837010886e+01, -1.208432875474024e+01
s56         , -2.293632659980805e+01, -2.316317372921342e+01, -1.726746984296699e+01
s57         , -2.165250835772914e+01, -2.183129674753314e+01, -1.529063198537176e+01
s58         , -2.493828100106786e+01, -2.483086499292596e+01, -1.974273990937254e+01
s59         , -2.019609135900962e+01, -1.986159155792604e+01, -1.236709787473285e+01
s60         , -1.686951544328429e+01, -1.731773851662266e+01, -8.591385053370773e+00
s61         , -1.698686520707895e+01, -1.773090413423704e+01, -9.204625949933449e+00
s62         , -1.961666852236879e+01, -1.991681363794585e+01, -1.244906122409609e+01
s63         , -2.363642228074260e+01, -2.325956091628651e+01, -1.741053248539873e+01
s64         , -2.123215125329894e+01, -2.145838929727597e+01, -1.473714425700990e+01
s65         , -2.229595939650926e+01, -2.197632438556404e+01, -1.550588919696154e+01
s66         , -2.209517036440609e+01, -2.200143792588265e+01, -1.554316395876232e+01
s67         , -2.100952424313996e+01, -2.066208608855633e+01, -1.355523154977503e+01
s68         , -2.306714632630091e+01, -2.312556301040222e+01, -1.721164614917242e+01
s69         , -2.116954741071400e+01, -2.153367895750861e+01, -1.484889290397997e+01
s70         , -2.268552320802911e+01, -2.161150407894600e+01, -1.496440480819149e+01
s71         , -1.844586653395837e+01, -1.916218169756222e+01, -1.132899907960367e+01
s72         , -2.185924535832699e+01, -2.170013566434184e+01, -1.509595620205081e+01
s73         , -1.814705961150877e+01, -1.874744169293507e+01, -1.071342139977033e+01
s74         , -2.269683109870329e+01, -2.358919822252464e+01, -1.789979652044883e+01
s75         , -2.162544692540680e+01, -2.105448816540200e+01, -1.413765416956449e+01
s76         , -1.799713371423827e+01, -1.868358490357193e+01, -1.061864198664596e+01
s77         , -1.808839931225978e+01, -1.794286998491070e+01, -9.519236175872212e+00
s78         , -1.710463489071706e+01, -1.747496113622731e+01, -8.824742661302892e+00
s79         , -2.130172009097587e+01, -2.134249611061759e+01, -1.456512984278479e+01
s80         , -2.075517304342145e+01, -2.086048901295683e+01, -1.384971100801877e+01
s81         , -1.679587307458704e+01, -1.762669043545249e+01, -9.049946810740417e+00
s82         , -1.961963418382102e+01, -1.945254353572393e+01, -1.175996851745285e+01
s83         , -1.732943596118787e+01, -1.773085101739479e+01, -9.204547111282382e+00
s84         , -2.091958911511147e+01, -2.140706977908917e+01, -1.466097328342852e+01
s85         , -1.931803893900067e+01, -1.913705996403699e+01, -1.129171215703936e+01
s86         , -2.124992178205270e+01, -2.020557604603546e+01, -1.287765670852420e+01
s87         , -2.000999990609716e+01, -1.972365435004421e+01, -1.216236463115073e+01
s88         , -1.933594922663024e+01, -1.968278629678390e+01, -1.210170624005122e+01
s89         , -2.128477820873118e+01, -2.125039175201456e+01, -1.442842398673322e+01
s90         , -2.009844325702736e+01, -2.040559642169436e+01, -1.317453686812729e+01
s91         , -2.185233402642529e+01, -2.228542784473614e+01, -1.596467587802134e+01
s92         , -1.852873985612102e+01, -1.818331161255151e+01, -9.876111561962693e+00
s93         , -2.244477787769646e+01, -2.187422559511262e+01, -1.535434910958469e+01
s94         , -2.069748145715988e+01, -2.073021903071930e+01, -1.365635784091881e+01
s95         , -1.839144268754908e+01, -1.796132024189384e+01, -9.546620962146257e+00
s96         , -2.061908691885885e+01, -2.053747455891002e+01, -1.337027693858647e+01
s97         , -2.336181657728519e+01, -2.377723536197480e+01, -1.817889056667976e+01
s98         , -1.913590175727989e+01, -1.864169879938268e+01, -1.055647255387745e+01
s99         , -1.764848235022367e+01, -1.768964985801288e+01, -9.143394307560056e+00
s100        , -2.003395952271198e+01, -1.930517755903274e+01, -1.154124062767649e+01
s101        , -2.047737186068138e+01, -2.037752095366168e+01, -1.313286586634552e+01
s102        , -1.813404261594337e+01, -1.788846621171205e+01, -9.438487398068856e+00
s103        , -2.094885731266024e+01, -2.065380600153317e+01, -1.354294183404550e+01
s104        , -1.695125455205811e+01, -1.672263050582724e+01, -7.708096235198983e+00
s105        , -2.089913046364001e+01, -2.148555289790834e+01, -1.477746181998100e+01
s106        , -2.193421435204462e+01, -2.222794810348761e+01, -1.587936159591586e+01
s107        , -1.938858975045087e+01, -1.953436109839805e+01, -1.188140620091391e+01
s108        , -2.184761912256448e+01, -2.199209555941038e+01, -1.552929755520107e+01
s109        , -1.765266017099491e+01, -1.850034688769661e+01, -1.034667103759030e+01
s110        , -2.222643790681205e+01, -2.146602052504360e+01, -1.474847090365856e+01
s111        , -2.198367498730207e+01, -2.174088749657408e+01, -1.515644209213761e+01
s112        , -2.341727175416096e+01, -2.274547721367605e+01, -1.664750396304153e+01
s113        , -2.064750776227555e+01, -2.012826494132744e+01, -1.276290773343003e+01
s114        , -2.335281852671257e+01, -2.321012912886879e+01, -1.733716337542834e+01
s115        , -2.467653405274963e+01, -2.480634986799201e+01, -1.970635334535822e+01
s116        , -2.119630992652875e+01, -2.067055752994688e+01, -1.356780528314500e+01
s117        , -1.681518237222159e+01, -1.731874578110751e+01, -8.592880085264593e+00
s118        , -1.725426000439147e+01, -1.754645232602619e+01, -8.930853430107272e+00
s119        , -2.026224064054247e+01, -2.042129247320666e+01, -1.319783372607369e+01
s120        , -2.061376236446881e+01, -2.026170595141616e+01, -1.296096749730276e+01
s121        , -2.090204853596659e+01, -2.137868973458544e+01, -1.461885021414592e+01
s122        , -1.679179791839329e+01, -1.760594834040515e+01, -9.019160364770242e+00
s123        , -1.729435756680531e+01, -1.743128612799168e+01, -8.759918048445593e+00
s124        , -1.927065840811719e+01, -1.973678751760330e+01, -1.218185752965264e+01
s125        , -2.074667074869674e+01, -2.063713050137395e+01, -1.351819122985119e+01
s126        , -1.981090987888966e+01, -1.929047900075422e+01, -1.151942429864857e+01
s127        , -1.791042209268825e+01, -1.756687061839660e+01, -8.961159272088530e+00
s128        , -2.199486439730610e+01, -2.205635719985625e+01, -1.562467786837707e+01
s129        , -1.847106084369403e+01, -1.813905042285272e+01, -9.810416909511837e+00
s130        , -2.183307419908922e+01, -2.074721523389198e+01, -1.368158444842783e+01
s131        , -1.937195493711046e+01, -1.958311376619207e+01, -1.195376732786454e+01
s132        , -1.756898825137140e+01, -1.795497409480120e+01, -9.537201695956398e+00
s133        , -1.952720456066259e+01, -1.948353162084641e+01, -1.180596256994201e+01
s134        , -1.792604080418195e+01, -1.841142150845727e+01, -1.021468358034063e+01
s135        , -2.163690184151209e+01, -2.179030666738944e+01, -1.522979247592120e+01
s136        , -2.266590946104735e+01, -2.248666502925804e+01, -1.626336208567461e+01
s137        , -1.871948299194560e+01, -1.839857657561797e+01, -1.019561849410199e+01
s138        , -2.098569970792443e+01, -2.091931472091330e+01, -1.393702304065221e+01
s139        , -1.946420871832499e+01, -1.969736857552883e+01, -1.212334998122964e+01
s140        , -1.890485827097119e+01, -1.956466449422173e+01, -1.192638400359534e+01
s141        , -2.048387804329865e+01, -2.125020322041445e+01, -1.442814415878394e+01
s142        , -1.712146112463541e+01, -1.719794047956518e+01, -8.413574866560531e+00
s143        , -2.146398341435241e+01, -2.181368471992497e+01, -1.526449134069982e+01
s144        , -2.296743054539722e+01, -2.183225614884252e+01, -1.529205597636725e+01
s145        , -2.169591974109321e+01, -2.175262490533182e+01, -1.517386333621760e+01
s146        , -2.268369172314783e+01, -2.263443501586866e+01, -1.648268962700630e+01
s147        , -2.121406114253308e+01, -2.178922553099282e+01, -1.522818779967296e+01
s148        , -2.139826235530006e+01, -2.088999216041231e+01, -1.389350104239164e+01
s149        , -1.818204101397333e+01, -1.838218137662573e+01, -1.017128392679851e+01
s150        , -2.236615053154114e+01, -2.186514519777799e+01, -1.534087153360732e+01
s151        , -2.007280490017163e+01, -1.979856022779426e+01, -1.227354364913021e+01
s152        , -2.043501428229088e+01, -2.035906061632912e+01, -1.310546611831703e+01
s153        , -2.294208833005412e+01, -2.252186706219773e+01, -1.631561068846351e+01
s154        , -1.941555486932839e+01, -1.983994892936043e+01, -1.233497481226173e+01
s155        , -2.030625886040805e+01, -2.066216787641721e+01, -1.355535294337363e+01
s156        , -1.755225478861601e+01, -1.756434439573275e+01, -8.957409727147594e+00
s157        , -1.981494689568535e+01, -1.920492507463593e+01, -1.139244091929534e+01
s158        , -2.120666701656112e+01, -2.116761531179366e+01, -1.430556308967108e+01
s159        , -2.199339551508707e+01, -2.177201067415210e+01, -1.520263665554786e+01
s160        , -1.822712376873660e+01, -1.819498732638232e+01, -9.893441235372972e+00
s161        , -1.850131544535105e+01, -1.949554087613869e+01, -1.182378730212813e+01
s162        , -2.165239460618542e+01, -2.118855584492827e+01, -1.433664406728998e+01
s163        , -2.054863013411503e+01, -2.038809389094149e+01, -1.314855874411740e+01
s164        , -2.244259094688993e+01, -2.299206118800353e+01, -1.701349612465384e+01
s165        , -2.169401378729562e+01, -2.111485896674473e+01, -1.422725950641557e+01
s166        , -1.893544650248816e+01, -1.891113540849110e+01, -1.095638372918408e+01
s167        , -1.990371422830687e+01, -2.025163068871074e+01, -1.294601329281147e+01
s168        , -2.358382467591309e+01, -2.420088462480969e+01, -1.880769180931236e+01
s169        , -2.234616115486217e+01, -2.302316927591964e+01, -1.705966829123966e+01
s170        , -1.980105726485419e+01, -1.988280307681726e+01, -1.239858106284859e+01
s171        , -2.225344967355102e+01, -2.206475375655377e+01, -1.563714045417246e+01
s172        , -2.076076397080535e+01, -2.074546792928909e+01, -1.367899101229577e+01
s173        , -2.167162181633835e+01, -2.148119541656588e+01, -1.477099423010595e+01
s174        , -2.217746151284670e+01, -2.214790442551274e+01, -1.576055680008384e+01
s175        , -1.912249737452136e+01, -1.945928583802365e+01, -1.176997577684449e+01
s176        , -2.262880123350610e+01, -2.256047288865129e+01, -1.637291137036348e+01
s177        , -1.998504477748202e+01, -2.035288248892340e+01, -1.309629623527777e+01
s178        , -1.778030448780716e+01, -1.855224520577327e+01, -1.042370109466812e+01
s179        , -2.322340610724453e+01, -2.323087661477478e+01, -1.736795782277822e+01
s180        , -1.682543251402466e+01, -1.688837630093665e+01, -7.954104362838630e+00
s181        , -1.586682207916231e+01, -1.626613369029653e+01, -7.030541026102815e+00
s182        , -2.348293513803748e+01, -2.326808203835128e+01, -1.742317995728880e+01
s183        , -2.155098810628208e+01, -2.133280952660785e+01, -1.455075253448633e+01
s184        , -2.324937775466465e+01, -2.306681321284856e+01, -1.712444678652287e+01
s185        , -2.378592453308165e+01, -2.385405989080871e+01, -1.829291734173461e+01
s186        , -2.071202883303041e+01, -2.111098233332823e+01, -1.422150561487517e+01
s187        , -2.027503475690737e+01, -2.010476792580683e+01, -1.272803229789015e+01
s188        , -2.214013663755619e+01, -2.228264957591916e+01, -1.596055223368217e+01
s189        , -2.074030596943589e+01, -2.060747826421180e+01, -1.347417990914304e+01
s190        , -1.914542963593283e+01, -1.909481004001915e+01, -1.122900272484119e+01
s191        , -1.679323473828856e+01, -1.687161559763376e+01, -7.929227295913671e+00
s192        , -1.690928184419942e+01, -1.730951866231696e+01, -8.579184738027143e+00
s193        , -2.273712334380998e+01, -2.295185221545367e+01, -1.695381597382542e+01
s194        , -2.090019731082972e+01, -2.132822320976807e+01, -1.454394529561930e+01
s195        , -1.910778599576077e+01, -1.910197178504040e+01, -1.123963254191828e+01
s196        , -1.918378235513936e+01, -1.917383782286446e+01, -1.134629967874856e+01
s197        , -2.010118773573690e+01, -2.050038968677891e+01, -1.331523373250870e+01
s198        , -2.040069724820686e+01, -2.051026698480917e+01, -1.332989410801301e+01
s199        , -2.033728659050214e+01, -1.977818154497264e+01, -1.224329659760532e+01
s200        , -1.788348829912646e+01, -1.794362532930410e+01, -9.520357295474795e+00
s201        , -1.891783601993355e+01, -1.959793972795694e+01, -1.197577275546423e+01
s202        , -2.174492495952721e+01, -2.189022409437268e+01, -1.537809487547523e+01
s203        , -2.185008698942601e+01, -2.163710062826986e+01, -1.500239647590796e+01
s204        , -2.086349108831322e+01, -2.103531121636024e+01, -1.410919079090387e+01
s205        , -2.088054945703831e+01, -2.127882062601207e+01, -1.447061953117170e+01
s206        , -2.114956534802060e+01, -2.129361841077785e+01, -1.449258313707217e+01
s207        , -1.936064601068155e+01, -1.940193121475859e+01, -1.168484720105408e+01
s208        , -2.173553987268506e+01, -2.148873617118510e+01, -1.478218659202162e+01
s209        , -1.958079034508013e+01, -1.967028141678171e+01, -1.208314587709500e+01
s210        , -2.077095411669474e+01, -2.129326542366474e+01, -1.449205921609595e+01
s211        , -2.106003856984427e+01, -2.078051220469469e+01, -1.373100546353013e+01
s212        , -1.921431398034701e+01, -1.883635709247720e+01, -1.084539404465857e+01
s213        , -1.891211086691480e+01, -1.846015576979438e+01, -1.028701738751523e+01
s214        , -1.797391097043976e+01, -1.772800030992504e+01, -9.200315949902883e+00
s215        , -2.046416066581664e+01, -2.055343398236310e+01, -1.339396470622671e+01
s216        , -2.054695205981560e+01, -1.999455668414711e+01, -1.256445130817243e+01
s217        , -2.064527960557822e+01, -2.043489743655223e+01, -1.321802688727600e+01
s218        , -2.267569057486860e+01, -2.268546774142302e+01, -1.655843492874194e+01
s219        , -1.969996813819463e+01, -2.025525490250191e+01, -1.295139253062769e+01
s220        , -2.056541179285701e+01, -2.141718496502605e+01, -1.467598674395954e+01
s221        , -2.147236245537334e+01, -2.144908108649174e+01, -1.472332854901445e+01
s222        , -1.817717386569833e+01, -1.819273700518653e+01, -9.890101197071557e+00
s223        , -2.049263974761081e+01, -2.052145979835240e+01, -1.334650703687176e+01
s224        , -2.147370851727396e+01, -2.134950625298247e+01, -1.457553464368205e+01
s225        , -2.297636192643720e+01, -2.249250432497933e+01, -1.627202905792678e+01
s226        , -2.349615644619751e+01, -2.270132572083712e+01, -1.658197212810942e+01
s227        , -1.994214785348108e+01, -2.051620915387840e+01, -1.333871376998919e+01
s228        , -1.935600154849446e+01, -1.972685796195003e+01, -1.216711959079308e+01
s229        , -1.931982821700711e+01, -1.956417233259714e+01, -1.192565351290819e+01
s230        , -1.663964761443124e+01, -1.719010098129674e+01, -8.401939094507428e+00
s231        , -1.912412961575534e+01, -1.929742682727117e+01, -1.152973660727439e+01
s232        , -2.205202611453251e+01, -2.222576034387928e+01, -1.587611441462467e+01
s233        , -2.108987100746543e+01, -2.080263105778601e+01, -1.376383536205601e+01
s234        , -2.119865480781422e+01, -2.118072443595615e+01, -1.432502030177158e+01
s235        , -1.634470488909293e+01, -1.595955504179105e+01, -6.575501794227640e+00
s236        , -2.035495556536669e+01, -2.092340631335285e+01, -1.394309598503341e+01
s237        , -2.057488800817375e+01, -2.026807416518095e+01, -1.297041951594161e+01
s238        , -2.181497599002021e+01, -2.099160588186759e+01, -1.404432116631218e+01
s239        , -1.938605784207409e+01, -1.887098474542957e+01, -1.089679012418953e+01
s240        , -1.879589433372550e+01, -1.852271049082218e+01, -1.037986420625299e+01
s241        , -1.732119998261703e+01, -1.692042392456374e+01, -8.001671034913761e+00
s242        , -2.017650413285683e+01, -2.024036040449848e+01, -1.292928537814435e+01
s243        , -1.996072124442394e+01, -1.999679533174563e+01, -1.256777401994194e+01
s244        , -2.121993688931675e+01, -2.111472735258069e+01, -1.422706415814720e+01
s245        , -2.152256201120388e+01, -2.168093144157737e+01, -1.506745234237857e+01
s246        , -1.806013829922115e+01, -1.808330142368494e+01, -9.727671480621789e+00
s247        , -1.662499542985015e+01, -1.698095320326714e+01, -8.091511591721682e+00
s248        , -2.087245838906029e+01, -2.068721878271226e+01, -1.359253474065090e+01
s249        , -2.031192930505803e+01, -1.976959014031683e+01, -1.223054480880865e+01
s250        , -1.829082894515480e+01, -1.824904814927702e+01, -9.973680989329949e+00
s251        , -2.316191337748571e+01, -2.307269179734598e+01, -1.713317207312473e+01
s252        , -1.836403387539604e+01, -1.853758560108891e+01, -1.040194258249617e+01
s253        , -1.948978591890307e+01, -2.010133789563293e+01, -1.272294127702731e+01
s254        , -1.974328758235917e+01, -2.015926604657362e+01, -1.280892111103238e+01
s255        , -2.045692599174058e+01, -2.021613689010491e+01, -1.289333163695362e+01
s256        , -1.776850461240055e+01, -1.756163248053381e+01, -8.953384568138469e+00
s257        , -2.163660994039700e+01, -2.151544522341687e+01, -1.482182949171767e+01
s258        , -1.860059101905129e+01, -1.894757761311663e+01, -1.101047305628327e+01
s259        , -2.094542362420654e+01, -2.104261711764730e+01, -1.412003457185870e+01
s260        , -1.742875942837962e+01, -1.722684162699434e+01, -8.456471382644050e+00
s261        , -2.065616574581777e+01, -2.039041228791618e+01, -1.315199982386542e+01
s262        , -2.014040040752147e+01, -1.923047219452853e+01, -1.143035922139896e+01
s263        , -1.686996628366655e+01, -1.670196473452060e+01, -7.677423072709290e+00
s264        , -2.074271161967796e+01, -2.022798855566424e+01, -1.291092246664398e+01
s265        , -2.059536695716665e+01, -2.053470080008257e+01, -1.336615998819738e+01
s266        , -2.198651133619990e+01, -2.178343927515216e+01, -1.521959955184161e+01
s267        , -1.899333543245141e+01, -1.902929795275500e+01, -1.113176643649385e+01
s268        , -1.857298059991068e+01, -1.816098698583303e+01, -9.842976244016066e+00
s269        , -2.106917022960664e+01, -2.110155556415285e+01, -1.420751393663685e+01
s270        , -1.920756052964929e+01, -1.983535641130409e+01, -1.232815836924159e+01
s271        , -1.965184309682283e+01, -2.011127990824701e+01, -1.273769770512580e+01
s272        , -2.112049940018463e+01, -2.074568124196107e+01, -1.367930762154067e+01
s273        , -1.945398506004425e+01, -1.922412201614832e+01, -1.142093397177219e+01
s274        , -2.135203005648119e+01, -2.170537678310485e+01, -1.510373533040079e+01
s275        , -2.088724638081418e+01, -2.073285125492614e+01, -1.366026471860597e+01
s276        , -1.839432489855567e+01, -1.888498599428268e+01, -1.091757147199204e+01
s277        , -2.199306195501885e+01, -1.968114752016534e+01, -1.209927388653487e+01
s278        , -2.276883612887764e+01, -2.250676979890991e+01, -1.629320258169092e+01
s279        , -2.262380984036664e+01, -2.308451983629006e+01, -1.715072783502119e+01
s280        , -1.620731240668889e+01, -1.674935459012476e+01, -7.747761446232414e+00
s281        , -2.072632910940930e+01, -1.980447675747684e+01, -1.228232525585740e+01
s282        , -1.840721485531197e+01, -1.877386338087654e+01, -1.075263777913773e+01
s283        , -1.945843055355910e+01, -1.965602441765429e+01, -1.206198493205394e+01
s284        , -2.290375248734285e+01, -2.361104886671738e+01, -1.793222833002823e+01
s285        , -2.162506652538119e+01, -2.132354000563941e+01, -1.453699425183393e+01
s286        , -2.308167299949378e+01, -2.399366718861608e+01, -1.850012941559598e+01
s287        , -1.888746545864790e+01, -1.821029647045867e+01, -9.916163826118041e+00
s288        , -2.031934863671701e+01, -2.061285137410298e+01, -1.348215494527025e+01
s289        , -2.410980627565496e+01, -2.451216725608436e+01, -1.926971292566149e+01
s290        , -2.087284446952964e+01, -2.085588366945234e+01, -1.384287552883253e+01
s291        , -2.204275686911580e+01, -2.052322288395269e+01, -1.334912389594266e+01
s292        , -1.820983264392220e+01, -1.822454430697568e+01, -9.937311171558402e+00
s293        , -1.668568749246811e+01, -1.686381826937257e+01, -7.917654114676331e+00
s294        , -2.280852590517532e+01, -2.345741299347442e+01, -1.770419434889567e+01
s295        , -1.673628435422914e+01, -1.713552119143947e+01, -8.320929064051519e+00
s296        , -2.103716924286631e+01, -2.036915606575068e+01, -1.312045028493337e+01
s297        , -2.124288787488653e+01, -2.083597493169118e+01, -1.381332599306869e+01
s298        , -2.177880180045448e+01, -2.145374753494949e+01, -1.473025472320222e+01
s299        , -1.893486515270964e+01, -1.887251650752266e+01, -1.089906364144084e+01
s300        , -1.774017522269403e+01, -1.728517881631939e+01, -8.543058331701435e+00
s301        , -2.283171483494903e+01, -2.309007944827503e+01, -1.715897968680375e+01
s302        , -1.721456897049112e+01, -1.772289700118396e+01, -9.192741366020783e+00
s303        , -2.130552121943375e+01, -2.053093974797967e+01, -1.336057764817373e+01
s304        , -2.313677054561944e+01, -2.309912578712466e+01, -1.717240671148888e+01
s305        , -1.858159986173835e+01, -1.898618063700331e+01, -1.106776957847451e+01
s306        , -2.163460095493751e+01, -2.161707787149655e+01, -1.497267770747262e+01
s307        , -1.987289536762319e+01, -2.006676039134956e+01, -1.267161963063751e+01
s308        , -2.028550026196297e+01, -1.926061059012207e+01, -1.147509212255725e+01
s309        , -2.129242792516701e+01, -2.143046757308312e+01, -1.469570144945862e+01
s310        , -1.894855963686166e+01, -1.902288640126304e+01, -1.112225009385142e+01
s311        , -2.010039836844276e+01, -2.044761201556044e+01, -1.323689849589492e+01
s312        , -1.830057188159682e+01, -1.885073050510840e+01, -1.086672777639432e+01
s313        , -1.990312271450173e+01, -1.919486124582001e+01, -1.137750368554979e+01
s314        , -1.980645538479249e+01, -1.967464941473539e+01, -1.208962907624590e+01
s315        , -1.914671781515828e+01, -1.974460562728198e+01, -1.219346155570028e+01
s316        , -2.257620253811652e+01, -2.232412070264961e+01, -1.602210573632957e+01
s317        , -1.647333233405121e+01, -1.637546585379996e+01, -7.192817244431692e+00
s318        , -2.027102701488289e+01, -1.968810356757000e+01, -1.210959839700987e+01
s319        , -1.996146248057647e+01, -1.983929646988992e+01, -1.233400639956327e+01
s320        , -2.548773082504399e+01, -2.494968455732823e+01, -1.991909779855015e+01
s321        , -1.727661852750149e+01, -1.772644890246563e+01, -9.198013274024765e+00
s322        , -2.011073789818953e+01, -2.065861663962196e+01, -1.355008202163332e+01
s323        , -2.178223238748198e+01, -2.152737730450054e+01, -1.483953967811667e+01
s324        , -1.879130547869734e+01, -1.898753357584211e+01, -1.106977767738478e+01
s325        , -2.032679436678044e+01, -2.001555576842970e+01, -1.259561919030843e+01
s326        , -2.071891083121713e+01, -2.046404144954696e+01, -1.326128387647446e+01
s327        , -1.834375983430116e+01, -1.906540304036695e+01, -1.118535539780546e+01
s328        , -2.099505369246730e+01, -2.108305539620518e+01, -1.418005507003440e+01
s329        , -2.140321290954873e+01, -2.064675524058916e+01, -1.353247674503901e+01
s330        , -2.114112529442132e+01, -2.162281410809724e+01, -1.498119171426782e+01
s331        , -1.934637322166436e+01, -1.983466500046245e+01, -1.232713214298668e+01
s332        , -1.962462779654497e+01, -2.043325036384303e+01, -1.321558222029057e+01
s333        , -2.293624249800790e+01, -2.327762931507765e+01, -1.743735049880970e+01
s334        , -1.807355423930957e+01, -1.817889008748244e+01, -9.869548915212979e+00
s335        , -1.850164643907080e+01, -1.868647540010752e+01, -1.062293220492992e+01
s336        , -2.151296308555482e+01, -2.142202647883035e+01, -1.468317275881532e+01
s337        , -1.775953587894473e+01, -1.651442315610664e+01, -7.399064562740787e+00
s338        , -2.118082550420247e+01, -2.134395278752264e+01, -1.456729191487687e+01
s339        , -1.761381998690202e+01, -1.848563241818179e+01, -1.032483109231650e+01
s340        , -1.906967392812366e+01, -1.911159486863470e+01, -1.125391559975146e+01
s341        , -2.371082699534004e+01, -2.392695088697369e+01, -1.840110577255723e+01
s342        , -1.901967676945428e+01, -1.935801824055121e+01, -1.161966938730191e+01
s343        , -1.943128604912865e+01, -1.859194500086777e+01, -1.048262549906962e+01
s344        , -2.171448714042025e+01, -2.217320715285732e+01, -1.579811236264945e+01
s345        , -1.896311499883081e+01, -1.868627672394232e+01, -1.062263731991413e+01
s346        , -2.211462969107367e+01, -2.191033872806130e+01, -1.540795001218400e+01
s347        , -1.640817037109120e+01, -1.687124740569020e+01, -7.928680807174168e+00
s348        , -2.058778590237884e+01, -2.061121320326210e+01, -1.347972349087919e+01
s349        , -1.918353701640313e+01, -1.893264824625822e+01, -1.098831414971639e+01
s350        , -2.047073332015930e+01, -2.106455072048359e+01, -1.415258951277039e+01
s351        , -2.167714580870165e+01, -2.220664722933853e+01, -1.584774578229570e+01
s352        , -2.086238589025425e+01, -2.082539084585772e+01, -1.379761656806066e+01
s353        , -1.920058764071421e+01, -1.968845836488538e+01, -1.211012500477805e+01
s354        , -2.053223705409261e+01, -2.069516073379434e+01, -1.360432257825015e+01
s355        , -1.704257081119439e+01, -1.779686306439038e+01, -9.302525464653721e+00
s356        , -2.127143545968418e+01, -2.108347786015771e+01, -1.418068211198071e+01
s357        , -1.906625211198675e+01, -1.927328033993905e+01, -1.149389719346766e+01
s358        , -2.032987192881253e+01, -2.002532065414109e+01, -1.261011271787507e+01
s359        , -2.136102912880764e+01, -2.154661110370084e+01, -1.486808743660152e+01
s360        , -1.881386071055488e+01, -1.851362444246934e+01, -1.036637824275417e+01
s361        , -2.182643688719446e+01, -2.126087000161687e+01, -1.444397632435905e+01
s362        , -2.091897008712596e+01, -2.112413057395984e+01, -1.424102088557874e+01
s363        , -1.798497754334610e+01, -1.871009303467883e+01, -1.065798666924578e+01
s364        , -1.789393844733154e+01, -1.755236021005777e+01, -8.939622204530552e+00
s365        , -2.184332997178521e+01, -2.087144827940237e+01, -1.386597729469464e+01
s366        , -2.293131491804218e+01, -2.271718249658587e+01, -1.660550754093710e+01
s367        , -2.320311495695380e+01, -2.261098268721472e+01, -1.644788051792974e+01
s368        , -1.944159222026194e+01, -1.989100675213432e+01, -1.241075736453504e+01
s369        , -2.221834550731525e+01, -2.257432014095281e+01, -1.639346414884816e+01
s370        , -1.739352775780219e+01, -1.809699058392222e+01, -9.747989611025709e+00
s371        , -2.131349702655302e+01, -2.078700585252034e+01, -1.374064365762179e+01
s372        , -2.230067528571091e+01, -2.205053542682056e+01, -1.561603690416372e+01
s373        , -1.609460498694387e+01, -1.629968495455151e+01, -7.080339476156162e+00
s374        , -1.846307154319872e+01, -1.889139678001482e+01, -1.092708667805577e+01
s375        , -2.092466765927065e+01, -2.099569967399384e+01, -1.405039737557745e+01
s376        , -2.335896110191541e+01, -2.413281365595149e+01, -1.870665750202048e+01
s377        , -2.209438728501526e+01, -2.252913684927335e+01, -1.632640086691499e+01
s378        , -2.111108779470583e+01, -2.158838303824291e+01, -1.493008741311855e+01
s379        , -1.875225846070942e+01, -1.831245777111751e+01, -1.006779669424434e+01
s380        , -1.834869608623442e+01, -1.830607931317885e+01, -1.005832947069467e+01
s381        , -2.068155326614140e+01, -2.029215376093402e+01, -1.300615964594988e+01
s382        , -1.804666933121612e+01, -1.811807381980612e+01, -9.779282395141035e+00
s383        , -2.062194236740874e+01, -2.105558609640645e+01, -1.413928377320242e+01
s384        , -1.800916137079852e+01, -1.843003209468407e+01, -1.024230633522806e+01
s385        , -2.216424509641620e+01, -2.189425338185760e+01, -1.538407534375338e+01
s386        , -2.182057698940036e+01, -2.189877701322888e+01, -1.539078954173979e+01
s387        , -1.799817167842237e+01, -1.758041283974339e+01, -8.981259308505173e+00
s388        , -2.351217009702901e+01, -2.411495612363126e+01, -1.868015246708149e+01
s389        , -2.149803565649794e+01, -2.179928882445932e+01, -1.524312423882636e+01
s390        , -2.025125341850577e+01, -2.003614560879777e+01, -1.262617965233405e+01
s391        , -1.925641978436478e+01, -1.922006821112585e+01, -1.141491711334911e+01
s392        , -1.954014294555121e+01, -2.046772157767833e+01, -1.326674610512693e+01
s393        , -2.007195889273447e+01, -2.007087150648789e+01, -1.267772155157628e+01
s394        , -1.933645012315517e+01, -1.905350113917810e+01, -1.116769000590284e+01
s395        , -2.191328817199827e+01, -2.079553803618183e+01, -1.375330754768219e+01
s396        , -1.985518647713905e+01, -1.907614802390517e+01, -1.120130363516504e+01
s397        , -1.859895904181181e+01, -1.883067921968633e+01, -1.083696666432390e+01
s398        , -2.089338265909714e+01, -2.113539799757261e+01, -1.425774455440225e+01
s399        , -1.650074457052408e+01, -1.688913703758750e+01, -7.955233485897106e+00
s400        , -1.659170957499870e+01, -1.713054391837064e+01, -8.313541548563697e+00
s401        , -1.654426837808786e+01, -1.698937559862669e+01, -8.104012528540471e+00
s402        , -1.877939202276407e+01, -1.861101814923081e+01, -1.051093481161589e+01
s403        , -2.106694758002669e+01, -2.093445550410311e+01, -1.395949574182127e+01
s404        , -2.165676773412189e+01, -2.167055962599404e+01, -1.505205797940125e+01
s405        , -2.212611753855641e+01, -2.205001803774596e+01, -1.561526896964436e+01
s406        , -1.885653015374473e+01, -1.893583513202119e+01, -1.099304428358815e+01
s407        , -1.790225292709843e+01, -1.761259069494783e+01, -9.029019276744970e+00
s408        , -1.653237145459570e+01, -1.704001784334831e+01, -8.179178259262093e+00
s409        , -1.984138826084547e+01, -1.990267355720251e+01, -1.242807381511811e+01
s410        , -1.632163885458830e+01, -1.719649041897505e+01, -8.411422614731116e+00
s411        , -1.826950002229553e+01, -1.833180908991506e+01, -1.009651888114266e+01
s412        , -2.254085603631221e+01, -2.260509947577180e+01, -1.643914836378595e+01
s413        , -1.907038707751166e+01, -1.936483958273975e+01, -1.162979396161576e+01
s414        , -1.996831080241482e+01, -2.008838600682835e+01, -1.270371744144158e+01
s415        , -2.069762370804266e+01, -2.003764071479113e+01, -1.262839876278452e+01
s416        , -1.735494379178349e+01, -1.794956043210192e+01, -9.529166469340582e+00
s417        , -1.714858900796163e+01, -1.694835824348503e+01, -8.043132536185505e+00
s418        , -2.014294405560549e+01, -2.007189286614111e+01, -1.267923750421790e+01
s419        , -1.771416578387462e+01, -1.797163625904085e+01, -9.561932506317618e+00
s420        , -2.335906844703241e+01, -2.345140461316237e+01, -1.769527641290980e+01
s421        , -2.045819521600993e+01, -2.013312392806413e+01, -1.277011968247845e+01
s422        , -1.913624718404630e+01, -1.903628249578724e+01, -1.114213324159226e+01
s423        , -2.001718266940652e+01, -2.017730518719344e+01, -1.283569569801471e+01
s424        , -2.199980092896302e+01, -2.157951466307033e+01, -1.491692453094727e+01
s425        , -1.799669141475633e+01, -1.832827809316652e+01, -1.009127800068330e+01
s426        , -2.179879403652462e+01, -2.158318441405157e+01, -1.492237135731895e+01
s427        , -1.855895626610580e+01, -1.908607389327275e+01, -1.121603610265662e+01
s428        , -2.201089453299450e+01, -2.234011884955502e+01, -1.604585097923788e+01
s429        , -2.010895188317044e+01, -2.036369430751050e+01, -1.311234367253094e+01
s430        , -2.197039083997888e+01, -2.131377071115207e+01, -1.452249418054341e+01
s431        , -2.053790779896415e+01, -2.035161941435116e+01, -1.309442151736786e+01
s432        , -2.056150222449639e+01, -1.981633940551001e+01, -1.229993238628000e+01
s433        , -1.961788415450921e+01, -1.988263175246468e+01, -1.239832677474933e+01
s434        , -2.169585176655818e+01, -2.149423148920782e+01, -1.479034301551737e+01
s435        , -1.969212203292086e+01, -1.981091150828610e+01, -1.229187603207689e+01
s436        , -1.841763911968392e+01, -1.831577477603193e+01, -1.007271995741267e+01
s437        , -2.085473352476042e+01, -2.017621088921090e+01, -1.283407148668803e+01
s438        , -2.075193174001312e+01, -2.118069457224062e+01, -1.432497597656419e+01
s439        , -1.747889033992054e+01, -1.733730940341601e+01, -8.620433133975787e+00
s440        , -2.292628299240021e+01, -2.298311532876372e+01, -1.700021823678790e+01
s441        , -1.928590410708185e+01, -1.913919967872420e+01, -1.129488802767630e+01
s442        , -2.265396374356312e+01, -2.246101688178729e+01, -1.622529383343003e+01
s443        , -1.939450551490213e+01, -1.892912897637016e+01, -1.098309067484483e+01
s444        , -2.014197468633274e+01, -2.028352599254094e+01, -1.299335388429125e+01
s445        , -2.136890748153691e+01, -2.143764788876715e+01, -1.470635883003423e+01
s446        , -1.984877428373165e+01, -1.986335448943258e+01, -1.236971450509018e+01
s447        , -2.124129540469972e+01, -2.093139592909572e+01, -1.395495456888566e+01
s448        , -1.996883442559681e+01, -2.036610635025360e+01, -1.311592374597186e+01
s449        , -2.213132573342666e+01, -2.212903198993512e+01, -1.573254539540607e+01
s450        , -2.393776981346641e+01, -2.280993294673070e+01, -1.674317235809160e+01
s451        , -1.778758837631850e+01, -1.788415338501258e+01, -9.432086086829123e+00
s452        , -2.093231028730361e+01, -2.084861327468512e+01, -1.383208444841505e+01
s453        , -1.913112365245808e+01, -1.904479800636781e+01, -1.115477238463923e+01
s454        , -1.694745233262931e+01, -1.740695426546997e+01, -8.723803491590624e+00
s455        , -1.959305905778561e+01, -1.939191016260276e+01, -1.166997345854852e+01
s456        , -1.690137029519855e+01, -1.736548424595098e+01, -8.662251632321359e+00
s457        , -1.744399185749123e+01, -1.732338251725418e+01, -8.599762158966962e+00
s458        , -2.020627098912283e+01, -2.033200712982952e+01, -1.306531199220181e+01
s459        , -1.884232545378780e+01, -1.898984236123142e+01, -1.107320449114119e+01
s460        , -2.233016805188693e+01, -2.249200477664521e+01, -1.627128760351908e+01
s461        , -1.623645396367353e+01, -1.626350644949505e+01, -7.026641545032993e+00
s462        , -2.313545884021418e+01, -2.279542696595583e+01, -1.672164186214358e+01
s463        , -2.090493117250811e+01, -2.040851977405363e+01, -1.317887585265392e+01
s464        , -1.633431188033305e+01, -1.677484193932150e+01, -7.785591033705503e+00
s465        , -1.999082968954132e+01, -2.040998703919254e+01, -1.318105364032774e+01
s466        , -1.900684695054017e+01, -1.811893386846800e+01, -9.780558922010680e+00
s467        , -1.783078222536251e+01, -1.794174088199306e+01, -9.517560305335053e+00
s468        , -1.945030486126850e+01, -1.840431443708346e+01, -1.020413491260208e+01
s469        , -2.270314762369042e+01, -2.258254956579167e+01, -1.640567866925166e+01
s470        , -2.119907484802825e+01, -2.123047866980070e+01, -1.439886800271725e+01
s471        , -1.972012875359749e+01, -1.984055710728245e+01, -1.233587750009021e+01
s472        , -1.766462305551830e+01, -1.784720825655475e+01, -9.377250295240465e+00
s473        , -2.127822401317911e+01, -2.144816694954526e+01, -1.472197174163083e+01
s474        , -1.654177405306909e+01, -1.680687247835506e+01, -7.833132347979761e+00
s475        , -2.297159509003216e+01, -2.356806655128217e+01, -1.786843184617264e+01
s476        , -2.252587602064435e+01, -2.233134134028358e+01, -1.603282296474266e+01
s477        , -2.178946083596680e+01, -2.082081033834118e+01, -1.379081795167923e+01
s478        , -1.788602657411998e+01, -1.794529822800391e+01, -9.522840294676076e+00
s479        , -1.952938513246325e+01, -1.899837876906760e+01, -1.108587465093112e+01
s480        , -2.203955610850313e+01, -2.200022025089930e+01, -1.554135662517337e+01
s481        , -1.615402914764109e+01, -1.728859379107373e+01, -8.548127006564027e+00
s482        , -2.215324565636576e+01, -2.192120176094776e+01, -1.542407346423974e+01
s483        , -2.217560840271064e+01, -2.197555956191179e+01, -1.550475400777293e+01
s484        , -2.403070638423247e+01, -2.431798884411047e+01, -1.898150369823463e+01
s485        , -1.896886917982663e+01, -1.912076416157376e+01, -1.126752511899283e+01
s486        , -2.293847835350512e+01, -2.324586139657748e+01, -1.739019897895318e+01
s487        , -1.935879902533930e+01, -1.969278744701832e+01, -1.211655044313816e+01
s488        , -2.071941340396909e+01, -2.041060013874637e+01, -1.318196363308618e+01
s489        , -2.120929532988995e+01, -2.102899025608448e+01, -1.409980890823652e+01
s490        , -2.336106814107168e+01, -2.330744872425856e+01, -1.748160994451733e+01
s491        , -1.878377211600346e+01, -1.863905414749311e+01, -1.055254723040735e+01
s492        , -2.196689093989351e+01, -2.213903310536562e+01, -1.574738954683531e+01
s493        , -2.118321097196467e+01, -2.051005497078897e+01, -1.332957942629147e+01
s494        , -2.014379663919148e+01, -2.006181356438548e+01, -1.266427730476802e+01
s495        , -1.971897958689983e+01, -1.968531299991925e+01, -1.210545649813177e+01
s496        , -2.171934681583978e+01, -2.163096170826426e+01, -1.499328478643608e+01
s497        , -1.930074135275753e+01, -1.922877495155429e+01, -1.142784008921846e+01
s498        , -2.146882601091719e+01, -2.181613315930011e+01, -1.526812543582675e+01
s499        , -1.852368794388046e+01, -1.835480566238580e+01, -1.013065153429336e+01
s500        , -2.050589701281523e+01, -2.059384786113137e+01, -1.345394898902480e+01
s501        , -2.141899489528082e+01, -2.122010644159196e+01, -1.438347302730084e+01
s502        , -1.777920620854658e+01, -1.783541214922372e+01, -9.359741927827423e+00
s503        , -2.264989988763092e+01, -2.286914628264377e+01, -1.683105972735882e+01
s504        , -1.994570445298742e+01, -1.999058267995342e+01, -1.255855289409636e+01
s505        , -2.256898602446125e+01, -2.248251620423522e+01, -1.625720419385543e+01
s506        , -2.050664132584332e+01, -2.015885408080760e+01, -1.280830965101505e+01
s507        , -2.255451727781655e+01, -2.163191424115200e+01, -1.499469858297959e+01
s508        , -2.063695726234980e+01, -2.077919294199527e+01, -1.372904734841576e+01
s509        , -2.049565878814769e+01, -2.042782676696907e+01, -1.320753224888010e+01
s510        , -1.886667658587990e+01, -1.897307809191173e+01, -1.104832213135727e+01
s511        , -2.270091090950000e+01, -2.309733054635552e+01, -1.716974212612196e+01
s512        , -2.052865138648571e+01, -2.067762242789669e+01, -1.357829135499648e+01
s513        , -1.872228566034903e+01, -1.896469241748301e+01, -1.103587569756484e+01
s514        , -2.338235400416073e+01, -2.345871025001968e+01, -1.770611980138487e+01
s515        , -2.063189590001077e+01, -2.073673741575000e+01, -1.366603275119680e+01
s516        , -2.353360034901451e+01, -2.338432368005979e+01, -1.759571156577751e+01
s517        , -2.274108402549141e+01, -2.259266804077535e+01, -1.642069701154904e+01
s518        , -2.095244706423326e+01, -2.124886869818630e+01, -1.442616339472037e+01
s519        , -2.165153402286209e+01, -2.094558584509927e+01, -1.397601594582795e+01
s520        , -1.917430642162448e+01, -1.993862886943246e+01, -1.248144047238111e+01
s521        , -2.048146586988528e+01, -1.930913227831117e+01, -1.154711041812507e+01
s522        , -1.837039701152461e+01, -1.884053047332191e+01, -1.085158838344620e+01
s523        , -2.237538522976599e+01, -2.236518865076307e+01, -1.608306082128196e+01
s524        , -2.219430447580721e+01, -2.179927659890102e+01, -1.524310609304652e+01
s525        , -2.096151325596525e+01, -2.051607626547261e+01, -1.333851653042801e+01
s526        , -2.193172581512368e+01, -2.188175614677159e+01, -1.536552632776082e+01
s527        , -2.063376120076111e+01, -2.064898781812906e+01, -1.353579044732653e+01
s528        , -1.776721144005281e+01, -1.756177081581734e+01, -8.953589892225660e+00
s529        , -2.226349149791107e+01, -2.284419760662704e+01, -1.679402966532972e+01
s530        , -2.300566448791293e+01, -2.307253806159068e+01, -1.713294389089369e+01
s531        , -1.846679125419261e+01, -1.785860792470100e+01, -9.394170247957938e+00
s532        , -1.859817726729017e+01, -1.923383914105924e+01, -1.143535661039055e+01
s533        , -2.134099683522431e+01, -2.214218438958137e+01, -1.575206683912538e+01
s534        , -2.286936511308830e+01, -2.307921823441011e+01, -1.714285893462999e+01
s535        , -1.777040539985326e+01, -1.829003766328697e+01, -1.003451965849673e+01
s536        , -1.995222678224889e+01, -2.003882467371732e+01, -1.263015605332961e+01
s537        , -2.015268820600640e+01, -2.083798927891031e+01, -1.381631578709314e+01
s538        , -1.740140208992538e+01, -1.817398744631602e+01, -9.862272172095329e+00
s539        , -1.924950405987826e+01, -1.988882024771726e+01, -1.240751204626099e+01
s540        , -2.157643164881004e+01, -2.134739265456060e+01, -1.457239753610112e+01
s541        , -1.586673793577160e+01, -1.660631613087692e+01, -7.535456672426284e+00
s542        , -2.009907109345192e+01, -2.007276930468654e+01, -1.268053835776541e+01
s543        , -1.879069098033760e+01, -1.853181765148791e+01, -1.039338150569343e+01
s544        , -2.248614661420541e+01, -2.179435655006959e+01, -1.523580351260932e+01
s545        , -1.987972862262733e+01, -2.006319194888314e+01, -1.266632317138691e+01
s546        , -2.126472237694319e+01, -2.074150470662263e+01, -1.367310860069702e+01
s547        , -1.738356621674509e+01, -1.732058536773239e+01, -8.595610490949506e+00
s548        , -1.943625792183643e+01, -1.989015430781541e+01, -1.240949212440830e+01
s549        , -2.233202963006129e+01, -2.258803485846968e+01, -1.641382021263370e+01
s550        , -2.412763530103872e+01, -2.412845333961928e+01, -1.870018570431306e+01
s551        , -1.731823103856605e+01, -1.748652796886112e+01, -8.841910727841695e+00
s552        , -2.060923402045430e+01, -2.124434912027088e+01, -1.441945521307415e+01
s553        , -1.992869680942914e+01, -1.987124135865687e+01, -1.238142058746485e+01
s554        , -1.812921854031919e+01, -1.798427119539922e+01, -9.580685905366542e+00
s555        , -2.102602816640752e+01, -2.001506842282167e+01, -1.259489584779185e+01
s556        , -1.941820686683750e+01, -1.949974298968265e+01, -1.183002428741270e+01
s557        , -2.190718211184164e+01, -2.155541946563548e+01, -1.488116124414930e+01
s558        , -1.909304407213536e+01, -1.901843160460921e+01, -1.111563806376583e+01
s559        , -2.023025085829861e+01, -2.035625798736819e+01, -1.310130631744430e+01
s560        , -2.107002513254548e+01, -2.116024914090178e+01, -1.429462985358031e+01
s561        , -2.121559386756793e+01, -2.098847089549661e+01, -1.403966806409144e+01
s562        , -1.764234380631898e+01, -1.811652284842322e+01, -9.776980366509315e+00
s563        , -1.646928563220792e+01, -1.749578171436985e+01, -8.855645595774563e+00
s564        , -1.863449571719480e+01, -1.811544144004875e+01, -9.775375286578077e+00
s565        , -2.028655126138008e+01, -2.039776713798707e+01, -1.316291625703233e+01
s566        , -1.821002786093300e+01, -1.831918755351887e+01, -1.007778537098204e+01
s567        , -2.066943738863287e+01, -2.106723297309125e+01, -1.415657064509071e+01
s568        , -2.062629415098700e+01, -2.074056728404817e+01, -1.367171723162973e+01
s569        , -2.065075063553067e+01, -2.124045090028144e+01, -1.441366928167179e+01
s570        , -2.031634942577389e+01, -2.036005868053494e+01, -1.310694749470052e+01
s571        , -2.047206271335130e+01, -2.026701669711651e+01, -1.296884996940561e+01
s572        , -2.393038589894997e+01, -2.402822921806332e+01, -1.855142809346669e+01
s573        , -1.926109501090367e+01, -1.881343814342028e+01, -1.081137660402763e+01
s574        , -2.085894290369713e+01, -2.115144942587307e+01, -1.428156888019908e+01
s575        , -2.021973442813006e+01, -2.081413839513386e+01, -1.378091512274130e+01
s576        , -1.844714179521902e+01, -1.846755113145156e+01, -1.029799394998729e+01
s577        , -1.949977509463960e+01, -1.926155636835250e+01, -1.147649589350345e+01
s578        , -2.108198153892643e+01, -2.082696163775712e+01, -1.379994801528577e+01
s579        , -2.029210259566103e+01, -2.048597409604225e+01, -1.329383739793741e+01
s580        , -2.195204710511243e+01, -2.218429260739205e+01, -1.581456594394436e+01
s581        , -2.000078291173359e+01, -2.040275147894890e+01, -1.317031426303743e+01
s582        , -2.354247422413414e+01, -2.318894406828408e+01, -1.730571945804306e+01
s583        , -1.881717670098672e+01, -1.927291390110318e+01, -1.149335330677752e+01
s584        , -2.079214981383572e+01, -2.057428829368320e+01, -1.342491770915319e+01
s585        , -2.214462266832296e+01, -2.242018312222541e+01, -1.616468634273818e+01
s586        , -1.671124709479596e+01, -1.682061500816580e+01, -7.853529692150937e+00
s587        , -1.722924462132460e+01, -1.691549843571482e+01, -7.994360380132845e+00
s588        , -2.306180681354529e+01, -2.262677353126448e+01, -1.647131807166054e+01
s589        , -2.054966159202169e+01, -2.118125574791484e+01, -1.432580890132587e+01
s590        , -2.302597507766974e+01, -2.323507025489906e+01, -1.737418223139316e+01
s591        , -2.031576031139625e+01, -2.045193264628280e+01, -1.324331139025237e+01
s592        , -1.675983730084032e+01, -1.618608084837311e+01, -6.911722628683965e+00
s593        , -1.833051427645905e+01, -1.865705415489090e+01, -1.057926373392111e+01
s594        , -1.700453572465554e+01, -1.731153951817272e+01, -8.582184192492788e+00
s595        , -2.121342929627275e+01, -2.089003446069284e+01, -1.389356382656546e+01
s596        , -1.895402289388661e+01, -1.891026410012317e+01, -1.095509049010040e+01
s597        , -2.389559541191659e+01, -2.394044546070715e+01, -1.842113508802355e+01
s598        , -1.923753651242740e+01, -1.934715503543142e+01, -1.160354567960894e+01
s599        , -2.358158831573873e+01, -2.345407692982103e+01, -1.769924279780194e+01
s600        , -1.942143232536245e+01, -1.968030153912634e+01, -1.209801823952866e+01
s601        , -2.073803555561576e+01, -2.032728525431975e+01, -1.305830355043506e+01
s602        , -1.821856306700227e+01, -1.769045050103434e+01, -9.144582661632551e+00
s603        , -1.722454836479658e+01, -1.758084349587113e+01, -8.981898509684129e+00
s604        , -1.805154515236764e+01, -1.772070503983021e+01, -9.189487948290710e+00
s605        , -2.021935755598555e+01, -1.947342848705386e+01, -1.179096699780120e+01
s606        , -1.827906736534894e+01, -1.890061211095045e+01, -1.094076452917444e+01
s607        , -2.237721630921111e+01, -2.245762355862264e+01, -1.622025729493044e+01
s608        , -2.098562136420296e+01, -2.123500928492154e+01, -1.440559256633105e+01
s609        , -1.946776205882490e+01, -1.964147589161367e+01, -1.204039128831289e+01
s610        , -2.069261977150295e+01, -2.043416085043401e+01, -1.321693360963557e+01
s611        , -2.170289912291919e+01, -2.118862450338133e+01, -1.433674597357045e+01
s612        , -1.930046031145336e+01, -1.910321996283078e+01, -1.124148514928591e+01
s613        , -2.385958137896088e+01, -2.394651840841122e+01, -1.843014885813426e+01
s614        , -1.933674081040147e+01, -1.946147976316892e+01, -1.177323210933131e+01
s615        , -1.973716697922491e+01, -1.973000038099035e+01, -1.217178372495019e+01
s616        , -1.815004309366292e+01, -1.784207270064605e+01, -9.369627848513209e+00
s617        , -1.832352306169715e+01, -1.781301961669863e+01, -9.326505820715486e+00
s618        , -1.700993990522181e+01, -1.723303707264669e+01, -8.465666970283664e+00
s619        , -2.331208521979489e+01, -2.281850114732048e+01, -1.675588970626288e+01
s620        , -2.294394567846179e+01, -2.341288687096372e+01, -1.763810647002865e+01
s621        , -2.117716243218820e+01, -2.143024290755538e+01, -1.469536798974225e+01
s622        , -2.002792552777272e+01, -1.946382766447040e+01, -1.177671698086414e+01
s623        , -1.988853831837967e+01, -1.978320190375179e+01, -1.225074806304081e+01
s624        , -2.364575476956619e+01, -2.323125901246593e+01, -1.736852539639268e+01
s625        , -2.144171537166414e+01, -2.096315480446943e+01, -1.400209266648549e+01
s626        , -2.037069722396305e+01, -2.025775744292648e+01, -1.295510692521480e+01
s627        , -1.998545144661707e+01, -2.011953493711588e+01, -1.274995022830024e+01
s628        , -2.158119065398551e+01, -2.157537928828107e+01, -1.491078660263167e+01
s629        , -1.843917864187274e+01, -1.787635725948503e+01, -9.420514690748695e+00
s630        , -1.962256463480217e+01, -1.993859391246527e+01, -1.248138858751707e+01
s631        , -2.101091990223662e+01, -2.078129279480488e+01, -1.373216405407740e+01
s632        , -2.022844039713042e+01, -1.986053785277850e+01, -1.236553391330469e+01
s633        , -2.473876586737651e+01, -2.472017897068548e+01, -1.957845422677476e+01
s634        , -2.051539403555230e+01, -2.049065040028708e+01, -1.330077820057307e+01
s635        , -2.382235458298951e+01, -2.396821061978306e+01, -1.846234551386497e+01
s636        , -1.910586081968059e+01, -1.941476114478820e+01, -1.170389001937867e+01
s637        , -1.917066616024459e+01, -1.919128028430925e+01, -1.137218864491284e+01
s638        , -2.192001400012589e+01, -2.173288616793239e+01, -1.514456612342014e+01
s639        , -2.010078758798683e+01, -1.962667851087214e+01, -1.201842828208524e+01
s640        , -1.983289623130970e+01, -1.973254178001939e+01, -1.217555579540486e+01
s641        , -2.307886864739055e+01, -2.296888502055534e+01, -1.697909690773236e+01
s642        , -2.260273435105626e+01, -2.265641415655800e+01, -1.651531215745749e+01
s643        , -2.012782689900612e+01, -1.998357542116312e+01, -1.254815237314347e+01
s644        , -1.902512926743999e+01, -1.811087836223190e+01, -9.768602540221179e+00
s645        , -2.049081123370357e+01, -2.019978056876209e+01, -1.286905477378516e+01
s646        , -2.159630341817387e+01, -2.217820716478749e+01, -1.580553362828279e+01
s647        , -2.046804100673445e+01, -2.042025321679398e+01, -1.319629121017425e+01
s648        , -2.112203592795417e+01, -2.131507185536414e+01, -1.452442540330046e+01
s649        , -2.130712394597167e+01, -2.207143812941324e+01, -1.564706173181644e+01
s650        , -1.872664219670308e+01, -1.836885356833569e+01, -1.015150213287240e+01
s651        , -2.286060777226206e+01, -2.348888901943974e+01, -1.775091262737841e+01
s652        , -2.513277458672901e+01, -2.510895214026030e+01, -2.015549064245273e+01
s653        , -2.212366926194319e+01, -2.174817584758938e+01, -1.516725982410886e+01
s654        , -2.219498706816524e+01, -2.214988996380771e+01, -1.576350383447454e+01
s655        , -2.136195741190379e+01, -2.129907961567871e+01, -1.450068892818095e+01
s656        , -2.204727614381470e+01, -2.176494177987170e+01, -1.519214465214436e+01
s657        , -2.036339525797458e+01, -2.010444421226807e+01, -1.272755182620451e+01
s658        , -1.602366185676991e+01, -1.592201160138992e+01, -6.519777958385314e+00
s659        , -1.871169938684588e+01, -1.890695660962407e+01, -1.095018134869906e+01
s660        , -2.183022460938435e+01, -2.124776614072265e+01, -1.442452692426229e+01
s661        , -2.183692812512830e+01, -2.228703147609517e+01, -1.596705606720079e+01
s662        , -1.575332316936146e+01, -1.560006447965397e+01, -6.041928076492683e+00
s663        , -2.161244100467384e+01, -2.177050498654894e+01, -1.520040183934743e+01
s664        , -1.792030659393350e+01, -1.783206541447914e+01, -9.354774538171005e+00
s665        , -2.036353189911458e+01, -2.015553962026706e+01, -1.280339016433260e+01
s666        , -1.896012969757172e+01, -1.837406963770199e+01, -1.015924408166569e+01
s667        , -1.834472710605888e+01, -1.889986238996326e+01, -1.093965175611019e+01
s668        , -2.315183675604283e+01, -2.267064225961501e+01, -1.653643021351804e+01
s669        , -2.168824836514504e+01, -2.106423741124816e+01, -1.415212448366767e+01
s670        , -1.765957516951316e+01, -1.778624157950087e+01, -9.286760530112277e+00
s671        , -1.925271531654228e+01, -1.966458713992679e+01, -1.207469414903507e+01
s672        , -2.010246672918431e+01, -1.982943156387520e+01, -1.231936441690288e+01
s673        , -2.045224673553428e+01, -2.052341368870278e+01, -1.334940709781384e+01
s674        , -1.961862741224291e+01, -1.953535205585897e+01, -1.188287702911424e+01
s675        , -1.819835804307071e+01, -1.828255494420483e+01, -1.002341343580291e+01
s676        , -2.030955144796039e+01, -2.035294390445099e+01, -1.309638739124913e+01
s677        , -1.708028116046972e+01, -1.717334036370552e+01, -8.377062154799980e+00
s678        , -1.996975063415185e+01, -1.970165059801928e+01, -1.212970557133489e+01
s679        , -2.075675552323975e+01, -2.056455070016765e+01, -1.341046469001689e+01
s680        , -1.844365265503332e+01, -1.854232078593441e+01, -1.040897077863893e+01
s681        , -1.908965101407623e+01, -1.919878534167844e+01, -1.138332802319996e+01
s682        , -2.132701003782740e+01, -2.150584057452603e+01, -1.480757379558545e+01
s683        , -2.134055790648813e+01, -2.029522306027938e+01, -1.301071525223008e+01
s684        , -2.228765611405496e+01, -2.228860120874967e+01, -1.596938594224210e+01
s685        , -2.220524684044785e+01, -2.254654333786557e+01, -1.635223644038776e+01
s686        , -2.092862014660340e+01, -2.098733332204926e+01, -1.403797962117408e+01
s687        , -2.266843571203506e+01, -2.231633399638457e+01, -1.601054832078563e+01
s688        , -1.791243182954496e+01, -1.842018263754215e+01, -1.022768728255074e+01
s689        , -2.022924986754604e+01, -2.039771445730047e+01, -1.316283806574511e+01
s690        , -1.926971843911773e+01, -1.878108858867153e+01, -1.076336179081042e+01
s691        , -1.839442212707931e+01, -1.858887499667376e+01, -1.047806884661809e+01
s692        , -1.811967055159425e+01, -1.830661678931088e+01, -1.005912721942070e+01
s693        , -1.897178714286070e+01, -1.918309623182254e+01, -1.136004146840419e+01
s694        , -2.117746495604092e+01, -2.066643610916235e+01, -1.356168806605512e+01
s695        , -2.262578130233349e+01, -2.287507650839073e+01, -1.683986166246388e+01
s696        , -2.110358706695218e+01, -2.053975703514039e+01, -1.337366470298462e+01
s697        , -2.080079623838923e+01, -2.062448130266190e+01, -1.349941666190972e+01
s698        , -2.284382050270110e+01, -2.324151184398472e+01, -1.738374315732158e+01
s699        , -1.710021253686445e+01, -1.743883473062861e+01, -8.771122058778278e+00
s700        , -1.768315556313765e+01, -1.765685920265040e+01, -9.094724790939884e+00
s701        , -1.903295584190279e+01, -1.917588060684673e+01, -1.134933168002688e+01
s702        , -1.837939645173277e+01, -1.857928819127278e+01, -1.046383963467830e+01
s703        , -2.091048572489854e+01, -2.001865418843536e+01, -1.260021801891659e+01
s704        , -2.101614044515869e+01, -2.095798620916475e+01, -1.399442118104846e+01
s705        , -1.998067347119072e+01, -1.952628625782371e+01, -1.186942112214089e+01
s706        , -2.205053681559340e+01, -2.189367213261407e+01, -1.538321262480478e+01
s707        , -2.095566328486310e+01, -2.091432257480811e+01, -1.392961344986632e+01
s708        , -2.098548818691052e+01, -2.121439373892895e+01, -1.437499395074290e+01
s709        , -2.115794840593145e+01, -2.157602958046749e+01, -1.491175179853961e+01
s710        , -2.144561556804213e+01, -2.138574336715988e+01, -1.462931956536868e+01
s711        , -2.158487030708884e+01, -2.157420659050421e+01, -1.490904602644279e+01
s712        , -1.701606937532507e+01, -1.728717024197235e+01, -8.546014104400800e+00
s713        , -2.069677260469373e+01, -2.060652507214919e+01, -1.347276513421949e+01
s714        , -1.667903695847065e+01, -1.637718681802512e+01, -7.195371584869038e+00
s715        , -1.903979308955687e+01, -1.924487691817222e+01, -1.145173942649202e+01
s716        , -1.775292931769286e+01, -1.765787966290019e+01, -9.096239408642347e+00
s717        , -1.980553907801730e+01, -2.034103101087468e+01, -1.307870568389997e+01
s718        , -2.205506805307129e+01, -2.253949398500610e+01, -1.634177344133018e+01
s719        , -2.211926724507942e+01, -2.228888503980771e+01, -1.596980721837227e+01
s720        , -2.227273745316376e+01, -2.263738125010167e+01, -1.648706257394454e+01
s721        , -1.785735939085095e+01, -1.796946024844347e+01, -9.558702763491063e+00
s722        , -2.185625504194673e+01, -2.158386245721575e+01, -1.492337774260414e+01
s723        , -2.033801839240394e+01, -2.039098437520788e+01, -1.315284894419082e+01
s724        , -2.101306363073858e+01, -2.097801704992870e+01, -1.402415194814354e+01
s725        , -1.977835943733275e+01, -1.999114036234564e+01, -1.255938063395568e+01
s726        , -1.782642809085736e+01, -1.756020148614365e+01, -8.951260615308444e+00
s727        , -2.098840179836340e+01, -2.107136278065168e+01, -1.416270031024923e+01
s728        , -2.135488943619893e+01, -2.112297504034956e+01, -1.423930578529699e+01
s729        , -1.830313789299144e+01, -1.892791065976304e+01, -1.098128238892607e+01
s730        , -1.974102380594271e+01, -1.948146649394192e+01, -1.180289740619062e+01
s731        , -1.858542568590836e+01, -1.786188264219093e+01, -9.399030746034020e+00
s732        , -1.728575125425960e+01, -1.804190794308484e+01, -9.666233224211146e+00
s733        , -2.189672381410002e+01, -2.200595447436208e+01, -1.554986764396945e+01
s734        , -1.907291800543370e+01, -1.904637186021010e+01, -1.115710837655182e+01
s735        , -2.104653345651221e+01, -2.031662905607622e+01, -1.304248709261231e+01
s736        , -1.839280423093862e+01, -1.867252678187204e+01, -1.060222897409982e+01
s737        , -2.165426899727042e+01, -2.115856726006432e+01, -1.429213352264494e+01
s738        , -1.806822955624155e+01, -1.821178467983267e+01, -9.918372700264101e+00
s739        , -1.955458939471557e+01, -1.975844253691554e+01, -1.221399898308433e+01
s740        , -1.834079412742093e+01, -1.817110767285174e+01, -9.857997869525505e+00
s741        , -2.108323768665554e+01, -2.087479899724144e+01, -1.387095059625740e+01
s742        , -1.784982580383593e+01, -1.814210690668345e+01, -9.814953494369766e+00
s743        , -2.007117762213282e+01, -1.993355374652699e+01, -1.247390772331383e+01
s744        , -2.048858578542649e+01, -2.069135573072028e+01, -1.359867500401579e+01
s745        , -2.120349313282904e+01, -2.110075229931078e+01, -1.420632169112820e+01
s746        , -1.892251493836264e+01, -1.872973998482795e+01, -1.068714764685504e+01
s747        , -2.116880416688591e+01, -2.068396653808183e+01, -1.358770759790723e+01
s748        , -2.167842994358758e+01, -2.126388758667620e+01, -1.444845517373167e+01
s749        , -2.059667445248301e+01, -2.051182181218649e+01, -1.333220185990285e+01
s750        , -2.032384862658092e+01, -2.066360300980091e+01, -1.355748303950308e+01
s751        , -2.236553637276776e+01, -2.152778343597570e+01, -1.484014247859022e+01
s752        , -1.716732359631470e+01, -1.742673335505381e+01, -8.753160597101052e+00
s753        , -2.206691124025960e+01, -2.214536530790086e+01, -1.575678811582164e+01
s754        , -1.859855862913608e+01, -1.882611290331133e+01, -1.083018911113842e+01
s755        , -2.251644582892857e+01, -2.196419046962143e+01, -1.548787943725688e+01
s756        , -2.026279534630465e+01, -2.034004391091865e+01, -1.307724058119968e+01
s757        , -1.901185247831666e+01, -1.923808709749937e+01, -1.144166163797477e+01
s758        , -1.866312886885699e+01, -1.897685353440302e+01, -1.105392583030892e+01
s759        , -2.105033567951521e+01, -2.148551861891654e+01, -1.477741094140165e+01
s760        , -1.976737462921502e+01, -1.971450366894968e+01, -1.214878273653187e+01
s761        , -2.282845273202710e+01, -2.279367606793524e+01, -1.671904309248280e+01
s762        , -1.737428124739802e+01, -1.681854827334964e+01, -7.850462141857331e+00
s763        , -2.048674857080450e+01, -2.054735839207816e+01, -1.338494701386646e+01
s764        , -1.996103637141938e+01, -1.955727869524328e+01, -1.191542163452520e+01
s765        , -1.985538741097363e+01, -2.001378503764003e+01, -1.259299098386835e+01
s766        , -1.902823974868692e+01, -1.903942723390479e+01, -1.114680081783879e+01
s767        , -2.019726225103009e+01, -1.987191025559073e+01, -1.238241339746147e+01
s768        , -2.180287541987858e+01, -2.125127159168352e+01, -1.442972988839690e+01
s769        , -2.332774774981945e+01, -2.361548504762467e+01, -1.793881272969976e+01
s770        , -2.255011500408412e+01, -2.250637342388757e+01, -1.629261426222844e+01
s771        , -1.837836194936116e+01, -1.795166055089348e+01, -9.532283569785823e+00
s772        , -2.036442085092615e+01, -2.053730220028561e+01, -1.337002111536968e+01
s773        , -2.207703951964118e+01, -2.211862578017393e+01, -1.571709998288453e+01
s774        , -2.410464814655394e+01, -2.383469827794633e+01, -1.826417987587485e+01
s775        , -2.145476048405246e+01, -2.057783018785393e+01, -1.343017476410691e+01
s776        , -1.783304251394927e+01, -1.791735276871146e+01, -9.481362258313062e+00
s777        , -1.926023008452307e+01, -1.974294118162845e+01, -1.219099110292944e+01
s778        , -1.976550707196644e+01, -1.978159048817100e+01, -1.224835632013344e+01
s779        , -2.301809423461469e+01, -2.265017485694737e+01, -1.650605147959848e+01
s780        , -1.989864127452180e+01, -2.005280507573453e+01, -1.265090645922458e+01
s781        , -1.803783397921168e+01, -1.768044701102362e+01, -9.129734985733601e+00
s782        , -2.003060740563550e+01, -2.006598407604358e+01, -1.267046738496662e+01
s783        , -2.170310297580588e+01, -2.080017676298903e+01, -1.376019257602163e+01
s784        , -1.828106793020000e+01, -1.890387172903895e+01, -1.094560261597021e+01
s785        , -1.904288077315707e+01, -1.922345876141303e+01, -1.141994953620646e+01
s786        , -2.022975758111321e+01, -1.986791704186946e+01, -1.237648647165205e+01
s787        , -1.858814151939532e+01, -1.959195687641384e+01, -1.196689271054307e+01
s788        , -1.926046054059691e+01, -1.972498271485589e+01, -1.216433625607146e+01
s789        , -2.212378523930028e+01, -2.229133988223388e+01, -1.597345081722504e+01
s790        , -2.174169856486492e+01, -2.179488430694398e+01, -1.523658683553121e+01
s791        , -1.907773631846257e+01, -1.929510676459975e+01, -1.152629305521669e+01
s792        , -2.217884458062024e+01, -2.168006644041041e+01, -1.506616846475531e+01
s793        , -2.046845693654859e+01, -1.935167781223048e+01, -1.161025860919688e+01
s794        , -1.973890233992908e+01, -1.900022018925089e+01, -1.108860777807435e+01
s795        , -2.098054198937622e+01, -2.088217787961999e+01, -1.388190269936700e+01
s796        , -1.872193723420701e+01, -1.887014787519858e+01, -1.089554799989633e+01
s797        , -1.738396768625594e+01, -1.826535641099791e+01, -9.997886520024499e+00
s798        , -1.812351947027918e+01, -1.835781117560516e+01, -1.013511246604249e+01
s799        , -2.115781411801412e+01, -1.955554353269892e+01, -1.191284622023849e+01
s800        , -2.197753832223543e+01, -2.194206543342032e+01, -1.545504036145287e+01
s801        , -2.000340332694237e+01, -2.060114799076514e+01, -1.346478420340564e+01
s802        , -2.346278750692302e+01, -2.326716960282344e+01, -1.742182567523508e+01
s803        , -2.201425716118592e+01, -2.205520175964894e+01, -1.562296290672865e+01
s804        , -1.618324989548500e+01, -1.634649480222476e+01, -7.149816973148429e+00
s805        , -2.141738653455062e+01, -2.053905166158837e+01, -1.337261775258263e+01
s806        , -2.157933013723432e+01, -2.164822237991853e+01, -1.501890393117918e+01
s807        , -1.912040169626662e+01, -1.976667973232928e+01, -1.222622503696037e+01
s808        , -2.304047586711122e+01, -2.233557859958381e+01, -1.603911211510142e+01
s809        , -2.047218776779852e+01, -2.037727508476240e+01, -1.313250093553373e+01
s810        , -2.119146876442327e+01, -2.172725545349805e+01, -1.513620873785660e+01
s811        , -2.180116494254657e+01, -2.194970943116879e+01, -1.546638596194030e+01
s812        , -2.372646511684069e+01, -2.334047020026821e+01, -1.753062205658734e+01
s813        , -2.269928091374550e+01, -2.245969690376706e+01, -1.622333465660103e+01
s814        , -1.832573741415099e+01, -1.891756274068383e+01, -1.096592349432509e+01
s815        , -2.057906464758977e+01, -2.009526129166181e+01, -1.271392208010376e+01
s816        , -1.808215553271357e+01, -1.783060867697903e+01, -9.352612376140712e+00
s817        , -2.152086258044021e+01, -2.146939573186258e+01, -1.475348055297959e+01
s818        , -2.057353864229959e+01, -2.093119448921561e+01, -1.395465558182717e+01
s819        , -2.244567325669163e+01, -2.263164467525704e+01, -1.647854806511094e+01
s820        , -2.103220827040201e+01, -2.119842675058420e+01, -1.435129495491532e+01
s821        , -2.251724700203312e+01, -2.293203019807873e+01, -1.692439515275886e+01
s822        , -1.967652212859418e+01, -1.989948996807761e+01, -1.242334857428003e+01
s823        , -1.898228811729100e+01, -1.915201387948624e+01, -1.131390749984201e+01
s824        , -2.375965705343503e+01, -2.405708379003597e+01, -1.859425547994818e+01
s825        , -2.074394606294202e+01, -2.013173239699550e+01, -1.276805430306704e+01
s826        , -2.229590893513048e+01, -2.236051502141536e+01, -1.607612398886125e+01
s827        , -2.030439908572953e+01, -1.867717485161047e+01, -1.060912786968105e+01
s828        , -2.126632247755481e+01, -2.092505136738027e+01, -1.394553765579124e+01
s829        , -1.836528680868646e+01, -1.750125628967569e+01, -8.863771231901406e+00
s830        , -2.038358031572328e+01, -2.040923224654054e+01, -1.317993333964709e+01
s831        , -2.014217587228185e+01, -2.003433085604899e+01, -1.262348610631943e+01
s832        , -1.638297894992474e+01, -1.735759381630467e+01, -8.650540265391774e+00
s833        , -2.087813803835245e+01, -2.072828821962747e+01, -1.365349203535667e+01
s834        , -2.163260872857058e+01, -2.155666149277997e+01, -1.488300472242331e+01
s835        , -1.845033213930005e+01, -1.825012045127959e+01, -9.975272553132484e+00
s836        , -2.085703068105029e+01, -2.061328295742392e+01, -1.348279552263533e+01
s837        , -1.604298594536770e+01, -1.654697035814186e+01, -7.447372733860949e+00
s838        , -1.819387371328009e+01, -1.761216946272589e+01, -9.028394062994284e+00
s839        , -2.199016371973259e+01, -2.136937349227606e+01, -1.460502258536261e+01
s840        , -1.816847175772266e+01, -1.862446126658132e+01, -1.053088775296718e+01
s841        , -2.076446728280485e+01, -2.050431398884383e+01, -1.332105837622075e+01
s842        , -1.719569444321167e+01, -1.747685357909627e+01, -8.827551518846157e+00
s843        , -1.999816334280537e+01, -1.972518164379902e+01, -1.216463151627277e+01
s844        , -1.581596700213373e+01, -1.586719520022550e+01, -6.438416737694921e+00
s845        , -2.003183538643507e+01, -2.010946940993144e+01, -1.273501047375191e+01
s846        , -2.166933569232110e+01, -2.111200001648270e+01, -1.422301611067506e+01
s847        , -2.001719781047365e+01, -1.988248202796370e+01, -1.239810454622086e+01
s848        , -1.670780899311153e+01, -1.711547186176929e+01, -8.291170854805035e+00
s849        , -2.103364362191806e+01, -2.136697772974345e+01, -1.460146667581736e+01
s850        , -1.674889176362534e+01, -1.634585176302259e+01, -7.148862542479339e+00
s851        , -1.887785873496733e+01, -1.945197123452117e+01, -1.175911907963004e+01
s852        , -1.916613881673827e+01, -1.974964869859615e+01, -1.220094673220647e+01
s853        , -2.151831650372089e+01, -2.136799796435211e+01, -1.460298095861205e+01
s854        , -2.092228526657664e+01, -2.057437361100050e+01, -1.342504434134600e+01
s855        , -1.984690981488844e+01, -1.987569971618164e+01, -1.238803790277165e+01
s856        , -1.857995804240183e+01, -1.845631505687407e+01, -1.028131681095638e+01
s857        , -2.294003947989728e+01, -2.336651847997926e+01, -1.756928420494360e+01
s858        , -2.107902559750898e+01, -2.137476304647922e+01, -1.461302202895305e+01
s859        , -1.829183386036745e+01, -1.860405064857824e+01, -1.050059330166245e+01
s860        , -2.148418071954308e+01, -2.110916244006960e+01, -1.421880443906094e+01
s861        , -2.060440939951398e+01, -2.022107627042686e+01, -1.290066291014762e+01
s862        , -1.983634035476443e+01, -1.950230888644847e+01, -1.183383271862303e+01
s863        , -2.017821382918477e+01, -2.087758269634420e+01, -1.387508230049600e+01
s864        , -2.145828954671971e+01, -2.070983478192165e+01, -1.362610252809631e+01
s865        , -2.179521899962700e+01, -2.188107749014971e+01, -1.536451903195132e+01
s866        , -2.240641608733365e+01, -2.216444240409501e+01, -1.578510328793460e+01
s867        , -1.970162478711471e+01, -1.961184155817091e+01, -1.199640654119282e+01
s868        , -1.579821539399930e+01, -1.552855012642943e+01, -5.935782927383373e+00
s869        , -1.927595790821999e+01, -1.946516674716674e+01, -1.177870451380072e+01
s870        , -1.834436146157947e+01, -1.862354378280021e+01, -1.052952597804564e+01
s871        , -1.954632707936713e+01, -1.954227931725137e+01, -1.189315881396247e+01
s872        , -2.222687656829416e+01, -2.217033401076279e+01, -1.579384790268741e+01
s873        , -2.174135075548704e+01, -2.131494658110505e+01, -1.452423946503338e+01
s874        , -2.306987923711809e+01, -2.356261229482504e+01, -1.786033636828856e+01
s875        , -2.178123430913379e+01, -2.185316986332487e+01, -1.532309714841266e+01
s876        , -2.287277527114560e+01, -2.264108449881545e+01, -1.649255911931186e+01
s877        , -2.189016288213647e+01, -2.155765755727042e+01, -1.488448313073010e+01
s878        , -1.876974537203656e+01, -1.859826209644578e+01, -1.049200164556094e+01
s879        , -1.761744622782913e+01, -1.755098601023322e+01, -8.937582549010971e+00
s880        , -1.792977215528789e+01, -1.860440578110255e+01, -1.050112040696435e+01
s881        , -2.116921283478955e+01, -1.960416331621156e+01, -1.198501011374959e+01
s882        , -1.809005639564229e+01, -1.842034979380195e+01, -1.022793538416001e+01
s883        , -1.958200153707774e+01, -1.996914421138164e+01, -1.252673285601139e+01
s884        , -1.866641101726497e+01, -1.912277185574484e+01, -1.127050503823346e+01
s885        , -1.949202935470739e+01, -1.989099083708484e+01, -1.241073374262945e+01
s886        , -1.753621319174707e+01, -1.738323515448358e+01, -8.688598410947781e+00
s887        , -2.072504645987743e+01, -2.024618577908181e+01, -1.293793168795328e+01
s888        , -2.163711888094086e+01, -2.190588530056533e+01, -1.540134001427040e+01
s889        , -1.784767272504274e+01, -1.769795057968279e+01, -9.155714650255472e+00
s890        , -2.036577167825686e+01, -2.091411325030360e+01, -1.392930276005734e+01
s891        , -1.925489904031788e+01, -1.921552548186159e+01, -1.140817456932297e+01
s892        , -1.797999052112338e+01, -1.919237866754313e+01, -1.137381891977211e+01
s893        , -2.224398236502422e+01, -2.256406230669430e+01, -1.637823896260492e+01
s894        , -2.015695897880840e+01, -2.000392100875302e+01, -1.257835030308442e+01
s895        , -1.853378696029952e+01, -1.883562012117591e+01, -1.084430019531032e+01
s896        , -2.478440805107692e+01, -2.395645849232779e+01, -1.844490242356428e+01
s897        , -2.202247365131235e+01, -2.203473085802653e+01, -1.559257897948693e+01
s898        , -2.008627742560493e+01, -1.939117152048231e+01, -1.166887712928764e+01
s899        , -1.802005794967191e+01, -1.762628958716482e+01, -9.049351851835716e+00
s900        , -1.770516073583232e+01, -1.781919654571336e+01, -9.335673925043420e+00
s901        , -2.425916197575684e+01, -2.400917903739787e+01, -1.852315287071602e+01
s902        , -1.641892815066793e+01, -1.665826761757296e+01, -7.612565645005359e+00
s903        , -2.332207101034287e+01, -2.330954507581414e+01, -1.748472145344414e+01
s904        , -2.132463334662818e+01, -1.990855996930810e+01, -1.243681071984414e+01
s905        , -2.166343218809494e+01, -2.205794700874849e+01, -1.562703754156592e+01
s906        , -1.790842270146736e+01, -1.744846179444817e+01, -8.785411024259158e+00
s907        , -1.911599503394165e+01, -1.964012865262597e+01, -1.203839164940423e+01
s908        , -2.062377494321661e+01, -1.991205531732761e+01, -1.244199868869221e+01
s909        , -2.034650826700463e+01, -2.047401240776136e+01, -1.327608326706823e+01
s910        , -1.701866755175476e+01, -1.655965568407667e+01, -7.466200923617803e+00
s911        , -1.800428066961873e+01, -1.823297979326413e+01, -9.949831538582988e+00
s912        , -2.018815932170212e+01, -2.058633632990366e+01, -1.344280000191587e+01
s913        , -1.735412329082851e+01, -1.761306696533775e+01, -9.029726180873643e+00
s914        , -2.004618788210774e+01, -2.079426308721858e+01, -1.375141520521234e+01
s915        , -1.937730144245923e+01, -1.934197042323828e+01, -1.159585042111184e+01
s916        , -2.191302790761547e+01, -2.212952157951557e+01, -1.573327206853776e+01
s917        , -1.792924589211810e+01, -1.743784559807931e+01, -8.769653939202282e+00
s918        , -2.621730238337609e+01, -2.587533965850056e+01, -2.129300099850263e+01
s919        , -1.919355775511356e+01, -1.902997252305169e+01, -1.113276766717690e+01
s920        , -1.675861595936722e+01, -1.641873878149061e+01, -7.257045069406898e+00
s921        , -2.192756432754418e+01, -2.187487523341421e+01, -1.535531333496434e+01
s922        , -2.290193110331377e+01, -2.303808156447712e+01, -1.708180184934548e+01
s923        , -1.925371616601646e+01, -1.893174087848633e+01, -1.098696738947733e+01
s924        , -1.798705044323696e+01, -1.828730965060980e+01, -1.003047060681223e+01
s925        , -2.338449219749342e+01, -2.376915678125686e+01, -1.816689993660016e+01
s926        , -1.762302148317026e+01, -1.767443933219449e+01, -9.120818090923445e+00
s927        , -1.720744831710588e+01, -1.725290894342886e+01, -8.495161786249234e+00
s928        , -1.827654667645005e+01, -1.861349815030144e+01, -1.051461575217627e+01
s929        , -2.066098735264480e+01, -2.102735815025710e+01, -1.409738645583923e+01
s930        , -1.982419875205301e+01, -2.053735327456590e+01, -1.337009692234902e+01
s931        , -2.184683786579889e+01, -2.240238082878196e+01, -1.613826329607916e+01
s932        , -2.007807490293144e+01, -2.024408876352447e+01, -1.293481919348215e+01
s933        , -2.186904116931162e+01, -2.225935216151229e+01, -1.592597305601255e+01
s934        , -1.595875499840616e+01, -1.609246712785759e+01, -6.772776502839856e+00
s935        , -1.706347068237267e+01, -1.688722417924344e+01, -7.952394326693384e+00
s936        , -1.818003510858343e+01, -1.737273071925033e+01, -8.673007207310082e+00
s937        , -2.175658784400171e+01, -2.182722067227560e+01, -1.528458207236152e+01
s938        , -2.010166135357230e+01, -1.983328728547711e+01, -1.232508727009117e+01
s939        , -1.813809060682595e+01, -1.790338976054627e+01, -9.460637669235743e+00
s940        , -2.094308051046411e+01, -2.091360770390030e+01, -1.392855240301793e+01
s941        , -1.827480816862776e+01, -1.833365647933094e+01, -1.009926086811688e+01
s942        , -1.770857434290158e+01, -1.784701760522580e+01, -9.376967321084548e+00
s943        , -1.938132201948424e+01, -1.965097538419446e+01, -1.205449090623553e+01
s944        , -1.770272330222015e+01, -1.811387043782486e+01, -9.773043527178913e+00
s945        , -1.924477319915050e+01, -1.918744660245906e+01, -1.136649850421691e+01
s946        , -2.185513295241253e+01, -2.185373733599459e+01, -1.532393941948730e+01
s947        , -2.017292248813791e+01, -1.970292596366453e+01, -1.213159853226484e+01
s948        , -1.792501053388721e+01, -1.828154356304382e+01, -1.002191229373420e+01
s949        , -2.005207290213696e+01, -2.015271991157225e+01, -1.279920501287195e+01
s950        , -2.257823345395823e+01, -2.242914157944720e+01, -1.617798292915365e+01
s951        , -1.571913272603913e+01, -1.615903106891625e+01, -6.871574004745393e+00
s952        , -2.233989362366768e+01, -2.302304415135451e+01, -1.705948257515578e+01
s953        , -2.342860552534396e+01, -2.342430655811044e+01, -1.765505613593926e+01
s954        , -2.204077204416149e+01, -2.253293120924433e+01, -1.633203264412801e+01
s955        , -1.756302978982562e+01, -1.813832234485452e+01, -9.809336260045018e+00
s956        , -2.291971088639473e+01, -2.283700186609584e+01, -1.678334939043109e+01
s957        , -1.872997367448807e+01, -1.848567201032358e+01, -1.032488985693653e+01
s958        , -2.138547156076431e+01, -2.135800414144730e+01, -1.458814763111104e+01
s959        , -1.926386090665138e+01, -1.880587665326092e+01, -1.080015346539512e+01
s960        , -1.680470785163838e+01, -1.751903521022372e+01, -8.890159587350103e+00
s961        , -2.001579976967623e+01, -2.006626349532914e+01, -1.267088211292530e+01
s962        , -1.871905926332032e+01, -1.851194721953149e+01, -1.036388882530439e+01
s963        , -1.918665598310528e+01, -1.973099994633260e+01, -1.217326732939481e+01
s964        , -1.746488927974545e+01, -1.761035273319750e+01, -9.025697582945343e+00
s965        , -1.971186761143078e+01, -1.952850751741160e+01, -1.187271802576284e+01
s966        , -1.765956881606673e+01, -1.750554734992126e+01, -8.870140236290950e+00
s967        , -2.223688117086612e+01, -2.145446308394106e+01, -1.473131677649616e+01
s968        , -1.998239594820018e+01, -2.038389158496128e+01, -1.314232147320940e+01
s969        , -2.101894011109180e+01, -2.102742898442906e+01, -1.409749159142959e+01
s970        , -1.986554229461376e+01, -2.001052680198247e+01, -1.258815494894514e+01
s971        , -1.914500631305469e+01, -1.835624618789475e+01, -1.013278963368247e+01
s972        , -1.930540895911451e+01, -1.986327649958537e+01, -1.236959874869179e+01
s973        , -2.013055280326089e+01, -2.028190937027088e+01, -1.299095441335749e+01
s974        , -1.991254970003848e+01, -1.996760744548661e+01, -1.252445191186914e+01
s975        , -2.002907222040815e+01, -2.069820505025905e+01, -1.360884110370011e+01
s976        , -2.147573630129902e+01, -2.144411107135904e+01, -1.471595180611531e+01
s977        , -1.918950409415471e+01, -1.932662580290840e+01, -1.157307517475218e+01
s978        , -1.698999961978807e+01, -1.778663679733092e+01, -9.287347132012593e+00
s979        , -2.115978794608996e+01, -2.108142473224123e+01, -1.417763475772231e+01
s980        , -1.730989298326385e+01, -1.697254136163620e+01, -8.079026319270199e+00
s981        , -2.142850865946883e+01, -2.119668906339929e+01, -1.434871579343191e+01
s982        , -2.110948756566415e+01, -2.151160994776922e+01, -1.481613698542853e+01
s983        , -1.831465175322002e+01, -1.835939718595849e+01, -1.013746650125155e+01
s984        , -2.150201864035685e+01, -2.141760648592335e+01, -1.467661238617652e+01
s985        , -1.659952594735737e+01, -1.641129747944025e+01, -7.246000319925305e+00
s986        , -2.105203087443673e+01, -2.076473301230716e+01, -1.370758520377418e+01
s987        , -2.066592788190784e+01, -2.094266225100912e+01, -1.397167660251235e+01
s988        , -2.133344594608628e+01, -2.134036713036050e+01, -1.456196990472130e+01
s989        , -2.008246059204520e+01, -2.026917109463967e+01, -1.297204763303572e+01
s990        , -2.181814335912880e+01, -2.226707546031531e+01, -1.593743635905731e+01
s991        , -1.674874949890157e+01, -1.660477593381953e+01, -7.533170635582724e+00
s992        , -1.990187356431624e+01, -1.956563047472955e+01, -1.192781775976337e+01
s993        , -2.167451347953028e+01, -2.153680562960326e+01, -1.485353366573951e+01
s994        , -2.085856003252748e+01, -2.012597611711810e+01, -1.275951054704672e+01
s995        , -1.532250426373563e+01, -1.527101091909610e+01, -5.553530465726357e+00
s996        , -2.197589637081217e+01, -2.194462778859863e+01, -1.545884353606340e+01
s997        , -1.843774602570321e+01, -1.797411553971282e+01, -9.565612377626582e+00
s998        , -2.004154224207673e+01, -1.964168874166784e+01, -1.204070721091750e+01
s999        , -1.918982967461324e+01, -1.957479486337272e+01, -1.194141999980561e+01
s1000       , -2.386287011937712e+01, -2.394265833620041e+01, -1.842441954755652e+01
s1001       , -2.142986106465667e+01, -2.129921043984270e+01, -1.450088310389209e+01
s1002       , -1.703565403983971e+01, -1.778429267126659e+01, -9.283867863873953e+00
s1003       , -2.272857267296788e+01, -2.286339528073734e+01, -1.682252380516473e+01
s1004       , -1.957549960274314e+01, -1.886029520743566e+01, -1.088092418185610e+01
s1005       , -2.033955634118916e+01, -2.013171378985202e+01, -1.276802668542206e+01
s1006       , -2.103463075725037e+01, -2.117002784740653e+01, -1.430914389465375e+01
s1007       , -1.845815321471510e+01, -1.919808245983820e+01, -1.138228477112014e+01
s1008       , -2.105860584214290e+01, -2.084578175485042e+01, -1.382788176627492e+01
s1009       , -2.225664818829298e+01, -2.192288419519587e+01, -1.542657061657462e+01
s1010       , -2.029000137617794e+01, -2.055241931852051e+01, -1.339245869183924e+01
s1011       , -2.150175758271834e+01, -2.067847195788524e+01, -1.357955226952959e+01
s1012       , -1.789395613621291e+01, -1.746849917789640e+01, -8.815151502330666e+00
s1013       , -1.907481979836395e+01, -1.938598806816069e+01, -1.166118359232937e+01
s1014       , -1.701362802016618e+01, -1.663562027163388e+01, -7.578951331189414e+00
s1015       , -1.771043360260808e+01, -1.781997456934171e+01, -9.336828706291062e+00
s1016       , -2.325177194237830e+01, -2.283197341947543e+01, -1.677588592062056e+01
s1017       , -2.061131053204120e+01, -2.090504794558021e+01, -1.391584758528193e+01
s1018       , -1.637685178145171e+01, -1.636200584103621e+01, -7.172839226070326e+00
s1019       , -2.229355013298489e+01, -2.235104704957362e+01, -1.606207115558247e+01
s1020       , -1.626620443538163e+01, -1.702814823520105e+01, -8.161560798293049e+00
s1021       , -2.225684084822025e+01, -2.214622165681517e+01, -1.575805915134250e+01
s1022       , -1.619907626993357e+01, -1.634398339417283e+01, -7.146089416789078e+00
s1023       , -2.164326276096592e+01, -2.136228894218988e+01, -1.459450734483589e+01
s1024       , -1.814482992541786e+01, -1.815919818237638e+01, -9.840321213227522e+00
s1025       , -1.966276460675046e+01, -2.002986379160813e+01, -1.261685586777602e+01
s1026       , -1.787958226759213e+01, -1.808951395965326e+01, -9.736892434555806e+00
s1027       , -2.228548280106830e+01, -2.283506037205739e+01, -1.678046772870985e+01
s1028       , -1.939576101741603e+01, -1.931442243740228e+01, -1.155496233456169e+01
s1029       , -2.072177297910414e+01, -2.002107322457512e+01, -1.260380847230361e+01
s1030       , -2.116639743005703e+01, -2.097207815428983e+01, -1.401533714475499e+01
s1031       , -1.871817432191781e+01, -1.900402355497100e+01, -1.109425292206678e+01
s1032       , -1.793076662035363e+01, -1.904357214591094e+01, -1.115295290176460e+01
s1033       , -2.190726556241366e+01, -2.151163201237121e+01, -1.481616973480488e+01
s1034       , -1.655942363042545e+01, -1.714422315597257e+01, -8.333844951300197e+00
s1035       , -1.920990065585595e+01, -1.940226961388080e+01, -1.168534946981086e+01
s1036       , -1.624542641970273e+01, -1.622369214172807e+01, -6.967547175244865e+00
s1037       , -1.865413258865576e+01, -1.916194322865499e+01, -1.132864513222703e+01
s1038       , -2.303917859954092e+01, -2.305546836271321e+01, -1.710760819741533e+01
s1039       , -2.268866240524940e+01, -2.331014839932339e+01, -1.748561693611249e+01
s1040       , -2.002650999928207e+01, -2.042572247290771e+01, -1.320440895129240e+01
s1041       , -2.439240447433291e+01, -2.434839483875633e+01, -1.902663378317531e+01
