# c0 + a0 * ((O + E_T) - (face-area-avg - O))
# Property Label: $ln_{D}$; Unit of the Property: Unitless
# RMSE: 0.414863982552777; Max AE: 2.22007858854592
# Coefficients
# Task   a0                      c0
# all , -6.706682413855657e-01, -1.126485202249890e+01, 
# Feature Rung, Units, and Expressions
# 0;  2; Unitless;                                         12|0|add|33|12|sub|sub; ((O + E_T) - (face-area-avg - O)); $\left(\left(O + E_{T}\right) - \left(face-area-avg - O\right)\right)$; ((O + E_T) - (face_sub_area_sub_avg - O)); ((newdata$O + newdata$E_T) - (newdata$face_sub_area_sub_avg - newdata$O)); O,E_T,face-area-avg,O
# Number of Samples Per Task
# Task, n_samples               
# all , 1041                  

# Sample ID , Property Value        ,  Property Value (EST) ,  Feature 0 Value      
s1          , -2.244947812336508e+01, -2.200693827740425e+01,  1.601698961130582e+01
s2          , -2.298888400764099e+01, -2.297374651616129e+01,  1.745854920679175e+01
s3          , -1.755271246623431e+01, -1.780931379658683e+01,  9.758120886367621e+00
s4          , -1.917258847351942e+01, -1.903810246158769e+01,  1.159030644276470e+01
s5          , -2.000094091703784e+01, -2.043629314456632e+01,  1.367507890804506e+01
s6          , -2.179532463031582e+01, -2.145974264367409e+01,  1.520109346480024e+01
s7          , -2.156980503382011e+01, -2.109729308274822e+01,  1.466066298284231e+01
s8          , -2.070680399014268e+01, -2.093076861391441e+01,  1.441236664411934e+01
s9          , -2.311678210871720e+01, -2.289001928613601e+01,  1.733370770564612e+01
s10         , -1.955558688693647e+01, -1.941938454621431e+01,  1.215881716251923e+01
s11         , -1.929232032084748e+01, -1.945570189947045e+01,  1.221296815851855e+01
s12         , -1.972420304545977e+01, -1.867692994713317e+01,  1.105178010117387e+01
s13         , -1.649771434553038e+01, -1.711709873614103e+01,  8.725993497994907e+00
s14         , -1.814284237715737e+01, -1.833927639441356e+01,  1.054832171163982e+01
s15         , -2.140988745272463e+01, -2.134800315812661e+01,  1.503448428510114e+01
s16         , -2.271802967642396e+01, -2.243602233011306e+01,  1.665677546402839e+01
s17         , -1.845283706311921e+01, -1.859474677101032e+01,  1.092924086187268e+01
s18         , -2.106370881996578e+01, -2.126152256196471e+01,  1.490553737689026e+01
s19         , -2.166440903696862e+01, -2.218723807169873e+01,  1.628582565149461e+01
s20         , -1.957524373940041e+01, -1.932860745594375e+01,  1.202346396600733e+01
s21         , -2.230012329283520e+01, -2.238262999014735e+01,  1.657716480607416e+01
s22         , -1.709175230426198e+01, -1.661915238539276e+01,  7.983530503594674e+00
s23         , -2.271630669020732e+01, -2.315284136133184e+01,  1.772558860737609e+01
s24         , -1.997593461761007e+01, -2.028319245694973e+01,  1.344679810068151e+01
s25         , -2.228124530569044e+01, -2.259432958024309e+01,  1.689281951734896e+01
s26         , -1.806502239865187e+01, -1.768598182532422e+01,  9.574226728791565e+00
s27         , -2.017409009594002e+01, -2.026966664222519e+01,  1.342663043224294e+01
s28         , -1.658938425028538e+01, -1.718153220087145e+01,  8.822067026983406e+00
s29         , -2.262132344831001e+01, -2.322184813309780e+01,  1.782848116662922e+01
s30         , -1.697997334312175e+01, -1.752348476491205e+01,  9.331935458108376e+00
s31         , -1.964904728113367e+01, -1.923880735543515e+01,  1.188956751025286e+01
s32         , -2.151059652715050e+01, -2.149047694587307e+01,  1.524691985153279e+01
s33         , -2.289264810431292e+01, -2.357963166216962e+01,  1.836195436096546e+01
s34         , -2.302504917991390e+01, -2.225727673560242e+01,  1.639025681370232e+01
s35         , -2.244061385591441e+01, -2.238050271728816e+01,  1.657399293550101e+01
s36         , -2.239655424600443e+01, -2.161039075085791e+01,  1.542571735167550e+01
s37         , -2.226102540809307e+01, -2.197605343946385e+01,  1.597093876822937e+01
s38         , -2.102436377352775e+01, -2.087032103340790e+01,  1.432223626850825e+01
s39         , -2.141661104833067e+01, -2.019544658331686e+01,  1.331596460027362e+01
s40         , -1.990275935468409e+01, -1.924570154590688e+01,  1.189984709417575e+01
s41         , -1.952311408648237e+01, -1.889331674844941e+01,  1.137442367956846e+01
s42         , -1.862175379272403e+01, -1.932298010405384e+01,  1.201507330197605e+01
s43         , -2.257821044890805e+01, -2.199672542563688e+01,  1.600176173687080e+01
s44         , -1.984867902879579e+01, -1.963809491320237e+01,  1.248492529391996e+01
s45         , -1.928264199244582e+01, -1.955745336072530e+01,  1.236468469282864e+01
s46         , -2.007096062658339e+01, -2.029455129450261e+01,  1.346373469742479e+01
s47         , -1.842882744186564e+01, -1.896503488871369e+01,  1.148135902530081e+01
s48         , -1.712958329507449e+01, -1.675295576513300e+01,  8.183038056634327e+00
s49         , -2.142142340445580e+01, -2.200878520434421e+01,  1.601974347204649e+01
s50         , -2.022197746600499e+01, -2.027812382861947e+01,  1.343924052151272e+01
s51         , -2.208446385448407e+01, -2.254522635559690e+01,  1.681960414555090e+01
s52         , -2.030062191637932e+01, -2.007984528344712e+01,  1.314359726164594e+01
s53         , -1.881589086732163e+01, -1.852605973999729e+01,  1.082682505212579e+01
s54         , -2.389190768082197e+01, -2.448985321508144e+01,  1.971914036850824e+01
s55         , -1.989931101552115e+01, -1.976523174479639e+01,  1.267449268916647e+01
s56         , -2.293632659980805e+01, -2.315177028719675e+01,  1.772399158209742e+01
s57         , -2.165250835772914e+01, -2.178692385652343e+01,  1.568893707011752e+01
s58         , -2.493828100106786e+01, -2.486337040638937e+01,  2.027607324270587e+01
s59         , -2.019609135900962e+01, -1.990250578386968e+01,  1.287917516941884e+01
s60         , -1.686951544328429e+01, -1.731291037713113e+01,  9.017958479944200e+00
s61         , -1.698686520707895e+01, -1.783873252455267e+01,  9.801985685907047e+00
s62         , -1.961666852236879e+01, -1.983759810102652e+01,  1.278239455742943e+01
s63         , -2.363642228074260e+01, -2.324524205235534e+01,  1.786336267407798e+01
s64         , -2.123215125329894e+01, -2.138366623415713e+01,  1.508765972092742e+01
s65         , -2.229595939650926e+01, -2.202302580103331e+01,  1.604097691625978e+01
s66         , -2.209517036440609e+01, -2.188408174226859e+01,  1.583380435285099e+01
s67         , -2.100952424313996e+01, -2.070676312643496e+01,  1.407836322237289e+01
s68         , -2.306714632630091e+01, -2.304235808481791e+01,  1.756085249837877e+01
s69         , -2.116954741071400e+01, -2.147801572389428e+01,  1.522833954429618e+01
s70         , -2.268552320802911e+01, -2.165338808677603e+01,  1.548982853700505e+01
s71         , -1.844586653395837e+01, -1.930377566918769e+01,  1.198643852597045e+01
s72         , -2.185924535832699e+01, -2.165464380970592e+01,  1.549170088290187e+01
s73         , -1.814705961150877e+01, -1.866598142014817e+01,  1.103545529807542e+01
s74         , -2.269683109870329e+01, -2.356356540652259e+01,  1.833799876763984e+01
s75         , -2.162544692540680e+01, -2.108843698124792e+01,  1.464745809113311e+01
s76         , -1.799713371423827e+01, -1.872656257771693e+01,  1.112578484378881e+01
s77         , -1.808839931225978e+01, -1.790890982573902e+01,  9.906623563259599e+00
s78         , -1.710463489071706e+01, -1.748933498690075e+01,  9.281016425561447e+00
s79         , -2.130172009097587e+01, -2.131246824697909e+01,  1.498149994954635e+01
s80         , -2.075517304342145e+01, -2.086862742139638e+01,  1.431971100801877e+01
s81         , -1.679587307458704e+01, -1.755034184293390e+01,  9.371980709045502e+00
s82         , -1.961963418382102e+01, -1.941062438291615e+01,  1.214575531948331e+01
s83         , -1.732943596118787e+01, -1.765594587922847e+01,  9.529441626050314e+00
s84         , -2.091958911511147e+01, -2.153378364610043e+01,  1.531149231457039e+01
s85         , -1.931803893900067e+01, -1.921818042644968e+01,  1.185881172413893e+01
s86         , -2.124992178205270e+01, -2.026450965947046e+01,  1.341894111219392e+01
s87         , -2.000999990609716e+01, -1.978703838794598e+01,  1.270700748829358e+01
s88         , -1.933594922663024e+01, -1.956873017326748e+01,  1.238149898616521e+01
s89         , -2.128477820873118e+01, -2.128899239472585e+01,  1.494649627588984e+01
s90         , -2.009844325702736e+01, -2.044575111705080e+01,  1.368918121959172e+01
s91         , -2.185233402642529e+01, -2.229321498356595e+01,  1.644384254468801e+01
s92         , -1.852873985612102e+01, -1.811788553069892e+01,  1.021821682512059e+01
s93         , -2.244477787769646e+01, -2.193774601434262e+01,  1.591382047522345e+01
s94         , -2.069748145715988e+01, -2.075907164009269e+01,  1.415635784091881e+01
s95         , -1.839144268754908e+01, -1.801109611859960e+01,  1.005898845331233e+01
s96         , -2.061908691885885e+01, -2.053612651665993e+01,  1.382393547517183e+01
s97         , -2.336181657728519e+01, -2.365688045066054e+01,  1.847713618071485e+01
s98         , -1.913590175727989e+01, -1.861170793356723e+01,  1.095453080630463e+01
s99         , -1.764848235022367e+01, -1.761330241131788e+01,  9.465858075675998e+00
s100        , -2.003395952271198e+01, -1.934384983817196e+01,  1.204619112272599e+01
s101        , -2.047737186068138e+01, -2.033913876937466e+01,  1.353021685972300e+01
s102        , -1.813404261594337e+01, -1.787398291862695e+01,  9.854545792229441e+00
s103        , -2.094885731266024e+01, -2.064947371414871e+01,  1.399294183404550e+01
s104        , -1.695125455205811e+01, -1.662811173180444e+01,  7.996889338647259e+00
s105        , -2.089913046364001e+01, -2.145039351842084e+01,  1.518715344993695e+01
s106        , -2.193421435204462e+01, -2.216572315582183e+01,  1.625374583236906e+01
s107        , -1.938858975045087e+01, -1.940014978297062e+01,  1.213013716538092e+01
s108        , -2.184761912256448e+01, -2.193926811791960e+01,  1.591609000803126e+01
s109        , -1.765266017099491e+01, -1.861275943454118e+01,  1.095609864701791e+01
s110        , -2.222643790681205e+01, -2.150787494925957e+01,  1.527286114756099e+01
s111        , -2.198367498730207e+01, -2.177170568562489e+01,  1.566624601370623e+01
s112        , -2.341727175416096e+01, -2.277647815072683e+01,  1.716441217560191e+01
s113        , -2.064750776227555e+01, -2.015126471695044e+01,  1.325008722060951e+01
s114        , -2.335281852671257e+01, -2.326755657101020e+01,  1.789663474106710e+01
s115        , -2.467653405274963e+01, -2.478385792016867e+01,  2.015751613605589e+01
s116        , -2.119630992652875e+01, -2.070828056268732e+01,  1.408062579596551e+01
s117        , -1.681518237222159e+01, -1.728331646110533e+01,  8.973832466216974e+00
s118        , -1.725426000439147e+01, -1.750896519727969e+01,  9.310286054220747e+00
s119        , -2.026224064054247e+01, -2.041455992269302e+01,  1.364267358372494e+01
s120        , -2.061376236446881e+01, -2.026550616823406e+01,  1.342042695676222e+01
s121        , -2.090204853596659e+01, -2.126384862565040e+01,  1.490900565456043e+01
s122        , -1.679179791839329e+01, -1.755962813162180e+01,  9.385827031436909e+00
s123        , -1.729435756680531e+01, -1.737954816843978e+01,  9.117318770467254e+00
s124        , -1.927065840811719e+01, -1.966279811510284e+01,  1.252175900748516e+01
s125        , -2.074667074869674e+01, -2.060261241028821e+01,  1.392306927863168e+01
s126        , -1.981090987888966e+01, -1.937462194046677e+01,  1.209207387129814e+01
s127        , -1.791042209268825e+01, -1.746971199679168e+01,  9.251757562686819e+00
s128        , -2.199486439730610e+01, -2.207916137139210e+01,  1.612467786837707e+01
s129        , -1.847106084369403e+01, -1.820173154684346e+01,  1.034323544233037e+01
s130        , -2.183307419908922e+01, -2.078711515323545e+01,  1.419817212615295e+01
s131        , -1.937195493711046e+01, -1.952330470110885e+01,  1.231376732786454e+01
s132        , -1.756898825137140e+01, -1.795646513400391e+01,  9.977530914063394e+00
s133        , -1.952720456066259e+01, -1.945278400885407e+01,  1.220861743719865e+01
s134        , -1.792604080418195e+01, -1.835559946842768e+01,  1.057266023403713e+01
s135        , -2.163690184151209e+01, -2.178713502665573e+01,  1.568925193538066e+01
s136        , -2.266590946104735e+01, -2.240282557040420e+01,  1.660727742958996e+01
s137        , -1.871948299194560e+01, -1.839833213758145e+01,  1.063637678794086e+01
s138        , -2.098569970792443e+01, -2.090105189385149e+01,  1.436805752341083e+01
s139        , -1.946420871832499e+01, -1.965641326131741e+01,  1.251223887011853e+01
s140        , -1.890485827097119e+01, -1.957647752092572e+01,  1.239305067026200e+01
s141        , -2.048387804329865e+01, -2.118103908541283e+01,  1.478553247493515e+01
s142        , -1.712146112463541e+01, -1.722130581188935e+01,  8.881371476730022e+00
s143        , -2.146398341435241e+01, -2.184893550748687e+01,  1.578139955326020e+01
s144        , -2.296743054539722e+01, -2.189596798823728e+01,  1.585152734200601e+01
s145        , -2.169591974109321e+01, -2.173805717198834e+01,  1.561607439149398e+01
s146        , -2.268369172314783e+01, -2.265149766307814e+01,  1.697805999737667e+01
s147        , -2.121406114253308e+01, -2.167675529149293e+01,  1.552467021173326e+01
s148        , -2.139826235530006e+01, -2.098141205266599e+01,  1.448787855243179e+01
s149        , -1.818204101397333e+01, -1.835000510178808e+01,  1.056431875266915e+01
s150        , -2.236615053154114e+01, -2.193166151780861e+01,  1.590474818558970e+01
s151        , -2.007280490017163e+01, -1.976459525378426e+01,  1.267354364913021e+01
s152        , -2.043501428229088e+01, -2.037260755348756e+01,  1.358012049619721e+01
s153        , -2.294208833005412e+01, -2.261590240965659e+01,  1.692498568846351e+01
s154        , -1.941555486932839e+01, -1.976747128442020e+01,  1.267783195511887e+01
s155        , -2.030625886040805e+01, -2.079064584656517e+01,  1.420343656706701e+01
s156        , -1.755225478861601e+01, -1.752140759837529e+01,  9.328838298576166e+00
s157        , -1.981494689568535e+01, -1.918940780849800e+01,  1.181591030705045e+01
s158        , -2.120666701656112e+01, -2.119108576923132e+01,  1.480051258462058e+01
s159        , -2.199339551508707e+01, -2.176842359498588e+01,  1.566135225187814e+01
s160        , -1.822712376873660e+01, -1.813804791047281e+01,  1.024827994505039e+01
s161        , -1.850131544535105e+01, -1.940819927510559e+01,  1.214213936205322e+01
s162        , -2.165239460618542e+01, -2.121168622969143e+01,  1.483122890483510e+01
s163        , -2.054863013411503e+01, -2.040068722529066e+01,  1.362198869580823e+01
s164        , -2.244259094688993e+01, -2.296538407962652e+01,  1.744608039431676e+01
s165        , -2.169401378729562e+01, -2.121734244601867e+01,  1.483966260719077e+01
s166        , -1.893544650248816e+01, -1.897597288919482e+01,  1.149766813285380e+01
s167        , -1.990371422830687e+01, -2.023974334378703e+01,  1.338201329281147e+01
s168        , -2.358382467591309e+01, -2.406434556695874e+01,  1.908468711447668e+01
s169        , -2.234616115486217e+01, -2.301240438594260e+01,  1.751619003037010e+01
s170        , -1.980105726485419e+01, -1.999681382045667e+01,  1.301979318406071e+01
s171        , -2.225344967355102e+01, -2.209825032375279e+01,  1.615314045417247e+01
s172        , -2.076076397080535e+01, -2.069973229584977e+01,  1.406787990118466e+01
s173        , -2.167162181633835e+01, -2.149265061198431e+01,  1.525016089677261e+01
s174        , -2.217746151284670e+01, -2.223519443375984e+01,  1.635733099363223e+01
s175        , -1.912249737452136e+01, -1.952852112898404e+01,  1.232154528357094e+01
s176        , -2.262880123350610e+01, -2.249491861919924e+01,  1.674459278629268e+01
s177        , -1.998504477748202e+01, -2.040544523063821e+01,  1.362908312052367e+01
s178        , -1.778030448780716e+01, -1.865190065491027e+01,  1.101446017057571e+01
s179        , -2.322340610724453e+01, -2.322691956707689e+01,  1.783604292916120e+01
s180        , -1.682543251402466e+01, -1.684806631722259e+01,  8.324852662158358e+00
s181        , -1.586682207916231e+01, -1.624787710126999e+01,  7.429940425502214e+00
s182        , -2.348293513803748e+01, -2.321200526558926e+01,  1.781380495728880e+01
s183        , -2.155098810628208e+01, -2.133939695565696e+01,  1.502165200538580e+01
s184        , -2.324937775466465e+01, -2.301235302805958e+01,  1.751611345318954e+01
s185        , -2.378592453308165e+01, -2.381307469823421e+01,  1.871002964119985e+01
s186        , -2.071202883303041e+01, -2.113809830377496e+01,  1.472150561487517e+01
s187        , -2.027503475690737e+01, -2.017821004552361e+01,  1.329026405754680e+01
s188        , -2.214013663755619e+01, -2.226922082199853e+01,  1.640806604583687e+01
s189        , -2.074030596943589e+01, -2.070496603477918e+01,  1.407568366854154e+01
s190        , -1.914542963593283e+01, -1.911955840763352e+01,  1.171176134553085e+01
s191        , -1.679323473828856e+01, -1.680114980881710e+01,  8.254897793997962e+00
s192        , -1.690928184419942e+01, -1.725562400757931e+01,  8.932541628486508e+00
s193        , -2.273712334380998e+01, -2.287877671331076e+01,  1.731694446544553e+01
s194        , -2.090019731082972e+01, -2.138344127199320e+01,  1.508732429105309e+01
s195        , -1.910778599576077e+01, -1.915797627041134e+01,  1.176904430662417e+01
s196        , -1.918378235513936e+01, -1.915079502929416e+01,  1.175833671578559e+01
s197        , -2.010118773573690e+01, -2.052518392323604e+01,  1.380761951931073e+01
s198        , -2.040069724820686e+01, -2.043842309012733e+01,  1.367825476375072e+01
s199        , -2.033728659050214e+01, -1.986052013461933e+01,  1.281657245967428e+01
s200        , -1.788348829912646e+01, -1.796034786341425e+01,  9.983320258437759e+00
s201        , -1.891783601993355e+01, -1.958178849953549e+01,  1.240096960585793e+01
s202        , -2.174492495952721e+01, -2.189325532873646e+01,  1.584748263057727e+01
s203        , -2.185008698942601e+01, -2.167496736193211e+01,  1.552200431904521e+01
s204        , -2.086349108831322e+01, -2.105060994086615e+01,  1.459105607587797e+01
s205        , -2.088054945703831e+01, -2.131693720542022e+01,  1.498816339082082e+01
s206        , -2.114956534802060e+01, -2.133666809490062e+01,  1.501758313707217e+01
s207        , -1.936064601068155e+01, -1.934328489791253e+01,  1.204534876845220e+01
s208        , -2.173553987268506e+01, -2.148888902606332e+01,  1.524455218341947e+01
s209        , -1.958079034508013e+01, -1.970681015357038e+01,  1.258738316523059e+01
s210        , -2.077095411669474e+01, -2.135003493176921e+01,  1.503751376155049e+01
s211        , -2.106003856984427e+01, -2.082510372133459e+01,  1.425481498733966e+01
s212        , -1.921431398034701e+01, -1.883588514097035e+01,  1.128879027107366e+01
s213        , -1.891211086691480e+01, -1.851254107382483e+01,  1.080666804253706e+01
s214        , -1.797391097043976e+01, -1.771539222323278e+01,  9.618079107797620e+00
s215        , -2.046416066581664e+01, -2.059325453791809e+01,  1.390911622137823e+01
s216        , -2.054695205981560e+01, -2.004120483131125e+01,  1.308598240865090e+01
s217        , -2.064527960557822e+01, -2.033202789475519e+01,  1.351961418886330e+01
s218        , -2.267569057486860e+01, -2.272272030149118e+01,  1.708425652498607e+01
s219        , -1.969996813819463e+01, -2.037594189340913e+01,  1.358509216432732e+01
s220        , -2.056541179285701e+01, -2.145267137658497e+01,  1.519054985075566e+01
s221        , -2.147236245537334e+01, -2.145630338995572e+01,  1.519596536493485e+01
s222        , -1.817717386569833e+01, -1.819888432115279e+01,  1.033899008596045e+01
s223        , -2.049263974761081e+01, -2.047554393835217e+01,  1.373360381106531e+01
s224        , -2.147370851727396e+01, -2.136873701666703e+01,  1.506539950854692e+01
s225        , -2.297636192643720e+01, -2.255793452452298e+01,  1.683855266307700e+01
s226        , -2.349615644619751e+01, -2.276991199018160e+01,  1.715462170075899e+01
s227        , -1.994214785348108e+01, -2.043425980942484e+01,  1.367204710332253e+01
s228        , -1.935600154849446e+01, -1.971642457292536e+01,  1.260171874691122e+01
s229        , -1.931982821700711e+01, -1.964624808645210e+01,  1.249708208433676e+01
s230        , -1.663964761443124e+01, -1.716598519383663e+01,  8.798885659392925e+00
s231        , -1.912412961575534e+01, -1.923854988699035e+01,  1.188918361188269e+01
s232        , -2.205202611453251e+01, -2.212988901333087e+01,  1.620031532786668e+01
s233        , -2.108987100746543e+01, -2.086111942798884e+01,  1.430851621311984e+01
s234        , -2.119865480781422e+01, -2.116861614809419e+01,  1.476700925204782e+01
s235        , -1.634470488909293e+01, -1.588834086323262e+01,  6.893853854152733e+00
s236        , -2.035495556536669e+01, -2.097835871320682e+01,  1.448332587009088e+01
s237        , -2.057488800817375e+01, -2.030294899605939e+01,  1.347625609181710e+01
s238        , -2.181497599002021e+01, -2.110090196861601e+01,  1.466604401275412e+01
s239        , -1.938605784207409e+01, -1.893475434237663e+01,  1.143620921132646e+01
s240        , -1.879589433372550e+01, -1.849087284029436e+01,  1.077435961909703e+01
s241        , -1.732119998261703e+01, -1.693287812468499e+01,  8.451311322683544e+00
s242        , -2.017650413285683e+01, -2.029338497633741e+01,  1.346199565851818e+01
s243        , -1.996072124442394e+01, -2.008134478363867e+01,  1.314583309167190e+01
s244        , -2.121993688931675e+01, -2.115626646750887e+01,  1.474859525862567e+01
s245        , -2.152256201120388e+01, -2.168932607508993e+01,  1.554341388084011e+01
s246        , -1.806013829922115e+01, -1.799596503000815e+01,  1.003642724099045e+01
s247        , -1.662499542985015e+01, -1.691320901601868e+01,  8.421983694725974e+00
s248        , -2.087245838906029e+01, -2.076417238806091e+01,  1.416396331207947e+01
s249        , -2.031192930505803e+01, -1.977408119667193e+01,  1.268768766595151e+01
s250        , -1.829082894515480e+01, -1.820063840811231e+01,  1.034160551763184e+01
s251        , -2.316191337748571e+01, -2.313204191007350e+01,  1.769457558189666e+01
s252        , -1.836403387539604e+01, -1.847078546587933e+01,  1.074440833592083e+01
s253        , -1.948978591890307e+01, -2.002968511840362e+01,  1.306880593868144e+01
s254        , -1.974328758235917e+01, -2.025119282611226e+01,  1.339908504545861e+01
s255        , -2.045692599174058e+01, -2.025673608898262e+01,  1.340735032854241e+01
s256        , -1.776850461240055e+01, -1.754855321273994e+01,  9.369313771678293e+00
s257        , -2.163660994039700e+01, -2.157797580926233e+01,  1.537738504727322e+01
s258        , -1.860059101905129e+01, -1.883327046696443e+01,  1.128489166093443e+01
s259        , -2.094542362420654e+01, -2.102859910760557e+01,  1.455823681904971e+01
s260        , -1.742875942837962e+01, -1.714747511123812e+01,  8.771286197458865e+00
s261        , -2.065616574581777e+01, -2.043498378311999e+01,  1.367312658442880e+01
s262        , -2.014040040752147e+01, -1.930075109099796e+01,  1.198192872812542e+01
s263        , -1.686996628366655e+01, -1.667781363479595e+01,  8.070997369898045e+00
s264        , -2.074271161967796e+01, -2.020777433061726e+01,  1.333434589006741e+01
s265        , -2.059536695716665e+01, -2.058806023547616e+01,  1.390137125580301e+01
s266        , -2.198651133619990e+01, -2.181204025610508e+01,  1.572638688215836e+01
s267        , -1.899333543245141e+01, -1.897896988693471e+01,  1.150213680686422e+01
s268        , -1.857298059991068e+01, -1.812947654463562e+01,  1.023549960850205e+01
s269        , -2.106917022960664e+01, -2.105482735040114e+01,  1.459734444511142e+01
s270        , -1.920756052964929e+01, -1.973931577440877e+01,  1.263585067693390e+01
s271        , -1.965184309682283e+01, -1.997614823312167e+01,  1.298897975640786e+01
s272        , -2.112049940018463e+01, -2.072655845471785e+01,  1.410787905011209e+01
s273        , -1.945398506004425e+01, -1.931219558538213e+01,  1.199899304350215e+01
s274        , -2.135203005648119e+01, -2.170571471342964e+01,  1.556785016293668e+01
s275        , -2.088724638081418e+01, -2.078725544655657e+01,  1.419838131053422e+01
s276        , -1.839432489855567e+01, -1.879964344825169e+01,  1.123475208873212e+01
s277        , -2.199306195501885e+01, -1.977298336647292e+01,  1.268605074603900e+01
s278        , -2.276883612887764e+01, -2.261135319536629e+01,  1.691820258169092e+01
s279        , -2.262380984036664e+01, -2.301609678118968e+01,  1.752169557695667e+01
s280        , -1.620731240668889e+01, -1.677233663163452e+01,  8.211935901061075e+00
s281        , -2.072632910940930e+01, -1.981900122449710e+01,  1.275466568138931e+01
s282        , -1.840721485531197e+01, -1.883875093317842e+01,  1.129306331105262e+01
s283        , -1.945843055355910e+01, -1.971742039664645e+01,  1.260320357004677e+01
s284        , -2.290375248734285e+01, -2.355210288662039e+01,  1.832090757531125e+01
s285        , -2.162506652538119e+01, -2.131521291190851e+01,  1.498559238267505e+01
s286        , -2.308167299949378e+01, -2.391344042603212e+01,  1.885967997739373e+01
s287        , -1.888746545864790e+01, -1.823023065561631e+01,  1.038572904350935e+01
s288        , -2.031934863671701e+01, -2.050979640241908e+01,  1.378467595367361e+01
s289        , -2.410980627565496e+01, -2.450020660375785e+01,  1.973457779052635e+01
s290        , -2.087284446952964e+01, -2.077996326182119e+01,  1.418750829719411e+01
s291        , -2.204275686911580e+01, -2.058894824631009e+01,  1.390269532451408e+01
s292        , -1.820983264392220e+01, -1.832416411035066e+01,  1.052578853781355e+01
s293        , -1.668568749246811e+01, -1.678590716263352e+01,  8.232170243708589e+00
s294        , -2.280852590517532e+01, -2.344858682968102e+01,  1.816655994029352e+01
s295        , -1.673628435422914e+01, -1.709982628648525e+01,  8.700239408879105e+00
s296        , -2.103716924286631e+01, -2.032008465367471e+01,  1.350180621713676e+01
s297        , -2.124288787488653e+01, -2.082914437534934e+01,  1.426083980522338e+01
s298        , -2.177880180045448e+01, -2.152197906165131e+01,  1.529389108683858e+01
s299        , -1.893486515270964e+01, -1.898522717826935e+01,  1.151146674221603e+01
s300        , -1.774017522269403e+01, -1.725929570588483e+01,  8.938016314894714e+00
s301        , -2.283171483494903e+01, -2.311148901351984e+01,  1.766393018185325e+01
s302        , -1.721456897049112e+01, -1.761743545105007e+01,  9.472020645300063e+00
s303        , -2.130552121943375e+01, -2.060609583367795e+01,  1.392826323769338e+01
s304        , -2.313677054561944e+01, -2.310017544892970e+01,  1.764706108936906e+01
s305        , -1.858159986173835e+01, -1.890226741899844e+01,  1.138776957847451e+01
s306        , -2.163460095493751e+01, -2.167237049015819e+01,  1.551813225292717e+01
s307        , -1.987289536762319e+01, -2.017896618118289e+01,  1.329139149375538e+01
s308        , -2.028550026196297e+01, -1.933605155297026e+01,  1.203456348819601e+01
s309        , -2.129242792516701e+01, -2.137874159314445e+01,  1.508031683407400e+01
s310        , -1.894855963686166e+01, -1.904330020933581e+01,  1.159805654546432e+01
s311        , -2.010039836844276e+01, -2.038805515148696e+01,  1.360315363992784e+01
s312        , -1.830057188159682e+01, -1.875894403804122e+01,  1.117406722593560e+01
s313        , -1.990312271450173e+01, -1.924003136802307e+01,  1.189139257443868e+01
s314        , -1.980645538479249e+01, -1.965993487495988e+01,  1.251748977276332e+01
s315        , -1.914671781515828e+01, -1.970440444174724e+01,  1.258379612819098e+01
s316        , -2.257620253811652e+01, -2.237194716054973e+01,  1.656123617111218e+01
s317        , -1.647333233405121e+01, -1.629064009856339e+01,  7.493702200183906e+00
s318        , -2.027102701488289e+01, -1.973147621722382e+01,  1.262416150380598e+01
s319        , -1.996146248057647e+01, -1.987388085338377e+01,  1.283649396175232e+01
s320        , -2.548773082504399e+01, -2.501283317569176e+01,  2.049892973132326e+01
s321        , -1.727661852750149e+01, -1.777241170742153e+01,  9.703098019787477e+00
s322        , -2.011073789818953e+01, -2.068095226978715e+01,  1.403987794000067e+01
s323        , -2.178223238748198e+01, -2.153711716266893e+01,  1.531646275503975e+01
s324        , -1.879130547869734e+01, -1.894050094043934e+01,  1.144477767738478e+01
s325        , -2.032679436678044e+01, -2.001285180382652e+01,  1.304370662200241e+01
s326        , -2.071891083121713e+01, -2.053872334841829e+01,  1.382780748162467e+01
s327        , -1.834375983430116e+01, -1.916793652352433e+01,  1.178389554379086e+01
s328        , -2.099505369246730e+01, -2.104700274107715e+01,  1.458567755999424e+01
s329        , -2.140321290954873e+01, -2.076721912974301e+01,  1.416850615680372e+01
s330        , -2.114112529442132e+01, -2.169006153707319e+01,  1.554451049156039e+01
s331        , -1.934637322166436e+01, -1.994889529902399e+01,  1.294834426419880e+01
s332        , -1.962462779654497e+01, -2.033048010603731e+01,  1.351730635822160e+01
s333        , -2.293624249800790e+01, -2.324747916742377e+01,  1.786669832489665e+01
s334        , -1.807355423930957e+01, -1.808343289228067e+01,  1.016684621251028e+01
s335        , -1.850164643907080e+01, -1.859610465716456e+01,  1.093126553826325e+01
s336        , -2.151296308555482e+01, -2.133792412746934e+01,  1.501945594465603e+01
s337        , -1.775953587894473e+01, -1.650679679019330e+01,  7.816002673489973e+00
s338        , -2.118082550420247e+01, -2.130008546194362e+01,  1.496303659572794e+01
s339        , -1.761381998690202e+01, -1.860227529672351e+01,  1.094046627146959e+01
s340        , -1.906967392812366e+01, -1.901496169067767e+01,  1.155580239220429e+01
s341        , -2.371082699534004e+01, -2.388843931666893e+01,  1.882240206885352e+01
s342        , -1.901967676945428e+01, -1.934561239599018e+01,  1.204881918487276e+01
s343        , -1.943128604912865e+01, -1.862289412160339e+01,  1.097120997395546e+01
s344        , -2.171448714042025e+01, -2.213472944375324e+01,  1.620753265250452e+01
s345        , -1.896311499883081e+01, -1.872289193983056e+01,  1.112031173851878e+01
s346        , -2.211462969107367e+01, -2.192904109751330e+01,  1.590084100744466e+01
s347        , -1.640817037109120e+01, -1.681851722517416e+01,  8.280793483230507e+00
s348        , -2.058778590237884e+01, -2.065825775543032e+01,  1.400603928035287e+01
s349        , -1.918353701640313e+01, -1.904882325106117e+01,  1.160629167780628e+01
s350        , -2.047073332015930e+01, -2.094267693770725e+01,  1.443012255241797e+01
s351        , -2.167714580870165e+01, -2.213427952723149e+01,  1.620686180439515e+01
s352        , -2.086238589025425e+01, -2.072559339488156e+01,  1.410644009747242e+01
s353        , -1.920058764071421e+01, -1.964210727247773e+01,  1.249090792292752e+01
s354        , -2.053223705409261e+01, -2.069183137248022e+01,  1.405609922799635e+01
s355        , -1.704257081119439e+01, -1.779752419147501e+01,  9.740541993579340e+00
s356        , -2.127143545968418e+01, -2.107460637157616e+01,  1.462683595813455e+01
s357        , -1.906625211198675e+01, -1.939934265013130e+01,  1.212893368981803e+01
s358        , -2.032987192881253e+01, -2.001439670942774e+01,  1.304601015377251e+01
s359        , -2.136102912880764e+01, -2.145038118195619e+01,  1.518713505564914e+01
s360        , -1.881386071055488e+01, -1.843850406670586e+01,  1.069627514997067e+01
s361        , -2.182643688719446e+01, -2.132391087172423e+01,  1.499856147719748e+01
s362        , -2.091897008712596e+01, -2.113902419862344e+01,  1.472288617055283e+01
s363        , -1.798497754334610e+01, -1.864003117432584e+01,  1.099676217944986e+01
s364        , -1.789393844733154e+01, -1.759444143397934e+01,  9.437735412077723e+00
s365        , -2.184332997178521e+01, -2.100841376263330e+01,  1.452813945685681e+01
s366        , -2.293131491804218e+01, -2.273986349437200e+01,  1.710981788576468e+01
s367        , -2.320311495695380e+01, -2.265487232359356e+01,  1.698309178553538e+01
s368        , -1.944159222026194e+01, -1.986678911193400e+01,  1.282591981940869e+01
s369        , -2.221834550731525e+01, -2.261374309075998e+01,  1.692176603564061e+01
s370        , -1.739352775780219e+01, -1.819650899595256e+01,  1.033544835690030e+01
s371        , -2.131349702655302e+01, -2.077251183610806e+01,  1.417639784756592e+01
s372        , -2.230067528571091e+01, -2.199466528605871e+01,  1.599868996538822e+01
s373        , -1.609460498694387e+01, -1.624505612812708e+01,  7.425734212998266e+00
s374        , -1.846307154319872e+01, -1.879670141302072e+01,  1.123036536658036e+01
s375        , -2.092466765927065e+01, -2.101649788835505e+01,  1.454019329394480e+01
s376        , -2.335896110191541e+01, -2.408193431554545e+01,  1.911091282116941e+01
s377        , -2.209438728501526e+01, -2.254639748742100e+01,  1.682135036186449e+01
s378        , -2.111108779470583e+01, -2.147950283172252e+01,  1.523055689668663e+01
s379        , -1.875225846070942e+01, -1.825370996419125e+01,  1.042073787071493e+01
s380        , -1.834869608623442e+01, -1.830759124385854e+01,  1.050107756229773e+01
s381        , -2.068155326614140e+01, -2.027306098044315e+01,  1.343169156084349e+01
s382        , -1.804666933121612e+01, -1.811317219824227e+01,  1.021118900992703e+01
s383        , -2.062194236740874e+01, -2.116207850710388e+01,  1.475726130129231e+01
s384        , -1.800916137079852e+01, -1.836176850293707e+01,  1.058185857403403e+01
s385        , -2.216424509641620e+01, -2.189015286787485e+01,  1.584285670576055e+01
s386        , -2.182057698940036e+01, -2.191192874031373e+01,  1.587532562421402e+01
s387        , -1.799817167842237e+01, -1.761649676052921e+01,  9.470621010632833e+00
s388        , -2.351217009702901e+01, -2.403940495181762e+01,  1.904749940585700e+01
s389        , -2.149803565649794e+01, -2.176926034910604e+01,  1.566259989425707e+01
s390        , -2.025125341850577e+01, -2.006138941936011e+01,  1.311607864223304e+01
s391        , -1.925641978436478e+01, -1.913088013125838e+01,  1.172864260354519e+01
s392        , -1.954014294555121e+01, -2.035449229812996e+01,  1.355310974149057e+01
s393        , -2.007195889273447e+01, -2.014647059409707e+01,  1.324293894288063e+01
s394        , -1.933645012315517e+01, -1.897101163309226e+01,  1.149027065106413e+01
s395        , -2.191328817199827e+01, -2.086002138521904e+01,  1.430687897625362e+01
s396        , -1.985518647713905e+01, -1.915970111413599e+01,  1.177161613516504e+01
s397        , -1.859895904181181e+01, -1.879663886453820e+01,  1.123027210365444e+01
s398        , -2.089338265909714e+01, -2.111346195416481e+01,  1.468477158142928e+01
s399        , -1.650074457052408e+01, -1.683717753704235e+01,  8.308616944543722e+00
s400        , -1.659170957499870e+01, -1.712666122337919e+01,  8.740251646283566e+00
s401        , -1.654426837808786e+01, -1.701713108647238e+01,  8.576936716266102e+00
s402        , -1.877939202276407e+01, -1.866411605299438e+01,  1.103267394205067e+01
s403        , -2.106694758002669e+01, -2.094074214358871e+01,  1.442723767730514e+01
s404        , -2.165676773412189e+01, -2.158250174938856e+01,  1.538413345109936e+01
s405        , -2.212611753855641e+01, -2.208043786663772e+01,  1.612658118683893e+01
s406        , -1.885653015374473e+01, -1.893596902236842e+01,  1.143802036014318e+01
s407        , -1.790225292709843e+01, -1.757390271367709e+01,  9.407111149536489e+00
s408        , -1.653237145459570e+01, -1.704031767710350e+01,  8.611509086329763e+00
s409        , -1.984138826084547e+01, -2.000076418571024e+01,  1.302568337687110e+01
s410        , -1.632163885458830e+01, -1.717330281415995e+01,  8.809796598470953e+00
s411        , -1.826950002229553e+01, -1.830054477640376e+01,  1.049057092575232e+01
s412        , -2.254085603631221e+01, -2.253635734263462e+01,  1.680638000220403e+01
s413        , -1.907038707751166e+01, -1.940520045939937e+01,  1.213766797736379e+01
s414        , -1.996831080241482e+01, -2.002173457014088e+01,  1.305695127228735e+01
s415        , -2.069762370804266e+01, -2.010658320350491e+01,  1.318346484207967e+01
s416        , -1.735494379178349e+01, -1.798623554626198e+01,  1.002192009252899e+01
s417        , -1.714858900796163e+01, -1.685461183447329e+01,  8.334612356813308e+00
s418        , -2.014294405560549e+01, -2.010706820206425e+01,  1.318418799926740e+01
s419        , -1.771416578387462e+01, -1.790465430679112e+01,  9.900278370979272e+00
s420        , -2.335906844703241e+01, -2.339243599045043e+01,  1.808283622152224e+01
s421        , -2.045819521600993e+01, -2.019352948320851e+01,  1.331310610781781e+01
s422        , -1.913624718404630e+01, -1.904183895034288e+01,  1.159587773498433e+01
s423        , -2.001718266940652e+01, -2.021149753772681e+01,  1.333989737868698e+01
s424        , -2.199980092896302e+01, -2.163218182364912e+01,  1.545820893461699e+01
s425        , -1.799669141475633e+01, -1.836304319488652e+01,  1.058375920369082e+01
s426        , -2.179879403652462e+01, -2.152044392867978e+01,  1.529160212654972e+01
s427        , -1.855895626610580e+01, -1.911857093629704e+01,  1.171028897621984e+01
s428        , -2.201089453299450e+01, -2.236658447763250e+01,  1.655324014179946e+01
s429        , -2.010895188317044e+01, -2.042024911701069e+01,  1.365115645791906e+01
s430        , -2.197039083997888e+01, -2.141406182493070e+01,  1.513298107192918e+01
s431        , -2.053790779896415e+01, -2.035383720190870e+01,  1.355213296015393e+01
s432        , -2.056150222449639e+01, -1.985062557763565e+01,  1.280181917873283e+01
s433        , -1.961788415450921e+01, -1.982615353937434e+01,  1.276533014175270e+01
s434        , -2.169585176655818e+01, -2.150675689955233e+01,  1.527119407934716e+01
s435        , -1.969212203292086e+01, -1.975934000384468e+01,  1.266570780777783e+01
s436        , -1.841763911968392e+01, -1.824814006804000e+01,  1.041243287607296e+01
s437        , -2.085473352476042e+01, -2.014797534219555e+01,  1.324518259779914e+01
s438        , -2.075193174001312e+01, -2.107828127672394e+01,  1.463231542610547e+01
s439        , -1.747889033992054e+01, -1.730873815124735e+01,  9.011737481801875e+00
s440        , -2.292628299240021e+01, -2.305317544303665e+01,  1.757698172226507e+01
s441        , -1.928590410708185e+01, -1.902053923919433e+01,  1.156411879690707e+01
s442        , -2.265396374356312e+01, -2.245448902108679e+01,  1.668431022687265e+01
s443        , -1.939450551490213e+01, -1.892828891568541e+01,  1.142656893571440e+01
s444        , -2.014197468633274e+01, -2.035167528921325e+01,  1.354890943984680e+01
s445        , -2.136890748153691e+01, -2.147924224837739e+01,  1.523016835384375e+01
s446        , -1.984877428373165e+01, -1.991440074801311e+01,  1.289691115780984e+01
s447        , -2.124129540469972e+01, -2.100395719630210e+01,  1.452149449284004e+01
s448        , -1.996883442559681e+01, -2.025750724790215e+01,  1.340850016518583e+01
s449        , -2.213132573342666e+01, -2.215150469604725e+01,  1.623254539540607e+01
s450        , -2.393776981346641e+01, -2.281688032156051e+01,  1.722465383957308e+01
s451        , -1.778758837631850e+01, -1.782485421905275e+01,  9.781292436035473e+00
s452        , -2.093231028730361e+01, -2.091716598938997e+01,  1.439208444841505e+01
s453        , -1.913112365245808e+01, -1.914840454559251e+01,  1.175477238463923e+01
s454        , -1.694745233262931e+01, -1.747042033500053e+01,  9.252813730498474e+00
s455        , -1.959305905778561e+01, -1.940590833710935e+01,  1.213872345854852e+01
s456        , -1.690137029519855e+01, -1.739086908629647e+01,  9.134198827040832e+00
s457        , -1.744399185749123e+01, -1.728629044931559e+01,  8.978266831864159e+00
s458        , -2.020627098912283e+01, -2.029742995477175e+01,  1.346802692432851e+01
s459        , -1.884232545378780e+01, -1.890946779203206e+01,  1.139850569596046e+01
s460        , -2.233016805188693e+01, -2.245864136320191e+01,  1.669050157731821e+01
s461        , -1.623645396367353e+01, -1.628382335719289e+01,  7.483538096757131e+00
s462        , -2.313545884021418e+01, -2.280626197316779e+01,  1.720882134932307e+01
s463        , -2.090493117250811e+01, -2.049042949945176e+01,  1.375579892957700e+01
s464        , -1.633431188033305e+01, -1.673107442503633e+01,  8.150411880611042e+00
s465        , -1.999082968954132e+01, -2.036159934269855e+01,  1.356370670155223e+01
s466        , -1.900684695054017e+01, -1.820179461812861e+01,  1.034332948478124e+01
s467        , -1.783078222536251e+01, -1.788806102755075e+01,  9.875536959031551e+00
s468        , -1.945030486126850e+01, -1.848366091609332e+01,  1.076360627824084e+01
s469        , -2.270314762369042e+01, -2.257971282637351e+01,  1.687102520390513e+01
s470        , -2.119907484802825e+01, -2.129693518072271e+01,  1.495833936835602e+01
s471        , -1.972012875359749e+01, -1.978292719953790e+01,  1.270087750009021e+01
s472        , -1.766462305551830e+01, -1.781244687528514e+01,  9.762792463915165e+00
s473        , -2.127822401317911e+01, -2.152963406099469e+01,  1.530530507496416e+01
s474        , -1.654177405306909e+01, -1.675470773632573e+01,  8.185650333591273e+00
s475        , -2.297159509003216e+01, -2.349738728306803e+01,  1.823932386495198e+01
s476        , -2.252587602064435e+01, -2.234618464298790e+01,  1.652282296474267e+01
s477        , -2.178946083596680e+01, -2.087055862328065e+01,  1.432259052693007e+01
s478        , -1.788602657411998e+01, -1.785359765302362e+01,  9.824150338344198e+00
s479        , -1.952938513246325e+01, -1.904251641366466e+01,  1.159688786679015e+01
s480        , -2.203955610850313e+01, -2.199212920262909e+01,  1.599490853774168e+01
s481        , -1.615402914764109e+01, -1.730851439011254e+01,  9.011403842722221e+00
s482        , -2.215324565636576e+01, -2.196360354509811e+01,  1.595237535103219e+01
s483        , -2.217560840271064e+01, -2.188129455886300e+01,  1.582964852254086e+01
s484        , -2.403070638423247e+01, -2.425081283524203e+01,  1.936271916784789e+01
s485        , -1.896886917982663e+01, -1.908943278135431e+01,  1.166684252513617e+01
s486        , -2.293847835350512e+01, -2.314734142011091e+01,  1.771738791904534e+01
s487        , -1.935879902533930e+01, -1.977946628966034e+01,  1.269571710980483e+01
s488        , -2.071941340396909e+01, -2.039642741335916e+01,  1.361563710247394e+01
s489        , -2.120929532988995e+01, -2.105334622380641e+01,  1.459513601104026e+01
s490        , -2.336106814107168e+01, -2.323246016926583e+01,  1.784430424503547e+01
s491        , -1.878377211600346e+01, -1.863129753900406e+01,  1.098373989095781e+01
s492        , -2.196689093989351e+01, -2.214449777064262e+01,  1.622209771804154e+01
s493        , -2.118321097196467e+01, -2.058985511510945e+01,  1.390404751139785e+01
s494        , -2.014379663919148e+01, -2.017754826177278e+01,  1.328927730476802e+01
s495        , -1.971897958689983e+01, -1.967009629784288e+01,  1.253264096415119e+01
s496        , -2.171934681583978e+01, -2.157808244445447e+01,  1.537754404569534e+01
s497        , -1.930074135275753e+01, -1.919981471924720e+01,  1.183142753316465e+01
s498        , -2.146882601091719e+01, -2.183539702290622e+01,  1.576121299343044e+01
s499        , -1.852368794388046e+01, -1.837193628501314e+01,  1.059701924729784e+01
s500        , -2.050589701281523e+01, -2.063077432070079e+01,  1.396506010013591e+01
s501        , -2.141899489528082e+01, -2.124798063646456e+01,  1.488534568647687e+01
s502        , -1.777920620854658e+01, -1.785883812837863e+01,  9.831964150049645e+00
s503        , -2.264989988763092e+01, -2.284133134394766e+01,  1.726111154083032e+01
s504        , -1.994570445298742e+01, -2.007869774713836e+01,  1.314188622742970e+01
s505        , -2.256898602446125e+01, -2.247813648709796e+01,  1.671956978525328e+01
s506        , -2.050664132584332e+01, -2.021914228224552e+01,  1.335129607635442e+01
s507        , -2.255451727781655e+01, -2.173791271074793e+01,  1.561585899253590e+01
s508        , -2.063695726234980e+01, -2.074830400698703e+01,  1.414030275967117e+01
s509        , -2.049565878814769e+01, -2.051394758970671e+01,  1.379086558221344e+01
s510        , -1.886667658587990e+01, -1.906928387691906e+01,  1.163679949761242e+01
s511        , -2.270091090950000e+01, -2.313585330169399e+01,  1.770025855804685e+01
s512        , -2.052865138648571e+01, -2.077536600709487e+01,  1.418065355972089e+01
s513        , -1.872228566034903e+01, -1.889193846417695e+01,  1.137236858856010e+01
s514        , -2.338235400416073e+01, -2.339081649823144e+01,  1.808042147736252e+01
s515        , -2.063189590001077e+01, -2.079972641311177e+01,  1.421697614742322e+01
s516        , -2.353360034901451e+01, -2.338817360875886e+01,  1.807648079654675e+01
s517        , -2.274108402549141e+01, -2.257986121721694e+01,  1.687124646209849e+01
s518        , -2.095244706423326e+01, -2.130875558988762e+01,  1.497596419153312e+01
s519        , -2.165153402286209e+01, -2.105439889794465e+01,  1.459670560100037e+01
s520        , -1.917430642162448e+01, -1.998706016622371e+01,  1.300524999619063e+01
s521        , -2.048146586988528e+01, -1.936640412661411e+01,  1.207982069849890e+01
s522        , -1.837039701152461e+01, -1.877674408646604e+01,  1.120060799128934e+01
s523        , -2.237538522976599e+01, -2.238658426029795e+01,  1.658306082128196e+01
s524        , -2.219430447580721e+01, -2.183448458620779e+01,  1.575985250452977e+01
s525        , -2.096151325596525e+01, -2.058614566182927e+01,  1.389851653042801e+01
s526        , -2.193172581512368e+01, -2.179357862316372e+01,  1.569885966109416e+01
s527        , -2.063376120076111e+01, -2.062934313183109e+01,  1.396292612571849e+01
s528        , -1.776721144005281e+01, -1.748495484527396e+01,  9.274485414613720e+00
s529        , -2.226349149791107e+01, -2.283424899585950e+01,  1.725055140446016e+01
s530        , -2.300566448791293e+01, -2.297280462790175e+01,  1.745714480413569e+01
s531        , -1.846679125419261e+01, -1.796377651033783e+01,  9.988432543039904e+00
s532        , -1.859817726729017e+01, -1.935553172254968e+01,  1.206360939849464e+01
s533        , -2.134099683522431e+01, -2.216459710837579e+01,  1.625206683912538e+01
s534        , -2.286936511308830e+01, -2.297332950872540e+01,  1.745792742778068e+01
s535        , -1.777040539985326e+01, -1.829552040057158e+01,  1.048307932927863e+01
s536        , -1.995222678224889e+01, -2.010675934769202e+01,  1.318372748190104e+01
s537        , -2.015268820600640e+01, -2.084929946705621e+01,  1.429089205827958e+01
s538        , -1.740140208992538e+01, -1.811053065609052e+01,  1.020725033803419e+01
s539        , -1.924950405987826e+01, -2.001027534152880e+01,  1.303986498743746e+01
s540        , -2.157643164881004e+01, -2.143833374969857e+01,  1.516917172964950e+01
s541        , -1.586673793577160e+01, -1.655372308679618e+01,  7.885972136343811e+00
s542        , -2.009907109345192e+01, -2.007520522967144e+01,  1.313667870864260e+01
s543        , -1.879069098033760e+01, -1.847369956673670e+01,  1.074875340651988e+01
s544        , -2.248614661420541e+01, -2.188106044536529e+01,  1.582929944756867e+01
s545        , -1.987972862262733e+01, -2.009381179468755e+01,  1.316442203070250e+01
s546        , -2.126472237694319e+01, -2.073714092965946e+01,  1.412365805124647e+01
s547        , -1.738356621674509e+01, -1.725847121763087e+01,  8.936786961537742e+00
s548        , -1.943625792183643e+01, -1.984120275539696e+01,  1.278776927796636e+01
s549        , -2.233202963006129e+01, -2.256050920523290e+01,  1.684239164120513e+01
s550        , -2.412763530103872e+01, -2.410297864174345e+01,  1.914229096747096e+01
s551        , -1.731823103856605e+01, -1.747275463537542e+01,  9.256294289485531e+00
s552        , -2.060923402045430e+01, -2.126225850189505e+01,  1.490663470025363e+01
s553        , -1.992869680942914e+01, -1.993004221696130e+01,  1.292023337285298e+01
s554        , -1.812921854031919e+01, -1.796344883983768e+01,  9.987943969882672e+00
s555        , -2.102602816640752e+01, -2.008444213860825e+01,  1.315045140334741e+01
s556        , -1.941820686683750e+01, -1.945806906249445e+01,  1.221649771736439e+01
s557        , -2.190718211184164e+01, -2.152815664421901e+01,  1.530310217241934e+01
s558        , -1.909304407213536e+01, -1.896684575406103e+01,  1.148405911639741e+01
s559        , -2.023025085829861e+01, -2.032801354525175e+01,  1.351362859232581e+01
s560        , -2.107002513254548e+01, -2.124533889210660e+01,  1.488140671308444e+01
s561        , -2.121559386756793e+01, -2.105898567522360e+01,  1.460354471607382e+01
s562        , -1.764234380631898e+01, -1.815729637165969e+01,  1.027698036650932e+01
s563        , -1.646928563220792e+01, -1.744050582719321e+01,  9.208209698338665e+00
s564        , -1.863449571719480e+01, -1.824315837126009e+01,  1.040500491620771e+01
s565        , -2.028655126138008e+01, -2.033162524508945e+01,  1.351901381800794e+01
s566        , -1.821002786093300e+01, -1.825220462576213e+01,  1.041849333558381e+01
s567        , -2.066943738863287e+01, -2.106930827915240e+01,  1.461893623648856e+01
s568        , -2.062629415098700e+01, -2.068182240798097e+01,  1.404117535970854e+01
s569        , -2.065075063553067e+01, -2.118412911889603e+01,  1.479013986990709e+01
s570        , -2.031634942577389e+01, -2.037432121402199e+01,  1.358267565004032e+01
s571        , -2.047206271335130e+01, -2.033916332820917e+01,  1.353025347817754e+01
s572        , -2.393038589894997e+01, -2.394488692173920e+01,  1.890656828038258e+01
s573        , -1.926109501090367e+01, -1.887442848094121e+01,  1.134626032495786e+01
s574        , -2.085894290369713e+01, -2.105851026027117e+01,  1.460283584852487e+01
s575        , -2.021973442813006e+01, -2.087447258145497e+01,  1.432842643495849e+01
s576        , -1.844714179521902e+01, -1.839922418046993e+01,  1.063770686864758e+01
s577        , -1.949977509463960e+01, -1.932620037593696e+01,  1.201987488893724e+01
s578        , -2.108198153892643e+01, -2.091866900850060e+01,  1.439432552532593e+01
s579        , -2.029210259566103e+01, -2.041920969577835e+01,  1.364960662870664e+01
s580        , -2.195204710511243e+01, -2.213522176711885e+01,  1.620826673134594e+01
s581        , -2.000078291173359e+01, -2.035838590138088e+01,  1.355891529930686e+01
s582        , -2.354247422413414e+01, -2.323427071643521e+01,  1.784700386171278e+01
s583        , -1.881717670098672e+01, -1.939004884043081e+01,  1.211507615321947e+01
s584        , -2.079214981383572e+01, -2.056240630373740e+01,  1.386311995634420e+01
s585        , -2.214462266832296e+01, -2.242181110454993e+01,  1.663558581363765e+01
s586        , -1.671124709479596e+01, -1.675742365520505e+01,  8.189699904916894e+00
s587        , -1.722924462132460e+01, -1.682791686015102e+01,  8.294808810626119e+00
s588        , -2.306180681354529e+01, -2.269488094199923e+01,  1.704274664308911e+01
s589        , -2.054966159202169e+01, -2.111010137640125e+01,  1.467976079136023e+01
s590        , -2.302597507766974e+01, -2.323179874875268e+01,  1.784331803386230e+01
s591        , -2.031576031139625e+01, -2.052666977269040e+01,  1.380983499540259e+01
s592        , -1.675983730084032e+01, -1.613872648425322e+01,  7.267191378683965e+00
s593        , -1.833051427645905e+01, -1.877665546694259e+01,  1.120047585513323e+01
s594        , -1.700453572465554e+01, -1.722949884571441e+01,  8.893587701264718e+00
s595        , -2.121342929627275e+01, -2.090235707711133e+01,  1.437000361714137e+01
s596        , -1.895402289388661e+01, -1.883665094215107e+01,  1.128993211905967e+01
s597        , -2.389559541191659e+01, -2.396755388318287e+01,  1.894036585725433e+01
s598        , -1.923753651242740e+01, -1.941554702722993e+01,  1.215309522915849e+01
s599        , -2.358158831573873e+01, -2.341489801348150e+01,  1.811632822493762e+01
s600        , -1.942143232536245e+01, -1.962708572560677e+01,  1.246851004280735e+01
s601        , -2.073803555561576e+01, -2.033785557359929e+01,  1.352830355043506e+01
s602        , -1.821856306700227e+01, -1.767701088337876e+01,  9.560850604216283e+00
s603        , -1.722454836479658e+01, -1.750271363256327e+01,  9.300964657544052e+00
s604        , -1.805154515236764e+01, -1.784743137813794e+01,  9.814956113084717e+00
s605        , -2.021935755598555e+01, -1.949538559912998e+01,  1.227213854591835e+01
s606        , -1.827906736534894e+01, -1.882991934098987e+01,  1.127989496395705e+01
s607        , -2.237721630921111e+01, -2.248757974195120e+01,  1.673365015207330e+01
s608        , -2.098562136420296e+01, -2.131347322625373e+01,  1.498299842407164e+01
s609        , -1.946776205882490e+01, -1.956152011745495e+01,  1.237074843117004e+01
s610        , -2.069261977150295e+01, -2.048011771565460e+01,  1.374042354252147e+01
s611        , -2.170289912291919e+01, -2.128439012460588e+01,  1.493963406021305e+01
s612        , -1.930046031145336e+01, -1.902771517859429e+01,  1.157481848261924e+01
s613        , -2.385958137896088e+01, -2.393546146371798e+01,  1.889251444953210e+01
s614        , -1.933674081040147e+01, -1.936914784546819e+01,  1.208391172098180e+01
s615        , -1.973716697922491e+01, -1.975742681923140e+01,  1.266285515352162e+01
s616        , -1.815004309366292e+01, -1.786520591165364e+01,  9.841458834428702e+00
s617        , -1.832352306169715e+01, -1.784958849823164e+01,  9.818172487382153e+00
s618        , -1.700993990522181e+01, -1.717946134241991e+01,  8.818979273122778e+00
s619        , -2.331208521979489e+01, -2.283447588413458e+01,  1.725088970626288e+01
s620        , -2.294394567846179e+01, -2.337655649807620e+01,  1.805915910160759e+01
s621        , -2.117716243218820e+01, -2.144594232995934e+01,  1.518051650459374e+01
s622        , -2.002792552777272e+01, -1.948140532255051e+01,  1.225129325205058e+01
s623        , -1.988853831837967e+01, -1.968917810133646e+01,  1.256109289062702e+01
s624        , -2.364575476956619e+01, -2.320820523631215e+01,  1.780813892296273e+01
s625        , -2.144171537166414e+01, -2.102952326921385e+01,  1.455961479037929e+01
s626        , -2.037069722396305e+01, -2.032406325018144e+01,  1.350773850416217e+01
s627        , -1.998545144661707e+01, -2.009981536261535e+01,  1.317337365172366e+01
s628        , -2.158119065398551e+01, -2.156717577356573e+01,  1.536128165213662e+01
s629        , -1.843917864187274e+01, -1.792063863947143e+01,  9.924111813050853e+00
s630        , -1.962256463480217e+01, -2.003039603686039e+01,  1.306986595377221e+01
s631        , -2.101091990223662e+01, -2.071540920756262e+01,  1.409125496316831e+01
s632        , -2.022844039713042e+01, -1.983503804910953e+01,  1.277857739156556e+01
s633        , -2.473876586737651e+01, -2.470393514963141e+01,  2.003834727490310e+01
s634        , -2.051539403555230e+01, -2.056433490116333e+01,  1.386599559187741e+01
s635        , -2.382235458298951e+01, -2.393872045056868e+01,  1.889737376245254e+01
s636        , -1.910586081968059e+01, -1.933286752672837e+01,  1.202981594530459e+01
s637        , -1.917066616024459e+01, -1.908850414093999e+01,  1.166545787568207e+01
s638        , -2.192001400012589e+01, -2.174936720381020e+01,  1.563293821644340e+01
s639        , -2.010078758798683e+01, -1.971714331137446e+01,  1.260279042200294e+01
s640        , -1.983289623130970e+01, -1.970542101704314e+01,  1.258531189296584e+01
s641        , -2.307886864739055e+01, -2.294640132388917e+01,  1.741777615301538e+01
s642        , -2.260273435105626e+01, -2.268782130495020e+01,  1.703222037001787e+01
s643        , -2.012782689900612e+01, -1.996367034248482e+01,  1.297037459536569e+01
s644        , -1.902512926743999e+01, -1.819025589130901e+01,  1.032612466411498e+01
s645        , -2.049081123370357e+01, -2.026698113240921e+01,  1.342262620235659e+01
s646        , -2.159630341817387e+01, -2.216525476653328e+01,  1.625304744043749e+01
s647        , -2.046804100673445e+01, -2.036227374069610e+01,  1.356471226280583e+01
s648        , -2.112203592795417e+01, -2.124907350218134e+01,  1.488697520409727e+01
s649        , -2.130712394597167e+01, -2.199705489260173e+01,  1.600225298864705e+01
s650        , -1.872664219670308e+01, -1.836999526139737e+01,  1.059412508369208e+01
s651        , -2.286060777226206e+01, -2.337519747034748e+01,  1.805713272307219e+01
s652        , -2.513277458672901e+01, -2.507702575067136e+01,  2.059464408160617e+01
s653        , -2.212366926194319e+01, -2.182106314971367e+01,  1.573984046927015e+01
s654        , -2.219498706816524e+01, -2.212659946702188e+01,  1.619541044926054e+01
s655        , -2.136195741190379e+01, -2.140072287545713e+01,  1.511309202895615e+01
s656        , -2.204727614381470e+01, -2.169790128673672e+01,  1.555619995168353e+01
s657        , -2.036339525797458e+01, -2.011509131284777e+01,  1.319615086002094e+01
s658        , -1.602366185676991e+01, -1.585730564617090e+01,  6.847578788260833e+00
s659        , -1.871169938684588e+01, -1.899051510692472e+01,  1.151935130917337e+01
s660        , -2.183022460938435e+01, -2.120037106916972e+01,  1.481435743273687e+01
s661        , -2.183692812512830e+01, -2.223489637675027e+01,  1.635688657567537e+01
s662        , -1.575332316936146e+01, -1.554053738060018e+01,  6.375261409826017e+00
s663        , -2.161244100467384e+01, -2.180751037932124e+01,  1.571963260857820e+01
s664        , -1.792030659393350e+01, -1.772827350746620e+01,  9.637285748933337e+00
s665        , -2.036353189911458e+01, -2.026239849840106e+01,  1.341579326510780e+01
s666        , -1.896012969757172e+01, -1.846239226637543e+01,  1.073189365431527e+01
s667        , -1.834472710605888e+01, -1.878463854751772e+01,  1.121237902883746e+01
s668        , -2.315183675604283e+01, -2.268400443366928e+01,  1.702652922341903e+01
s669        , -2.168824836514504e+01, -2.104583920242822e+01,  1.458394266548585e+01
s670        , -1.765957516951316e+01, -1.777630684061977e+01,  9.708905858832001e+00
s671        , -1.925271531654228e+01, -1.972457044837877e+01,  1.261386465594752e+01
s672        , -2.010246672918431e+01, -1.990132653578923e+01,  1.287741685135981e+01
s673        , -2.045224673553428e+01, -2.049012686865453e+01,  1.375534769187324e+01
s674        , -1.961862741224291e+01, -1.953596052389169e+01,  1.233263779466447e+01
s675        , -1.819835804307071e+01, -1.824635890470462e+01,  1.040977707216655e+01
s676        , -2.030955144796039e+01, -2.032024665457488e+01,  1.350204776860762e+01
s677        , -1.708028116046972e+01, -1.712813342326552e+01,  8.742446770184594e+00
s678        , -1.996975063415185e+01, -1.976705877545418e+01,  1.267721688355209e+01
s679        , -2.075675552323975e+01, -2.061164078659916e+01,  1.393653104072779e+01
s680        , -1.844365265503332e+01, -1.857833433614787e+01,  1.090476909796667e+01
s681        , -1.908965101407623e+01, -1.915051612606484e+01,  1.175792085707618e+01
s682        , -2.132701003782740e+01, -2.159658666780402e+01,  1.540513477119521e+01
s683        , -2.134055790648813e+01, -2.040043337605758e+01,  1.362161019386432e+01
s684        , -2.228765611405496e+01, -2.228280661192423e+01,  1.642832314030974e+01
s685        , -2.220524684044785e+01, -2.253916728932978e+01,  1.681056977372110e+01
s686        , -2.092862014660340e+01, -2.097072383616394e+01,  1.447194188532502e+01
s687        , -2.266843571203506e+01, -2.234452760794872e+01,  1.652035224235426e+01
s688        , -1.791243182954496e+01, -1.838073825278495e+01,  1.061014342290162e+01
s689        , -2.022924986754604e+01, -2.038017872600326e+01,  1.359140949431654e+01
s690        , -1.926971843911773e+01, -1.872949494973534e+01,  1.113015715760579e+01
s691        , -1.839442212707931e+01, -1.852931647935302e+01,  1.083168101391847e+01
s692        , -1.811967055159425e+01, -1.823031841200486e+01,  1.038585989268802e+01
s693        , -1.897178714286070e+01, -1.909051266333693e+01,  1.166845268335746e+01
s694        , -2.117746495604092e+01, -2.069557962867249e+01,  1.406168806605512e+01
s695        , -2.262578130233349e+01, -2.277791520092588e+01,  1.716655488955552e+01
s696        , -2.110358706695218e+01, -2.055031638066873e+01,  1.384509327441320e+01
s697        , -2.080079623838923e+01, -2.062094028138011e+01,  1.395039705406658e+01
s698        , -2.284382050270110e+01, -2.315753051221076e+01,  1.773258036662390e+01
s699        , -1.710021253686445e+01, -1.743906831578327e+01,  9.206066296696495e+00
s700        , -1.768315556313765e+01, -1.759924189552055e+01,  9.444893141108233e+00
s701        , -1.903295584190279e+01, -1.911156793100803e+01,  1.169984714394440e+01
s702        , -1.837939645173277e+01, -1.856254804048577e+01,  1.088123093902613e+01
s703        , -2.091048572489854e+01, -1.999189764305486e+01,  1.301246291687577e+01
s704        , -2.101614044515869e+01, -2.100328185948499e+01,  1.452048753175936e+01
s705        , -1.998067347119072e+01, -1.949424399076738e+01,  1.227043635056729e+01
s706        , -2.205053681559340e+01, -2.195515202519001e+01,  1.593977371077763e+01
s707        , -2.095566328486310e+01, -2.093481679653657e+01,  1.441840268753448e+01
s708        , -2.098548818691052e+01, -2.112926001583364e+01,  1.470832728407624e+01
s709        , -2.115794840593145e+01, -2.168390175205991e+01,  1.553532594302630e+01
s710        , -2.144561556804213e+01, -2.139580508454382e+01,  1.510575935594459e+01
s711        , -2.158487030708884e+01, -2.161198445565178e+01,  1.542809364549041e+01
s712        , -1.701606937532507e+01, -1.723913413624019e+01,  8.907954402908263e+00
s713        , -2.069677260469373e+01, -2.065052158673738e+01,  1.399450426465427e+01
s714        , -1.667903695847065e+01, -1.631411530990055e+01,  7.528704918202372e+00
s715        , -1.903979308955687e+01, -1.925697186616685e+01,  1.191665170719377e+01
s716        , -1.775292931769286e+01, -1.756757406401701e+01,  9.397674815340912e+00
s717        , -1.980553907801730e+01, -2.046042359811331e+01,  1.371105862507644e+01
s718        , -2.205506805307129e+01, -2.243599456929213e+01,  1.665673407125144e+01
s719        , -2.211926724507942e+01, -2.233831680400976e+01,  1.651109162204200e+01
s720        , -2.227273745316376e+01, -2.267651658191584e+01,  1.701536446073700e+01
s721        , -1.785735939085095e+01, -1.796716528237574e+01,  9.993485372186715e+00
s722        , -2.185625504194673e+01, -2.164870720556225e+01,  1.548284910824291e+01
s723        , -2.033801839240394e+01, -2.030849946030160e+01,  1.348453211250765e+01
s724        , -2.101306363073858e+01, -2.101074445405308e+01,  1.453161463471070e+01
s725        , -1.977835943733275e+01, -1.997363751336050e+01,  1.298523614726366e+01
s726        , -1.782642809085736e+01, -1.751585240138288e+01,  9.320555221117573e+00
s727        , -2.098840179836340e+01, -2.098099835855741e+01,  1.448726171375800e+01
s728        , -2.135488943619893e+01, -2.104711197869411e+01,  1.458584043876234e+01
s729        , -1.830313789299144e+01, -1.884230027624341e+01,  1.129835555965778e+01
s730        , -1.974102380594271e+01, -1.957421307361240e+01,  1.238967426569475e+01
s731        , -1.858542568590836e+01, -1.789458818489457e+01,  9.885269278144111e+00
s732        , -1.728575125425960e+01, -1.813257287049538e+01,  1.024011638572317e+01
s733        , -2.189672381410002e+01, -2.204032833093383e+01,  1.606677585652984e+01
s734        , -1.907291800543370e+01, -1.916984287277702e+01,  1.178673800618145e+01
s735        , -2.104653345651221e+01, -2.030969003379885e+01,  1.348630731733141e+01
s736        , -1.839280423093862e+01, -1.864214390827808e+01,  1.099991237178321e+01
s737        , -2.165426899727042e+01, -2.118713452743032e+01,  1.479462108483399e+01
s738        , -1.806822955624155e+01, -1.823603758085340e+01,  1.039438746041170e+01
s739        , -1.955458939471557e+01, -1.984761638157740e+01,  1.279733231641766e+01
s740        , -1.834079412742093e+01, -1.829857071366418e+01,  1.048762749915513e+01
s741        , -2.108323768665554e+01, -2.089439387514271e+01,  1.435813008343689e+01
s742        , -1.784982580383593e+01, -1.803993624669114e+01,  1.010199053140680e+01
s743        , -2.007117762213282e+01, -1.996364465547317e+01,  1.297033629474241e+01
s744        , -2.048858578542649e+01, -2.073328305948930e+01,  1.411790577324656e+01
s745        , -2.120349313282904e+01, -2.109475001530270e+01,  1.465687114167765e+01
s746        , -1.892251493836264e+01, -1.862069825334147e+01,  1.096793582419494e+01
s747        , -2.116880416688591e+01, -2.068584084931227e+01,  1.404716705736669e+01
s748        , -2.167842994358758e+01, -2.127433787383492e+01,  1.492464564992214e+01
s749        , -2.059667445248301e+01, -2.049867896443513e+01,  1.376809929580029e+01
s750        , -2.032384862658092e+01, -2.060057596753215e+01,  1.392003284029990e+01
s751        , -2.236553637276776e+01, -2.153598144584058e+01,  1.531476934426186e+01
s752        , -1.716732359631470e+01, -1.742623785209133e+01,  9.186935431538139e+00
s753        , -2.206691124025960e+01, -2.211468905356915e+01,  1.617765142517416e+01
s754        , -1.859855862913608e+01, -1.886365002823199e+01,  1.133018911113842e+01
s755        , -2.251644582892857e+01, -2.201248671812676e+01,  1.602526261482697e+01
s756        , -2.026279534630465e+01, -2.044357480785056e+01,  1.368593623337359e+01
s757        , -1.901185247831666e+01, -1.935407241726565e+01,  1.206143350109264e+01
s758        , -1.866312886885699e+01, -1.902602153648179e+01,  1.157229317724769e+01
s759        , -2.105033567951521e+01, -2.136856752667094e+01,  1.506514679045826e+01
s760        , -1.976737462921502e+01, -1.965974307484189e+01,  1.251720378916345e+01
s761        , -2.282845273202710e+01, -2.272775959550027e+01,  1.709177036521007e+01
s762        , -1.737428124739802e+01, -1.682771341463735e+01,  8.294505463156970e+00
s763        , -2.048674857080450e+01, -2.063013958713017e+01,  1.396411368053312e+01
s764        , -1.996103637141938e+01, -1.962064050494212e+01,  1.245889989539477e+01
s765        , -1.985538741097363e+01, -2.006187355158852e+01,  1.311680050767788e+01
s766        , -1.902823974868692e+01, -1.912878873185461e+01,  1.172552422209410e+01
s767        , -2.019726225103009e+01, -1.983449134926845e+01,  1.277776223467077e+01
s768        , -2.180287541987858e+01, -2.124019028959398e+01,  1.487372988839691e+01
s769        , -2.332774774981945e+01, -2.357430859992412e+01,  1.835401740806233e+01
s770        , -2.255011500408412e+01, -2.255621801259447e+01,  1.683599325766223e+01
s771        , -1.837836194936116e+01, -1.792110483519824e+01,  9.924806934271805e+00
s772        , -2.036442085092615e+01, -2.048071105689472e+01,  1.374130824408255e+01
s773        , -2.207703951964118e+01, -2.214446608820280e+01,  1.622205047793403e+01
s774        , -2.410464814655394e+01, -2.381775624648933e+01,  1.871701006455409e+01
s775        , -2.145476048405246e+01, -2.064196386412143e+01,  1.398174427083337e+01
s776        , -1.783304251394927e+01, -1.786389338625231e+01,  9.839501793196785e+00
s777        , -1.926023008452307e+01, -1.965740551869482e+01,  1.251371837565671e+01
s778        , -1.976550707196644e+01, -1.971730809528983e+01,  1.260303612308911e+01
s779        , -2.301809423461469e+01, -2.268368402606133e+01,  1.702605147959848e+01
s780        , -1.989864127452180e+01, -2.015128187788963e+01,  1.325011280843093e+01
s781        , -1.803783397921168e+01, -1.762385119240686e+01,  9.481586837585452e+00
s782        , -2.003060740563550e+01, -2.010772899005608e+01,  1.318517326731956e+01
s783        , -2.170310297580588e+01, -2.085807135132105e+01,  1.430397137786495e+01
s784        , -1.828106793020000e+01, -1.891207470863795e+01,  1.140239273942700e+01
s785        , -1.904288077315707e+01, -1.909649676471805e+01,  1.167737527878072e+01
s786        , -2.022975758111321e+01, -1.988612281528886e+01,  1.285474734121727e+01
s787        , -1.858814151939532e+01, -1.974216252501036e+01,  1.264009532492216e+01
s788        , -1.926046054059691e+01, -1.962662215993883e+01,  1.246781884313613e+01
s789        , -2.212378523930028e+01, -2.226899982720492e+01,  1.640773653151075e+01
s790        , -2.174169856486492e+01, -2.175611797017796e+01,  1.564300394783067e+01
s791        , -1.907773631846257e+01, -1.925631587147348e+01,  1.191567358619015e+01
s792        , -2.217884458062024e+01, -2.174184619861144e+01,  1.562172402031087e+01
s793        , -2.046845693654859e+01, -1.942799924989635e+01,  1.217166211796881e+01
s794        , -1.973890233992908e+01, -1.906035862489638e+01,  1.162349149900458e+01
s795        , -2.098054198937622e+01, -2.091033741366169e+01,  1.438190269936700e+01
s796        , -1.872193723420701e+01, -1.880848075215249e+01,  1.124792895227728e+01
s797        , -1.738396768625594e+01, -1.819880386820733e+01,  1.033887012658188e+01
s798        , -1.812351947027918e+01, -1.842573578962317e+01,  1.067723700816704e+01
s799        , -2.115781411801412e+01, -1.959426498897033e+01,  1.241957267763760e+01
s800        , -2.197753832223543e+01, -2.191528348560532e+01,  1.588032771777471e+01
s801        , -2.000340332694237e+01, -2.060534908289310e+01,  1.392714979480349e+01
s802        , -2.346278750692302e+01, -2.325340187490779e+01,  1.787552937893878e+01
s803        , -2.201425716118592e+01, -2.203352810343640e+01,  1.605663637611641e+01
s804        , -1.618324989548500e+01, -1.634445403978617e+01,  7.573941486767106e+00
s805        , -2.141738653455062e+01, -2.060866173024342e+01,  1.393208911822140e+01
s806        , -2.157933013723432e+01, -2.171406941349736e+01,  1.558030743995111e+01
s807        , -1.912040169626662e+01, -1.970775912977980e+01,  1.258879813637557e+01
s808        , -2.304047586711122e+01, -2.238337967379783e+01,  1.657828262201387e+01
s809        , -2.047218776779852e+01, -2.045399043278491e+01,  1.370146645277511e+01
s810        , -2.119146876442327e+01, -2.170923691468387e+01,  1.557310194174010e+01
s811        , -2.180116494254657e+01, -2.191655764012631e+01,  1.588222754609871e+01
s812        , -2.372646511684069e+01, -2.335114968078854e+01,  1.802127626219481e+01
s813        , -2.269928091374550e+01, -2.246788683357455e+01,  1.670428703755341e+01
s814        , -1.832573741415099e+01, -1.888652542669512e+01,  1.136429747806493e+01
s815        , -2.057906464758977e+01, -2.011153294635140e+01,  1.319084515702684e+01
s816        , -1.808215553271357e+01, -1.780400334566876e+01,  9.750202737586495e+00
s817        , -2.152086258044021e+01, -2.138855154707205e+01,  1.509494396761373e+01
s818        , -2.057353864229959e+01, -2.088993453173022e+01,  1.435148097865257e+01
s819        , -2.244567325669163e+01, -2.260990822952056e+01,  1.691604806511094e+01
s820        , -2.103220827040201e+01, -2.128382736333153e+01,  1.493879495491532e+01
s821        , -2.251724700203312e+01, -2.284367184029680e+01,  1.726460133832587e+01
s822        , -1.967652212859418e+01, -1.992697249715175e+01,  1.291565626658772e+01
s823        , -1.898228811729100e+01, -1.923678835043599e+01,  1.188655707249159e+01
s824        , -2.375965705343503e+01, -2.398368705490432e+01,  1.896442122580454e+01
s825        , -2.074394606294202e+01, -2.014734637708350e+01,  1.324424477925752e+01
s826        , -2.229590893513048e+01, -2.236241514642232e+01,  1.654702345976072e+01
s827        , -2.030439908572953e+01, -1.878138071962280e+01,  1.120752144397824e+01
s828        , -2.126632247755481e+01, -2.096278237120144e+01,  1.446010076258736e+01
s829        , -1.836528680868646e+01, -1.753440339024675e+01,  9.348215676345848e+00
s830        , -2.038358031572328e+01, -2.052084197783973e+01,  1.380114546085921e+01
s831        , -2.014217587228185e+01, -2.001391174950020e+01,  1.304528705418673e+01
s832        , -1.638297894992474e+01, -1.730256987029195e+01,  9.002540265391774e+00
s833        , -2.087813803835245e+01, -2.072599837820263e+01,  1.410704394792498e+01
s834        , -2.163260872857058e+01, -2.155678460200646e+01,  1.534578789394434e+01
s835        , -1.845033213930005e+01, -1.821193555012294e+01,  1.035845012322594e+01
s836        , -2.085703068105029e+01, -2.060473518125843e+01,  1.392623443666248e+01
s837        , -1.604298594536770e+01, -1.650405949489043e+01,  7.811921228844226e+00
s838        , -1.819387371328009e+01, -1.759376538982893e+01,  9.436727396327617e+00
s839        , -2.199016371973259e+01, -2.145911947280625e+01,  1.520016428576747e+01
s840        , -1.816847175772266e+01, -1.864225771664133e+01,  1.100008206576339e+01
s841        , -2.076446728280485e+01, -2.053874898465335e+01,  1.382784570653750e+01
s842        , -1.719569444321167e+01, -1.746786758861156e+01,  9.249007457543474e+00
s843        , -1.999816334280537e+01, -1.974113629572315e+01,  1.263856516556187e+01
s844        , -1.581596700213373e+01, -1.586812037662403e+01,  6.863704094016760e+00
s845        , -2.003183538643507e+01, -2.011413578064596e+01,  1.319472611356234e+01
s846        , -2.166933569232110e+01, -2.112033263457790e+01,  1.469501611067506e+01
s847        , -2.001719781047365e+01, -1.993859651948928e+01,  1.293298826715109e+01
s848        , -1.670780899311153e+01, -1.707347329376436e+01,  8.660945774419183e+00
s849        , -2.103364362191806e+01, -2.136344619761378e+01,  1.505751063186131e+01
s850        , -1.674889176362534e+01, -1.628201808688652e+01,  7.480846348147356e+00
s851        , -1.887785873496733e+01, -1.956890562202356e+01,  1.238176058906400e+01
s852        , -1.916613881673827e+01, -1.967955282774141e+01,  1.254674112472983e+01
s853        , -2.151831650372089e+01, -2.144466450986295e+01,  1.517861121071289e+01
s854        , -2.092228526657664e+01, -2.056986564087858e+01,  1.387424220230856e+01
s855        , -1.984690981488844e+01, -1.977947507585636e+01,  1.269573021046396e+01
s856        , -1.857995804240183e+01, -1.842378609214223e+01,  1.067432991139306e+01
s857        , -2.294003947989728e+01, -2.323809540537727e+01,  1.785270666483665e+01
s858        , -2.107902559750898e+01, -2.126654228040105e+01,  1.491302202895305e+01
s859        , -1.829183386036745e+01, -1.850263504029440e+01,  1.079189764948854e+01
s860        , -2.148418071954308e+01, -2.122505162524299e+01,  1.485115738023742e+01
s861        , -2.060440939951398e+01, -2.023677409043179e+01,  1.337758598707070e+01
s862        , -1.983634035476443e+01, -1.954176690831757e+01,  1.234129540519020e+01
s863        , -2.017821382918477e+01, -2.078474034819455e+01,  1.419463117267645e+01
s864        , -2.145828954671971e+01, -2.074210050245829e+01,  1.413105302314582e+01
s865        , -2.179521899962700e+01, -2.186742175534189e+01,  1.580896347639577e+01
s866        , -2.240641608733365e+01, -2.220440276964728e+01,  1.631141907740829e+01
s867        , -1.970162478711471e+01, -1.951200886934079e+01,  1.229692467590785e+01
s868        , -1.579821539399930e+01, -1.546845497579358e+01,  6.267782927383374e+00
s869        , -1.927595790821999e+01, -1.948508154839014e+01,  1.225677468923931e+01
s870        , -1.834436146157947e+01, -1.871905335686555e+01,  1.111458821870954e+01
s871        , -1.954632707936713e+01, -1.946825148130965e+01,  1.223168021474068e+01
s872        , -2.222687656829416e+01, -2.223887132296268e+01,  1.636281341992879e+01
s873        , -2.174135075548704e+01, -2.131972797709231e+01,  1.499232457141635e+01
s874        , -2.306987923711809e+01, -2.355470760733377e+01,  1.832479134459188e+01
s875        , -2.178123430913379e+01, -2.186830244951078e+01,  1.581027663559214e+01
s876        , -2.287277527114560e+01, -2.265955343472937e+01,  1.699007155712280e+01
s877        , -2.189016288213647e+01, -2.152254809290260e+01,  1.529473954098651e+01
s878        , -1.876974537203656e+01, -1.866658581710886e+01,  1.103635648427061e+01
s879        , -1.761744622782913e+01, -1.757087932488475e+01,  9.402603125142658e+00
s880        , -1.792977215528789e+01, -1.856723349121017e+01,  1.088821718115789e+01
s881        , -2.116921283478955e+01, -1.967108640030781e+01,  1.253411725660674e+01
s882        , -1.809005639564229e+01, -1.836828282010254e+01,  1.059157174779637e+01
s883        , -1.958200153707774e+01, -2.007482237694117e+01,  1.313610785601139e+01
s884        , -1.866641101726497e+01, -1.905398177718966e+01,  1.161398329910302e+01
s885        , -1.949202935470739e+01, -1.996741034979932e+01,  1.297595113393380e+01
s886        , -1.753621319174707e+01, -1.734693366455968e+01,  9.068688908685338e+00
s887        , -2.072504645987743e+01, -2.029570479445511e+01,  1.346545462373309e+01
s888        , -2.163711888094086e+01, -2.192224099701818e+01,  1.589070171639806e+01
s889        , -1.784767272504274e+01, -1.770306463336590e+01,  9.599698052745099e+00
s890        , -2.036577167825686e+01, -2.090068133880846e+01,  1.436750500724835e+01
s891        , -1.925489904031788e+01, -1.930910274672470e+01,  1.199438146587469e+01
s892        , -1.797999052112338e+01, -1.913054950850719e+01,  1.172814962843353e+01
s893        , -2.224398236502422e+01, -2.252693839515950e+01,  1.679233587890448e+01
s894        , -2.015695897880840e+01, -1.997769470693944e+01,  1.299128562646750e+01
s895        , -1.853378696029952e+01, -1.874685447847069e+01,  1.115604108599858e+01
s896        , -2.478440805107692e+01, -2.392801430356774e+01,  1.888141036007222e+01
s897        , -2.202247365131235e+01, -2.197758616625145e+01,  1.597322414077725e+01
s898        , -2.008627742560493e+01, -1.942469224420054e+01,  1.216673120654086e+01
s899        , -1.802005794967191e+01, -1.768993498123034e+01,  9.580121082604947e+00
s900        , -1.770516073583232e+01, -1.776379870322106e+01,  9.690255598350193e+00
s901        , -2.425916197575684e+01, -2.396832807604258e+01,  1.894152021765479e+01
s902        , -1.641892815066793e+01, -1.657505998926081e+01,  7.917786528539496e+00
s903        , -2.332207101034287e+01, -2.329614861142656e+01,  1.793926690798960e+01
s904        , -2.132463334662818e+01, -2.000049907674347e+01,  1.302528808609928e+01
s905        , -2.166343218809494e+01, -2.208209065263619e+01,  1.612904557369444e+01
s906        , -1.790842270146736e+01, -1.746648737231995e+01,  9.246949485797620e+00
s907        , -1.911599503394165e+01, -1.966879411333610e+01,  1.253069934171192e+01
s908        , -2.062377494321661e+01, -1.997679484970018e+01,  1.298994389417167e+01
s909        , -2.034650826700463e+01, -2.057899059914776e+01,  1.388784797295058e+01
s910        , -1.701866755175476e+01, -1.652049670323248e+01,  7.836429931251391e+00
s911        , -1.800428066961873e+01, -1.822153034227942e+01,  1.037275643976876e+01
s912        , -2.018815932170212e+01, -2.047776642419510e+01,  1.373691764897469e+01
s913        , -1.735412329082851e+01, -1.754248791870089e+01,  9.360270113928037e+00
s914        , -2.004618788210774e+01, -2.083726382072717e+01,  1.427294630569081e+01
s915        , -1.937730144245923e+01, -1.933483102851790e+01,  1.203274362499533e+01
s916        , -2.191302790761547e+01, -2.218657808302390e+01,  1.628484157526422e+01
s917        , -1.792924589211810e+01, -1.749905939646817e+01,  9.295516008167800e+00
s918        , -2.621730238337609e+01, -2.586307651243155e+01,  2.176668520902895e+01
s919        , -1.919355775511356e+01, -1.907634686951536e+01,  1.164733077397301e+01
s920        , -1.675861595936722e+01, -1.639226546675876e+01,  7.645230723415336e+00
s921        , -2.192756432754418e+01, -2.181118053954613e+01,  1.572510500163101e+01
s922        , -2.290193110331377e+01, -2.292921244823649e+01,  1.739214667693169e+01
s923        , -1.925371616601646e+01, -1.900802400551518e+01,  1.154545795551507e+01
s924        , -1.798705044323696e+01, -1.835967238370008e+01,  1.057873315507478e+01
s925        , -2.338449219749342e+01, -2.374071191283296e+01,  1.860213309722192e+01
s926        , -1.762302148317026e+01, -1.764460904418085e+01,  9.512537836146375e+00
s927        , -1.720744831710588e+01, -1.722263102787348e+01,  8.883347440257673e+00
s928        , -1.827654667645005e+01, -1.858272108931466e+01,  1.091130996705230e+01
s929        , -2.066098735264480e+01, -2.105652385462074e+01,  1.459987401802828e+01
s930        , -1.982419875205301e+01, -2.059477367166389e+01,  1.391138132601874e+01
s931        , -2.184683786579889e+01, -2.230076163406326e+01,  1.645509497924748e+01
s932        , -2.007807490293144e+01, -2.025048031570221e+01,  1.339802265668562e+01
s933        , -2.186904116931162e+01, -2.218407760893296e+01,  1.628111324292844e+01
s934        , -1.595875499840616e+01, -1.610112968682364e+01,  7.211132667223418e+00
s935        , -1.706347068237267e+01, -1.682962488877185e+01,  8.297355567003461e+00
s936        , -1.818003510858343e+01, -1.746292288630247e+01,  9.241634658290474e+00
s937        , -2.175658784400171e+01, -2.181861823287642e+01,  1.573619497558732e+01
s938        , -2.010166135357230e+01, -1.984888587923566e+01,  1.279922520112565e+01
s939        , -1.813809060682595e+01, -1.781446526783551e+01,  9.765801988484569e+00
s940        , -2.094308051046411e+01, -2.090228301387573e+01,  1.436989318514084e+01
s941        , -1.827480816862776e+01, -1.841616563795149e+01,  1.066296743182345e+01
s942        , -1.770857434290158e+01, -1.776896243089053e+01,  9.697954975405535e+00
s943        , -1.938132201948424e+01, -1.960633889901744e+01,  1.243757548334996e+01
s944        , -1.770272330222015e+01, -1.813700689430236e+01,  1.024672773770523e+01
s945        , -1.924477319915050e+01, -1.925823473186195e+01,  1.191853470331193e+01
s946        , -2.185513295241253e+01, -2.178534088632610e+01,  1.568657678212467e+01
s947        , -2.017292248813791e+01, -1.967106688534692e+01,  1.253408815882085e+01
s948        , -1.792501053388721e+01, -1.824172297924298e+01,  1.040286467468658e+01
s949        , -2.005207290213696e+01, -2.017810947629523e+01,  1.329011410378104e+01
s950        , -2.257823345395823e+01, -2.248483153383822e+01,  1.672955243588011e+01
s951        , -1.571913272603913e+01, -1.611747077884815e+01,  7.235498055378305e+00
s952        , -2.233989362366768e+01, -2.300417997407547e+01,  1.750392701960022e+01
s953        , -2.342860552534396e+01, -2.330425398871882e+01,  1.795135243223556e+01
s954        , -2.204077204416149e+01, -2.243329424323980e+01,  1.665270774961325e+01
s955        , -1.756302978982562e+01, -1.806532385859005e+01,  1.013984473462129e+01
s956        , -2.291971088639473e+01, -2.280967138000206e+01,  1.721390494598665e+01
s957        , -1.872997367448807e+01, -1.847304366832419e+01,  1.074777542907584e+01
s958        , -2.138547156076431e+01, -2.143024644218645e+01,  1.515711314835242e+01
s959        , -1.926386090665138e+01, -1.886420571160225e+01,  1.133101766292598e+01
s960        , -1.680470785163838e+01, -1.759540973346237e+01,  9.439179195193240e+00
s961        , -2.001579976967623e+01, -2.011593760572828e+01,  1.319741272517020e+01
s962        , -1.871905926332032e+01, -1.846289202889224e+01,  1.073263882530439e+01
s963        , -1.918665598310528e+01, -1.986303761746996e+01,  1.282032615292422e+01
s964        , -1.746488927974545e+01, -1.755199928031367e+01,  9.374452031343919e+00
s965        , -1.971186761143078e+01, -1.952766615423178e+01,  1.232027047331529e+01
s966        , -1.765956881606673e+01, -1.740042161260488e+01,  9.148442123083404e+00
s967        , -2.223688117086612e+01, -2.152375169211189e+01,  1.529653416780051e+01
s968        , -1.998239594820018e+01, -2.029077962362387e+01,  1.345811094689361e+01
s969        , -2.101894011109180e+01, -2.096158561141609e+01,  1.445831633369763e+01
s970        , -1.986554229461376e+01, -2.004266188508973e+01,  1.308815494894514e+01
s971        , -1.914500631305469e+01, -1.842779067535403e+01,  1.068030094589967e+01
s972        , -1.930540895911451e+01, -1.976870820654480e+01,  1.267967626807164e+01
s973        , -2.013055280326089e+01, -2.037166125347653e+01,  1.357870951539831e+01
s974        , -1.991254970003848e+01, -1.996591887769451e+01,  1.297372727418798e+01
s975        , -2.002907222040815e+01, -2.061386775118110e+01,  1.393985155666178e+01
s976        , -2.147573630129902e+01, -2.144830335573765e+01,  1.518403691249829e+01
s977        , -1.918950409415471e+01, -1.937878772078968e+01,  1.209828525878579e+01
s978        , -1.698999961978807e+01, -1.777116855220331e+01,  9.701244412979360e+00
s979        , -2.115978794608996e+01, -2.107141616641653e+01,  1.462207920216676e+01
s980        , -1.730989298326385e+01, -1.695098319756809e+01,  8.478306894809769e+00
s981        , -2.142850865946883e+01, -2.124702920943598e+01,  1.488392706103754e+01
s982        , -2.110948756566415e+01, -2.157678423554242e+01,  1.537560835106729e+01
s983        , -1.831465175322002e+01, -1.841399688190014e+01,  1.065973370772928e+01
s984        , -2.150201864035685e+01, -2.135401386928049e+01,  1.504344655703079e+01
s985        , -1.659952594735737e+01, -1.633697791732948e+01,  7.562794213055077e+00
s986        , -2.105203087443673e+01, -2.079175987649104e+01,  1.420509764158512e+01
s987        , -2.066592788190784e+01, -2.084860623915458e+01,  1.428985842069417e+01
s988        , -2.133344594608628e+01, -2.137068162600563e+01,  1.506829901864535e+01
s989        , -2.008246059204520e+01, -2.017728134348248e+01,  1.328887931620404e+01
s990        , -2.181814335912880e+01, -2.228891855831503e+01,  1.643743635905731e+01
s991        , -1.674874949890157e+01, -1.657057357313917e+01,  7.911097056987407e+00
s992        , -1.990187356431624e+01, -1.963004052635042e+01,  1.247291579897906e+01
s993        , -2.167451347953028e+01, -2.149966071476026e+01,  1.526061331175721e+01
s994        , -2.085856003252748e+01, -2.025456280305981e+01,  1.340410985018261e+01
s995        , -1.532250426373563e+01, -1.523289029228790e+01,  5.916544164356495e+00
s996        , -2.197589637081217e+01, -2.194387450922296e+01,  1.592295836859929e+01
s997        , -1.843774602570321e+01, -1.792995120455394e+01,  9.937997314865076e+00
s998        , -2.004154224207673e+01, -1.971668745661920e+01,  1.260211071968943e+01
s999        , -1.918982967461324e+01, -1.949307459786841e+01,  1.226869272707833e+01
s1000       , -2.386287011937712e+01, -2.393314870631894e+01,  1.888906601220299e+01
s1001       , -2.142986106465667e+01, -2.135900132508593e+01,  1.505088310389209e+01
s1002       , -1.703565403983971e+01, -1.780904092270653e+01,  9.757714017720106e+00
s1003       , -2.272857267296788e+01, -2.286684878054437e+01,  1.729915931918342e+01
s1004       , -1.957549960274314e+01, -1.893257545502224e+01,  1.143296038095113e+01
s1005       , -2.033955634118916e+01, -2.015113376883322e+01,  1.324989197039615e+01
s1006       , -2.103463075725037e+01, -2.123973677078052e+01,  1.487305366908984e+01
s1007       , -1.845815321471510e+01, -1.932662634292681e+01,  1.202051002709283e+01
s1008       , -2.105860584214290e+01, -2.087857841107605e+01,  1.433454843294159e+01
s1009       , -2.225664818829298e+01, -2.197144718827199e+01,  1.596407061657462e+01
s1010       , -2.029000137617794e+01, -2.056067855630020e+01,  1.386054379822222e+01
s1011       , -2.150175758271834e+01, -2.061796749691919e+01,  1.394596448327005e+01
s1012       , -1.789395613621291e+01, -1.745717344317099e+01,  9.233061950091860e+00
s1013       , -1.907481979836395e+01, -1.937047730847931e+01,  1.208589401703980e+01
s1014       , -1.701362802016618e+01, -1.656408019160738e+01,  7.901415099305355e+00
s1015       , -1.771043360260808e+01, -1.770624111087280e+01,  9.604434340093878e+00
s1016       , -2.325177194237830e+01, -2.279056054370521e+01,  1.718540973014437e+01
s1017       , -2.061131053204120e+01, -2.095058504419291e+01,  1.444191393599283e+01
s1018       , -1.637685178145171e+01, -1.627166920453401e+01,  7.465415645284300e+00
s1019       , -2.229355013298489e+01, -2.233457343405573e+01,  1.650551006960961e+01
s1020       , -1.626620443538163e+01, -1.705623660649727e+01,  8.635245008819364e+00
s1021       , -2.225684084822025e+01, -2.216861596187228e+01,  1.625805915134249e+01
s1022       , -1.619907626993357e+01, -1.636072123863048e+01,  7.598196696482564e+00
s1023       , -2.164326276096592e+01, -2.141333042799983e+01,  1.513189052240598e+01
s1024       , -1.814482992541786e+01, -1.810619545085901e+01,  1.020078632950659e+01
s1025       , -1.966276460675046e+01, -2.005153952147624e+01,  1.310139195025025e+01
s1026       , -1.787958226759213e+01, -1.799804193698323e+01,  1.003952401350317e+01
s1027       , -2.228548280106830e+01, -2.278724610029420e+01,  1.718046772870985e+01
s1028       , -1.939576101741603e+01, -1.941295113906022e+01,  1.214922462964366e+01
s1029       , -2.072177297910414e+01, -2.001349703050623e+01,  1.304466868735738e+01
s1030       , -2.116639743005703e+01, -2.098402657426919e+01,  1.449177693533091e+01
s1031       , -1.871817432191781e+01, -1.900624984478788e+01,  1.154281259284868e+01
s1032       , -1.793076662035363e+01, -1.895806097136226e+01,  1.147096056459985e+01
s1033       , -2.190726556241366e+01, -2.162200542019551e+01,  1.544303540644667e+01
s1034       , -1.655942363042545e+01, -1.716652025378053e+01,  8.799683460616968e+00
s1035       , -1.920990065585595e+01, -1.950950588929373e+01,  1.229319260706576e+01
s1036       , -1.624542641970273e+01, -1.615519588963095e+01,  7.291748088486875e+00
s1037       , -1.865413258865576e+01, -1.916549696220423e+01,  1.178025803545284e+01
s1038       , -2.303917859954092e+01, -2.299371207532358e+01,  1.748831885731381e+01
s1039       , -2.268866240524940e+01, -2.332723410327591e+01,  1.798561693611249e+01
s1040       , -2.002650999928207e+01, -2.040094811891462e+01,  1.362237770129240e+01
s1041       , -2.439240447433291e+01, -2.428814705343747e+01,  1.941838636049490e+01
