# c0 + a0 * ((AAV / E_T) - (Al - B))
# Property Label: $ln_{D}$; Unit of the Property: Unitless
# RMSE: 0.420198769414166; Max AE: 1.63294373162523
# Coefficients
# Task   a0                      c0
# all ,  1.200927144599161e+00, -1.837647891934159e+01, 
# Feature Rung, Units, and Expressions
# 0;  2; Unitless;                                         2|0|div|13|7|sub|sub; ((AAV / E_T) - (Al - B)); $\left(\left(\frac{ AAV }{ E_{T} } \right) - \left(Al - B\right)\right)$; ((AAV ./ E_T) - (Al - B)); ((newdata$AAV / newdata$E_T) - (newdata$Al - newdata$B)); AAV,E_T,Al,B
# Number of Samples Per Task
# Task, n_samples               
# all , 500                   

# Sample ID , Property Value        ,  Property Value (EST) ,  Feature 0 Value      
s1          , -1.575591211304615e+01, -1.592613590747646e+01,  2.040376073506933e+00
s2          , -1.676053957577113e+01, -1.647415617061540e+01,  1.584045091562267e+00
s3          , -1.469519139678599e+01, -1.445312641725714e+01,  3.266936316435718e+00
s4          , -1.482490640944098e+01, -1.494233434132727e+01,  2.859577779933144e+00
s5          , -1.661617250197141e+01, -1.637163712280362e+01,  1.669411675432762e+00
s6          , -1.434920619754616e+01, -1.449686219343137e+01,  3.230517973848556e+00
s7          , -1.650308689038163e+01, -1.634377843634916e+01,  1.692609324498942e+00
s8          , -1.458891392032861e+01, -1.433988047359345e+01,  3.361235078998444e+00
s9          , -1.601703755740822e+01, -1.589227565467365e+01,  2.068571166735598e+00
s10         , -1.658811786664458e+01, -1.626510914655994e+01,  1.758116453838982e+00
s11         , -1.506367336241177e+01, -1.498293200342141e+01,  2.825772513496524e+00
s12         , -1.549821089880063e+01, -1.530612734427843e+01,  2.556650991586972e+00
s13         , -1.453148296371105e+01, -1.444831517278270e+01,  3.270942591500847e+00
s14         , -1.465169748063443e+01, -1.444375072287717e+01,  3.274743363201320e+00
s15         , -1.581197879728031e+01, -1.542694857262359e+01,  2.456044365374447e+00
s16         , -1.619315500215883e+01, -1.620408763029163e+01,  1.808928458999108e+00
s17         , -1.684922037807049e+01, -1.603488525204363e+01,  1.949821583955885e+00
s18         , -1.426536183018756e+01, -1.449251980653518e+01,  3.234133835906237e+00
s19         , -1.606751413385304e+01, -1.585360166925246e+01,  2.100774606881919e+00
s20         , -1.502445348449817e+01, -1.489056794350452e+01,  2.902683140700078e+00
s21         , -1.635889943275450e+01, -1.581727552344834e+01,  2.131023024504496e+00
s22         , -1.609859360689693e+01, -1.635031665684777e+01,  1.687165013802812e+00
s23         , -1.425699056390511e+01, -1.463395897256841e+01,  3.116358859572894e+00
s24         , -1.783369299687520e+01, -1.684047475423375e+01,  1.279015277500883e+00
s25         , -1.437292967204356e+01, -1.488065959256109e+01,  2.910933725248849e+00
s26         , -1.507280660180631e+01, -1.486743392458314e+01,  2.921946606452703e+00
s27         , -1.727846250712225e+01, -1.646351297819139e+01,  1.592907571248795e+00
s28         , -1.397837986980880e+01, -1.378563269581659e+01,  3.822751649982318e+00
s29         , -1.642893168374653e+01, -1.637897807141072e+01,  1.663298941084039e+00
s30         , -1.682966437283499e+01, -1.632870688634891e+01,  1.705159253166992e+00
s31         , -1.420746367536026e+01, -1.428957275104167e+01,  3.403125815483189e+00
s32         , -1.693330532410375e+01, -1.644375630630605e+01,  1.609358753965575e+00
s33         , -1.474461208276328e+01, -1.493104062073544e+01,  2.868981947906714e+00
s34         , -1.716094441986192e+01, -1.646628153639923e+01,  1.590602220570122e+00
s35         , -1.490781329092262e+01, -1.528354598091495e+01,  2.575454266594149e+00
s36         , -1.262179431497255e+01, -1.175387999224343e+01,  5.514571768055603e+00
s37         , -1.644088958394727e+01, -1.654922237254509e+01,  1.521538217379864e+00
s38         , -1.461238558797282e+01, -1.437411107499532e+01,  3.332731600202238e+00
s39         , -1.501622627955599e+01, -1.502341158569912e+01,  2.792065570939886e+00
s40         , -1.623397018878606e+01, -1.615363417259101e+01,  1.850940547682019e+00
s41         , -1.477366635037428e+01, -1.519653414575074e+01,  2.647908149875513e+00
s42         , -1.422311445934928e+01, -1.400883562011493e+01,  3.636892811415690e+00
s43         , -1.258984560834217e+01, -1.275373481920518e+01,  4.682002672204679e+00
s44         , -1.596299994962497e+01, -1.642596289546078e+01,  1.624175148886185e+00
s45         , -1.348787700887648e+01, -1.290818383268114e+01,  4.553394526264642e+00
s46         , -1.542057609084416e+01, -1.493910339412704e+01,  2.862268157292633e+00
s47         , -1.436307499232010e+01, -1.459543612553911e+01,  3.148436448294697e+00
s48         , -1.488673519218485e+01, -1.514906966825337e+01,  2.687431344692807e+00
s49         , -1.670962096820184e+01, -1.670326718056499e+01,  1.393266649272944e+00
s50         , -1.470058355659457e+01, -1.480480349124314e+01,  2.974098340737051e+00
s51         , -1.422124899427813e+01, -1.511558547622980e+01,  2.715313295878736e+00
s52         , -1.445526933875853e+01, -1.454522800021021e+01,  3.190244251169917e+00
s53         , -1.689013290841563e+01, -1.674181996267717e+01,  1.361164133907574e+00
s54         , -1.720944815722343e+01, -1.617597065844033e+01,  1.832341179727212e+00
s55         , -1.562566680706692e+01, -1.593700975762924e+01,  2.031321527440853e+00
s56         , -1.398744736555374e+01, -1.406815762531454e+01,  3.587495972093337e+00
s57         , -1.422672185441562e+01, -1.457186318169368e+01,  3.168065402433542e+00
s58         , -1.312845606224703e+01, -1.248226297544552e+01,  4.908054556351465e+00
s59         , -1.619702485478463e+01, -1.652978538634738e+01,  1.537723201027810e+00
s60         , -1.672765451482195e+01, -1.664680600982437e+01,  1.440281300406895e+00
s61         , -1.650980416381348e+01, -1.644045038727866e+01,  1.612111559614326e+00
s62         , -1.380421394955886e+01, -1.349668638082012e+01,  4.063354351233538e+00
s63         , -1.727933600205615e+01, -1.677401599805892e+01,  1.334354817849946e+00
s64         , -1.494958812372483e+01, -1.475728529496255e+01,  3.013666266646871e+00
s65         , -1.623922548981244e+01, -1.615734805426257e+01,  1.847848035627263e+00
s66         , -1.367737338350917e+01, -1.455706066850417e+01,  3.180391306845047e+00
s67         , -1.741146232592018e+01, -1.631788280876237e+01,  1.714172354115892e+00
s68         , -1.487711888617207e+01, -1.508722260670093e+01,  2.738930773139054e+00
s69         , -1.433186966990272e+01, -1.473442112965231e+01,  3.032705028001430e+00
s70         , -1.495278133437334e+01, -1.470421123945501e+01,  3.057860500865176e+00
s71         , -1.570155986508802e+01, -1.568108840530622e+01,  2.244424673184503e+00
s72         , -1.639206679417054e+01, -1.649008746047569e+01,  1.570779266127366e+00
s73         , -1.656159175852897e+01, -1.603659438113153e+01,  1.948398409289894e+00
s74         , -1.616936532813614e+01, -1.615187367139833e+01,  1.852406499384914e+00
s75         , -1.476925333058890e+01, -1.505883039743482e+01,  2.762572681304589e+00
s76         , -1.554181169575925e+01, -1.573816934608444e+01,  2.196893945750348e+00
s77         , -1.355623132555349e+01, -1.441546179476636e+01,  3.298299270183717e+00
s78         , -1.613153244530022e+01, -1.603422071716756e+01,  1.950374935488543e+00
s79         , -1.369332123872701e+01, -1.451571993085458e+01,  3.214815324851057e+00
s80         , -1.596103871394553e+01, -1.546641118987694e+01,  2.423184239403597e+00
s81         , -1.371015102329203e+01, -1.334161370105591e+01,  4.192481817842652e+00
s82         , -1.618514068737401e+01, -1.641699907023159e+01,  1.631639236336875e+00
s83         , -1.463129145817202e+01, -1.494441974138260e+01,  2.857841288202811e+00
s84         , -1.558344435959043e+01, -1.595682744610166e+01,  2.014819536823394e+00
s85         , -1.436666926664573e+01, -1.403269431530851e+01,  3.617025914992472e+00
s86         , -1.340858470992052e+01, -1.325479731418157e+01,  4.264772953291438e+00
s87         , -1.690450093998452e+01, -1.639032129020962e+01,  1.653853556449421e+00
s88         , -1.434879628797493e+01, -1.439596582582122e+01,  3.314533368174440e+00
s89         , -1.503479473600998e+01, -1.494592644810674e+01,  2.856586668610843e+00
s90         , -1.481179943199058e+01, -1.513883805711807e+01,  2.695951104764277e+00
s91         , -1.288609925783191e+01, -1.290324961970463e+01,  4.557503195969296e+00
s92         , -1.580824275413979e+01, -1.573248423275604e+01,  2.201627882653989e+00
s93         , -1.408132744524983e+01, -1.377266728872122e+01,  3.833547814557063e+00
s94         , -1.417595748076664e+01, -1.483713191627268e+01,  2.947178785146246e+00
s95         , -1.290027811695738e+01, -1.265232659869319e+01,  4.766444281313150e+00
s96         , -1.563974152224070e+01, -1.541407310300472e+01,  2.466765639913686e+00
s97         , -1.649006866380947e+01, -1.666298939381995e+01,  1.426805558711522e+00
s98         , -1.474432582637551e+01, -1.472596995746848e+01,  3.039742234398039e+00
s99         , -1.617902320789352e+01, -1.632538319538025e+01,  1.707926857333168e+00
s100        , -1.588005443066773e+01, -1.548520122969175e+01,  2.407537961526274e+00
s101        , -1.606627254137342e+01, -1.596449635086709e+01,  2.008433716667764e+00
s102        , -1.451131934460694e+01, -1.451034457554797e+01,  3.219291329353736e+00
s103        , -1.502092590861538e+01, -1.528660580410970e+01,  2.572906382479354e+00
s104        , -1.557036849723766e+01, -1.545985325441142e+01,  2.428644966555122e+00
s105        , -1.434931863042170e+01, -1.448919283939464e+01,  3.236904168107902e+00
s106        , -1.213742527798283e+01, -1.150169070162256e+01,  5.724567263415186e+00
s107        , -1.659053433805247e+01, -1.639541805757258e+01,  1.649609529335961e+00
s108        , -1.700250083426357e+01, -1.686687064487972e+01,  1.257035683847197e+00
s109        , -1.566474756073793e+01, -1.536119961113459e+01,  2.510792866800775e+00
s110        , -1.431419118557280e+01, -1.420952634889851e+01,  3.469779652481664e+00
s111        , -1.645030650736458e+01, -1.610049320485045e+01,  1.895190499046305e+00
s112        , -1.338762259085481e+01, -1.319532530989914e+01,  4.314294695347055e+00
s113        , -1.433675892531957e+01, -1.462094299769814e+01,  3.127197131427115e+00
s114        , -1.609955695453763e+01, -1.614196580988197e+01,  1.860656676392668e+00
s115        , -1.546929652764100e+01, -1.543742263384845e+01,  2.447322719542758e+00
s116        , -1.637830542970395e+01, -1.621560955738724e+01,  1.799334265756475e+00
s117        , -1.674807484517825e+01, -1.668315783553830e+01,  1.410011499380732e+00
s118        , -1.523642937716048e+01, -1.501568886227638e+01,  2.798496205352204e+00
s119        , -1.525541306886539e+01, -1.535583587168620e+01,  2.515259198894698e+00
s120        , -1.490045415348265e+01, -1.557061100055707e+01,  2.336418101133888e+00
s121        , -1.709928581270984e+01, -1.648644322643132e+01,  1.573813783300825e+00
s122        , -1.651833889258148e+01, -1.645110071969464e+01,  1.603243134528025e+00
s123        , -1.584219836251522e+01, -1.625705662740228e+01,  1.764821705855204e+00
s124        , -1.434420835450800e+01, -1.443519175656238e+01,  3.281870328690677e+00
s125        , -1.696687428130489e+01, -1.650333513094813e+01,  1.559748063666811e+00
s126        , -1.626031865342975e+01, -1.605297193981316e+01,  1.934760980279079e+00
s127        , -1.444652906875201e+01, -1.450730640243158e+01,  3.221821185665209e+00
s128        , -1.550757694366739e+01, -1.516166418216078e+01,  2.676944019159326e+00
s129        , -1.437474319081911e+01, -1.458664704170207e+01,  3.155755030339057e+00
s130        , -1.294395503489043e+01, -1.329293047234734e+01,  4.233019854581609e+00
s131        , -1.368728725933399e+01, -1.359391575262320e+01,  3.982392427572857e+00
s132        , -1.634804464087011e+01, -1.615873050400030e+01,  1.846696883582825e+00
s133        , -1.526577331630236e+01, -1.511883137417542e+01,  2.712610469183359e+00
s134        , -1.358907204541357e+01, -1.342865593086339e+01,  4.120002625246398e+00
s135        , -1.251531043120831e+01, -1.296630801799452e+01,  4.504995099559384e+00
s136        , -1.551825006632732e+01, -1.526657726719594e+01,  2.589583944481207e+00
s137        , -1.251550668315227e+01, -1.275898820164679e+01,  4.677628233284519e+00
s138        , -1.515118812744504e+01, -1.560658569949182e+01,  2.306462329797936e+00
s139        , -1.716590059353486e+01, -1.639617281486746e+01,  1.648981050499198e+00
s140        , -1.517245768667761e+01, -1.520702919418415e+01,  2.639169028205550e+00
s141        , -1.515272979184492e+01, -1.503642347236654e+01,  2.781230703291224e+00
s142        , -1.571494590073632e+01, -1.526738660061566e+01,  2.588910020652137e+00
s143        , -1.317275764850951e+01, -1.215759726030657e+01,  5.178400444192413e+00
s144        , -1.567547130773729e+01, -1.595218495262342e+01,  2.018685294624876e+00
s145        , -1.717630807447705e+01, -1.693099315801462e+01,  1.203641509668290e+00
s146        , -1.271063083617605e+01, -1.236911981239447e+01,  5.002267734527916e+00
s147        , -1.416477604175418e+01, -1.468641899604001e+01,  3.072675923678310e+00
s148        , -1.546283640715642e+01, -1.529446488047476e+01,  2.566362208338230e+00
s149        , -1.308258050736013e+01, -1.304227021813493e+01,  4.441742136644839e+00
s150        , -1.343350672133549e+01, -1.249553999369244e+01,  4.896998916293179e+00
s151        , -1.536729547226238e+01, -1.501052777519785e+01,  2.802793790848325e+00
s152        , -1.677944164125962e+01, -1.663926419451858e+01,  1.446561294442923e+00
s153        , -1.538993954039009e+01, -1.541914686744272e+01,  2.462540767105358e+00
s154        , -1.352780543056411e+01, -1.448991280321703e+01,  3.236304661447045e+00
s155        , -1.695942368239437e+01, -1.619820641163273e+01,  1.813825690846474e+00
s156        , -1.421914414070176e+01, -1.478401270904885e+01,  2.991410616746293e+00
s157        , -1.721807371285914e+01, -1.645767521213459e+01,  1.597768620549785e+00
s158        , -1.306694656831443e+01, -1.301310220147203e+01,  4.466030051856071e+00
s159        , -1.610568644553464e+01, -1.577399958923898e+01,  2.167058461295129e+00
s160        , -1.469958879574686e+01, -1.478833958072254e+01,  2.987807674058923e+00
s161        , -1.397090813949345e+01, -1.435809508393110e+01,  3.346067955480953e+00
s162        , -1.446678342676426e+01, -1.425405339326218e+01,  3.432702428801684e+00
s163        , -1.369523421071183e+01, -1.389239193575730e+01,  3.733854300612848e+00
s164        , -1.529503222203964e+01, -1.525081265698018e+01,  2.602710977446243e+00
s165        , -1.633321206845500e+01, -1.633712068966328e+01,  1.698153163453556e+00
s166        , -1.489526954713951e+01, -1.523030529590140e+01,  2.619787251532478e+00
s167        , -1.316411969580279e+01, -1.319917552427808e+01,  4.311088660412918e+00
s168        , -1.521994145867225e+01, -1.516678969867302e+01,  2.672676052917329e+00
s169        , -1.646060855285067e+01, -1.653054596235651e+01,  1.537089877005992e+00
s170        , -1.475138591090689e+01, -1.542966732656438e+01,  2.453780486209910e+00
s171        , -1.413163078642262e+01, -1.422448667365944e+01,  3.457322339955918e+00
s172        , -1.511887280547885e+01, -1.500298763895838e+01,  2.809072386742654e+00
s173        , -1.616800548598967e+01, -1.593851325640560e+01,  2.030069579074853e+00
s174        , -1.589203754588484e+01, -1.566626864800588e+01,  2.256764936594309e+00
s175        , -1.342492585523155e+01, -1.331447304781258e+01,  4.215081567848627e+00
s176        , -1.466195030038903e+01, -1.492231235180139e+01,  2.876249889990712e+00
s177        , -1.747555642548953e+01, -1.663446664734775e+01,  1.450556163900581e+00
s178        , -1.492207724374237e+01, -1.470975306092465e+01,  3.053245881656541e+00
s179        , -1.518711745246239e+01, -1.513769902687616e+01,  2.696899563833613e+00
s180        , -1.493215977763767e+01, -1.472946194033104e+01,  3.036834495258105e+00
s181        , -1.370584339007942e+01, -1.429443658900085e+01,  3.399075746350305e+00
s182        , -1.416113528868485e+01, -1.420657560479576e+01,  3.472236707529527e+00
s183        , -1.392914200220966e+01, -1.475993216896143e+01,  3.011462241189722e+00
s184        , -1.304255064430975e+01, -1.284108153944405e+01,  4.609269933477202e+00
s185        , -1.429154097939297e+01, -1.416837822476554e+01,  3.504043283142384e+00
s186        , -1.585372480876657e+01, -1.592341746492625e+01,  2.042639693379654e+00
s187        , -1.656045021471009e+01, -1.645092839519972e+01,  1.603386627408250e+00
s188        , -1.630674891529737e+01, -1.625029735277689e+01,  1.770450086107729e+00
s189        , -1.339821218697675e+01, -1.361267903251477e+01,  3.966768432415483e+00
s190        , -1.487586583272424e+01, -1.492134316432264e+01,  2.877056922692999e+00
s191        , -1.620836932364004e+01, -1.622026636893375e+01,  1.795456585443011e+00
s192        , -1.717619838158209e+01, -1.609930446723983e+01,  1.896180348943502e+00
s193        , -1.284484832854133e+01, -1.274709020041896e+01,  4.687535579688789e+00
s194        , -1.656794461765075e+01, -1.627872932310207e+01,  1.746775069306720e+00
s195        , -1.552220045334882e+01, -1.597953789676606e+01,  1.995908772114200e+00
s196        , -1.348002981882103e+01, -1.347748090268744e+01,  4.079346560435445e+00
s197        , -1.539268838842849e+01, -1.564367734212657e+01,  2.275576490634790e+00
s198        , -1.637009230377727e+01, -1.619202944441144e+01,  1.818969189558342e+00
s199        , -1.644329163433837e+01, -1.625844567788534e+01,  1.763665057436261e+00
s200        , -1.565311565896740e+01, -1.555648648372833e+01,  2.348179444769313e+00
s201        , -1.494600080834396e+01, -1.517605300790756e+01,  2.664962588136224e+00
s202        , -1.723550588652722e+01, -1.669432506408817e+01,  1.400712660063055e+00
s203        , -1.467259466184894e+01, -1.458171240059178e+01,  3.159864056546416e+00
s204        , -1.336646670280753e+01, -1.389796419004797e+01,  3.729214340299082e+00
s205        , -1.429158726599310e+01, -1.480887967044490e+01,  2.970704147159121e+00
s206        , -1.412886778391386e+01, -1.463947287721606e+01,  3.111767486422208e+00
s207        , -1.525388554280862e+01, -1.585738387072249e+01,  2.097625205615539e+00
s208        , -1.384018553221394e+01, -1.431658824886702e+01,  3.380630281139709e+00
s209        , -1.432024360363505e+01, -1.453653299259309e+01,  3.197484496888590e+00
s210        , -1.368565584764942e+01, -1.358765812011376e+01,  3.987603095461894e+00
s211        , -1.480933047223258e+01, -1.526947219564451e+01,  2.587173366569309e+00
s212        , -1.259867993081356e+01, -1.289417108532258e+01,  4.565062800582183e+00
s213        , -1.726824394578118e+01, -1.671039443870751e+01,  1.387331852832900e+00
s214        , -1.454538375691559e+01, -1.484420302634694e+01,  2.941290742640037e+00
s215        , -1.465229298358164e+01, -1.539196883966418e+01,  2.485171638512313e+00
s216        , -1.521420631413675e+01, -1.493016459231253e+01,  2.869711407996657e+00
s217        , -1.568635291924512e+01, -1.597573259731237e+01,  1.999077406840134e+00
s218        , -1.327567767019652e+01, -1.326544021698785e+01,  4.255910714766693e+00
s219        , -1.640816312041515e+01, -1.657337815546121e+01,  1.501423938986915e+00
s220        , -1.515666577952049e+01, -1.496295537086745e+01,  2.842406855258051e+00
s221        , -1.680342370915705e+01, -1.647340306577989e+01,  1.584672194412673e+00
s222        , -1.445320010096292e+01, -1.488912281330551e+01,  2.903886486136567e+00
s223        , -1.528312427720172e+01, -1.499684416172764e+01,  2.814187998674963e+00
s224        , -1.385647391943025e+01, -1.397942934208083e+01,  3.661379124483342e+00
s225        , -1.519512789134073e+01, -1.568004734459516e+01,  2.245291554007160e+00
s226        , -1.212120416721036e+01, -1.071436680631513e+01,  6.380163982040625e+00
s227        , -1.526250314651463e+01, -1.522237715056910e+01,  2.626388938710552e+00
s228        , -1.544498832032832e+01, -1.552209688087682e+01,  2.376815322479441e+00
s229        , -1.425648540487167e+01, -1.397244893703626e+01,  3.667191637820194e+00
s230        , -1.410955358902456e+01, -1.408213900508221e+01,  3.575853817254437e+00
s231        , -1.491438480708190e+01, -1.494422893816134e+01,  2.858000168133298e+00
s232        , -1.742424998612843e+01, -1.662856811538838e+01,  1.455467812359774e+00
s233        , -1.583164830147902e+01, -1.564607023923529e+01,  2.273583949189225e+00
s234        , -1.638293701973929e+01, -1.606936021881133e+01,  1.921114624568105e+00
s235        , -1.627586490028168e+01, -1.618232554490146e+01,  1.827049529447081e+00
s236        , -1.393775181593451e+01, -1.396123439350677e+01,  3.676529875847313e+00
s237        , -1.690081744696345e+01, -1.604145347514011e+01,  1.944352290397139e+00
s238        , -1.687644618818508e+01, -1.668693254679234e+01,  1.406868335142157e+00
s239        , -1.361873033887506e+01, -1.304459347934573e+01,  4.439807580313714e+00
s240        , -1.273541291514849e+01, -1.210584424668252e+01,  5.221494660071193e+00
s241        , -1.514337202974105e+01, -1.523343152362671e+01,  2.617184073030462e+00
s242        , -1.704214219288776e+01, -1.677670738287246e+01,  1.332113728683423e+00
s243        , -1.321259524852956e+01, -1.243951432664680e+01,  4.943650927864065e+00
s244        , -1.593976621848501e+01, -1.561758951695600e+01,  2.297299561253934e+00
s245        , -1.570938600109272e+01, -1.539763366321834e+01,  2.480454596700376e+00
s246        , -1.336165500313448e+01, -1.427895360305921e+01,  3.411968273604165e+00
s247        , -1.644511421590129e+01, -1.633385415039478e+01,  1.700873177971663e+00
s248        , -1.472719117555502e+01, -1.498921528104199e+01,  2.820540491180404e+00
s249        , -1.493538393947397e+01, -1.522575738215181e+01,  2.623574253741601e+00
s250        , -1.722349336023687e+01, -1.648987906553912e+01,  1.570952794502924e+00
s251        , -1.466025892889519e+01, -1.444245273084865e+01,  3.275824188157575e+00
s252        , -1.505227471607330e+01, -1.515598788283930e+01,  2.681670616727718e+00
s253        , -1.462479835293133e+01, -1.475078511115345e+01,  3.019078904572768e+00
s254        , -1.302879342694494e+01, -1.370428187262212e+01,  3.890491665319907e+00
s255        , -1.377312018425192e+01, -1.344877921781920e+01,  4.103246165833919e+00
s256        , -1.458251483105969e+01, -1.485524339204687e+01,  2.932097540746332e+00
s257        , -1.452110280447198e+01, -1.491489452485349e+01,  2.882426640163493e+00
s258        , -1.546830801632554e+01, -1.566387648860034e+01,  2.258756863761828e+00
s259        , -1.639406896507808e+01, -1.659793980953660e+01,  1.480971695746472e+00
s260        , -1.424209261090179e+01, -1.433638737045434e+01,  3.364143750981433e+00
s261        , -1.419913997125934e+01, -1.380279710597527e+01,  3.808459017630830e+00
s262        , -1.615492564268721e+01, -1.626236476697713e+01,  1.760401671218863e+00
s263        , -1.427900815493067e+01, -1.451971960001721e+01,  3.211484840416082e+00
s264        , -1.600948145044856e+01, -1.645253307922855e+01,  1.602050423096400e+00
s265        , -1.636239272115105e+01, -1.614412928771432e+01,  1.858855170079750e+00
s266        , -1.457844565837979e+01, -1.465041785084122e+01,  3.102653716553335e+00
s267        , -1.575409903109665e+01, -1.595211746102540e+01,  2.018741494202278e+00
s268        , -1.227757272251924e+01, -1.165878053918145e+01,  5.593760129722390e+00
s269        , -1.622700900366220e+01, -1.637431385276543e+01,  1.667182789214438e+00
s270        , -1.546409444882736e+01, -1.537226211398447e+01,  2.501581231524126e+00
s271        , -1.422886887640718e+01, -1.501535458665328e+01,  2.798774553314109e+00
s272        , -1.746656343532695e+01, -1.654449957724441e+01,  1.525470841704267e+00
s273        , -1.483685347735423e+01, -1.491291701205753e+01,  2.884073295253979e+00
s274        , -1.535903505783984e+01, -1.568148827111414e+01,  2.244091708932908e+00
s275        , -1.382740673499197e+01, -1.420665574347402e+01,  3.472169976855130e+00
s276        , -1.515227513491734e+01, -1.483834405961471e+01,  2.946169445531034e+00
s277        , -1.373096432780352e+01, -1.387056839798025e+01,  3.752026541847627e+00
s278        , -1.480708276524996e+01, -1.460840884652794e+01,  3.137634193514154e+00
s279        , -1.362515716828419e+01, -1.445460988197631e+01,  3.265701050228405e+00
s280        , -1.648714264992866e+01, -1.632276596476035e+01,  1.710106199045671e+00
s281        , -1.669665260455353e+01, -1.679031175642635e+01,  1.320785503141123e+00
s282        , -1.437951906230024e+01, -1.460121842241267e+01,  3.143621587626786e+00
s283        , -1.569054308092746e+01, -1.580446831644567e+01,  2.141687457447215e+00
s284        , -1.408244861625093e+01, -1.434359666643497e+01,  3.358140642455616e+00
s285        , -1.507118865886332e+01, -1.507867938527339e+01,  2.746044628018565e+00
s286        , -1.607167169403725e+01, -1.584521903935115e+01,  2.107754738806667e+00
s287        , -1.521530310487212e+01, -1.525144137703744e+01,  2.602187448554345e+00
s288        , -1.241113414809566e+01, -1.198980252181499e+01,  5.318121441628592e+00
s289        , -1.624804696423284e+01, -1.590117373308839e+01,  2.061161825998520e+00
s290        , -1.528773160724545e+01, -1.583866760896469e+01,  2.113210049244040e+00
s291        , -1.504225897760969e+01, -1.485429719450557e+01,  2.932885429958059e+00
s292        , -1.651062533511386e+01, -1.622065591580680e+01,  1.795132213665087e+00
s293        , -1.411632155619445e+01, -1.489920982309511e+01,  2.895487134156758e+00
s294        , -1.459330008701092e+01, -1.523355862052249e+01,  2.617078240718863e+00
s295        , -1.497891998928428e+01, -1.464247188320975e+01,  3.109270244181346e+00
s296        , -1.635096107524269e+01, -1.614327457997030e+01,  1.859566876654015e+00
s297        , -1.394044684088756e+01, -1.407370187906209e+01,  3.582879327551263e+00
s298        , -1.390689281260246e+01, -1.366878486606946e+01,  3.920049666995777e+00
s299        , -1.691879923072396e+01, -1.667866211540384e+01,  1.413755040489518e+00
s300        , -1.494792565353429e+01, -1.514481808842773e+01,  2.690971592612723e+00
s301        , -1.498305372914210e+01, -1.522486568902200e+01,  2.624316757676016e+00
s302        , -1.688039087699787e+01, -1.680009750852744e+01,  1.312637005419926e+00
s303        , -1.435435685984294e+01, -1.446970707763981e+01,  3.253129766673534e+00
s304        , -1.350771639624432e+01, -1.432648449848198e+01,  3.372389773245901e+00
s305        , -1.449460775327996e+01, -1.368567478021645e+01,  3.905985604722765e+00
s306        , -1.471831019435806e+01, -1.488988861159804e+01,  2.903248813571691e+00
s307        , -1.344874549522846e+01, -1.320288470987334e+01,  4.308000058733842e+00
s308        , -1.638618109006332e+01, -1.600830006294975e+01,  1.971958804530376e+00
s309        , -1.279304785757977e+01, -1.300700379989622e+01,  4.471108129742180e+00
s310        , -1.469069298514492e+01, -1.481804051721049e+01,  2.963076001849235e+00
s311        , -1.368313770151841e+01, -1.373422954966570e+01,  3.865554534721887e+00
s312        , -1.659858795839794e+01, -1.636711148259820e+01,  1.673180130684834e+00
s313        , -1.330584008279445e+01, -1.355568121310310e+01,  4.014229945520587e+00
s314        , -1.480189358824097e+01, -1.478514869865617e+01,  2.990464689582907e+00
s315        , -1.579808967657021e+01, -1.586642317732705e+01,  2.090098265579909e+00
s316        , -1.409124791542818e+01, -1.456682863115942e+01,  3.172257622217153e+00
s317        , -1.673843059299944e+01, -1.672938496535507e+01,  1.371518631578829e+00
s318        , -1.553360556127604e+01, -1.547087339568169e+01,  2.419468605341350e+00
s319        , -1.442071004756051e+01, -1.476051324761922e+01,  3.010978382813794e+00
s320        , -1.652173868715270e+01, -1.611010892238222e+01,  1.887183587407230e+00
s321        , -1.546678284073158e+01, -1.608738464996961e+01,  1.906105861347664e+00
s322        , -1.260809918429022e+01, -1.226665545260862e+01,  5.087588780227194e+00
s323        , -1.712557566966305e+01, -1.645603137947848e+01,  1.599137423531305e+00
s324        , -1.527667193755660e+01, -1.517177068859391e+01,  2.668528432519797e+00
s325        , -1.462380908482325e+01, -1.435616808093109e+01,  3.347672551570457e+00
s326        , -1.494119228123524e+01, -1.547012432139961e+01,  2.420092351990295e+00
s327        , -1.504367598132431e+01, -1.541999341124760e+01,  2.461835858561419e+00
s328        , -1.420735566635725e+01, -1.496655631002604e+01,  2.839408389302164e+00
s329        , -1.496079477552641e+01, -1.556334103197838e+01,  2.342471731124175e+00
s330        , -1.578988147075448e+01, -1.616257600855724e+01,  1.843494770470270e+00
s331        , -1.391180755293236e+01, -1.416259192422316e+01,  3.508861477625200e+00
s332        , -1.428779435430565e+01, -1.464642671948492e+01,  3.105977091642525e+00
s333        , -1.615043990479463e+01, -1.606485358668660e+01,  1.924867251981842e+00
s334        , -1.424218739063992e+01, -1.444311989846086e+01,  3.275268644371915e+00
s335        , -1.395485873248244e+01, -1.369877092425601e+01,  3.895080576804578e+00
s336        , -1.376016700074109e+01, -1.455898387022362e+01,  3.178789876043771e+00
s337        , -1.661537577483661e+01, -1.609480650434843e+01,  1.899925757573513e+00
s338        , -1.406917330007404e+01, -1.453808437661190e+01,  3.196192674961022e+00
s339        , -1.440015264581368e+01, -1.523435159588141e+01,  2.616417938083115e+00
s340        , -1.448971313646447e+01, -1.533031279938893e+01,  2.536512005455080e+00
s341        , -1.704823486464181e+01, -1.655328739008225e+01,  1.518153318008202e+00
s342        , -1.378698005276823e+01, -1.461233527877421e+01,  3.134364692725594e+00
s343        , -1.282187662277631e+01, -1.211627426543087e+01,  5.212809687968391e+00
s344        , -1.604444874790081e+01, -1.609785083996771e+01,  1.897390769807630e+00
s345        , -1.651729679491657e+01, -1.634002853498403e+01,  1.695731829791620e+00
s346        , -1.366498206169004e+01, -1.419959409466046e+01,  3.478050141064360e+00
s347        , -1.416920132255300e+01, -1.390349646552033e+01,  3.724607669946726e+00
s348        , -1.655053243550404e+01, -1.615636948142838e+01,  1.848662883420978e+00
s349        , -1.436089518094581e+01, -1.507521711321967e+01,  2.748927627265683e+00
s350        , -1.328457651012228e+01, -1.362766349712319e+01,  3.954291018880608e+00
s351        , -1.466353338705915e+01, -1.501794226556567e+01,  2.796619819012348e+00
s352        , -1.380494433693140e+01, -1.473722297454143e+01,  3.030371959836789e+00
s353        , -1.584039716110287e+01, -1.581561697465996e+01,  2.132404081461890e+00
s354        , -1.285894064638033e+01, -1.276338294536182e+01,  4.673968774228412e+00
s355        , -1.582609968705746e+01, -1.574048660148556e+01,  2.194964390396765e+00
s356        , -1.676821402079628e+01, -1.637945452963888e+01,  1.662902199091575e+00
s357        , -1.371538274887149e+01, -1.423793005271771e+01,  3.446128172916953e+00
s358        , -1.502019486056102e+01, -1.496194811271479e+01,  2.843245589029034e+00
s359        , -1.309300572816658e+01, -1.309504522281674e+01,  4.397796919052618e+00
s360        , -1.332759674805454e+01, -1.376576503111325e+01,  3.839295255306495e+00
s361        , -1.507785912916742e+01, -1.517494162542153e+01,  2.665888025196277e+00
s362        , -1.287159809181426e+01, -1.304593787442686e+01,  4.438688116000517e+00
s363        , -1.657712579031443e+01, -1.658439564275238e+01,  1.492249787714940e+00
s364        , -1.476732359161688e+01, -1.502056891208209e+01,  2.794432636777162e+00
s365        , -1.276762384028792e+01, -1.170053517350538e+01,  5.558991464102902e+00
s366        , -1.557812077007947e+01, -1.540160666344836e+01,  2.477146319218357e+00
s367        , -1.643211937338644e+01, -1.624413451513542e+01,  1.775581819260059e+00
s368        , -1.587808942619374e+01, -1.608773458447664e+01,  1.905814474390009e+00
s369        , -1.334509750418027e+01, -1.436372630331573e+01,  3.341378895524272e+00
s370        , -1.389741635648629e+01, -1.348888740757479e+01,  4.069848478109099e+00
s371        , -1.224387315119496e+01, -1.325291230493745e+01,  4.266342581601195e+00
s372        , -1.439031770625260e+01, -1.505209224320187e+01,  2.768183474817957e+00
s373        , -1.635455326754398e+01, -1.620728834806934e+01,  1.806263253376845e+00
s374        , -1.656603765226025e+01, -1.643245302616490e+01,  1.618770882080070e+00
s375        , -1.702574287600585e+01, -1.637370757908775e+01,  1.667687627230968e+00
s376        , -1.420967858175217e+01, -1.562882830785516e+01,  2.287941132685054e+00
s377        , -1.335519732321907e+01, -1.384593335716947e+01,  3.772539893487290e+00
s378        , -1.312943052714917e+01, -1.321378081510161e+01,  4.298926981089399e+00
s379        , -1.573842731388836e+01, -1.538822407263906e+01,  2.488289868491510e+00
s380        , -1.483123354466367e+01, -1.517077774407884e+01,  2.669355247468176e+00
s381        , -1.534008487837916e+01, -1.539838723952964e+01,  2.479827101256806e+00
s382        , -1.616955683505209e+01, -1.655419586445515e+01,  1.517396840500815e+00
s383        , -1.302435960935340e+01, -1.403177155201899e+01,  3.617794290737554e+00
s384        , -1.550294140856363e+01, -1.517358328491608e+01,  2.667019101724574e+00
s385        , -1.462255500509942e+01, -1.496410051900798e+01,  2.841453301875841e+00
s386        , -1.354694341898450e+01, -1.349623413869057e+01,  4.063730928723336e+00
s387        , -1.648504393550231e+01, -1.646594750948021e+01,  1.590880361438634e+00
s388        , -1.635539967920453e+01, -1.649922777573802e+01,  1.563168217194514e+00
s389        , -1.486753558001227e+01, -1.533268220337508e+01,  2.534539026497276e+00
s390        , -1.371438538008965e+01, -1.302693447022792e+01,  4.454512060262582e+00
s391        , -1.827401207772271e+01, -1.673104292698828e+01,  1.370138063539658e+00
s392        , -1.496052458473144e+01, -1.553694873021498e+01,  2.364448336351304e+00
s393        , -1.585960298906335e+01, -1.599549583372537e+01,  1.982620757906948e+00
s394        , -1.488774557823675e+01, -1.538591582370887e+01,  2.490211924246986e+00
s395        , -1.577068615364065e+01, -1.567421930282900e+01,  2.250144505988775e+00
s396        , -1.483079932990779e+01, -1.490273798542550e+01,  2.892549268736477e+00
s397        , -1.420385337366483e+01, -1.378636792802827e+01,  3.822139429486692e+00
s398        , -1.658928924334047e+01, -1.648708764553448e+01,  1.573277181970715e+00
s399        , -1.388129039931987e+01, -1.477416009741162e+01,  2.999614787733300e+00
s400        , -1.281592195452373e+01, -1.194034370521625e+01,  5.359305302632287e+00
s401        , -1.512682270962376e+01, -1.522748962435220e+01,  2.622131833018427e+00
s402        , -1.677580535287182e+01, -1.664445908374117e+01,  1.442235562240142e+00
s403        , -1.592927040302984e+01, -1.607572575479761e+01,  1.915814106535092e+00
s404        , -1.616373904886767e+01, -1.555866797011183e+01,  2.346362942916303e+00
s405        , -1.502074650550808e+01, -1.509297293424330e+01,  2.734142533012893e+00
s406        , -1.414977642950634e+01, -1.459790890145576e+01,  3.146377392566159e+00
s407        , -1.655219633009565e+01, -1.628186933537542e+01,  1.744160412549667e+00
s408        , -1.376243011238371e+01, -1.320095595199834e+01,  4.309606116090173e+00
s409        , -1.299998158470711e+01, -1.312049769625098e+01,  4.376602899458089e+00
s410        , -1.287546881786366e+01, -1.365558269598086e+01,  3.931042981742609e+00
s411        , -1.515776876104137e+01, -1.530093335398535e+01,  2.560975975260164e+00
s412        , -1.310216228524447e+01, -1.366443001951796e+01,  3.923675904083582e+00
s413        , -1.711815806273814e+01, -1.669370108069575e+01,  1.401232244781598e+00
s414        , -1.644988598747962e+01, -1.642037729312367e+01,  1.628826223984478e+00
s415        , -1.619553879917628e+01, -1.630019827718385e+01,  1.728898086362058e+00
s416        , -1.670132919253141e+01, -1.639283829056120e+01,  1.651757675477033e+00
s417        , -1.546129571144714e+01, -1.528799438999594e+01,  2.571750120925535e+00
s418        , -1.360899181090573e+01, -1.354534758917843e+01,  4.022834650619598e+00
s419        , -1.576401553091309e+01, -1.548108396424287e+01,  2.410966367210500e+00
s420        , -1.572685393978109e+01, -1.589296547727784e+01,  2.067996758365121e+00
s421        , -1.612000510793109e+01, -1.622755618539316e+01,  1.789386428321329e+00
s422        , -1.609404534477568e+01, -1.645408932705180e+01,  1.600754551127608e+00
s423        , -1.519895534547688e+01, -1.533683372412260e+01,  2.531082096769110e+00
s424        , -1.632164309937506e+01, -1.621609462318035e+01,  1.798930356330916e+00
s425        , -1.444566056832646e+01, -1.453488724448979e+01,  3.198854894843788e+00
s426        , -1.592207711736753e+01, -1.633042046909544e+01,  1.703732369984087e+00
s427        , -1.652858363203112e+01, -1.622688524802362e+01,  1.789945111146142e+00
s428        , -1.676243951947160e+01, -1.646288377533689e+01,  1.593431502161113e+00
s429        , -1.539788232161528e+01, -1.609685758717090e+01,  1.898217841459124e+00
s430        , -1.286167951362512e+01, -1.342225228268547e+01,  4.125334878919501e+00
s431        , -1.453473211914181e+01, -1.500053908824560e+01,  2.811111270386677e+00
s432        , -1.636733331862478e+01, -1.604670712118664e+01,  1.939977631975809e+00
s433        , -1.262474385020636e+01, -1.243084186678053e+01,  4.950872398296535e+00
s434        , -1.571290810656474e+01, -1.591057756108330e+01,  2.053331352653654e+00
s435        , -1.512044490177769e+01, -1.561533181930220e+01,  2.299179523468082e+00
s436        , -1.685711603759757e+01, -1.645388081833978e+01,  1.600928174242844e+00
s437        , -1.402457764497363e+01, -1.357289530735322e+01,  3.999895941723995e+00
s438        , -1.373212049851018e+01, -1.402421738010896e+01,  3.624084573994118e+00
s439        , -1.460172732266207e+01, -1.488711286695382e+01,  2.905560148323923e+00
s440        , -1.517482395629285e+01, -1.491691264332345e+01,  2.880746173135134e+00
s441        , -1.217812394069901e+01, -1.054518020907378e+01,  6.521043966311296e+00
s442        , -1.351336434227487e+01, -1.390021027191086e+01,  3.727344050437626e+00
s443        , -1.619423709573005e+01, -1.646339241606334e+01,  1.593007962124784e+00
s444        , -1.676731171959576e+01, -1.633022637633059e+01,  1.703893989084560e+00
s445        , -1.401770546679031e+01, -1.383865378314957e+01,  3.778601521832222e+00
s446        , -1.464584761211533e+01, -1.502142448922067e+01,  2.793720206266763e+00
s447        , -1.491435358734036e+01, -1.494094760072047e+01,  2.860732504941268e+00
s448        , -1.665092345044499e+01, -1.624975303195173e+01,  1.770903336604740e+00
s449        , -1.667139557466283e+01, -1.653494764060662e+01,  1.533424643632006e+00
s450        , -1.481210548218973e+01, -1.499460291025006e+01,  2.816054266322966e+00
s451        , -1.631743950609136e+01, -1.656808659756507e+01,  1.505830166225539e+00
s452        , -1.443299971912318e+01, -1.497592429290696e+01,  2.831607763824550e+00
s453        , -1.612012913490960e+01, -1.589668111984441e+01,  2.064902780030732e+00
s454        , -1.413849581242285e+01, -1.366850929208800e+01,  3.920279134688878e+00
s455        , -1.507049628372260e+01, -1.523577745973903e+01,  2.615230635536051e+00
s456        , -1.322157077016988e+01, -1.339747192827250e+01,  4.145969231739663e+00
s457        , -1.607694171766630e+01, -1.616867657212063e+01,  1.838414892318772e+00
s458        , -1.706402886578920e+01, -1.662804876293222e+01,  1.455900271946094e+00
s459        , -1.447080446629908e+01, -1.486564766530569e+01,  2.923434006654685e+00
s460        , -1.690706284313252e+01, -1.665400267276214e+01,  1.434288711289283e+00
s461        , -1.772051314013882e+01, -1.691646175432740e+01,  1.215741663913762e+00
s462        , -1.413223236043502e+01, -1.425777293571261e+01,  3.429605203073084e+00
s463        , -1.535420761445792e+01, -1.529525998798212e+01,  2.565700130283840e+00
s464        , -1.458200954714616e+01, -1.491317115046563e+01,  2.883861676748031e+00
s465        , -1.638994424372458e+01, -1.641774187816470e+01,  1.631020707613916e+00
s466        , -1.623486048340570e+01, -1.607395560028518e+01,  1.917288096460610e+00
s467        , -1.507437091684449e+01, -1.556292253257372e+01,  2.342820211385066e+00
s468        , -1.537992113023538e+01, -1.589303944398666e+01,  2.067935167027838e+00
s469        , -1.688831688844773e+01, -1.633532671889392e+01,  1.699646984937589e+00
s470        , -1.246905936495125e+01, -1.191930276047662e+01,  5.376825886486404e+00
s471        , -1.560470833398571e+01, -1.542307966723697e+01,  2.459265964123397e+00
s472        , -1.258719815799923e+01, -1.272462178176628e+01,  4.706244806766986e+00
s473        , -1.574141284760104e+01, -1.537751702799672e+01,  2.497205517280438e+00
s474        , -1.419503348629057e+01, -1.429725703835387e+01,  3.396727186434992e+00
s475        , -1.520645964410357e+01, -1.471513514740342e+01,  3.048764272174255e+00
s476        , -1.364211291008551e+01, -1.393436463196911e+01,  3.698904057044315e+00
s477        , -1.622440908019061e+01, -1.641909106290736e+01,  1.629897254997558e+00
s478        , -1.450658975724722e+01, -1.498364084518286e+01,  2.825182268064369e+00
s479        , -1.661904461415436e+01, -1.630187841600705e+01,  1.727499051598997e+00
s480        , -1.492790201790967e+01, -1.467265741697560e+01,  3.084135052674012e+00
s481        , -1.420522205049059e+01, -1.392299824965604e+01,  3.708368729705089e+00
s482        , -1.670710738767636e+01, -1.660491350060830e+01,  1.475164773067553e+00
s483        , -1.590685478420236e+01, -1.585311844066491e+01,  2.101176986484810e+00
s484        , -1.363414499374147e+01, -1.401251162442463e+01,  3.633831839460622e+00
s485        , -1.653312124543369e+01, -1.646020818621997e+01,  1.595659438409327e+00
s486        , -1.369916691094825e+01, -1.455632959356491e+01,  3.181000065621589e+00
s487        , -1.416860120688891e+01, -1.391814455129220e+01,  3.712410355698524e+00
s488        , -1.567715364740370e+01, -1.607017591260761e+01,  1.920435404517200e+00
s489        , -1.406303277722796e+01, -1.449413860909422e+01,  3.232785875235746e+00
s490        , -1.359570323331145e+01, -1.312206352363608e+01,  4.375299050684131e+00
s491        , -1.445574367969524e+01, -1.418662811291918e+01,  3.488846784140994e+00
s492        , -1.278035403065666e+01, -1.335939276262197e+01,  4.177677371423060e+00
s493        , -1.382187883962455e+01, -1.405429307710728e+01,  3.599040842462546e+00
s494        , -1.538651067106373e+01, -1.600275067318932e+01,  1.976579725778915e+00
s495        , -1.300175100305644e+01, -1.309790619809393e+01,  4.395414613606313e+00
s496        , -1.406671079754677e+01, -1.437850088117665e+01,  3.329076252580974e+00
s497        , -1.656349248954072e+01, -1.649927722507045e+01,  1.563127041230883e+00
s498        , -1.289311225521770e+01, -1.284509335670693e+01,  4.605929333440869e+00
s499        , -1.703491581634914e+01, -1.684235686341736e+01,  1.277448064042451e+00
s500        , -1.289098034700617e+01, -1.261448883114250e+01,  4.797951411217617e+00
