# c0 + a0 * (face-area-count - rho)
# Property Label: $E$; Unit of the Property: Unitless
# RMSE: 0.750088758472049; Max AE: 2.7377854896462
# Coefficients
# Task   a0                      c0
# all , -6.484224936744043e-02,  1.995820691996675e+00, 
# Feature Rung, Units, and Expressions
# 0;  1; Unitless;                                         34|0|sub; (face-area-count - rho); $\left(face-area-count - rho\right)$; (face_sub_area_sub_count - rho); (newdata$face_sub_area_sub_count - newdata$rho); face-area-count,rho
# Number of Samples Per Task
# Task, n_samples               
# all , 1041                  

# Sample ID , Property Value        ,  Property Value (EST) ,  Feature 0 Value      
s1          ,  6.774572406644882e-01,  4.421793016016771e-01,  2.396032533651024e+01
s2          ,  1.967875961713064e+00,  2.050631136495846e-01,  2.761714153683097e+01
s3          , -1.271285198486554e+00, -6.617509023545096e-01,  4.098518512662278e+01
s4          , -1.922048452937919e-01, -7.213938051109505e-01,  4.190500057624520e+01
s5          ,  2.455067115358116e-01, -2.372946584171782e-01,  3.443920240581875e+01
s6          ,  1.771859120156342e-01,  4.407137432960033e-01,  2.398292724066951e+01
s7          , -1.787554844087500e-01,  4.856327726806884e-01,  2.329018400885867e+01
s8          ,  1.258527874893824e+00, -4.254082264377581e-01,  3.734029806267359e+01
s9          ,  1.207996528852184e+00,  9.206263617553838e-01,  1.658169389140878e+01
s10         , -3.778119871449526e-01, -4.167835680037202e-03,  3.084391036997210e+01
s11         ,  2.051916464504999e-01, -5.856984382494315e-01,  3.981230070563188e+01
s12         , -9.030892502610830e-01, -5.489147863559098e-01,  3.924502162058533e+01
s13         , -1.915336013610817e+00, -5.161627565982114e-01,  3.873991838809099e+01
s14         , -4.972857440368104e-01, -7.307429165122266e-01,  4.204918298034870e+01
s15         ,  9.892906044607527e-01,  3.126708373306055e-01,  2.595761052532577e+01
s16         ,  7.196956197004112e-01,  7.498621973297528e-01,  1.921522628874997e+01
s17         , -8.233048349290433e-01, -5.222813172085476e-01,  3.883427909688849e+01
s18         ,  6.436893120625885e-01, -2.191584133534030e-01,  3.415950444282856e+01
s19         ,  6.782210382119218e-01,  1.089169754696897e+00,  1.398241032882859e+01
s20         ,  1.358387811126361e-01, -8.182840079181679e-01,  4.339924551303280e+01
s21         ,  1.192439177417436e+00,  7.106002177674202e-01,  1.982072625127977e+01
s22         , -1.675888320916539e+00, -1.116791277808994e+00,  4.800283765863036e+01
s23         ,  1.682267394333138e+00,  8.826686267540693e-01,  1.716707973739046e+01
s24         , -5.344901610254715e-02, -6.290570032762743e-02,  3.174976828237643e+01
s25         ,  7.630444568978922e-01,  1.585915213264076e+00,  6.321580184700185e+00
s26         , -7.690353008448225e-01, -1.109367555174010e+00,  4.788834868412060e+01
s27         ,  1.318355805735755e-01, -1.088009491409598e-01,  3.245756681282620e+01
s28         , -1.557515501210242e+00, -7.853768278130426e-01,  4.289174954510840e+01
s29         ,  1.315402392066626e+00,  1.536410745606226e+00,  7.085040245706457e+00
s30         , -1.602536800620832e+00, -5.379035342792899e-01,  3.907520561043703e+01
s31         , -6.577868421803238e-01, -2.838094671772473e-02,  3.121732602525696e+01
s32         ,  1.122204297021453e+00,  1.967572202999868e-01,  2.774523538660677e+01
s33         ,  1.732999170998263e+00,  1.041475040410503e+00,  1.471796029434758e+01
s34         ,  1.815120104294484e+00,  5.117713912764490e-01,  2.288707309196802e+01
s35         ,  5.934117724273275e-01,  1.068755208003969e+00,  1.429724435898763e+01
s36         ,  9.702627198604924e-01, -9.592503303821132e-02,  3.225899387267749e+01
s37         ,  1.142962175227537e+00, -1.443233728156224e-02,  3.100220996169908e+01
s38         ,  2.376281988155590e-01,  1.026402494166333e+00,  1.495040976041650e+01
s39         , -9.901628269429662e-01,  5.751900958293426e-01,  2.190902706223331e+01
s40         , -6.175077579414836e-01,  1.750462635957022e-01,  2.808006270854706e+01
s41         , -6.558266813617915e-01, -3.196010634052293e-01,  3.570853537608088e+01
s42         , -1.132806252875512e-01, -6.038913845325935e-01,  4.009287311730237e+01
s43         ,  3.987508132795206e-01,  7.273882455215903e-01,  1.956182055448572e+01
s44         , -1.257042213831158e-02, -9.170640395262430e-02,  3.219393399078349e+01
s45         , -2.453536714432208e-01, -1.957922947120665e-01,  3.379915114125001e+01
s46         ,  4.319604697532172e-01, -3.119167534510143e-01,  3.559002761255975e+01
s47         , -5.858250576994644e-01, -1.245461281286331e-02,  3.097170940861845e+01
s48         , -1.351740028810569e+00, -1.046051603713828e+00,  4.691188731706668e+01
s49         ,  1.400180920836999e+00, -1.126161472699978e-01,  3.251640496489922e+01
s50         ,  6.339509690024701e-01, -4.059621019777386e-01,  3.704039908246048e+01
s51         ,  9.663578673416964e-01,  8.401370397711390e-01,  1.782300372827359e+01
s52         ,  1.470345916377529e-01, -9.244699144763069e-02,  3.220535536345688e+01
s53         , -1.879048126514940e+00,  3.431323577625878e-02,  3.025045360633893e+01
s54         ,  2.462378298792408e+00,  1.273222861389381e+00,  1.114393528380797e+01
s55         ,  2.147693442064033e-01, -4.710854779482798e-01,  3.804473462920420e+01
s56         ,  1.250856345991485e+00,  1.490682047831485e+00,  7.790270218769401e+00
s57         ,  3.470878239384724e-01,  8.994259184951467e-01,  1.690864805273191e+01
s58         ,  2.650904256602346e+00,  9.371968032690807e-01,  1.632614381911259e+01
s59         ,  2.436955679659398e-02, -2.266882127168250e-01,  3.427562933727435e+01
s60         , -1.350996154759193e+00, -7.912684669039811e-01,  4.298261066032900e+01
s61         , -1.175408395594881e+00, -6.473196152818776e-01,  4.076262518748720e+01
s62         ,  5.137509822735412e-02, -1.648470215252813e-01,  3.332191178745418e+01
s63         ,  1.630781368412474e+00,  7.348664915198109e-01,  1.944649071828828e+01
s64         , -7.346563779561162e-02,  1.226183134523641e+00,  1.186938400473653e+01
s65         ,  6.477994742971301e-01,  5.746840627779821e-01,  2.191683112603888e+01
s66         ,  1.102507059534665e+00,  3.588214114113626e-01,  2.524587435745725e+01
s67         , -2.689254974131806e-01,  2.166204124859521e-01,  2.743890436971982e+01
s68         ,  1.634793292022643e+00,  9.594114004827525e-01,  1.598354933125347e+01
s69         ,  3.008420412735001e-01,  7.310758375404240e-01,  1.950495034941407e+01
s70         ,  4.428344099007711e-01,  5.506465582872986e-01,  2.228753856949092e+01
s71         , -2.587880550234566e-02, -5.636336328971188e-01,  3.947201631439680e+01
s72         ,  3.320850724266521e-01,  7.858807719091878e-01,  1.865974625943561e+01
s73         , -1.001377721869569e+00, -1.171761844527548e-01,  3.258673005736966e+01
s74         ,  1.535377236435878e+00,  1.490165602096836e+00,  7.798234867431152e+00
s75         ,  2.223324131252060e-01,  3.522317590546808e-01,  2.534750026372926e+01
s76         , -5.720277382811452e-01, -5.758908186174361e-01,  3.966104716758112e+01
s77         , -1.197863875151751e+00, -6.089875101238149e-01,  4.017146578860751e+01
s78         , -1.436625202734528e+00, -7.150648999838511e-01,  4.180739592512899e+01
s79         ,  4.409066269069510e-01,  6.155160914274931e-01,  2.128711779795662e+01
s80         ,  6.309139277294878e-01,  9.597875316741522e-02,  2.929944530553620e+01
s81         , -1.685326208098238e+00, -4.748182935364207e-01,  3.810230227413565e+01
s82         , -1.663665661245249e-01, -3.309039523551054e-01,  3.588284902281800e+01
s83         , -1.321966357459877e+00, -6.628563111355510e-01,  4.100223278909324e+01
s84         ,  1.425519064192979e+00, -2.781839164434274e-01,  3.506979832784704e+01
s85         , -6.984731689207798e-01, -4.171117176348804e-01,  3.721234894178693e+01
s86         , -2.932580333118892e-01, -1.893770485271840e-02,  3.107169193703319e+01
s87         ,  3.346071912195332e-02, -2.920620892306143e-01,  3.528382811432998e+01
s88         , -7.344698336486584e-02, -2.197571212084479e-01,  3.416873774150165e+01
s89         ,  2.903456543575506e-01,  2.478314818357021e-01,  2.695756589589719e+01
s90         ,  3.160753830639385e-01, -1.799267620708112e-01,  3.355447220435271e+01
s91         ,  4.911838748491691e-01,  1.253868502520578e+00,  1.144241905106793e+01
s92         , -8.899315452749768e-01, -7.874923164025718e-01,  4.292437470247364e+01
s93         ,  8.806558878772817e-01,  1.252702046220180e-01,  2.884771126268063e+01
s94         ,  2.174850994919374e-01,  1.849958516179580e-01,  2.792661972778502e+01
s95         , -7.665153489308597e-01, -9.081849438906098e-01,  4.478570167162474e+01
s96         ,  5.275622810365228e-01, -1.815482441063818e-01,  3.357947877108025e+01
s97         ,  2.030602111680013e+00,  1.043957887616829e+00,  1.467966971635950e+01
s98         , -9.469867286116609e-01, -3.812523275960535e-01,  3.665932386340596e+01
s99         , -9.198822372946849e-01, -9.134187581692619e-01,  4.486641778387732e+01
s100        , -4.843791818667553e-01, -1.900061171421330e-01,  3.370991645820956e+01
s101        , -2.042448773263304e-01,  3.354049792158587e-01,  2.560700359686427e+01
s102        , -5.164158759195604e-01, -1.059123545792869e+00,  4.711348337837797e+01
s103        ,  1.172650799800637e-01,  6.669671279585190e-01,  2.049363766682376e+01
s104        , -1.768695959917696e+00, -1.083722163817513e+00,  4.749284433924242e+01
s105        ,  5.247327840013729e-01,  4.429946829991760e-03,  3.071131499282366e+01
s106        ,  5.297962102782025e-01,  1.132412141459147e+00,  1.331552435272359e+01
s107        ,  1.497385912477808e-01, -6.019197889289953e-01,  4.006246708384684e+01
s108        ,  4.406641357796892e-01,  7.916926268789857e-01,  1.857011557841367e+01
s109        , -6.596772585897818e-01, -4.432155204897954e-01,  3.761492292880260e+01
s110        ,  1.094420195469493e+00, -1.405261424355999e-01,  3.294683412856757e+01
s111        ,  3.915962330096326e-01,  8.991379857357353e-01,  1.691308856431534e+01
s112        ,  8.365523515867515e-01,  1.017066001970238e+00,  1.509439755058689e+01
s113        , -1.291655352083360e-01,  1.646862459715877e-01,  2.823983535254353e+01
s114        ,  1.376602311009741e+00,  7.505711465725762e-01,  1.920429284258271e+01
s115        ,  2.854337653329592e+00,  6.272074765347515e-01,  2.110681274652314e+01
s116        , -4.031277243707178e-01,  3.364170263587978e-01,  2.559139576165170e+01
s117        , -1.548008576871541e+00, -7.082027333957976e-01,  4.170156729248598e+01
s118        , -1.376296935489929e+00, -8.276684996683554e-01,  4.354397355442151e+01
s119        ,  1.159776550977451e-01, -3.776273443122478e-01,  3.660341921297867e+01
s120        , -1.608916416404319e-01,  4.902149436898358e-01,  2.321951756755152e+01
s121        ,  3.197271174130288e-01,  4.875515464484648e-01,  2.326059259606076e+01
s122        , -1.530552753436365e+00, -5.064166574605948e-01,  3.858961362178980e+01
s123        , -1.233881263109963e+00, -9.132950541174234e-01,  4.486451001459039e+01
s124        , -5.427146006639550e-01, -1.027442359271273e-01,  3.236415991727711e+01
s125        ,  9.732454451545894e-01, -4.911186755819743e-01,  3.835368747752648e+01
s126        , -1.840471966312827e-01, -5.097196305610214e-01,  3.864055221711381e+01
s127        , -1.081994746251625e+00, -9.827584832457894e-01,  4.593577805057013e+01
s128        ,  4.539347974729817e-01,  1.034644056589905e+00,  1.482330802498981e+01
s129        , -9.281932508350824e-01, -6.619460068800398e-01,  4.098819403713149e+01
s130        , -7.213314288938638e-01,  8.045475474890242e-01,  1.837186643166995e+01
s131        , -2.205996399193568e-01, -1.958224061135276e-01,  3.379961552059765e+01
s132        , -1.239159936584262e+00, -5.844404291458793e-01,  3.979289963432691e+01
s133        , -3.218370754810609e-01, -1.858318678654449e-01,  3.364554100366550e+01
s134        , -1.004593496203065e+00, -4.253230276060462e-01,  3.733898412257214e+01
s135        ,  9.616883013837800e-01,  4.960869783574129e-03,  3.070312707585962e+01
s136        ,  1.177397001560173e+00,  8.250858105514325e-01,  1.805512444226079e+01
s137        , -1.190015539084228e+00, -4.011435467959628e-01,  3.696608711412529e+01
s138        ,  2.514478411301381e-01,  4.889035117609652e-02,  3.002564469637602e+01
s139        , -1.987650229798378e-01, -8.640219800723536e-02,  3.211213229517401e+01
s140        , -1.883191692860165e-02, -1.437035232466470e-01,  3.299583583412288e+01
s141        ,  4.763479271249645e-01,  4.822551462146505e-01,  2.334227391164563e+01
s142        , -1.264849480226229e+00, -8.340623195830428e-01,  4.364257932422532e+01
s143        ,  5.343202969822768e-02,  1.089123785173009e+00,  1.398311927283249e+01
s144        ,  1.580293395785219e-01,  7.684671768273788e-01,  1.892829948286146e+01
s145        ,  9.188749641933952e-01,  4.232772860579159e-01,  2.425183304526738e+01
s146        ,  8.965084025411505e-01,  8.917703330997790e-01,  1.702671282485272e+01
s147        ,  6.848734553557310e-01,  3.229398415152616e-01,  2.579924149456521e+01
s148        ,  2.946101194283518e-01,  1.227690538808550e-01,  2.888628411858188e+01
s149        , -1.049624548293927e+00, -3.999582404307687e-01,  3.694780726762463e+01
s150        ,  3.591106519707902e-01,  8.036869193301222e-01,  1.838513907670152e+01
s151        , -1.331621263631160e-02, -1.961050145316290e-02,  3.108206783557168e+01
s152        ,  6.334057303004041e-01, -3.867441470359199e-01,  3.674401894251628e+01
s153        ,  1.034338109925286e+00,  4.410273083342948e-01,  2.397809142696239e+01
s154        , -3.383324211856340e-02, -3.103691979141006e-01,  3.556616114352126e+01
s155        ,  1.136039203602913e+00, -3.705001740492937e-01,  3.649350368209438e+01
s156        , -1.392262169733224e+00, -7.647418208891639e-01,  4.257351556764493e+01
s157        , -5.253740885024729e-01, -1.288432172447223e-01,  3.276665954633378e+01
s158        ,  3.989423304234663e-01,  4.737198526534330e-01,  2.347390558149796e+01
s159        ,  5.765884380454732e-01,  4.213071593414646e-01,  2.428221642548121e+01
s160        , -8.116051377987674e-01, -7.747556037545398e-01,  4.272794856407956e+01
s161        , -3.068617279191663e-01,  2.544507712446256e-01,  2.685548292571190e+01
s162        ,  7.336330388262124e-01, -3.190494866757347e-01,  3.570002893568322e+01
s163        ,  5.366582957206302e-01, -2.660984517507339e-01,  3.488341576384607e+01
s164        ,  1.442528357282191e+00,  1.208878263677466e+00,  1.213626047825480e+01
s165        , -1.062713736405366e-01,  6.078183601831000e-01,  2.140583254520070e+01
s166        , -8.326065002207604e-01, -7.872070333564340e-02,  3.199366794906438e+01
s167        ,  3.946237056414995e-01, -4.465856298482795e-02,  3.146836013381886e+01
s168        ,  2.235679947771067e+00,  1.199628193346006e+00,  1.227891546665661e+01
s169        ,  1.625062009748738e+00,  9.353547911705289e-01,  1.635455141009719e+01
s170        ,  1.327620092596634e-01, -2.997302883715360e-01,  3.540208741618529e+01
s171        ,  5.954984467350798e-01,  5.845178854085442e-01,  2.176517348420050e+01
s172        ,  5.199772380778388e-01,  9.420642912819299e-02,  2.932677816422806e+01
s173        ,  6.222838143288129e-01,  6.034901006548554e-01,  2.147258315256654e+01
s174        ,  1.054103529053623e+00,  2.750764122740192e-01,  2.653739338948199e+01
s175        , -5.255654946879281e-01, -1.499966122065184e-01,  3.309288812674478e+01
s176        ,  9.849433920982633e-01,  1.052245353026466e+00,  1.455186006307813e+01
s177        , -4.422819104749493e-01,  9.700785082292018e-02,  2.928357451657462e+01
s178        , -6.072036959750036e-01, -6.415112321161114e-01,  4.067304804877858e+01
s179        ,  1.274608736041423e+00,  1.407678098095350e+00,  9.070360754583142e+00
s180        , -1.497077617346340e+00, -9.549380522616839e-01,  4.550673014961814e+01
s181        , -2.083438027973673e+00, -9.216892011908768e-01,  4.499396491714762e+01
s182        ,  1.836267684377070e+00,  8.119928734356814e-01,  1.825704428994463e+01
s183        ,  9.114464311238878e-01,  2.940500828407451e-01,  2.624478061383307e+01
s184        ,  1.514590021168478e+00,  5.556271839844718e-01,  2.221072714259316e+01
s185        ,  1.833338059507960e+00,  1.435168797136487e+00,  8.646397994047874e+00
s186        ,  2.453649877689343e-01,  4.315670129648150e-01,  2.412398851507652e+01
s187        ,  3.720198183543537e-01, -3.907867956471536e-01,  3.680636484585355e+01
s188        ,  1.146530015212694e+00,  9.329419170230735e-01,  1.639176286051715e+01
s189        ,  1.953473158179789e-01,  1.105073990715577e-01,  2.907538389425151e+01
s190        , -2.653274521332475e-01, -4.960475812063374e-01,  3.842970127520387e+01
s191        , -1.734213411135429e+00, -9.993096084577571e-01,  4.619103022601792e+01
s192        , -1.380433379832566e+00, -7.824399681219358e-01,  4.284645716676315e+01
s193        ,  1.331098677791819e+00,  1.234511346640538e+00,  1.174094595395726e+01
s194        ,  5.090097107027989e-01,  2.953635941815058e-02,  3.032412280203631e+01
s195        , -9.924573921340460e-02, -6.660307994304009e-01,  4.105118988613750e+01
s196        , -5.779338669443590e-01, -2.653421053934444e-01,  3.487175135731070e+01
s197        ,  2.483047809304522e-01,  1.384040883023718e-01,  2.864515993529024e+01
s198        , -5.206217556690500e-01,  6.247481783102291e-01,  2.114474015108597e+01
s199        , -5.943289801913764e-01, -1.117095316224874e-01,  3.250242309881106e+01
s200        , -1.021605773659559e+00, -7.592562471478705e-01,  4.248891680997061e+01
s201        , -1.880186336712063e-01,  1.438186715129608e-02,  3.055783604324389e+01
s202        ,  8.974446090874552e-01,  1.859612017429253e-01,  2.791173205602186e+01
s203        ,  1.491847227695687e+00, -7.418095861869722e-02,  3.192365580788740e+01
s204        ,  5.673187961114483e-01,  2.036412254771152e-01,  2.763906995828983e+01
s205        ,  7.052663182498152e-02,  3.923265764412625e-01,  2.472915623992192e+01
s206        ,  4.612958000362408e-01, -1.051172883456142e-01,  3.240075723525477e+01
s207        , -1.890335631962240e-01, -3.853739295812793e-01,  3.672288738912312e+01
s208        ,  1.196645888991632e+00,  2.393653956472865e-01,  2.708813024662539e+01
s209        ,  1.251755561530769e-01, -3.925120862666074e-01,  3.683297235309281e+01
s210        ,  4.275859111659360e-01,  4.710541806396051e-02,  3.005317201274071e+01
s211        ,  5.283027681041661e-01,  5.915404549828351e-02,  2.986735755454622e+01
s212        , -5.193859304496163e-01, -5.199831916817723e-01,  3.879883730470524e+01
s213        , -7.895660096178727e-01, -5.903898976347020e-01,  3.988465259704585e+01
s214        , -8.273130453363812e-01, -9.246642136686998e-01,  4.503984568943491e+01
s215        ,  7.097242197335737e-01, -2.173869074273413e-01,  3.413218420111357e+01
s216        , -4.103389107009319e-01,  9.045401835594546e-04,  3.076568396800302e+01
s217        ,  5.083753923761842e-01, -1.939088059416292e-01,  3.377010389522120e+01
s218        ,  1.227559854195250e+00,  5.950618073742020e-01,  2.160256465942163e+01
s219        ,  4.233903461072759e-01, -2.979999382846816e-01,  3.537540188161895e+01
s220        , -9.401298955648565e-02,  8.272764601926230e-01,  1.802134014787617e+01
s221        ,  1.262898065596499e+00, -1.127838512723780e-01,  3.251899130334392e+01
s222        , -8.196925206317609e-01, -6.902303296682148e-01,  4.142439609773394e+01
s223        ,  4.013207508237785e-01, -1.047842884957835e-01,  3.239562169703580e+01
s224        ,  7.221682333138075e-01,  6.308795416549029e-02,  2.980668864337205e+01
s225        ,  7.658761358813224e-01,  6.998481889941843e-01,  1.998654450832861e+01
s226        ,  1.021677840387193e+00,  7.224837110004461e-01,  1.963745849994551e+01
s227        , -1.713769108940136e-01,  3.965833103613992e-01,  2.466350870360629e+01
s228        ,  1.274319171489858e-01, -4.477399952404630e-01,  3.768469957589312e+01
s229        ,  2.041762025685344e-01, -3.111636977349577e-01,  3.557841395443710e+01
s230        , -1.775628277285172e+00, -6.352957349571289e-01,  4.057719238029673e+01
s231        , -2.906010097813954e-01, -4.727911501247857e-01,  3.807103957996000e+01
s232        ,  7.153226846206260e-01,  1.090418066213294e+00,  1.396315881413602e+01
s233        , -3.817422129899863e-01,  4.456371520018254e-01,  2.390699821670979e+01
s234        , -1.045314287465124e-01,  1.316205006287424e+00,  1.048106276909188e+01
s235        , -2.007585327297883e+00, -1.243118467533834e+00,  4.995106109253659e+01
s236        ,  1.304199689079254e+00, -5.447897513975837e-01,  3.918140515140718e+01
s237        , -2.782406460538666e-01,  1.237333758818420e-01,  2.887141230259162e+01
s238        , -2.322383208123123e-01,  4.172289004330132e-01,  2.434511151237650e+01
s239        , -3.517230695261006e-01, -5.923118701042605e-01,  3.991429334036225e+01
s240        , -8.445222562838290e-01, -6.094494044845715e-01,  4.017858914360001e+01
s241        , -1.536302083677280e+00, -1.010216386054986e+00,  4.635923502618493e+01
s242        ,  2.935750684089247e-01, -1.278338020449292e-01,  3.275109230106330e+01
s243        ,  1.616760901218624e-01, -8.489441797314767e-02,  3.208887924567625e+01
s244        ,  1.913693632034482e-02,  5.793318215972680e-01,  2.184515318666098e+01
s245        ,  1.011107650821608e+00,  1.341906394136052e-01,  2.871013992796277e+01
s246        , -1.106818107812668e+00, -5.978087320644361e-01,  3.999906618544087e+01
s247        , -1.990274764442437e+00, -5.386056185507389e-01,  3.908603318471611e+01
s248        , -9.667152724294116e-02,  2.190734335493800e-01,  2.740107377180938e+01
s249        , -3.381305046273163e-03, -5.018395947544574e-01,  3.851902596095464e+01
s250        , -1.066763974390572e+00, -5.081420802936762e-01,  3.861622316803339e+01
s251        ,  1.207378380322024e+00,  6.378117033230908e-01,  2.094327389813668e+01
s252        , -7.806439949963919e-01, -5.162299497758343e-01,  3.874095464420916e+01
s253        ,  1.425727038542695e-01, -8.676205216633370e-04,  3.079301430775081e+01
s254        ,  2.519006949731616e-01, -3.202546992793101e-01,  3.571861577706106e+01
s255        ,  2.957126742656839e-01, -2.098963462470331e-01,  3.401666443964044e+01
s256        , -1.208240274724157e+00, -8.887559292208012e-01,  4.448606655934308e+01
s257        ,  9.313485666439150e-01,  5.093878544943431e-02,  2.999405365360188e+01
s258        , -6.564646920389060e-01, -4.434295820529812e-01,  3.761822419557348e+01
s259        ,  6.730828234081326e-01,  5.387834471012962e-01,  2.247049198800634e+01
s260        , -1.076132473957489e+00, -9.918001387007933e-01,  4.607521885565028e+01
s261        ,  4.986447736713935e-01, -2.547461739223273e-01,  3.470834043966851e+01
s262        , -7.901168230278026e-01, -2.920917698797434e-01,  3.528428585059635e+01
s263        , -1.546259780331375e+00, -1.081531033204269e+00,  4.745905262728580e+01
s264        , -5.529113966692345e-01,  3.381624669050503e-01,  2.556447750136185e+01
s265        , -4.420703395591482e-01,  5.388281007519489e-01,  2.246980333745692e+01
s266        ,  1.642224930755288e-01,  9.438773894900168e-01,  1.622311552681694e+01
s267        , -5.742332897034260e-01, -4.666316847538849e-01,  3.797604803615965e+01
s268        , -1.103100765949088e+00, -5.949121146411824e-01,  3.995439442510697e+01
s269        ,  7.960085847259791e-01,  5.212837467329468e-01,  2.274037313091957e+01
s270        , -4.283987476508868e-01,  2.736986050843175e-01,  2.655864199210054e+01
s271        ,  2.199521430164574e-01, -2.411420552080143e-01,  3.449853712705944e+01
s272        ,  4.892735632468817e-01,  6.153308599024785e-01,  2.128997444662044e+01
s273        , -7.406199765582813e-01, -3.768417389870955e-01,  3.659130357336382e+01
s274        ,  1.772759222941352e-01,  6.798880194742165e-01,  2.029437111389345e+01
s275        ,  2.643568451335951e-01, -1.165640857316956e-01,  3.257729024417641e+01
s276        , -5.816893010125334e-01, -4.602033428907866e-01,  3.787690986736062e+01
s277        , -1.588157064474181e+00,  7.345912875197143e-01,  1.945073492638997e+01
s278        ,  1.926575532177041e+00, -9.524669729980895e-03,  3.092652369850715e+01
s279        ,  1.613883746546309e+00,  7.291055125846813e-01,  1.953533678688291e+01
s280        , -1.609264987376504e+00, -9.071582250905263e-01,  4.476986756947530e+01
s281        , -1.346496740458654e+00,  7.007582178730674e-01,  1.997251000323725e+01
s282        , -1.354536059868065e+00, -2.569051523976442e-01,  3.474163629995063e+01
s283        ,  4.444527822772946e-01, -5.832872522706027e-01,  3.977511529022216e+01
s284        ,  2.385788249720763e+00,  2.171977194473065e-01,  2.743000111656333e+01
s285        ,  4.002184027452821e-01,  3.885216146350150e-01,  2.478783652697807e+01
s286        ,  1.951350507345722e+00,  1.521117552582785e+00,  7.320892536036159e+00
s287        , -7.632184401675010e-01, -8.461247614073677e-01,  4.382860682854540e+01
s288        ,  7.091749484961576e-01, -1.702286383216463e-01,  3.340490731658626e+01
s289        ,  2.314010563846089e+00,  1.331164903188184e+00,  1.025035058611397e+01
s290        ,  7.654861282396249e-01,  2.862328344631511e-01,  2.636533855952209e+01
s291        , -1.053228118031399e+00,  9.112641800892121e-01,  1.672607786570799e+01
s292        , -1.544830063612452e+00, -4.152678107905887e-01,  3.718391212995082e+01
s293        , -1.690406548169091e+00, -9.613344739301783e-01,  4.560537604378273e+01
s294        ,  1.421215154761337e+00,  1.329861748769674e+00,  1.027044789043675e+01
s295        , -1.705271840139647e+00, -7.733703706580750e-01,  4.270658543880278e+01
s296        , -7.627385590929443e-01,  6.565929180316739e-01,  2.065362918513242e+01
s297        ,  3.113058113377143e-01,  6.224030979542343e-01,  2.118090608269494e+01
s298        ,  4.087923101857815e-01,  3.635401980080744e-01,  2.517310102459565e+01
s299        , -3.373353052859910e-01, -5.366280428544450e-01,  3.905553492601001e+01
s300        , -1.247040873629315e+00, -1.048471797645014e+00,  4.694921165351083e+01
s301        ,  1.197929368440681e+00,  1.138472588900363e+00,  1.322205986775679e+01
s302        , -1.485192472843855e+00, -5.625704846919144e-01,  3.945562039637150e+01
s303        , -8.549580863671642e-01,  6.535824775314452e-01,  2.070005632992762e+01
s304        ,  1.882993199254014e+00,  3.966919811699505e-01,  2.466183277765351e+01
s305        , -5.165357198073315e-01, -5.576117064302346e-01,  3.937914590157753e+01
s306        ,  1.036931584747022e+00,  8.885756209072082e-02,  2.940926862514902e+01
s307        ,  5.869139350739364e-01, -3.610297731339103e-01,  3.634745074581024e+01
s308        , -1.992374094653734e+00,  7.454113949924697e-01,  1.928386675666560e+01
s309        ,  1.168183907358183e+00, -8.787491195785768e-02,  3.213484455400201e+01
s310        , -1.689353307212060e-01, -6.012661452985457e-01,  4.005238656324760e+01
s311        ,  4.171830243610439e-01,  4.952647149611789e-02,  3.001583442103506e+01
s312        , -6.851064106122525e-01, -4.084622749461750e-01,  3.707895685910806e+01
s313        , -3.693039585493864e-01, -4.367708837295592e-01,  3.751553345938866e+01
s314        , -1.774434185617937e-01, -2.122956393022932e-01,  3.405366644186378e+01
s315        , -3.815749786763621e-01, -2.962777876756715e-01,  3.534884279975781e+01
s316        ,  6.374559564486622e-01,  8.842223107301470e-01,  1.714311875529570e+01
s317        , -2.030534733815181e+00, -1.089556294850893e+00,  4.758281856268923e+01
s318        , -8.028512356005929e-02, -2.211729551886015e-01,  3.419057279494236e+01
s319        , -5.934013466311562e-01,  2.821868555741438e-01,  2.642773582254855e+01
s320        ,  2.790171268766068e+00,  6.832174195786125e-01,  2.024302496016073e+01
s321        , -1.062277605983095e+00, -6.882894442963041e-01,  4.139446367881195e+01
s322        ,  7.515966182544803e-02,  3.172250049010845e-01,  2.588737595427207e+01
s323        ,  7.526438612763078e-01,  5.814823806452623e-01,  2.181198717115452e+01
s324        , -2.651743878812372e-01, -6.884281244052624e-01,  4.139660240950545e+01
s325        ,  3.264086782559880e-02,  3.342380767510464e-01,  2.562499961760993e+01
s326        , -8.716201269332444e-01,  7.434492350455844e-01,  1.931412727301146e+01
s327        , -1.671151256925621e-01, -5.798645022527220e-01,  3.972232949004911e+01
s328        , -8.227567374308942e-02,  7.345932295067885e-01,  1.945070497698054e+01
s329        , -3.051380631011923e-01,  5.042182572690481e-01,  2.300355785431178e+01
s330        ,  2.650804092125521e-01,  3.207894203154484e-01,  2.583240538417100e+01
s331        , -1.375958879843693e-01, -1.690274251520691e-01,  3.338638215465411e+01
s332        , -2.261103407740682e-02, -1.314480961937956e-01,  3.280683210318499e+01
s333        ,  1.323183942483754e+00,  1.583120495290577e+00,  6.364680447272239e+00
s334        , -8.334838045052184e-01, -7.116683882325761e-01,  4.175501477264879e+01
s335        , -6.616430929673620e-01, -5.974603641070966e-01,  3.999369363959711e+01
s336        ,  7.402611706142617e-01,  1.788035252500133e-01,  2.802211805531611e+01
s337        , -2.672477917829363e+00, -7.032384800718050e-01,  4.162500836104203e+01
s338        ,  5.119490895181960e-01,  8.653519340657057e-02,  2.944508429636348e+01
s339        , -5.205367300996894e-01, -6.251925471464699e-01,  4.042138057689356e+01
s340        , -5.182275979842598e-01, -5.099502746471585e-01,  3.864410922027744e+01
s341        ,  1.970306289887119e+00,  9.968867090221939e-01,  1.540560348722389e+01
s342        , -6.893119617348112e-02, -5.395001800244288e-01,  3.909982915080947e+01
s343        , -9.390007101093139e-01, -4.010185094950198e-01,  3.696415878341248e+01
s344        ,  1.061951331424555e+00,  5.297712701420585e-01,  2.260947817443810e+01
s345        , -7.723215780687482e-01, -4.707648704727323e-01,  3.803979020672233e+01
s346        ,  3.961380156477509e-01,  7.979256965766262e-01,  1.847398890547364e+01
s347        , -1.709617878224923e+00, -8.711429425776165e-01,  4.421443831055458e+01
s348        ,  3.055057864420297e-01, -5.403319655677974e-03,  3.086296405777123e+01
s349        , -2.198294962810686e-01, -6.479245899347681e-01,  4.077195513299020e+01
s350        ,  4.405144181634823e-01,  2.985764798196699e-02,  3.031916787578143e+01
s351        ,  8.658280652293555e-01,  1.020744579068773e+00,  1.503766637400958e+01
s352        ,  9.704682100223125e-01, -4.134982177019346e-01,  3.715662138809783e+01
s353        , -6.298376205439114e-02,  1.841746895569254e-01,  2.793928372493261e+01
s354        , -5.109688604423303e-01,  8.087555745287989e-01,  1.830697005498924e+01
s355        , -1.498401072816738e+00, -4.996586644270249e-01,  3.848539155825103e+01
s356        ,  1.467186882538691e-01,  5.129033380377921e-01,  2.286961615960701e+01
s357        , -9.744403926942342e-02, -5.801044971625944e-01,  3.972603070202454e+01
s358        , -9.190473297739495e-02,  1.115810018499126e-01,  2.905882674534276e+01
s359        ,  4.402510249016559e-01,  4.881932529115320e-01,  2.325069617097793e+01
s360        , -8.756909416699599e-01, -3.924589603230675e-01,  3.683215304247268e+01
s361        , -1.770572058768898e-01,  7.969105771809293e-01,  1.848964412110233e+01
s362        ,  8.704386959032419e-01,  1.599412892444609e-01,  2.831301228229868e+01
s363        , -1.069662019131376e+00,  1.153442410638217e-02,  3.060174943416866e+01
s364        , -9.988945697241733e-01, -1.057685434743551e+00,  4.709130476700426e+01
s365        ,  1.902823636872192e-01,  8.088137159817710e-02,  2.953227778307235e+01
s366        ,  1.236798092554710e+00,  4.564771799759151e-01,  2.373982283214436e+01
s367        ,  9.184480967949833e-01,  8.620038455087877e-01,  1.748577289573821e+01
s368        ,  1.622937156969908e-01,  8.873026460788269e-02,  2.941123181248567e+01
s369        ,  9.732086991131189e-01,  6.577695994393546e-01,  2.063548235310299e+01
s370        , -8.475872099006457e-01, -7.096163157111997e-01,  4.172336762065460e+01
s371        ,  5.916391131784779e-01,  4.556902437116834e-01,  2.375195899755979e+01
s372        ,  7.596908414790238e-01,  8.130545637036384e-01,  1.824067085629120e+01
s373        , -1.946434670867691e+00, -9.823590515866141e-01,  4.592961799808781e+01
s374        , -9.564014283175248e-01, -5.265435465827835e-01,  3.890001138433712e+01
s375        ,  7.284511861928945e-01,  1.977332540638941e-01,  2.773018295129756e+01
s376        ,  2.037232105036610e+00,  1.328719240537704e+00,  1.028806770225874e+01
s377        ,  7.637732850848320e-01,  9.460298754326915e-01,  1.618991979465661e+01
s378        ,  9.950925555332779e-01,  4.120707607590846e-01,  2.442466056757197e+01
s379        , -8.163846007494810e-01, -6.802737063757573e-01,  4.127084461872776e+01
s380        , -9.184292068832668e-01, -4.656249746036776e-01,  3.796052250828194e+01
s381        ,  1.520868814304400e-01,  3.339063732594760e-01,  2.563011516333523e+01
s382        , -7.921265824309522e-01, -7.860609955017710e-01,  4.290230080906673e+01
s383        ,  6.672838300456271e-01, -7.842804300094453e-02,  3.198915452860852e+01
s384        , -8.703903476353084e-01, -4.362397087163334e-01,  3.750734165514979e+01
s385        ,  8.850482925000751e-01,  6.407137482034682e-01,  2.089851843532211e+01
s386        ,  9.061627662896373e-01,  6.347684282220547e-01,  2.099020741957871e+01
s387        , -1.106690246889199e+00, -9.826245154902555e-01,  4.593371199399682e+01
s388        ,  2.054813205480302e+00,  1.247581765669721e+00,  1.153937338118735e+01
s389        ,  5.830110458201297e-01,  6.843200338658331e-01,  2.022602039449595e+01
s390        ,  4.058167767744563e-02,  1.284860540801134e-01,  2.879811629197146e+01
s391        , -3.572825686809578e-01, -3.430811187435239e-01,  3.607064581437306e+01
s392        , -7.654037138178210e-02, -9.651424137538389e-02,  3.226808066937132e+01
s393        ,  3.686774220084653e-01, -4.353296289837381e-01,  3.749330636579025e+01
s394        , -2.015273820649741e-01, -6.186846734090670e-01,  4.032101586405757e+01
s395        , -6.768380070474945e-01,  7.956717988784190e-01,  1.850874861415424e+01
s396        , -1.571978956162156e+00,  2.448912140343347e-01,  2.700291083426763e+01
s397        , -4.953598502673375e-01, -6.512119624671129e-01,  4.082265313567232e+01
s398        ,  1.555253169293308e-01,  9.197630108053090e-01,  1.659500852744465e+01
s399        , -1.863721424692930e+00, -7.909573921960591e-01,  4.297781325260554e+01
s400        , -1.580914135378971e+00, -7.860940842420019e-01,  4.290281110506285e+01
s401        , -1.745467987214961e+00, -7.487237564632692e-01,  4.232648427890715e+01
s402        , -6.980793622242579e-01, -5.361302709330589e-01,  3.904785826571149e+01
s403        ,  2.251226886668626e-01,  6.939319748362032e-01,  2.007778462130582e+01
s404        ,  7.040030298805582e-01,  7.379078798934946e-01,  1.939958629403784e+01
s405        ,  7.810975699633603e-01,  3.820079493210200e-01,  2.488829055776106e+01
s406        , -7.486530226048839e-01, -1.998011592834403e-01,  3.386097602564995e+01
s407        , -5.898664718227482e-01, -1.207281247874505e+00,  4.939837792671595e+01
s408        , -1.653430955336652e+00, -8.160435696130330e-01,  4.336469337569964e+01
s409        ,  3.615421057666913e-01, -3.882144479665846e-01,  3.676669398764516e+01
s410        , -1.927277741805878e+00, -5.038669069039876e-01,  3.855029125741347e+01
s411        , -7.559092474121808e-01, -6.616925592929974e-01,  4.098428535738157e+01
s412        ,  1.873884464024186e+00,  6.955885288456889e-01,  2.005223717306573e+01
s413        , -8.487613459239006e-02, -3.278844375842846e-01,  3.583628193422565e+01
s414        , -7.984251397438490e-02,  1.612563490444177e-01,  2.829273137266359e+01
s415        ,  3.823952603345894e-01, -4.075713347881285e-01,  3.706521674110262e+01
s416        , -9.819900149129637e-01, -6.689793317379034e-01,  4.109666228008229e+01
s417        , -1.482842264827313e+00, -1.045676495875998e+00,  4.690610238761884e+01
s418        ,  5.288306085486906e-02,  5.501041291594988e-02,  2.993126083709358e+01
s419        , -1.062501299146121e+00, -8.121373716722597e-01,  4.330445182055806e+01
s420        ,  1.615525737358244e+00,  1.111202217778166e+00,  1.364262472150924e+01
s421        , -8.420822469136372e-01,  4.707920496431450e-01,  2.351905828731631e+01
s422        , -2.976491469173829e-01, -5.125982703946137e-01,  3.868494672627526e+01
s423        ,  2.602465190009081e-01, -2.138171282220280e-01,  3.407713091039436e+01
s424        , -1.598544685575905e-02,  8.615467753055921e-01,  1.749282185236224e+01
s425        , -6.873434672527887e-01, -5.086340573497188e-01,  3.862381045966566e+01
s426        ,  3.868281565378119e-01,  8.287180846834599e-01,  1.799910735205400e+01
s427        , -4.350921811790253e-01, -3.015647341304979e-01,  3.543037831875048e+01
s428        ,  1.434023500487657e+00,  2.967686948474941e-01,  2.620285406080214e+01
s429        , -1.410084545291047e-01,  7.382255712399699e-03,  3.066578435637584e+01
s430        , -2.958129836419498e-04,  4.793562988200812e-01,  2.338698006269450e+01
s431        ,  4.037460271826608e-01, -1.357414530569911e-01,  3.287304444012701e+01
s432        , -1.066289337790876e+00,  4.607672174024200e-01,  2.367366168769987e+01
s433        ,  1.465780698491131e-01, -4.109528389103938e-01,  3.711736644527318e+01
s434        ,  4.355472814078697e-01,  5.716455701746734e-01,  2.196369089159221e+01
s435        ,  1.360224600447043e-01, -3.967113834096161e-01,  3.689773409692456e+01
s436        , -1.176834064700477e+00, -4.563573299900503e-01,  3.781759648853345e+01
s437        ,  4.255542297351823e-01, -3.018824545183982e-01,  3.543527821644064e+01
s438        ,  4.759340095896715e-01, -7.762530592996475e-03,  3.089934791182215e+01
s439        , -1.323840968987944e+00, -8.581425051877958e-01,  4.401394499768150e+01
s440        ,  1.911375936580773e+00,  1.425374782904587e-01,  2.858141461447843e+01
s441        , -5.968585101940267e-01, -2.458654764291415e-01,  3.457138193530106e+01
s442        ,  1.602708630643594e+00,  6.104984827446975e-01,  2.136449957807288e+01
s443        , -3.418194688489122e-01, -7.989519389492152e-01,  4.310110550158126e+01
s444        ,  7.637447106545253e-02, -2.684493351238697e-01,  3.491967118983868e+01
s445        ,  1.017156754691856e+00,  7.840148779495126e-02,  2.957052265932847e+01
s446        ,  1.325048844178530e-01, -2.284638903210385e-01,  3.430301391479188e+01
s447        , -1.204238242348799e-02,  3.041773946202020e-01,  2.608859676953013e+01
s448        ,  1.955645847805345e-01, -2.296199403351256e-01,  3.432084256856877e+01
s449        ,  1.023488117482967e+00,  2.285792528040631e-01,  2.725447461235061e+01
s450        ,  1.292595058164963e+00,  7.196934996820237e-01,  1.968048926068626e+01
s451        , -1.076547322827218e+00, -8.821203183563824e-01,  4.438373187895873e+01
s452        ,  1.041326926021929e+00, -3.267847648519038e-01,  3.581932273334800e+01
s453        , -2.986039119797084e-01, -4.812412857395281e-01,  3.820135794024480e+01
s454        , -1.068578759667890e+00, -9.396827983512559e-01,  4.527146295794530e+01
s455        , -1.019022963464540e-01, -5.476260575538425e-01,  3.922514678874900e+01
s456        , -1.276108587100781e+00, -8.062010813216383e-01,  4.321290209166166e+01
s457        , -1.562653854847452e+00, -7.946262478456958e-01,  4.303439450457363e+01
s458        , -1.571215894852860e-01, -1.904222226870345e-02,  3.107330380918451e+01
s459        , -7.908915586506604e-01, -6.014161348280551e-01,  4.005469970831848e+01
s460        ,  1.259413921430306e+00,  5.357276477919815e-01,  2.251761865833510e+01
s461        , -2.175818754703068e+00, -1.005988820679649e+00,  4.629403732844035e+01
s462        ,  1.056177437374778e+00,  1.199672960541448e+00,  1.227822506501449e+01
s463        ,  7.682398919925582e-01, -4.367675314438959e-01,  3.751548176029284e+01
s464        , -1.670624175566991e+00, -8.470898761460590e-01,  4.384349087017113e+01
s465        ,  3.572362737692147e-01, -9.148828304737244e-02,  3.219057012066209e+01
s466        , -1.202841334482275e+00, -5.394178742871760e-01,  3.909855982813705e+01
s467        , -9.998937028287650e-01, -7.697228075515852e-01,  4.265033256136449e+01
s468        , -9.085815979292673e-01, -5.261647819083752e-01,  3.889417005899595e+01
s469        ,  1.368123103534694e+00,  5.928914025186285e-01,  2.163603673783882e+01
s470        ,  6.270281968061774e-01, -3.194960795465973e-02,  3.127236207461905e+01
s471        , -2.645435144970039e-02, -2.088907442800341e-01,  3.400115600221254e+01
s472        , -9.877961354209573e-01, -7.163128981313196e-01,  4.182664260703227e+01
s473        ,  9.062936723193107e-01, -1.282213026680856e-02,  3.097737727883472e+01
s474        , -1.654729567131913e+00, -9.551390607771257e-01,  4.550983011171697e+01
s475        ,  1.613264697983012e+00,  1.090488994877171e+00,  1.396206494918579e+01
s476        ,  6.116129809221722e-01,  9.860705023273248e-01,  1.557241149898143e+01
s477        ,  5.840337661930541e-01, -4.477243468470455e-01,  3.768445824568681e+01
s478        , -1.152221920522414e+00, -9.635747840815718e-01,  4.563992620472330e+01
s479        , -5.094753281829528e-01, -4.717091261493314e-01,  3.805435255898202e+01
s480        ,  2.973171178971667e-01,  1.508008713799382e+00,  7.523057619932614e+00
s481        , -1.675140558535767e+00,  3.900661716306364e-02,  3.017807207373341e+01
s482        ,  5.105384321341787e-01,  6.292348503730600e-01,  2.107554649869729e+01
s483        ,  6.412437341666035e-01,  5.604222329976816e-01,  2.213677768741561e+01
s484        ,  2.259666720581154e+00,  1.513248852506204e+00,  7.442243972072744e+00
s485        , -6.133731587036794e-02, -3.499757893946882e-01,  3.617697572609612e+01
s486        ,  1.705016907792880e+00,  7.372923544038006e-01,  1.940907895500655e+01
s487        , -8.949077256537036e-01, -2.297442276150163e-02,  3.113394637681840e+01
s488        ,  4.414328374469543e-01, -1.012181631957352e-01,  3.234062475700307e+01
s489        ,  1.128277752007163e+00, -2.706902752128506e-01,  3.495423106570422e+01
s490        ,  1.504039442617624e+00,  1.218440456344285e+00,  1.198879192557346e+01
s491        , -5.198334157682940e-01, -7.086164369363315e-01,  4.170794744654555e+01
s492        ,  1.151627147663105e+00,  1.954995586801931e-01,  2.776463109900205e+01
s493        , -8.097664188918848e-01,  8.004553100374554e-01,  1.843497709626735e+01
s494        ,  6.975315577850428e-01, -5.242134891496291e-01,  3.886407713689992e+01
s495        ,  5.757891210893783e-02, -3.232804627475729e-01,  3.576527923333811e+01
s496        ,  1.842735197085195e-01,  1.112476421910981e+00,  1.362297388975610e+01
s497        , -3.806010851052651e-01, -5.346715382629912e-01,  3.902536162680247e+01
s498        ,  2.924357353950326e-01,  6.229170036055340e-01,  2.117298060730948e+01
s499        , -7.813708299191796e-01, -6.436223734217250e-01,  4.070560616214152e+01
s500        ,  1.758078897939561e-01, -1.105460975810606e-01,  3.248448056824223e+01
s501        ,  5.268597846364342e-01,  1.034051492768737e-01,  2.918491510058641e+01
s502        , -1.555727833576514e+00, -3.815883296502645e-01,  3.666450570175193e+01
s503        ,  1.172585934883692e+00,  1.090207610587580e+00,  1.396640446998182e+01
s504        ,  2.953705009587213e-01, -4.256011162260329e-01,  3.734327281740768e+01
s505        ,  1.048522988543108e+00,  1.093673335162618e+00,  1.391295591431253e+01
s506        ,  3.661355339494778e-01, -4.049348552632741e-01,  3.702455683879241e+01
s507        ,  7.001138090247849e-01,  2.865633021877321e-01,  2.636024207184925e+01
s508        ,  5.464601963517310e-01,  9.566903351934131e-02,  2.930422181546754e+01
s509        ,  2.946634304577050e-01, -1.494620122876855e-01,  3.308464350346215e+01
s510        , -1.105581921856613e+00, -3.665698149513876e-01,  3.643288951253290e+01
s511        ,  1.309201174401844e+00,  6.107866264167467e-01,  2.136005581378555e+01
s512        ,  7.885562671323768e-01, -2.923086920048596e-01,  3.528763123307819e+01
s513        , -5.799590652888761e-01, -4.052475353509839e-01,  3.702937900475303e+01
s514        ,  1.756955937636850e+00,  1.299906022522377e+00,  1.073242640813972e+01
s515        ,  1.301480913945963e+00, -5.894859828965944e-01,  3.987071238450039e+01
s516        ,  1.639096205345820e+00,  8.308611587243131e-01,  1.796605677065437e+01
s517        ,  1.265571797582470e+00,  1.117373803759743e+00,  1.354744625312198e+01
s518        ,  1.441905473368953e+00, -3.178536790542907e-01,  3.568158713835032e+01
s519        , -3.428509295553606e-01,  4.911602323379842e-01,  2.320493928475952e+01
s520        , -7.417091464175271e-01,  2.053990202774805e-01,  2.761196117015380e+01
s521        , -3.011966055380439e-01, -4.400255513739861e-01,  3.756572708586179e+01
s522        , -6.069082570615004e-01, -3.022974396164650e-01,  3.544167813473643e+01
s523        ,  1.256149620532759e+00,  5.717633137154674e-01,  2.196187504556677e+01
s524        ,  7.847794981407887e-02,  1.069009150851923e+00,  1.429332804130229e+01
s525        ,  7.540604241380652e-01, -3.873612177019001e-01,  3.675353543326113e+01
s526        ,  6.882803931636601e-01,  9.136166988450207e-01,  1.668979721877242e+01
s527        , -3.347470952839998e-01,  4.694844724184943e-01,  2.353922380034842e+01
s528        , -8.880876507782670e-01, -1.067504899938911e+00,  4.724274098785028e+01
s529        ,  9.212434057068957e-01,  1.428154808807851e+00,  8.754568028200914e+00
s530        ,  1.578253206298823e+00,  6.869428180958574e-01,  2.018557170162039e+01
s531        , -1.270304683847079e+00, -5.907390986023622e-01,  3.989003798961114e+01
s532        , -1.264611305197325e-01, -4.814787854183311e-01,  3.820502067065776e+01
s533        ,  8.237391297987288e-01,  5.512279080248204e-01,  2.227857296846392e+01
s534        ,  1.456467143630557e+00,  7.558926479023260e-01,  1.912222441680071e+01
s535        , -1.038398689934333e+00, -4.419034579896983e-01,  3.759468824365678e+01
s536        ,  5.135961834965114e-02, -2.102767982305480e-01,  3.402253178673629e+01
s537        , -8.440212331633648e-02,  1.679098429844812e-01,  2.819012089870609e+01
s538        , -1.317636610189325e+00, -4.745481161012013e-01,  3.809813558593690e+01
s539        ,  2.901282138702423e-01, -3.778972897120700e-01,  3.660758232271740e+01
s540        , -9.824868919009931e-02,  5.777345981470809e-01,  2.186978563642589e+01
s541        , -2.175405710121729e+00, -7.314754980703839e-01,  4.206048088511455e+01
s542        ,  2.591231555634874e-01, -3.581231747529408e-01,  3.630262505871078e+01
s543        , -1.058007309971476e+00, -3.143235616825557e-01,  3.562714551415972e+01
s544        ,  3.414925189823615e-01,  5.242270154508288e-01,  2.269498191228365e+01
s545        , -3.918998056173665e-01, -1.665611334961370e-02,  3.103650513328467e+01
s546        ,  5.616853932534658e-01,  3.772541588922500e-01,  2.496160372124852e+01
s547        , -1.305950209492648e+00, -9.159857675134802e-01,  4.490600631402950e+01
s548        , -3.050762501887698e-01, -2.599777302801647e-01,  3.478902173016773e+01
s549        ,  1.039973910986755e+00,  1.407791771790937e+00,  9.068607673888129e+00
s550        ,  2.095033672336812e+00,  1.304858170829659e+00,  1.065605416079186e+01
s551        , -1.303711602903422e+00, -8.522759573425078e-01,  4.392347084074650e+01
s552        ,  3.401293169548341e-01,  4.809441956005076e-01,  2.336249144923773e+01
s553        , -5.647880997296292e-02, -1.673585892801779e-01,  3.336064529499591e+01
s554        , -1.031552667181044e+00, -7.519408542578743e-01,  4.237609850151647e+01
s555        , -8.490058291493487e-01,  5.328204333488971e-01,  2.256245384637138e+01
s556        , -7.911863624049646e-01, -1.170054370783546e-03,  3.079767845577267e+01
s557        ,  2.474068956648234e-01,  7.535924270580585e-01,  1.915769852306178e+01
s558        , -5.007238229142660e-01, -4.495375165560149e-01,  3.771242102808035e+01
s559        ,  2.118829903875907e-01,  1.061196513983429e-01,  2.914305193038565e+01
s560        ,  1.297132454751414e+00, -3.191551859897241e-01,  3.570165903511716e+01
s561        , -5.288135218546878e-01,  8.227365714598356e-01,  1.809135451007174e+01
s562        , -7.943538387030609e-01, -6.749604522595518e-01,  4.118890338183302e+01
s563        , -1.695221398164227e+00, -7.878179684078090e-02,  3.199461013576724e+01
s564        , -8.235878596232101e-01, -7.906002648525770e-01,  4.297230561912635e+01
s565        ,  5.786852470915557e-01, -3.116619765711459e-01,  3.558609843239783e+01
s566        , -8.302212330074121e-01, -6.080209720969447e-01,  4.015655979696936e+01
s567        ,  5.393556498613846e-01,  3.798022091993611e-01,  2.492230757819413e+01
s568        ,  6.041187276553234e-01, -1.481878058188542e-01,  3.306499263568286e+01
s569        ,  5.614800719887970e-01,  4.442611951780306e-02,  3.009449227186644e+01
s570        ,  4.733969246303092e-01, -2.398997655523842e-01,  3.447937848176645e+01
s571        ,  5.730080514530493e-01, -3.791282269500293e-01,  3.662656589052955e+01
s572        ,  2.101230454819456e+00,  1.143492339149403e+00,  1.314464506031243e+01
s573        , -3.811463660619586e-01, -6.482768653338609e-01,  4.077738793957124e+01
s574        ,  6.881700420271472e-01,  3.321615312650783e-01,  2.565702419273226e+01
s575        ,  3.262214597255070e-01, -5.079747153105107e-02,  3.156303464937177e+01
s576        , -9.238693298049331e-01, -5.298785282389915e-01,  3.895144361700551e+01
s577        , -6.565756372879821e-01, -2.084055196600889e-01,  3.399367284694451e+01
s578        ,  6.712394147332970e-01, -1.685483006486137e-01,  3.337899307564884e+01
s579        ,  5.839122855740916e-01, -2.876664946741914e-01,  3.521603906322050e+01
s580        ,  8.930567879170550e-01,  9.310134792469218e-01,  1.642150331207404e+01
s581        ,  2.904861379712105e-01,  2.838423549896696e-02,  3.034189090740623e+01
s582        ,  1.328044708555014e+00,  9.283951440244722e-01,  1.646188339216059e+01
s583        , -1.299353843688629e-01, -4.481505023352341e-01,  3.769103043422663e+01
s584        ,  3.159094534140010e-01,  5.425265401473403e-01,  2.241276584367052e+01
s585        ,  6.465779848987863e-01,  1.411240780675201e+00,  9.015416908331563e+00
s586        , -1.841977151216957e+00, -8.945076150758016e-01,  4.457476930965033e+01
s587        , -1.519059721495913e+00, -1.116194164058959e+00,  4.799362894431430e+01
s588        ,  9.387912361205542e-01,  6.754801278932403e-01,  2.036234981025233e+01
s589        ,  7.816518315318011e-01, -1.600852126047834e-01,  3.324847496243730e+01
s590        ,  1.602915956175816e+00,  5.758525497527709e-01,  2.189881066891119e+01
s591        ,  6.259814475720535e-01, -2.298811646164969e-01,  3.432487118083808e+01
s592        , -1.866544971407417e+00, -1.225098719371195e+00,  4.967315974984062e+01
s593        , -1.403474560349544e+00, -3.753520850376575e-01,  3.656833006513470e+01
s594        , -1.647273275131083e+00, -6.030713372692478e-01,  4.008022631261336e+01
s595        , -6.257274702470922e-01,  1.378623723845935e+00,  9.518438582432282e+00
s596        , -8.694069998626694e-01, -4.462020789632104e-01,  3.766098176393787e+01
s597        ,  1.839102866755815e+00,  9.233324367786420e-01,  1.653996068428446e+01
s598        , -9.091043104888928e-01, -5.798315169378498e-02,  3.167385252248432e+01
s599        ,  1.564046405735407e+00,  1.290008458819286e+00,  1.088506706758082e+01
s600        ,  2.905731218387105e-01, -7.485137949741973e-01,  4.232324624365822e+01
s601        ,  3.859556967138555e-01, -1.879182206597794e-01,  3.367771682752552e+01
s602        , -1.440073457507333e+00, -6.351952625637269e-01,  4.057564289066023e+01
s603        , -1.400421335117203e+00, -6.886133633618126e-01,  4.139945917277874e+01
s604        , -1.410598066968925e+00, -7.324603660663345e-01,  4.207566956233594e+01
s605        , -1.621387133323043e-01, -4.713602989243275e-01,  3.804897293029229e+01
s606        , -9.979698047533583e-01,  6.130660097294727e-02,  2.983416075006053e+01
s607        ,  8.102904644198852e-01,  6.551215518075739e-01,  2.067632065926315e+01
s608        ,  6.515689709358394e-01, -8.656012628445864e-02,  3.211456787195866e+01
s609        ,  1.387300347613353e-02, -4.834250502805066e-01,  3.823503605231343e+01
s610        ,  1.548918422462740e-02, -1.045351551558158e-01,  3.239177955179257e+01
s611        ,  1.874583079024923e-01,  2.274541445154385e-01,  2.727182608148686e+01
s612        , -6.619121708260401e-01, -2.076738518876906e-01,  3.398238903462251e+01
s613        ,  1.853178585757171e+00,  1.521729371842792e+00,  7.311457032703449e+00
s614        , -3.191525488535212e-01, -2.535890893225459e-01,  3.469049583046588e+01
s615        , -1.037736039722638e-01, -3.993709857892933e-01,  3.693875060091112e+01
s616        , -8.799864633294985e-01, -8.792068759708351e-01,  4.433880064332196e+01
s617        , -1.183843594802837e+00, -7.566369937357720e-01,  4.244852256952321e+01
s618        , -1.123650075268739e+00, -9.383104341575386e-01,  4.525029829744840e+01
s619        ,  9.176659138352715e-01,  1.193417295707042e+00,  1.237470020113998e+01
s620        ,  1.595155267894712e+00,  1.142446931730064e+00,  1.316076737916376e+01
s621        ,  1.133359360912494e+00,  1.524866563548866e-02,  3.054446823918637e+01
s622        , -1.002419121282031e+00,  1.928293582098164e-01,  2.780581104720596e+01
s623        ,  1.034471969936265e-01, -3.673867163605344e-01,  3.644548780172113e+01
s624        ,  1.639327811745190e+00,  7.470295712832220e-01,  1.925891117127894e+01
s625        , -4.972654620844768e-01,  7.050000729939587e-01,  1.990709192841301e+01
s626        ,  3.826916613216537e-01, -3.434268165755141e-01,  3.607597718142714e+01
s627        ,  3.687647283893495e-01, -3.367735345519451e-01,  3.597336997565507e+01
s628        , -2.769187143037049e-02,  1.165910602341742e+00,  1.279890962684062e+01
s629        , -6.084255915863079e-01, -1.065083526243606e+00,  4.720539845703239e+01
s630        ,  2.575662011885660e-01, -2.550469006276097e-01,  3.471297826004359e+01
s631        ,  1.966623425207500e-01,  1.347238787961418e-01,  2.870191628693029e+01
s632        , -1.969402937452175e-01,  3.379410222863544e-01,  2.556789262993706e+01
s633        ,  2.667860134858853e+00,  1.417520899524741e+00,  8.918564641317316e+00
s634        ,  6.040142711820374e-01, -2.425840250853633e-01,  3.452077524944747e+01
s635        ,  1.911892919802316e+00,  1.645857662228019e+00,  5.397145120390990e+00
s636        , -2.071432026808114e-01, -5.808203157732257e-01,  3.973707008788197e+01
s637        , -3.698619835175476e-01, -4.628704992105310e-01,  3.791804286854061e+01
s638        ,  1.470155794820396e-01,  9.733362457101375e-01,  1.576879976036061e+01
s639        ,  1.040284966432418e-01, -5.701218068268281e-01,  3.957207721593868e+01
s640        , -7.663785491668940e-02, -2.496362728925983e-01,  3.462953532294943e+01
s641        ,  1.396787091256106e+00,  6.878434301245149e-01,  2.017168242360423e+01
s642        ,  1.137451761223006e+00,  7.755046787390187e-01,  1.881976682120501e+01
s643        ,  6.186651151125386e-02, -7.874501480392904e-02,  3.199404288158943e+01
s644        , -1.171820789178678e+00, -6.290388969423717e-01,  4.048069915133267e+01
s645        ,  4.823756822475945e-01, -3.766047484301238e-01,  3.658764869464996e+01
s646        ,  8.205150420430785e-01,  1.121151111425364e+00,  1.348919244942964e+01
s647        ,  3.518506790799084e-01,  3.985804259388392e-02,  3.016494135357601e+01
s648        ,  4.210663223398269e-02,  9.337666073627777e-01,  1.637904445010189e+01
s649        ,  5.870347574891154e-01,  1.058859285729691e+00,  1.444985970424193e+01
s650        , -7.940906852652418e-01, -6.978009828719551e-01,  4.154115104188833e+01
s651        ,  1.648126188438620e+00,  1.122761495382253e+00,  1.346435703775595e+01
s652        ,  2.998843396621518e+00,  1.285506645185013e+00,  1.095449423394519e+01
s653        ,  4.493206753989470e-01,  4.335341905145167e-01,  2.409365061704102e+01
s654        ,  8.907143716152748e-01,  5.035328743792231e-01,  2.301412785915447e+01
s655        ,  3.986925365877028e-01,  2.172899916361861e-01,  2.742857809083890e+01
s656        ,  8.200524881394200e-01,  2.960403384922603e-01,  2.621408680430408e+01
s657        ,  2.253026077099693e-01, -2.530162390591360e-01,  3.468166130869962e+01
s658        , -2.085098433395276e+00, -1.263509611745661e+00,  5.026553420861062e+01
s659        , -3.565026754081164e-01, -5.603773928056810e-01,  3.942179843757723e+01
s660        ,  9.769972243844465e-01,  4.098831967296019e-01,  2.445839727551815e+01
s661        ,  7.549182821078514e-01,  1.288472540189952e+00,  1.090875407172268e+01
s662        , -2.199791631405239e+00, -1.287874444978045e+00,  5.064128973020450e+01
s663        ,  6.537369904412299e-01,  5.655409174410055e-01,  2.205783711250868e+01
s664        , -1.032617581813699e+00, -9.142119930202226e-01,  4.487865108637221e+01
s665        , -1.725197455699346e-01,  1.145009121199747e-01,  2.901379576170869e+01
s666        , -9.556704567146264e-01, -5.713327983840812e-01,  3.959075318059239e+01
s667        , -1.074909955617834e+00, -1.861536535898247e-01,  3.365050359715229e+01
s668        ,  8.157451056201823e-01,  1.140791993526361e+00,  1.318628990837653e+01
s669        ,  8.201013628253863e-01,  4.582242838456942e-01,  2.371287892000647e+01
s670        , -8.377594254676490e-01, -8.460286823929619e-01,  4.382712509379154e+01
s671        , -5.700208727194026e-01, -4.695015833232552e-02,  3.150370121729226e+01
s672        , -7.390594172975108e-01,  2.003085749902966e-01,  2.769046623956214e+01
s673        ,  5.527317739358688e-01, -1.430180066660072e-01,  3.298526376749460e+01
s674        , -1.509604783948018e-01, -3.639571888258233e-01,  3.639259747838769e+01
s675        , -7.328015214360989e-01, -7.266069483731445e-01,  4.198539789917970e+01
s676        ,  2.481079887957650e-01,  2.463503667367095e-02,  3.039971121533619e+01
s677        , -1.497784796529649e+00, -8.979800963039344e-01,  4.462832206671857e+01
s678        , -6.955981656855925e-02, -1.692115016970719e-01,  3.338922099116577e+01
s679        ,  6.295281558129772e-01, -1.605215337377579e-01,  3.325520392599471e+01
s680        , -5.120635862296855e-01, -6.828995905355153e-01,  4.131134111885499e+01
s681        , -4.577628444983341e-01, -4.688294610305463e-01,  3.800994223782757e+01
s682        ,  1.425186289801849e+00, -2.348220358160023e-01,  3.440106951213759e+01
s683        , -8.653733268557260e-01,  5.023471240960342e-01,  2.303241455177782e+01
s684        ,  6.149991181690390e-01,  1.135958203459668e+00,  1.326083682977189e+01
s685        ,  1.739338045322250e+00,  1.595043734598645e-02,  3.053364548523592e+01
s686        ,  9.590771410105176e-01, -3.051928774970747e-01,  3.548633170411220e+01
s687        ,  5.412604899045221e-01,  1.131206685590668e+00,  1.333411494574339e+01
s688        , -1.405336687520458e+00, -4.779859756101572e-01,  3.815115440534082e+01
s689        ,  3.354058241185732e-01,  9.475054248625292e-02,  2.931838682427042e+01
s690        , -6.091694712828630e-01, -5.034871902061859e-01,  3.854443524992598e+01
s691        , -6.034950511663356e-01, -8.582602819468017e-01,  4.401576135599965e+01
s692        , -9.120972373870817e-01, -6.411105595231306e-01,  4.066686885856094e+01
s693        , -4.067329829645623e-01, -4.038384906638754e-01,  3.700764865608601e+01
s694        , -7.579589601320627e-01,  1.138866181944525e+00,  1.321598985865004e+01
s695        ,  1.455973696410247e+00,  7.985928913355740e-01,  1.846369939877921e+01
s696        , -6.516257166940767e-01,  5.770249920985395e-01,  2.188072921187961e+01
s697        ,  7.238448013551266e-01, -1.828017913249147e-01,  3.359881103099969e+01
s698        ,  1.662019888207613e+00,  7.211314892265104e-01,  1.965831252316536e+01
s699        , -1.247862087380916e+00, -7.976139249739937e-01,  4.308047059165333e+01
s700        , -1.114444246482743e+00, -7.264790116664435e-01,  4.198342485370474e+01
s701        , -4.217745973052512e-01, -6.772200566551947e-01,  4.122375109945057e+01
s702        , -8.481384521188839e-01, -4.891346460407939e-01,  3.832308968734284e+01
s703        , -9.416435374285391e-01,  5.403616156775461e-01,  2.244615340333900e+01
s704        ,  9.487448855648490e-01, -1.173114925437531e-01,  3.258881678465501e+01
s705        , -2.365138337942842e-01, -2.418721837554509e-01,  3.450979720138689e+01
s706        ,  5.583280652770263e-01,  5.851554254912024e-01,  2.175534131321819e+01
s707        ,  9.205089121966433e-01, -1.586237238838513e-01,  3.322593581959156e+01
s708        ,  1.060945132046508e+00, -1.216905202179552e-01,  3.265635034058376e+01
s709        ,  1.331106470481227e+00, -1.346737735934938e-01,  3.285657864083853e+01
s710        ,  1.914467968020750e-01,  9.030737916783187e-01,  1.685239039327749e+01
s711        , -7.721035544159953e-02,  9.947611324724426e-01,  1.543838422155201e+01
s712        , -1.414340169349908e+00, -8.313298534931579e-01,  4.360043911291956e+01
s713        ,  5.574707555573186e-01, -8.060355579395595e-02,  3.202270538185982e+01
s714        , -1.685969281548289e+00, -1.128181658029432e+00,  4.817850059956092e+01
s715        , -2.519985050786606e-01, -4.823032034384391e-01,  3.821773488134833e+01
s716        , -1.286737305127487e+00, -7.942690999875481e-01,  4.302888655471637e+01
s717        ,  3.452976089232733e-01, -2.645734918358709e-01,  3.485989776547711e+01
s718        ,  1.123110480867275e+00,  7.685736097373468e-01,  1.892665806987832e+01
s719        ,  6.888993521047061e-01,  7.202814579887642e-01,  1.967142174201631e+01
s720        ,  7.093644696892669e-01,  1.027273614685553e+00,  1.493697530174614e+01
s721        , -7.747236109533535e-01, -7.517705678307653e-01,  4.237347233680488e+01
s722        ,  3.328206388143558e-02,  7.636626051756583e-01,  1.900239579658578e+01
s723        ,  9.358910152584168e-02,  3.578755139345089e-01,  2.526046202963212e+01
s724        , -2.029371048190847e-01,  7.782085316032965e-01,  1.877806788431348e+01
s725        , -2.472238890656029e-01, -4.815350633201840e-01,  3.820588859091657e+01
s726        , -1.287360963264701e+00, -8.469079227438472e-01,  4.384068477686026e+01
s727        ,  1.020824855481523e+00, -1.559147571356554e-01,  3.318415801615902e+01
s728        ,  1.643163575608417e-01,  5.290092906544381e-01,  2.262122945535531e+01
s729        , -1.007289241750789e+00, -3.669372990847728e-01,  3.643855686887802e+01
s730        , -4.777207265671770e-02, -4.107869732242679e-01,  3.711480845742199e+01
s731        , -1.404307349772385e+00, -5.931791996906413e-01,  3.992766933510089e+01
s732        , -8.950540078294739e-01, -6.471053505032291e-01,  4.075932078671858e+01
s733        ,  7.802433523350311e-01,  3.859260456387446e-01,  2.482786550533078e+01
s734        , -3.943979845876157e-01, -6.234500557328337e-01,  4.039450779825564e+01
s735        ,  2.101468865327815e-01,  4.088508376090336e-01,  2.447431836293630e+01
s736        , -9.765048604112493e-01, -4.009767601882441e-01,  3.696351492378110e+01
s737        ,  1.458335451821299e-01,  5.913173019279805e-01,  2.166031258585464e+01
s738        , -6.859666936017034e-01, -8.170401620524974e-01,  4.338006286780065e+01
s739        , -4.324785166901873e-01, -1.900826593961680e-01,  3.371109689619222e+01
s740        , -8.464136206988212e-01, -6.194198887911020e-01,  4.033235438777023e+01
s741        ,  7.826811446288888e-01,  2.704828728819231e-02,  3.036249395902470e+01
s742        , -1.076711651730049e+00, -5.681791758535499e-01,  3.954211787627620e+01
s743        ,  1.126163901269626e+00, -8.640286378241970e-01,  4.410472119211989e+01
s744        ,  4.575225784544250e-01,  6.692304386940218e-02,  2.974754372256309e+01
s745        ,  6.120442964942220e-02,  1.045126137397053e+00,  1.466165291725675e+01
s746        , -7.321682226189938e-01, -4.876464568008865e-01,  3.830013876792803e+01
s747        ,  3.433900501625798e-01,  3.467114124407107e-01,  2.543263529016377e+01
s748        ,  1.070072189769298e+00,  1.140267738925946e-01,  2.902110794214668e+01
s749        , -3.065637698166305e-01,  6.138016616874729e-01,  2.131355780823919e+01
s750        ,  5.825873454256546e-01,  2.112198929362874e-03,  3.074705940211296e+01
s751        ,  1.285276821036511e+00, -2.313090266855251e-01,  3.434689173199042e+01
s752        , -1.346601886455474e+00, -8.371388261237114e-01,  4.369002534237986e+01
s753        ,  1.060914810725354e+00,  6.459669810227229e-01,  2.081750284948877e+01
s754        , -2.988071870667106e-01, -6.391410484905700e-01,  4.063649497345094e+01
s755        ,  3.446486458262937e-01,  9.145052912009961e-01,  1.667609330867300e+01
s756        ,  7.815527627219405e-01, -4.177294776086595e-01,  3.722187606306673e+01
s757        , -1.199593062238569e-01, -5.615270604760882e-01,  3.943952866257132e+01
s758        , -4.537603905509296e-01, -4.828011600230531e-01,  3.822541438953121e+01
s759        ,  8.887536211540953e-01,  3.646103347189966e-01,  2.515659732953013e+01
s760        , -2.895515595576988e-01,  8.972873502264722e-02,  2.939583335816761e+01
s761        ,  1.508586595387194e+00,  3.691021346927117e-01,  2.508732459427597e+01
s762        , -1.358921391484776e+00, -1.183950093632306e+00,  4.903856384762704e+01
s763        ,  6.364126482871526e-01, -2.958706028914972e-01,  3.534256317824334e+01
s764        , -9.313282224456001e-01, -1.122079171095367e-01,  3.251010922154602e+01
s765        ,  1.388135281387673e-01, -1.328728740566001e-01,  3.282880508957432e+01
s766        , -5.439787958329916e-01, -4.071307770499881e-01,  3.705842244043541e+01
s767        , -9.653950427427375e-02, -1.935318707251399e-01,  3.376429078385991e+01
s768        ,  5.676322320535289e-02,  8.482948895514557e-01,  1.769719301288509e+01
s769        ,  2.392616163662374e+00,  1.056029724395165e+00,  1.449349732264860e+01
s770        ,  2.218993464697082e+00, -1.479749043477183e-01,  3.306170925990222e+01
s771        , -1.301691995085942e+00, -5.408055360092889e-01,  3.911996040778458e+01
s772        ,  5.381680992613423e-01, -1.606160533059577e-01,  3.325666161090111e+01
s773        ,  3.401653127948082e-01,  1.033469351676714e+00,  1.484142437543494e+01
s774        ,  1.961582265617426e+00,  9.866136308026137e-01,  1.556403534792888e+01
s775        ,  1.370640331855435e-01, -1.698432215346062e-01,  3.339896340207373e+01
s776        , -1.362945069319552e+00, -4.463230859244314e-01,  3.766284793857557e+01
s777        , -3.352331847361073e-01,  5.530938320436718e-02,  2.992665010425605e+01
s778        ,  1.725306869739156e-02, -2.527304870444615e-01,  3.467725442865672e+01
s779        ,  1.449489553403749e+00,  2.912738171468074e-01,  2.628759630454432e+01
s780        ,  4.890100260675969e-01, -3.215971698278579e-01,  3.573931941645736e+01
s781        , -1.480324044989625e+00, -5.933278707981648e-01,  3.992996214741037e+01
s782        ,  4.189986042737073e-03, -4.199652085630734e-02,  3.142730600391914e+01
s783        , -6.272127818216120e-01,  7.944421012511993e-01,  1.852771306463546e+01
s784        , -7.567615030290812e-01, -1.104430476199496e-01,  3.248289132724403e+01
s785        , -5.703210531845893e-01, -3.231201233273071e-01,  3.576280647180022e+01
s786        , -8.599325133308396e-02, -1.219846505760243e-01,  3.266088643180420e+01
s787        ,  2.785466688170735e-01, -4.825085629805266e-01,  3.822090194517000e+01
s788        , -2.115784691919650e-01, -2.135081148136642e-01,  3.407236529212265e+01
s789        ,  5.205927430670391e-01,  1.661853099307002e+00,  5.150462791584934e+00
s790        ,  2.374718073624741e-01,  1.299536582177065e+00,  1.073812393327058e+01
s791        , -1.870737338196531e-01, -5.852610495150741e-01,  3.980555527747934e+01
s792        ,  3.003547556082288e-01,  5.415624580001335e-01,  2.242763396062531e+01
s793        , -5.143092658197446e-01, -4.872279617927673e-01,  3.829368471964621e+01
s794        , -1.010636071412045e+00, -1.531860917948806e-01,  3.314207642017193e+01
s795        ,  7.888417803219110e-01, -7.681608457359412e-02,  3.196429483538264e+01
s796        , -5.465110200553928e-01, -5.086819268924858e-01,  3.862454870584363e+01
s797        , -1.192872691111335e+00,  8.922150486731062e-02,  2.940365588376296e+01
s798        , -5.479719952294668e-01, -5.946655904981253e-01,  3.995059251901237e+01
s799        , -1.767142590180783e+00,  9.384726300458939e-01,  1.630646796287288e+01
s800        ,  8.963412972756590e-01,  1.125391735925941e+00,  1.342379335328560e+01
s801        , -1.947046181282547e-01,  6.336052964537513e-01,  2.100814528847823e+01
s802        ,  1.600748538223649e+00,  7.363473500625795e-01,  1.942365285320471e+01
s803        ,  6.740572620180488e-01,  9.301169386100152e-01,  1.643532980090890e+01
s804        , -1.928070676221089e+00, -1.081900720926844e+00,  4.746475396747960e+01
s805        , -3.708716392635017e-01,  1.882000231640371e-01,  2.787720485434468e+01
s806        ,  7.676901054132433e-01,  1.810056610644124e-01,  2.798815662066692e+01
s807        , -3.131290990966100e-01,  2.175558752258706e-01,  2.742447762251342e+01
s808        ,  9.833675917069939e-01,  4.519855112007998e-01,  2.380909354404799e+01
s809        ,  5.790963636372375e-01, -2.957294263258488e-01,  3.534038594708579e+01
s810        ,  1.050626461500014e+00,  2.381093573862436e-01,  2.710750092351115e+01
s811        ,  5.249115464039674e-01,  7.660529631723065e-01,  1.896553159122636e+01
s812        ,  1.605931526374292e+00,  8.286321533480407e-01,  1.800043258885959e+01
s813        ,  9.497331683917801e-01,  7.166713306487300e-01,  1.972709728343032e+01
s814        , -7.865406237894391e-01,  7.023439960906597e-03,  3.067131802855707e+01
s815        , -2.660810322736745e-01,  2.267291926648012e-01,  2.728300632057032e+01
s816        , -9.674450919852262e-01, -8.879542505027824e-01,  4.447370303516186e+01
s817        ,  7.270946209036595e-01,  3.612145654601806e-01,  2.520896703125922e+01
s818        ,  6.532804155454610e-01,  1.575061236670829e-01,  2.835056751212389e+01
s819        ,  8.081292268835972e-01,  1.626602281093905e+00,  5.694102448706348e+00
s820        ,  1.390381735794342e+00, -3.763022111297134e-01,  3.658298295119779e+01
s821        ,  1.516978402347242e+00,  6.392570740033088e-01,  2.092098332841835e+01
s822        ,  3.033561593600319e-01, -1.821787381833235e-01,  3.358920227825485e+01
s823        , -8.238895392622755e-01, -3.834045024385169e-01,  3.669251479776525e+01
s824        ,  2.038981274745353e+00,  1.530140468481922e+00,  7.181740733204547e+00
s825        ,  1.320628175421427e-01,  7.889245675271250e-02,  2.956295091463190e+01
s826        ,  9.525953446348725e-01,  1.085362577236816e+00,  1.404112478579486e+01
s827        , -2.151354450670567e+00,  5.183416093005040e-01,  2.278574690282206e+01
s828        ,  8.438987064828646e-01, -1.537761072910102e-01,  3.315117566490643e+01
s829        , -1.571185202221650e+00, -6.362995892408854e-01,  4.059267386487738e+01
s830        ,  3.133543223982471e-01,  2.918661378403642e-02,  3.032951659447143e+01
s831        , -8.984804340484778e-01,  4.903057001265338e-01,  2.321811791782340e+01
s832        , -1.855362237616736e+00, -4.342466544797008e-01,  3.747660468571897e+01
s833        ,  4.948389352249701e-01,  3.491051874156395e-01,  2.539571838801616e+01
s834        ,  1.120605859544544e+00, -1.172812487066202e-01,  3.258835036287866e+01
s835        , -8.435182612795279e-01, -7.929119424630173e-01,  4.300795641213541e+01
s836        ,  1.128844146448547e+00, -7.186176029306950e-01,  4.186218586504473e+01
s837        , -1.924657877822013e+00, -8.593015386704328e-01,  4.403181966264059e+01
s838        , -1.075095206150813e+00, -9.779924522654302e-01,  4.586227611276178e+01
s839        ,  3.864893622265216e-02,  6.711631277509615e-01,  2.042892677487637e+01
s840        , -1.233908351649846e+00, -1.881435598199392e-01,  3.368119201788919e+01
s841        ,  6.618283364070194e-01, -2.568464748976591e-01,  3.474073137298469e+01
s842        , -1.380664268040651e+00, -7.035070350833188e-01,  4.162915002815158e+01
s843        ,  5.539120810708922e-02, -3.488386837662050e-01,  3.615943923346089e+01
s844        , -2.111176459361614e+00, -1.178615086607251e+00,  4.895628713642253e+01
s845        ,  1.677967143093475e-01, -1.766372472714404e-01,  3.350374116353501e+01
s846        , -1.112697847471129e-01,  4.842532483909336e-01,  2.331145909266918e+01
s847        ,  9.946887487236225e-02, -3.021329995205384e-01,  3.543914213239951e+01
s848        , -1.578942777693122e+00, -8.634478457411288e-01,  4.409576419126421e+01
s849        ,  4.886541057537146e-01,  6.858425447069691e-01,  2.020254016584891e+01
s850        , -1.729847647025637e+00, -1.281928282574565e+00,  5.054958775407803e+01
s851        , -3.749493322034730e-03, -3.727169495576572e-01,  3.652769089074289e+01
s852        , -1.822550475295671e-01, -2.970352758718267e-01,  3.536052481578200e+01
s853        , -7.026997334075608e-02,  6.211250064991349e-01,  2.120061686490203e+01
s854        ,  4.598855993128227e-01,  2.589223902368787e-01,  2.678652142243471e+01
s855        ,  1.247409464273019e-01,  1.421238695044957e-03,  3.075771542100587e+01
s856        , -7.920260931956873e-01, -6.219631398193626e-01,  4.037157651613671e+01
s857        ,  1.951476409171481e+00,  7.551394129691691e-01,  1.913384083881729e+01
s858        ,  5.125085136741685e-01,  2.755968007746965e-01,  2.652936793531046e+01
s859        , -6.666214518700430e-01, -5.594364523528681e-01,  3.940728721284348e+01
s860        ,  6.811400510310224e-02,  2.536335348477281e-01,  2.686808638109585e+01
s861        ,  1.248756919249408e-01,  1.127346790911399e-01,  2.904103468457248e+01
s862        , -4.702662470572295e-01, -4.134941505838197e-02,  3.141732631005846e+01
s863        ,  4.846741731606912e-01, -1.550916288005919e-01,  3.317146369504751e+01
s864        ,  5.444121402657593e-01, -1.432276056050072e-01,  3.298849621148050e+01
s865        ,  6.365198845674543e-01,  4.000055193791403e-01,  2.461073124676101e+01
s866        ,  4.352365441984731e-01,  1.012643800343821e+00,  1.516259693709118e+01
s867        , -5.650365137506241e-02, -2.817779848155408e-01,  3.512522620715682e+01
s868        , -2.338433808137944e+00, -1.292450745143816e+00,  5.071186563110884e+01
s869        , -2.347184475558825e-01, -2.929121671844885e-01,  3.529693805363910e+01
s870        , -8.212819619769498e-01, -3.287830958402196e-01,  3.585014108107360e+01
s871        , -1.570593293706644e-01, -1.008869680849467e-01,  3.233551705154838e+01
s872        ,  5.284306454202828e-01,  5.815690969230345e-01,  2.181064982893370e+01
s873        ,  9.554554102193652e-01,  4.521174952043849e-01,  2.380705808098382e+01
s874        ,  1.539965674145509e+00,  1.034570297272606e+00,  1.482444554440067e+01
s875        ,  6.472677808586434e-01,  8.149563947331571e-01,  1.821134073514223e+01
s876        ,  7.990955642461934e-01,  1.299878795821856e+00,  1.073284629950356e+01
s877        ,  2.414774484401117e-01,  9.013334134877748e-01,  1.687923058169665e+01
s878        , -5.588324756467096e-01, -7.509339774297528e-01,  4.236057040312470e+01
s879        , -1.108097718569436e+00, -9.386881105324199e-01,  4.525612283898676e+01
s880        , -7.450297483445957e-01, -5.643705420055773e-01,  3.948338095883229e+01
s881        , -1.759050067534673e+00,  8.827859227655408e-01,  1.716527079318178e+01
s882        , -6.605379692241985e-01, -6.897901815735186e-01,  4.141760811460581e+01
s883        ,  3.815578964726026e-01, -4.032319803593547e-01,  3.699829502769654e+01
s884        , -4.051889851605022e-01, -4.894737868297561e-01,  3.832831993139315e+01
s885        ,  2.841270750996222e-02, -2.068240261104075e-01,  3.396928298439178e+01
s886        , -1.487878849688012e+00, -8.921275604745318e-01,  4.453806400370416e+01
s887        ,  4.820147860437528e-01, -3.082011440765660e-01,  3.553272532260689e+01
s888        ,  7.081092310596756e-01,  4.531125115542494e-01,  2.379171289540541e+01
s889        , -9.770534507358716e-01, -9.869013201208572e-01,  4.599966906168530e+01
s890        , -4.782598098188896e-02,  9.506910391876437e-01,  1.611803512377577e+01
s891        , -3.221184210883460e-01, -6.555005123326383e-01,  4.088879133888645e+01
s892        , -9.718981396026354e-01, -2.875622100315434e-01,  3.521443078090973e+01
s893        ,  2.164744347352420e+00, -5.923020548434410e-03,  3.087097890762340e+01
s894        ,  2.108977331308746e-01, -1.655277398508173e-01,  3.333240985518281e+01
s895        , -7.726754766108116e-01, -4.598198159756037e-01,  3.787099509853436e+01
s896        ,  2.280269149131176e+00,  5.715307693468470e-01,  2.196546135496981e+01
s897        ,  1.732742671810001e+00, -1.863883844215668e-01,  3.365412362628503e+01
s898        , -1.952924930899203e-01, -3.967588092306806e-01,  3.689846550000707e+01
s899        , -1.243124507856434e+00, -7.582552477096620e-01,  4.247347935294262e+01
s900        , -1.127987025274472e+00, -8.105778615581010e-01,  4.328040098750750e+01
s901        ,  2.222405771151903e+00,  1.014486947924312e+00,  1.513417183465455e+01
s902        , -1.852329248500361e+00, -9.181729797617149e-01,  4.493973759678993e+01
s903        ,  1.566870488248132e+00,  8.032883344148165e-01,  1.839128607066292e+01
s904        , -1.387739856871698e+00,  7.079946040840768e-01,  1.986091013923495e+01
s905        ,  1.121219821885003e+00,  1.830669381203993e-01,  2.795636751593820e+01
s906        , -9.933730759278802e-01, -1.063448074360329e+00,  4.718017644670376e+01
s907        , -5.762178128524449e-02, -5.320794884314679e-01,  3.898538692116210e+01
s908        ,  2.416796340775907e-01, -4.783539043146636e-01,  3.815682861788118e+01
s909        , -4.906300545514419e-01,  1.349382951635398e-01,  2.869860954835336e+01
s910        , -1.582982857801990e+00, -1.225340244554540e+00,  4.967688456176033e+01
s911        , -7.523355700553859e-01, -7.340485222633080e-01,  4.210016217652601e+01
s912        ,  2.234392115693804e-01,  2.749727537521471e-01,  2.653899201573082e+01
s913        , -1.421242973618926e+00, -7.452272424238549e-01,  4.227256088677434e+01
s914        ,  5.670067347130128e-02,  1.689758672538888e-01,  2.817368062589312e+01
s915        , -5.612055763432976e-01, -4.107809532049367e-02,  3.141314200521809e+01
s916        ,  8.997740464690429e-01,  3.178413785863166e-01,  2.587787021239475e+01
s917        , -1.606823724089288e+00, -7.149098471443229e-01,  4.180500469346998e+01
s918        ,  3.499868789687911e+00,  1.380862094846166e+00,  9.483918327165590e+00
s919        , -8.715752962891429e-01,  9.340483302440505e-02,  2.933914041432900e+01
s920        , -1.856154837094557e+00, -1.174250583753114e+00,  4.888897758290282e+01
s921        ,  2.276110916770269e-01,  1.438530106622296e+00,  8.594559732442200e+00
s922        ,  1.278757880561135e+00,  1.259470059677852e+00,  1.135603159208988e+01
s923        , -2.625003058195762e-01, -6.154269525355784e-01,  4.027077515055258e+01
s924        , -1.727834522886679e+00, -4.219281661786238e-01,  3.728662842145843e+01
s925        ,  1.850614154947128e+00,  1.027978217201319e+00,  1.492610889099329e+01
s926        , -9.602025879025963e-01, -8.686757930931621e-01,  4.417638982351840e+01
s927        , -1.294474937930480e+00, -9.999765535413514e-01,  4.620131588220815e+01
s928        , -8.964192424384732e-01, -3.917345386116227e-01,  3.682098097921898e+01
s929        ,  3.373466507702030e-01,  2.532272779395430e-01,  2.687435169286631e+01
s930        , -4.361686703935594e-01,  3.064535961913637e-01,  2.605349308954730e+01
s931        ,  1.180800691213646e+00,  3.435566281051343e-01,  2.548128851188807e+01
s932        ,  4.707166528445574e-01, -3.532399353197053e-01,  3.622731552702622e+01
s933        ,  1.703804210339992e+00,  2.145037057737951e-01,  2.747154831302540e+01
s934        , -1.834005051426063e+00, -1.169486095601306e+00,  4.881549943866372e+01
s935        , -1.778081906893596e+00, -9.879930970965314e-01,  4.601650649385838e+01
s936        , -1.576278502143039e+00, -6.988011736454836e-01,  4.155657602765433e+01
s937        ,  1.612912677482048e-01,  1.343920553756632e+00,  1.005363238628464e+01
s938        ,  3.756397573989944e-01, -6.441462304076084e-01,  4.071368510744330e+01
s939        , -1.269094165370334e+00, -6.187265867722769e-01,  4.032166225377444e+01
s940        ,  1.741633513389911e-01,  9.058518076678650e-01,  1.680954770943098e+01
s941        , -7.405880410109714e-01, -5.545205577662677e-01,  3.933147407195838e+01
s942        , -9.892731562449668e-01, -7.216224269357887e-01,  4.190852639200681e+01
s943        , -2.404390935905114e-01, -9.197798863434170e-02,  3.219812238159915e+01
s944        , -1.000366609598995e+00, -6.160021837266061e-01,  4.027964639108848e+01
s945        , -6.403848269203397e-01, -3.671373038445347e-01,  3.644164135101295e+01
s946        ,  1.042678968069443e+00,  7.377057942461509e-01,  1.940270286771187e+01
s947        ,  5.081125559242120e-03, -3.623691898045622e-01,  3.636810728816832e+01
s948        , -9.507722609706112e-01, -5.991564995860081e-01,  4.001985151498635e+01
s949        , -1.109777834090980e-01, -3.697962445368776e-01,  3.648264765042855e+01
s950        ,  6.358188156380660e-01,  8.580864532246517e-01,  1.754618709053175e+01
s951        , -2.185819524191360e+00, -8.861836515186992e-01,  4.444639678034566e+01
s952        ,  1.305064709156519e+00,  1.230102434793958e+00,  1.180894038489682e+01
s953        ,  1.664044937420125e+00,  1.152616020539598e+00,  1.300393924767946e+01
s954        ,  1.051351309197190e+00,  8.395866526623970e-01,  1.783149182228808e+01
s955        , -1.399028311662238e+00, -1.956867200256849e-01,  3.379752296382848e+01
s956        ,  1.385421265834244e+00,  4.579907565970640e-01,  2.371648038742792e+01
s957        , -9.408889636329510e-01, -4.566309242961826e-01,  3.782181587186456e+01
s958        ,  9.732055185777991e-01, -7.246042718663870e-02,  3.189712169704389e+01
s959        , -5.141793956906318e-01, -5.850196737607705e-01,  3.980183277006082e+01
s960        , -1.427508420922605e+00, -6.669509999593271e-01,  4.106538125885981e+01
s961        , -2.005936182526318e-01, -1.107959804140404e-01,  3.248833427219942e+01
s962        , -1.040812919577019e+00, -6.703068107661683e-01,  4.111713471959843e+01
s963        ,  3.350397487530737e-01, -4.921556854704574e-01,  3.836968028929041e+01
s964        , -1.211148190797335e+00, -8.040911853662818e-01,  4.318036318414474e+01
s965        , -3.546684926971408e-01, -6.613148802928788e-01,  4.097846077535668e+01
s966        , -1.297482551855562e+00, -9.150688208395052e-01,  4.489186512240028e+01
s967        , -7.045435460678467e-02,  7.718615386617784e-01,  1.887595148649315e+01
s968        ,  9.299065987644251e-02,  3.420783390361692e-01,  2.550408675043448e+01
s969        ,  6.950554955433741e-01,  2.316624746249856e-01,  2.720692503085088e+01
s970        ,  2.496136210729474e-01, -3.493403790469565e-01,  3.616717639997880e+01
s971        , -1.044044119112301e+00, -4.905726224235567e-01,  3.834526622188307e+01
s972        , -1.696855601622959e-01,  3.063917721989668e-01,  2.605444654185655e+01
s973        ,  4.802864320387065e-01, -3.296038640021803e-01,  3.586279900349251e+01
s974        , -1.989928973862810e-01, -1.586416254532141e-01,  3.322621189837564e+01
s975        ,  5.144117291211028e-01, -4.359834758319383e-01,  3.750339002042251e+01
s976        ,  3.695887594461370e-01,  8.905492378937341e-01,  1.704554460841911e+01
s977        , -5.208667084829633e-01, -5.268889081845678e-01,  3.890533756603429e+01
s978        , -1.415530554889297e+00, -4.866664191744638e-01,  3.828502458487634e+01
s979        , -9.075955878756907e-02,  1.278026316816981e+00,  1.106985618454076e+01
s980        , -1.408049785649008e+00, -1.169296304105753e+00,  4.881257246593523e+01
s981        ,  7.617332134276670e-01,  3.085974137224468e-02,  3.030371354777687e+01
s982        ,  5.658342892742037e-01,  1.295347229904200e-01,  2.878194367426407e+01
s983        , -6.523400746561840e-01, -7.420635956072685e-01,  4.222377098748107e+01
s984        ,  1.408650344937474e+00, -2.117273079672299e-01,  3.404490161120772e+01
s985        , -1.892295500046385e+00, -1.093184363464343e+00,  4.763877079520496e+01
s986        ,  7.279494111089814e-01, -9.515927965158233e-02,  3.224718439052505e+01
s987        ,  6.069333137359153e-01, -1.973827375999251e-01,  3.382367902088673e+01
s988        ,  7.956867077796174e-01,  7.748383038281403e-02,  2.958467481199265e+01
s989        , -1.492402946081943e-01,  1.105972188930460e-01,  2.907399868904404e+01
s990        ,  4.998144921024051e-01,  1.018395687025554e+00,  1.507389108962529e+01
s991        , -1.388778051347251e+00, -1.115282436052963e+00,  4.797956823521042e+01
s992        ,  4.282998930275517e-01, -6.913932055385301e-01,  4.144233002016352e+01
s993        ,  5.363050420459536e-01,  3.312836770050942e-01,  2.567056249944660e+01
s994        , -6.815023874245365e-01,  3.638837417610816e-01,  2.516780287784166e+01
s995        , -2.391036276757255e+00, -1.335083198867971e+00,  5.136934519327779e+01
s996        ,  4.431453520331272e-01,  6.723691792935500e-01,  2.041032699534444e+01
s997        , -6.841651286789517e-01, -1.144839292875656e+00,  4.843539537123718e+01
s998        , -1.890503332016519e-01, -3.920969895877351e-01,  3.682657071399296e+01
s999        , -1.955891416531250e-01, -3.957595415709865e-01,  3.688305475054291e+01
s1000       ,  1.922227018092693e+00,  1.176322604801490e+00,  1.263833527043996e+01
s1001       ,  7.564584951078414e-01,  1.152490793681546e-01,  2.900225749375101e+01
s1002       , -1.216448226111712e+00, -6.043494385336652e-01,  4.009993724610018e+01
s1003       ,  9.406214986730431e-01,  1.014873927298015e+00,  1.512820382186230e+01
s1004       , -6.084517344429569e-01, -5.352436796302056e-01,  3.903418521594066e+01
s1005       ,  1.047447652274055e-01,  1.111592719207668e-01,  2.906533068271785e+01
s1006       ,  1.789223857816157e+00, -6.334009398104741e-01,  4.054797076684039e+01
s1007       , -3.471776742826870e-02, -5.499742730499959e-01,  3.926136107062634e+01
s1008       , -4.304906904704673e-01,  6.459080062386677e-01,  2.081841236118262e+01
s1009       ,  5.526661980887815e-01,  5.625452904651846e-01,  2.210403580248388e+01
s1010       ,  1.084664986478008e-01,  3.949985454200744e-01,  2.468794901770373e+01
s1011       , -1.857041478323650e-01,  5.133906797304577e-01,  2.286210035475108e+01
s1012       , -9.197930097533304e-01, -1.043040357311372e+00,  4.686544774361214e+01
s1013       , -4.019119417889337e-01, -4.005330387336008e-01,  3.695667183213989e+01
s1014       , -1.358932079618377e+00, -1.210682636909817e+00,  4.945083429688345e+01
s1015       , -1.527440174864809e+00, -6.604918587298643e-01,  4.096576810088836e+01
s1016       ,  1.494747075983483e+00,  5.269006670227223e-01,  2.265374874104151e+01
s1017       ,  5.541257590705128e-01, -9.458268357442212e-02,  3.223829210065563e+01
s1018       , -1.957085120530336e+00, -1.124987420492556e+00,  4.812923892884410e+01
s1019       ,  7.131485583147716e-01,  8.697899948666872e-01,  1.736569456048833e+01
s1020       , -1.923756067205053e+00, -6.544278061477729e-01,  4.087224801728163e+01
s1021       ,  3.885529621363158e-01,  1.155197722658897e+00,  1.296412412490868e+01
s1022       , -1.875446506562856e+00, -1.056747363446020e+00,  4.707683779050851e+01
s1023       ,  1.372593741804168e+00, -3.058217723580874e-01,  3.549603054810893e+01
s1024       , -8.235465806555776e-01, -8.091419639925943e-01,  4.325825651257774e+01
s1025       , -3.055697164838789e-01,  2.992140781191230e-01,  2.616514125325020e+01
s1026       , -1.058405261469002e+00, -6.770487528145874e-01,  4.122110924414360e+01
s1027       ,  1.001215100946893e+00,  1.172529476824221e+00,  1.269683305566907e+01
s1028       , -1.207050253018809e-01, -5.275577660248023e-01,  3.891565272084091e+01
s1029       , -3.485019297637044e-02,  2.435253296842299e-01,  2.702397556233351e+01
s1030       ,  7.570890498814408e-01,  2.305573726840131e-01,  2.722396796122041e+01
s1031       , -3.425236517205575e-01, -5.265390995311832e-01,  3.889994280171323e+01
s1032       , -9.690806500330096e-01, -3.966386699369793e-01,  3.689661270657573e+01
s1033       ,  3.580879227715397e-01,  3.360926484997036e-01,  2.559639833115320e+01
s1034       , -1.559175075401338e+00, -7.527159685508347e-01,  4.238805234797494e+01
s1035       , -5.297528349600488e-01, -5.019463944881839e-01,  3.852067303110980e+01
s1036       , -2.199501197760688e+00, -1.078042570709742e+00,  4.740525340642967e+01
s1037       , -2.563451324430153e-01, -5.263193189572493e-01,  3.889655333610897e+01
s1038       ,  1.208934872396009e+00,  1.219141470595411e+00,  1.197798085319450e+01
s1039       ,  1.284684643971159e+00,  1.079718242994087e+00,  1.412817195485195e+01
s1040       ,  3.246719543370283e-02, -3.592439025571781e-02,  3.133366134075854e+01
s1041       ,  2.496032441662194e+00,  9.723971769990885e-01,  1.578328211901119e+01
