# c0 + a0 * (face-area-max + Na-Na-avg)
# Property Label: $E$; Unit of the Property: Unitless
# RMSE: 0.74791750702593; Max AE: 2.80785493218668
# Coefficients
# Task   a0                      c0
# all , -3.666247025532200e-01, -7.363743262821587e-16, 
# Feature Rung, Units, and Expressions
# 0;  1; Unitless;                                         31|24|add; (face-area-max + Na-Na-avg); $\left(face-area-max + Na-Na-avg\right)$; (face_sub_area_sub_max + Na_sub_Na_sub_avg); (newdata$face_sub_area_sub_max + newdata$Na_sub_Na_sub_avg); face-area-max,Na-Na-avg
# Number of Samples Per Task
# Task, n_samples               
# all , 1041                  

# Sample ID , Property Value        ,  Property Value (EST) ,  Feature 0 Value      
s1          ,  6.774572406644882e-01,  4.406910421264084e-01, -1.202022228882511e+00
s2          ,  1.967875961713064e+00,  3.524707677038976e-01, -9.613939411317569e-01
s3          , -1.271285198486554e+00, -5.994460664776246e-01,  1.635040034954019e+00
s4          , -1.922048452937919e-01, -7.279149916662195e-01,  1.985449934488670e+00
s5          ,  2.455067115358116e-01, -2.479372441113460e-01,  6.762698813928233e-01
s6          ,  1.771859120156342e-01,  5.947553523743134e-01, -1.622245714029535e+00
s7          , -1.787554844087500e-01,  6.399687280105241e-01, -1.745569034365942e+00
s8          ,  1.258527874893824e+00, -5.405147865067321e-01,  1.474299965993887e+00
s9          ,  1.207996528852184e+00,  9.119086038705607e-01, -2.487308131503187e+00
s10         , -3.778119871449526e-01,  3.509243255707010e-01, -9.571758889317088e-01
s11         ,  2.051916464504999e-01, -7.850212810777308e-01,  2.141212186769588e+00
s12         , -9.030892502610830e-01, -5.714700270097811e-01,  1.558733012342027e+00
s13         , -1.915336013610817e+00, -8.741971263073262e-01,  2.384446875017717e+00
s14         , -4.972857440368104e-01, -3.966527697228678e-01,  1.081904102370975e+00
s15         ,  9.892906044607527e-01,  6.865747668655251e-01, -1.872690961858636e+00
s16         ,  7.196956197004112e-01,  8.846157409422805e-01, -2.412864530899602e+00
s17         , -8.233048349290433e-01, -4.849188143271825e-01,  1.322657232178156e+00
s18         ,  6.436893120625885e-01, -3.273810903591420e-01,  8.929597162417553e-01
s19         ,  6.782210382119218e-01,  5.063810699541481e-01, -1.381197356391013e+00
s20         ,  1.358387811126361e-01, -6.541712998171093e-01,  1.784307754664042e+00
s21         ,  1.192439177417436e+00,  7.745291284807586e-01, -2.112593949853466e+00
s22         , -1.675888320916539e+00, -1.078744129292490e+00,  2.942366190221173e+00
s23         ,  1.682267394333138e+00,  9.250967376814583e-01, -2.523279886049604e+00
s24         , -5.344901610254715e-02,  2.945758065521140e-01, -8.034805197267181e-01
s25         ,  7.630444568978922e-01,  1.364481416612279e+00, -3.721738898415359e+00
s26         , -7.690353008448225e-01, -1.592500271774076e+00,  4.343679683021097e+00
s27         ,  1.318355805735755e-01,  1.826259302442038e-01, -4.981277283619320e-01
s28         , -1.557515501210242e+00, -8.178690590844676e-01,  2.230807289821785e+00
s29         ,  1.315402392066626e+00,  1.334114236673448e+00, -3.638909837178212e+00
s30         , -1.602536800620832e+00, -5.095867920419794e-01,  1.389941235528192e+00
s31         , -6.577868421803238e-01, -1.307238177881589e-01,  3.565603105240351e-01
s32         ,  1.122204297021453e+00,  5.871238449572103e-01, -1.601430129689591e+00
s33         ,  1.732999170998263e+00,  1.010257905886045e+00, -2.755564201894972e+00
s34         ,  1.815120104294484e+00,  7.872727933394669e-01, -2.147353377600587e+00
s35         ,  5.934117724273275e-01,  1.104103108878203e+00, -3.011534959835200e+00
s36         ,  9.702627198604924e-01, -2.516450490447980e-01,  6.863832341146405e-01
s37         ,  1.142962175227537e+00, -6.480235518245298e-02,  1.767539250114915e-01
s38         ,  2.376281988155590e-01,  9.759699530485746e-01, -2.662040899731521e+00
s39         , -9.901628269429662e-01,  2.476629851409798e-01, -6.755218167685504e-01
s40         , -6.175077579414836e-01,  3.852148868149979e-01, -1.050706305746215e+00
s41         , -6.558266813617915e-01, -9.945003261038188e-02,  2.712584065334352e-01
s42         , -1.132806252875512e-01, -7.299481473733155e-01,  1.990995539279991e+00
s43         ,  3.987508132795206e-01,  5.510458324032316e-01, -1.503024287686238e+00
s44         , -1.257042213831158e-02, -3.143445632563366e-01,  8.574014818619730e-01
s45         , -2.453536714432208e-01,  2.050508877233507e-02, -5.592937036030526e-02
s46         ,  4.319604697532172e-01, -5.873094966669086e-01,  1.601936510488277e+00
s47         , -5.858250576994644e-01, -9.311037237855113e-02,  2.539664450598069e-01
s48         , -1.351740028810569e+00, -9.202759537266574e-01,  2.510130788563183e+00
s49         ,  1.400180920836999e+00,  2.450156411774934e-01, -6.683009613677822e-01
s50         ,  6.339509690024701e-01, -3.243429350679347e-01,  8.846728897675727e-01
s51         ,  9.663578673416964e-01,  8.266057019138909e-01, -2.254637224816840e+00
s52         ,  1.470345916377529e-01, -2.508850364816710e-01,  6.843102353291410e-01
s53         , -1.879048126514940e+00,  9.079802529103695e-02, -2.476593220770694e-01
s54         ,  2.462378298792408e+00,  1.216400346940428e+00, -3.317835209873381e+00
s55         ,  2.147693442064033e-01, -3.661999476570275e-01,  9.988414449620137e-01
s56         ,  1.250856345991485e+00,  1.464435679708148e+00, -3.994372636403484e+00
s57         ,  3.470878239384724e-01,  5.040045340314990e-01, -1.374715152911273e+00
s58         ,  2.650904256602346e+00,  9.026460561593208e-01, -2.462043746297459e+00
s59         ,  2.436955679659398e-02, -4.152667734624943e-02,  1.132675377765103e-01
s60         , -1.350996154759193e+00, -7.941696783656789e-01,  2.166165217005242e+00
s61         , -1.175408395594881e+00, -1.116329966149119e+00,  3.044884751013385e+00
s62         ,  5.137509822735412e-02,  2.490153845666031e-01, -6.792106010108696e-01
s63         ,  1.630781368412474e+00,  9.005051382352184e-01, -2.456204210911020e+00
s64         , -7.346563779561162e-02,  1.130256723743049e+00, -3.082871164631847e+00
s65         ,  6.477994742971301e-01,  5.457005011178172e-01, -1.488444442825297e+00
s66         ,  1.102507059534665e+00,  4.932273842102940e-01, -1.345319561871848e+00
s67         , -2.689254974131806e-01, -7.577219831460060e-01,  2.066751034147822e+00
s68         ,  1.634793292022643e+00,  8.310015022145439e-01, -2.266627143308530e+00
s69         ,  3.008420412735001e-01,  7.526603117964048e-01, -2.052944895842494e+00
s70         ,  4.428344099007711e-01,  5.903731718745068e-01, -1.610292944700876e+00
s71         , -2.587880550234566e-02, -7.863933616308078e-01,  2.144954652957822e+00
s72         ,  3.320850724266521e-01,  9.145780506570692e-01, -2.494589274230118e+00
s73         , -1.001377721869569e+00, -1.285425151705577e-01,  3.506106224577091e-01
s74         ,  1.535377236435878e+00,  1.405507231554465e+00, -3.833640291465190e+00
s75         ,  2.223324131252060e-01,  4.576754622770854e-01, -1.248348676697935e+00
s76         , -5.720277382811452e-01, -3.077418980084656e-01,  8.393921518798706e-01
s77         , -1.197863875151751e+00, -1.638019179912808e-01,  4.467836369195615e-01
s78         , -1.436625202734528e+00, -4.164894505581014e-01,  1.136010333339833e+00
s79         ,  4.409066269069510e-01,  5.268047070126353e-01, -1.436904560287134e+00
s80         ,  6.309139277294878e-01,  2.012897225366198e-01, -5.490348062604999e-01
s81         , -1.685326208098238e+00, -1.600319282458946e-01,  4.365006698441529e-01
s82         , -1.663665661245249e-01, -2.253590804348048e-01,  6.146860232422293e-01
s83         , -1.321966357459877e+00, -3.189962357104311e-01,  8.700893133738696e-01
s84         ,  1.425519064192979e+00, -5.468783942319335e-02,  1.491657246288635e-01
s85         , -6.984731689207798e-01, -5.315951716431869e-01,  1.449970959242766e+00
s86         , -2.932580333118892e-01,  1.439812028008768e-01, -3.927209536023473e-01
s87         ,  3.346071912195332e-02, -4.078004427295586e-01,  1.112310326853550e+00
s88         , -7.344698336486584e-02,  2.482543015384781e-02, -6.771346824412311e-02
s89         ,  2.903456543575506e-01,  2.290861093599970e-01, -6.248518110334998e-01
s90         ,  3.160753830639385e-01,  3.250039850862607e-02, -8.864759598109453e-02
s91         ,  4.911838748491691e-01,  1.266369893849758e+00, -3.454131391121768e+00
s92         , -8.899315452749768e-01, -7.691336338071522e-01,  2.097877280092719e+00
s93         ,  8.806558878772817e-01,  1.291092651663280e-01, -3.521564811841530e-01
s94         ,  2.174850994919374e-01,  2.918186116120161e-01, -7.959600364616888e-01
s95         , -7.665153489308597e-01, -1.194662296351586e+00,  3.258542831489010e+00
s96         ,  5.275622810365228e-01,  9.698328292842066e-02, -2.645301373666797e-01
s97         ,  2.030602111680013e+00,  1.090711404315223e+00, -2.975007948780792e+00
s98         , -9.469867286116609e-01, -1.039401199689994e-01,  2.835055009800122e-01
s99         , -9.198822372946849e-01, -1.089667225189637e+00,  2.972159861572496e+00
s100        , -4.843791818667553e-01, -2.576961595934994e-02,  7.028881518317340e-02
s101        , -2.042448773263304e-01, -8.834917384493873e-02,  2.409798718680530e-01
s102        , -5.164158759195604e-01, -1.409702332135014e+00,  3.845082784432340e+00
s103        ,  1.172650799800637e-01,  8.424879610923626e-01, -2.297957435015078e+00
s104        , -1.768695959917696e+00, -9.534591415216223e-01,  2.600640750286638e+00
s105        ,  5.247327840013729e-01,  7.027157203001089e-02, -1.916716782601708e-01
s106        ,  5.297962102782025e-01,  1.136537280894093e+00, -3.100001917435203e+00
s107        ,  1.497385912477808e-01, -4.117950331752351e-01,  1.123205911405976e+00
s108        ,  4.406641357796892e-01,  6.650463896632796e-01, -1.813970485435964e+00
s109        , -6.596772585897818e-01, -5.763364530017054e-01,  1.572006602359377e+00
s110        ,  1.094420195469493e+00, -7.470694591648110e-01,  2.037695370666858e+00
s111        ,  3.915962330096326e-01,  7.156539905582180e-01, -1.952007013096268e+00
s112        ,  8.365523515867515e-01,  8.735253327658361e-01, -2.382614501102893e+00
s113        , -1.291655352083360e-01,  2.630704080464248e-01, -7.175468707219412e-01
s114        ,  1.376602311009741e+00,  6.216451856319849e-01, -1.695590016992230e+00
s115        ,  2.854337653329592e+00,  8.187948531107344e-01, -2.233332471621650e+00
s116        , -4.031277243707178e-01,  1.459931645314648e-01, -3.982087500235281e-01
s117        , -1.548008576871541e+00, -6.442843452396129e-01,  1.757340246722972e+00
s118        , -1.376296935489929e+00, -4.986935682417573e-01,  1.360229042857158e+00
s119        ,  1.159776550977451e-01, -5.092625407414382e-01,  1.389056812579375e+00
s120        , -1.608916416404319e-01,  5.916010734172699e-01, -1.613642150398724e+00
s121        ,  3.197271174130288e-01,  4.740990430580589e-01, -1.293145387521285e+00
s122        , -1.530552753436365e+00, -3.740939059287576e-02,  1.020372886288114e-01
s123        , -1.233881263109963e+00, -9.985973451167206e-01,  2.723759032499348e+00
s124        , -5.427146006639550e-01, -3.283920198954295e-01,  8.957171123725867e-01
s125        ,  9.732454451545894e-01, -2.907457482017157e-01,  7.930337104317451e-01
s126        , -1.840471966312827e-01, -4.517650267592865e-01,  1.232227462069899e+00
s127        , -1.081994746251625e+00, -6.147606019479283e-01,  1.676811730542591e+00
s128        ,  4.539347974729817e-01,  1.081735466174387e+00, -2.950525315509423e+00
s129        , -9.281932508350824e-01, -5.713999843356334e-01,  1.558541965002173e+00
s130        , -7.213314288938638e-01,  4.268068727648908e-01, -1.164151978283393e+00
s131        , -2.205996399193568e-01, -3.187192937661906e-02,  8.693339307105669e-02
s132        , -1.239159936584262e+00, -1.056589395961944e+00,  2.881937274285457e+00
s133        , -3.218370754810609e-01, -1.389859140929866e-01,  3.790958795876837e-01
s134        , -1.004593496203065e+00, -3.407830996701284e-01,  9.295148343711479e-01
s135        ,  9.616883013837800e-01, -3.476359052707458e-01,  9.482064434004731e-01
s136        ,  1.177397001560173e+00,  6.735370502028099e-01, -1.837129482853214e+00
s137        , -1.190015539084228e+00, -2.274525506266144e-01,  6.203961409108710e-01
s138        ,  2.514478411301381e-01, -2.151577303684524e-02,  5.868609749153830e-02
s139        , -1.987650229798378e-01,  1.620886204991552e-01, -4.421104725632252e-01
s140        , -1.883191692860165e-02, -2.210892237386169e-01,  6.030396266234197e-01
s141        ,  4.763479271249645e-01,  4.903538099285705e-01, -1.337481644072771e+00
s142        , -1.264849480226229e+00, -1.193556560346394e+00,  3.255526842665855e+00
s143        ,  5.343202969822768e-02,  9.242143507737688e-01, -2.520873100850613e+00
s144        ,  1.580293395785219e-01,  1.860151683417554e-01, -5.073721629948101e-01
s145        ,  9.188749641933952e-01,  6.822367366180293e-01, -1.860858616091192e+00
s146        ,  8.965084025411505e-01,  9.236713900315292e-01, -2.519392129332714e+00
s147        ,  6.848734553557310e-01,  6.239733661817568e-01, -1.701940327087426e+00
s148        ,  2.946101194283518e-01, -1.300993543282212e-02,  3.548570334246048e-02
s149        , -1.049624548293927e+00, -2.418421272098355e-01,  6.596449326126037e-01
s150        ,  3.591106519707902e-01,  8.083695123405884e-01, -2.204896469635034e+00
s151        , -1.331621263631160e-02,  2.533474461422873e-01, -6.910266667192497e-01
s152        ,  6.334057303004041e-01, -2.856801407719654e-01,  7.792168361336611e-01
s153        ,  1.034338109925286e+00,  4.477622625340656e-01, -1.221309582839875e+00
s154        , -3.383324211856340e-02, -1.755029811515422e-01,  4.786992800248234e-01
s155        ,  1.136039203602913e+00, -7.845443771405657e-01,  2.139911390795274e+00
s156        , -1.392262169733224e+00, -9.989585090388342e-01,  2.724744137757118e+00
s157        , -5.253740885024729e-01,  1.521402264693149e-01, -4.149753833001217e-01
s158        ,  3.989423304234663e-01,  5.087174810816866e-01, -1.387570116085783e+00
s159        ,  5.765884380454732e-01,  2.440485293126792e-01, -6.656630816556975e-01
s160        , -8.116051377987674e-01, -5.149075250582887e-01,  1.404453986521933e+00
s161        , -3.068617279191663e-01, -1.980129802100408e-01,  5.400972133930229e-01
s162        ,  7.336330388262124e-01, -9.813555683819143e-01,  2.676730622752999e+00
s163        ,  5.366582957206302e-01,  1.932675363526880e-01, -5.271536124182291e-01
s164        ,  1.442528357282191e+00,  1.175388806440819e+00, -3.205972751577474e+00
s165        , -1.062713736405366e-01,  6.197537441130211e-01, -1.690430949679549e+00
s166        , -8.326065002207604e-01, -3.953520180455941e-01,  1.078356191746799e+00
s167        ,  3.946237056414995e-01,  1.400080732521038e-01, -3.818839054681010e-01
s168        ,  2.235679947771067e+00,  1.202807119861689e+00, -3.280758529049436e+00
s169        ,  1.625062009748738e+00,  9.648407774449776e-01, -2.631685128486180e+00
s170        ,  1.327620092596634e-01, -7.920657130922020e-01,  2.160426473110396e+00
s171        ,  5.954984467350798e-01,  7.050092117364651e-01, -1.922972475195190e+00
s172        ,  5.199772380778388e-01,  4.880347647490758e-01, -1.331156251475532e+00
s173        ,  6.222838143288129e-01,  7.467439233961077e-01, -2.036807444222091e+00
s174        ,  1.054103529053623e+00,  3.393766979817411e-01, -9.256787543727423e-01
s175        , -5.255654946879281e-01, -4.582203755024569e-01,  1.249834973779324e+00
s176        ,  9.849433920982633e-01,  9.390368647008154e-01, -2.561302765910880e+00
s177        , -4.422819104749493e-01, -8.649870867456268e-02,  2.359325710247405e-01
s178        , -6.072036959750036e-01, -2.709072522978401e-01,  7.389225287090793e-01
s179        ,  1.274608736041423e+00,  1.216966332649901e+00, -3.319378983944063e+00
s180        , -1.497077617346340e+00, -1.153193983423767e+00,  3.145434487618481e+00
s181        , -2.083438027973673e+00, -7.134003128382104e-01,  1.945859915794002e+00
s182        ,  1.836267684377070e+00,  3.980562453395793e-01, -1.085732201260490e+00
s183        ,  9.114464311238878e-01,  3.568107137509320e-01, -9.732315124050794e-01
s184        ,  1.514590021168478e+00,  3.618550646381743e-01, -9.869904076789462e-01
s185        ,  1.833338059507960e+00,  1.330497574642047e+00, -3.629045084459112e+00
s186        ,  2.453649877689343e-01,  5.646252195958290e-01, -1.540063219045824e+00
s187        ,  3.720198183543537e-01, -6.590996856105226e-02,  1.797750345299875e-01
s188        ,  1.146530015212694e+00,  7.973543241595659e-01, -2.174851608761472e+00
s189        ,  1.953473158179789e-01, -3.429675765422300e-01,  9.354731804860950e-01
s190        , -2.653274521332475e-01, -2.773661005509661e-01,  7.565395856289916e-01
s191        , -1.734213411135429e+00, -9.265409396979944e-01,  2.527219069652010e+00
s192        , -1.380433379832566e+00, -5.157725356038947e-01,  1.406813376218214e+00
s193        ,  1.331098677791819e+00,  8.673097278373219e-01, -2.365660911000458e+00
s194        ,  5.090097107027989e-01,  5.560961163802249e-02, -1.516799365966095e-01
s195        , -9.924573921340460e-02, -6.454069198249490e-01,  1.760402164202941e+00
s196        , -5.779338669443590e-01, -1.471750279971138e-01,  4.014323829577436e-01
s197        ,  2.483047809304522e-01,  4.168541429169586e-01, -1.137005062708364e+00
s198        , -5.206217556690500e-01,  2.693380986365351e-01, -7.346425288880750e-01
s199        , -5.943289801913764e-01, -4.455924041086013e-01,  1.215391109779127e+00
s200        , -1.021605773659559e+00, -8.030420983483847e-01,  2.190365495712370e+00
s201        , -1.880186336712063e-01, -3.570973499260389e-01,  9.740133369060181e-01
s202        ,  8.974446090874552e-01,  3.215452731071400e-01, -8.770420292682393e-01
s203        ,  1.491847227695687e+00, -1.036701216290308e-01,  2.827690575868413e-01
s204        ,  5.673187961114483e-01,  3.043919359759882e-01, -8.302548460487403e-01
s205        ,  7.052663182498152e-02, -1.622565009713443e-01,  4.425683808029550e-01
s206        ,  4.612958000362408e-01, -4.097559301390661e-01,  1.117644084769722e+00
s207        , -1.890335631962240e-01, -9.398200105630284e-01,  2.563438862733483e+00
s208        ,  1.196645888991632e+00,  5.976452106677935e-01, -1.630128047853074e+00
s209        ,  1.251755561530769e-01, -2.971447697785299e-02,  8.104875850131465e-02
s210        ,  4.275859111659360e-01,  7.135026045513728e-03, -1.946138925125682e-02
s211        ,  5.283027681041661e-01,  1.670053817641075e-01, -4.555213563108595e-01
s212        , -5.193859304496163e-01, -4.010427463324425e-01,  1.093878136250859e+00
s213        , -7.895660096178727e-01, -3.499410135734957e-01,  9.544938219832493e-01
s214        , -8.273130453363812e-01, -1.334504603306033e+00,  3.639974595307889e+00
s215        ,  7.097242197335737e-01,  3.692748630774887e-03, -1.007228537809608e-02
s216        , -4.103389107009319e-01, -1.779552238373503e-02,  4.853879801280182e-02
s217        ,  5.083753923761842e-01, -3.882968317243811e-01,  1.059112572121390e+00
s218        ,  1.227559854195250e+00,  4.031851458536289e-01, -1.099721712819126e+00
s219        ,  4.233903461072759e-01, -3.504818480532052e-01,  9.559689939395934e-01
s220        , -9.401298955648565e-02,  7.508908937306658e-01, -2.048118657857392e+00
s221        ,  1.262898065596499e+00,  2.517991011594444e-01, -6.868034243352530e-01
s222        , -8.196925206317609e-01, -4.916409078292796e-01,  1.340992312862255e+00
s223        ,  4.013207508237785e-01,  4.481406773827964e-02, -1.222341741464490e-01
s224        ,  7.221682333138075e-01,  2.292906880345798e-01, -6.254098167356746e-01
s225        ,  7.658761358813224e-01,  7.175572083035703e-01, -1.957198201066140e+00
s226        ,  1.021677840387193e+00,  8.209558090135242e-01, -2.239226662296039e+00
s227        , -1.713769108940136e-01,  1.218791029441535e-02, -3.324355999347006e-02
s228        ,  1.274319171489858e-01, -7.073098582599495e-02,  1.929247683896225e-01
s229        ,  2.041762025685344e-01, -3.896938112218096e-01,  1.062922952294084e+00
s230        , -1.775628277285172e+00, -5.983696393503777e-01,  1.632103988583574e+00
s231        , -2.906010097813954e-01,  4.717683676191134e-02, -1.286788272404088e-01
s232        ,  7.153226846206260e-01,  9.854981992829468e-01, -2.688030000214976e+00
s233        , -3.817422129899863e-01,  3.702253213274019e-01, -1.009820993373080e+00
s234        , -1.045314287465124e-01,  1.206834125508768e+00, -3.291742528815505e+00
s235        , -2.007585327297883e+00, -9.728282470383111e-01,  2.653471629880402e+00
s236        ,  1.304199689079254e+00, -4.608383479640898e-01,  1.256975715915358e+00
s237        , -2.782406460538666e-01,  5.598554952062421e-02, -1.527053390858134e-01
s238        , -2.322383208123123e-01, -1.309457202342665e-01,  3.571655682837068e-01
s239        , -3.517230695261006e-01, -8.659858919942744e-01,  2.362050036354452e+00
s240        , -8.445222562838290e-01, -5.076305817670232e-01,  1.384605505935143e+00
s241        , -1.536302083677280e+00, -7.895564829915657e-01,  2.153582334995420e+00
s242        ,  2.935750684089247e-01,  2.619754496522912e-01, -7.145602787478921e-01
s243        ,  1.616760901218624e-01, -7.062463638166315e-01,  1.926346912519105e+00
s244        ,  1.913693632034482e-02,  5.640758642589203e-01, -1.538564805728110e+00
s245        ,  1.011107650821608e+00,  3.634946811601967e-01, -9.914626009343483e-01
s246        , -1.106818107812668e+00, -3.757900998746567e-01,  1.024999399270172e+00
s247        , -1.990274764442437e+00, -8.818527151972886e-01,  2.405328143619226e+00
s248        , -9.667152724294116e-02,  4.988968978869391e-02, -1.360783641725629e-01
s249        , -3.381305046273163e-03, -4.520602373401505e-01,  1.233032673990449e+00
s250        , -1.066763974390572e+00, -5.536906006682155e-01,  1.510238117650678e+00
s251        ,  1.207378380322024e+00,  4.122613209030453e-01, -1.124477750768039e+00
s252        , -7.806439949963919e-01, -3.698059613715222e-01,  1.008677153492786e+00
s253        ,  1.425727038542695e-01,  3.356584541908236e-01, -9.155369287810045e-01
s254        ,  2.519006949731616e-01, -1.379634584641412e-01,  3.763070450609185e-01
s255        ,  2.957126742656839e-01,  1.416881460580967e-01, -3.864664466724788e-01
s256        , -1.208240274724157e+00, -7.501251517878400e-01,  2.046030031702377e+00
s257        ,  9.313485666439150e-01,  1.280724234852902e-01, -3.493284074787613e-01
s258        , -6.564646920389060e-01,  1.122677738497352e-01, -3.062198838973185e-01
s259        ,  6.730828234081326e-01,  5.224613846448689e-01, -1.425057779812390e+00
s260        , -1.076132473957489e+00, -8.963719776169149e-01,  2.444930664449144e+00
s261        ,  4.986447736713935e-01,  1.700875893589013e-01, -4.639283391827964e-01
s262        , -7.901168230278026e-01, -2.746311012343320e-01,  7.490796428112074e-01
s263        , -1.546259780331375e+00, -1.218937266635266e+00,  3.324754873707184e+00
s264        , -5.529113966692345e-01,  5.645243291516506e-01, -1.539788031794458e+00
s265        , -4.420703395591482e-01,  4.806851019660563e-01, -1.311109422301624e+00
s266        ,  1.642224930755288e-01,  1.060789588885411e+00, -2.893393657050222e+00
s267        , -5.742332897034260e-01, -7.126650570022695e-02,  1.943854443083551e-01
s268        , -1.103100765949088e+00, -2.543564361166126e-01,  6.937787725301705e-01
s269        ,  7.960085847259791e-01,  6.492259331247443e-01, -1.770818847184750e+00
s270        , -4.283987476508868e-01,  3.334015548531188e-01, -9.093810442429811e-01
s271        ,  2.199521430164574e-01,  2.093424807767507e-01, -5.709993879813998e-01
s272        ,  4.892735632468817e-01,  7.783704301208992e-01, -2.123071426175682e+00
s273        , -7.406199765582813e-01, -9.116309236333459e-01,  2.486550735083135e+00
s274        ,  1.772759222941352e-01,  6.262449621320684e-01, -1.708136297883970e+00
s275        ,  2.643568451335951e-01, -2.164839918402427e-02,  5.904784656696995e-02
s276        , -5.816893010125334e-01, -1.157670480643838e-01,  3.157644513808451e-01
s277        , -1.588157064474181e+00,  5.534894994789510e-01, -1.509689597084926e+00
s278        ,  1.926575532177041e+00, -3.882720429681333e-01,  1.059044958684338e+00
s279        ,  1.613883746546309e+00,  9.010953155493814e-01, -2.457813969637185e+00
s280        , -1.609264987376504e+00, -1.021143610275381e+00,  2.785255884734469e+00
s281        , -1.346496740458654e+00,  4.408591695209271e-01, -1.202480810623860e+00
s282        , -1.354536059868065e+00, -5.444282917601565e-01,  1.484974383800899e+00
s283        ,  4.444527822772946e-01, -7.530780452352539e-01,  2.054084299259499e+00
s284        ,  2.385788249720763e+00,  5.581660419355509e-01, -1.522445263639940e+00
s285        ,  4.002184027452821e-01,  5.011696449003545e-01, -1.366982752144489e+00
s286        ,  1.951350507345722e+00,  1.350519102827361e+00, -3.683655502267520e+00
s287        , -7.632184401675010e-01, -1.082511471889869e+00,  2.952641936975668e+00
s288        ,  7.091749484961576e-01, -6.026787297847739e-01,  1.643857398554007e+00
s289        ,  2.314010563846089e+00,  1.271227585953594e+00, -3.467381158717914e+00
s290        ,  7.654861282396249e-01,  3.557346610164568e-01, -9.702964872227022e-01
s291        , -1.053228118031399e+00,  6.952046383950293e-01, -1.896229669069047e+00
s292        , -1.544830063612452e+00, -4.536879424249181e-01,  1.237472377789544e+00
s293        , -1.690406548169091e+00, -1.114323033894903e+00,  3.039410672915976e+00
s294        ,  1.421215154761337e+00,  1.320543069841851e+00, -3.601893327551105e+00
s295        , -1.705271840139647e+00, -1.014910264987600e+00,  2.768253906296105e+00
s296        , -7.627385590929443e-01,  5.632977883062495e-01, -1.536442537514179e+00
s297        ,  3.113058113377143e-01,  5.935237179278647e-01, -1.618886326519988e+00
s298        ,  4.087923101857815e-01,  5.099314104236394e-01, -1.390881211419783e+00
s299        , -3.373353052859910e-01, -6.540024071798286e-01,  1.783847085658096e+00
s300        , -1.247040873629315e+00, -1.178175186738838e+00,  3.213572840383855e+00
s301        ,  1.197929368440681e+00,  1.154519378939989e+00, -3.149049616405478e+00
s302        , -1.485192472843855e+00, -1.965962159160511e-01,  5.362328685081224e-01
s303        , -8.549580863671642e-01,  3.640412448029150e-01, -9.929533996691636e-01
s304        ,  1.882993199254014e+00,  3.092726222661617e-01, -8.435673322401611e-01
s305        , -5.165357198073315e-01, -8.490343793186425e-02,  2.315813346470803e-01
s306        ,  1.036931584747022e+00,  4.102477582416681e-01, -1.118985587672223e+00
s307        ,  5.869139350739364e-01, -2.954369527836428e-01,  8.058293691782972e-01
s308        , -1.992374094653734e+00,  6.119917285369484e-01, -1.669259393256817e+00
s309        ,  1.168183907358183e+00, -3.448927329321896e-02,  9.407242079715478e-02
s310        , -1.689353307212060e-01, -5.462138174718153e-01,  1.489844556757669e+00
s311        ,  4.171830243610439e-01,  2.148446635849419e-01, -5.860070586862742e-01
s312        , -6.851064106122525e-01,  2.738807739000533e-02, -7.470330613096196e-02
s313        , -3.693039585493864e-01, -2.162153766272641e-01,  5.897457948728294e-01
s314        , -1.774434185617937e-01,  1.607313893651712e-02, -4.384085094261930e-02
s315        , -3.815749786763621e-01, -8.134806666560559e-01,  2.218837576930508e+00
s316        ,  6.374559564486622e-01,  9.857907525280940e-01, -2.688827964026770e+00
s317        , -2.030534733815181e+00, -7.355043965335266e-01,  2.006150680549842e+00
s318        , -8.028512356005929e-02,  2.964956585186346e-02, -8.087170789469703e-02
s319        , -5.934013466311562e-01,  3.029811904209961e-01, -8.264069177854033e-01
s320        ,  2.790171268766068e+00,  4.920435783473089e-01, -1.342090630883999e+00
s321        , -1.062277605983095e+00, -6.625218810919850e-01,  1.807084673995231e+00
s322        ,  7.515966182544803e-02,  3.209638581211673e-01, -8.754561705360708e-01
s323        ,  7.526438612763078e-01,  6.700873444835475e-01, -1.827720117648856e+00
s324        , -2.651743878812372e-01, -5.474312363043543e-01,  1.493165169973475e+00
s325        ,  3.264086782559880e-02,  5.046528926771581e-01, -1.376483606158268e+00
s326        , -8.716201269332444e-01,  4.281659780936492e-01, -1.167859053445796e+00
s327        , -1.671151256925621e-01, -4.182607526769129e-01,  1.140841710239633e+00
s328        , -8.227567374308942e-02,  1.882270604706524e-01, -5.134052865500238e-01
s329        , -3.051380631011923e-01,  7.924571420979280e-02, -2.161494128953028e-01
s330        ,  2.650804092125521e-01, -1.615668069463674e-01,  4.406871817997951e-01
s331        , -1.375958879843693e-01, -1.568546294375884e-01,  4.278343176148046e-01
s332        , -2.261103407740682e-02, -2.301702543727541e-01,  6.278089085918626e-01
s333        ,  1.323183942483754e+00,  1.265882865978619e+00, -3.452802981258093e+00
s334        , -8.334838045052184e-01, -4.486599664130564e-01,  1.223758146378386e+00
s335        , -6.616430929673620e-01, -6.152699773697620e-01,  1.678201095247932e+00
s336        ,  7.402611706142617e-01,  3.300693938170318e-01, -9.002922921406772e-01
s337        , -2.672477917829363e+00, -9.822921362471161e-01,  2.679285191113176e+00
s338        ,  5.119490895181960e-01,  3.602276744848551e-01, -9.825515628821121e-01
s339        , -5.205367300996894e-01, -9.628172203318235e-01,  2.626165704674682e+00
s340        , -5.182275979842598e-01, -2.854921800935599e-02,  7.787041574267896e-02
s341        ,  1.970306289887119e+00,  1.020274825234510e+00, -2.782886199781928e+00
s342        , -6.893119617348112e-02, -1.979129119602703e-01,  5.398242687467031e-01
s343        , -9.390007101093139e-01, -4.459743676620945e-01,  1.216432947797224e+00
s344        ,  1.061951331424555e+00,  5.717461118637537e-01, -1.559486057218849e+00
s345        , -7.723215780687482e-01,  7.951775400094503e-02, -2.168914245198816e-01
s346        ,  3.961380156477509e-01,  5.619782898347331e-01, -1.532843493417239e+00
s347        , -1.709617878224923e+00, -7.688227220222350e-01,  2.097029241805195e+00
s348        ,  3.055057864420297e-01,  2.897816735830014e-01, -7.904041150662422e-01
s349        , -2.198294962810686e-01, -5.305432616779685e-01,  1.447101785513083e+00
s350        ,  4.405144181634823e-01,  4.154875956870936e-01, -1.133277689128929e+00
s351        ,  8.658280652293555e-01,  5.974485292998027e-01, -1.629591582725053e+00
s352        ,  9.704682100223125e-01,  1.522601170199440e-01, -4.153023949548036e-01
s353        , -6.298376205439114e-02,  1.745006322454314e-01, -4.759652882912363e-01
s354        , -5.109688604423303e-01,  2.127149223050947e-01, -5.801980085458569e-01
s355        , -1.498401072816738e+00, -6.064723234266449e-01,  1.654204747260879e+00
s356        ,  1.467186882538691e-01,  3.332846449829960e-01, -9.090621626474185e-01
s357        , -9.744403926942342e-02, -9.529751075612134e-01,  2.599320506568639e+00
s358        , -9.190473297739495e-02,  3.934758774696718e-01, -1.073238859055207e+00
s359        ,  4.402510249016559e-01,  7.307951614308905e-01, -1.993305842027400e+00
s360        , -8.756909416699599e-01, -3.791462055006556e-01,  1.034153462274183e+00
s361        , -1.770572058768898e-01,  8.602498295752820e-01, -2.346404439156434e+00
s362        ,  8.704386959032419e-01,  4.286284717184095e-01, -1.169120544069694e+00
s363        , -1.069662019131376e+00, -1.066208404824659e-01,  2.908173937542790e-01
s364        , -9.988945697241733e-01, -1.257102178636020e+00,  3.428852911114289e+00
s365        ,  1.902823636872192e-01,  1.068869409494485e-01, -2.915432053679834e-01
s366        ,  1.236798092554710e+00,  7.409276094533668e-01, -2.020942954180271e+00
s367        ,  9.184480967949833e-01,  7.605273293178435e-01, -2.074402853985117e+00
s368        ,  1.622937156969908e-01,  4.884927084787655e-02, -1.332405331874390e-01
s369        ,  9.732086991131189e-01,  8.126613075668350e-01, -2.216602705457001e+00
s370        , -8.475872099006457e-01, -7.953980064180998e-01,  2.169515586044389e+00
s371        ,  5.916391131784779e-01,  7.650250919924283e-01, -2.086670883507574e+00
s372        ,  7.596908414790238e-01,  7.700995958020711e-01, -2.100512023437053e+00
s373        , -1.946434670867691e+00, -9.280080903060409e-01,  2.531220847485934e+00
s374        , -9.564014283175248e-01, -8.871016708639815e-01,  2.419645115798511e+00
s375        ,  7.284511861928945e-01,  2.523576270334228e-01, -6.883268510713370e-01
s376        ,  2.037232105036610e+00,  1.143587402884741e+00, -3.119231723669074e+00
s377        ,  7.637732850848320e-01,  9.867149302698117e-01, -2.691348737273312e+00
s378        ,  9.950925555332779e-01,  5.823628822814670e-01, -1.588444199820198e+00
s379        , -8.163846007494810e-01, -6.696422043437461e-01,  1.826505960128365e+00
s380        , -9.184292068832668e-01, -4.731949581239707e-01,  1.290679419113282e+00
s381        ,  1.520868814304400e-01,  3.298233841358277e-01, -8.996212798507502e-01
s382        , -7.921265824309522e-01, -5.228711022171671e-01,  1.426175319272888e+00
s383        ,  6.672838300456271e-01,  5.521414464746228e-02, -1.506012668075687e-01
s384        , -8.703903476353084e-01, -7.153033203170128e-01,  1.951050530244009e+00
s385        ,  8.850482925000751e-01,  7.489441792537765e-02, -2.042808828859712e-01
s386        ,  9.061627662896373e-01,  7.936800114114700e-01, -2.164829608818458e+00
s387        , -1.106690246889199e+00, -1.402536748450867e+00,  3.825538046627590e+00
s388        ,  2.054813205480302e+00,  1.193477974737843e+00, -3.255312493747187e+00
s389        ,  5.830110458201297e-01,  2.574218495862548e-01, -7.021399480000604e-01
s390        ,  4.058167767744563e-02,  3.609031371831701e-01, -9.843939447336649e-01
s391        , -3.572825686809578e-01, -6.542747596982582e-02,  1.784589950272854e-01
s392        , -7.654037138178210e-02,  4.337067963133172e-01, -1.182972105515340e+00
s393        ,  3.686774220084653e-01, -5.901192187329968e-02,  1.609600265948600e-01
s394        , -2.015273820649741e-01, -8.924725034055168e-01,  2.434294517500393e+00
s395        , -6.768380070474945e-01,  6.194908793210770e-01, -1.689713963644202e+00
s396        , -1.571978956162156e+00, -6.127411910234373e-01,  1.671303615812657e+00
s397        , -4.953598502673375e-01, -3.825967189130898e-01,  1.043565030530234e+00
s398        ,  1.555253169293308e-01,  9.767869522355217e-01, -2.664269334371243e+00
s399        , -1.863721424692930e+00, -4.393748645968923e-01,  1.198432242936797e+00
s400        , -1.580914135378971e+00, -5.778127498471928e-01,  1.576033327332371e+00
s401        , -1.745467987214961e+00, -7.542598904363292e-01,  2.057307882375543e+00
s402        , -6.980793622242579e-01, -9.961421846883203e-01,  2.717062374005519e+00
s403        ,  2.251226886668626e-01,  7.889484777113398e-01, -2.151923948978356e+00
s404        ,  7.040030298805582e-01,  3.133751989541860e-01, -8.547574584358415e-01
s405        ,  7.810975699633603e-01,  3.032365744380553e-01, -8.271034993721885e-01
s406        , -7.486530226048839e-01,  1.236799422077695e-02, -3.373475419044444e-02
s407        , -5.898664718227482e-01, -1.145305433194689e+00,  3.123917797187801e+00
s408        , -1.653430955336652e+00, -4.337808577079355e-01,  1.183174114256434e+00
s409        ,  3.615421057666913e-01, -3.673879865827639e-01,  1.002081921987874e+00
s410        , -1.927277741805878e+00, -7.806089376754485e-01,  2.129177145563815e+00
s411        , -7.559092474121808e-01, -7.049615796073710e-01,  1.922842554519459e+00
s412        ,  1.873884464024186e+00,  6.937749437936050e-01, -1.892330055672929e+00
s413        , -8.487613459239006e-02, -2.251900432081878e-01,  6.142249598565932e-01
s414        , -7.984251397438490e-02,  3.555312256597273e-01, -9.697416000170318e-01
s415        ,  3.823952603345894e-01, -5.049024083619574e-01,  1.377164181370632e+00
s416        , -9.819900149129637e-01, -4.238487225714279e-01,  1.156083372505158e+00
s417        , -1.482842264827313e+00, -8.556385856537539e-01,  2.333826879899198e+00
s418        ,  5.288306085486906e-02,  5.259276095938999e-01, -1.434512202618305e+00
s419        , -1.062501299146121e+00, -4.681757071833239e-01,  1.276988986074559e+00
s420        ,  1.615525737358244e+00,  1.146485140980491e+00, -3.127135550322240e+00
s421        , -8.420822469136372e-01,  1.728002354134399e-01, -4.713273115805846e-01
s422        , -2.976491469173829e-01, -2.006355045088515e-01,  5.472503710513779e-01
s423        ,  2.602465190009081e-01, -4.914669589812233e-01,  1.340517852612182e+00
s424        , -1.598544685575905e-02,  9.951362141653907e-01, -2.714318504004610e+00
s425        , -6.873434672527887e-01, -4.656102400024483e-01,  1.269991456549108e+00
s426        ,  3.868281565378119e-01,  6.894886180873342e-01, -1.880638738431018e+00
s427        , -4.350921811790253e-01, -1.908500016592212e-02,  5.205595813105629e-02
s428        ,  1.434023500487657e+00,  3.997593402931410e-01, -1.090377537326776e+00
s429        , -1.410084545291047e-01, -3.603078110727529e-01,  9.827701422286161e-01
s430        , -2.958129836419498e-04,  1.270020730645840e-01, -3.464089358412744e-01
s431        ,  4.037460271826608e-01,  3.134060972638721e-01, -8.548417361985534e-01
s432        , -1.066289337790876e+00,  3.496144218503025e-01, -9.536030153329683e-01
s433        ,  1.465780698491131e-01, -4.787837070257496e-01,  1.305923206187253e+00
s434        ,  4.355472814078697e-01,  5.379236402101785e-01, -1.467232394500458e+00
s435        ,  1.360224600447043e-01,  5.488274924195048e-02, -1.496973577059618e-01
s436        , -1.176834064700477e+00,  2.235610269428871e-02, -6.097816797013067e-02
s437        ,  4.255542297351823e-01, -7.620465590554930e-01,  2.078546682066170e+00
s438        ,  4.759340095896715e-01, -1.396907722916248e-02,  3.810184401618155e-02
s439        , -1.323840968987944e+00, -1.048794456429448e+00,  2.860675914976574e+00
s440        ,  1.911375936580773e+00,  1.633218802040480e-01, -4.454742931031511e-01
s441        , -5.968585101940267e-01,  1.184056156794852e-01, -3.229613685463487e-01
s442        ,  1.602708630643594e+00,  7.758939449157048e-01, -2.116316602542828e+00
s443        , -3.418194688489122e-01, -7.555763065171189e-01,  2.060898518990103e+00
s444        ,  7.637447106545253e-02, -1.143924576019726e-01,  3.120151392018284e-01
s445        ,  1.017156754691856e+00,  3.880477404971873e-01, -1.058433154653179e+00
s446        ,  1.325048844178530e-01, -2.554343119198525e-02,  6.967187702873506e-02
s447        , -1.204238242348799e-02,  9.493508602728080e-02, -2.589435064417149e-01
s448        ,  1.955645847805345e-01,  3.826671188528658e-02, -1.043757052342441e-01
s449        ,  1.023488117482967e+00, -1.137584862717842e-01,  3.102859285791580e-01
s450        ,  1.292595058164963e+00,  5.618346477132337e-01, -1.532451697336672e+00
s451        , -1.076547322827218e+00, -6.183454893104819e-01,  1.686589815154970e+00
s452        ,  1.041326926021929e+00, -2.134697658794538e-01,  5.822569084756782e-01
s453        , -2.986039119797084e-01, -4.673738392526620e-01,  1.274801823220890e+00
s454        , -1.068578759667890e+00, -1.208101075305091e+00,  3.295198241939848e+00
s455        , -1.019022963464540e-01, -2.129283001377718e-01,  5.807800146987148e-01
s456        , -1.276108587100781e+00, -6.208353805773966e-01,  1.693381204959243e+00
s457        , -1.562653854847452e+00, -7.624493237214038e-01,  2.079645256884250e+00
s458        , -1.571215894852860e-01, -1.213157216858568e-01,  3.308989297256794e-01
s459        , -7.908915586506604e-01, -5.146555298129514e-01,  1.403766648097702e+00
s460        ,  1.259413921430306e+00,  4.489286699819718e-01, -1.224491058173597e+00
s461        , -2.175818754703068e+00, -8.844375596310846e-01,  2.412378526247006e+00
s462        ,  1.056177437374778e+00,  9.203394665623611e-01, -2.510304025214349e+00
s463        ,  7.682398919925582e-01, -4.144298473735210e-01,  1.130392590808473e+00
s464        , -1.670624175566991e+00, -5.821474058083804e-01,  1.587856469447456e+00
s465        ,  3.572362737692147e-01,  3.058222203239329e-01, -8.341560680285579e-01
s466        , -1.202841334482275e+00, -6.230946489706695e-01,  1.699543551297444e+00
s467        , -9.998937028287650e-01, -9.256553061170976e-01,  2.524803428876227e+00
s468        , -9.085815979292673e-01, -5.032383946388370e-01,  1.372625442678089e+00
s469        ,  1.368123103534694e+00,  7.494024145617429e-01, -2.044058704563037e+00
s470        ,  6.270281968061774e-01,  1.729254476793358e-01, -4.716688386654314e-01
s471        , -2.645435144970039e-02,  3.158362512824368e-01, -8.614701875866916e-01
s472        , -9.877961354209573e-01, -1.964415961871339e-01,  5.358111300714038e-01
s473        ,  9.062936723193107e-01,  5.342063201635481e-02, -1.457093088499700e-01
s474        , -1.654729567131913e+00, -9.317464129855875e-01,  2.541417439950960e+00
s475        ,  1.613264697983012e+00,  8.775011972919831e-01, -2.393459009120106e+00
s476        ,  6.116129809221722e-01,  6.824732477133023e-01, -1.861503720181631e+00
s477        ,  5.840337661930541e-01, -8.642489798031026e-01,  2.357312460901746e+00
s478        , -1.152221920522414e+00, -8.349669746975400e-01,  2.277443306145836e+00
s479        , -5.094753281829528e-01, -3.360222764422240e-01,  9.165292848575733e-01
s480        ,  2.973171178971667e-01,  1.347244074397629e+00, -3.674722584199194e+00
s481        , -1.675140558535767e+00, -8.368589813937461e-01,  2.282603915027425e+00
s482        ,  5.105384321341787e-01,  3.009997999332771e-01, -8.210025070244250e-01
s483        ,  6.412437341666035e-01,  5.042989541170937e-01, -1.375518208688868e+00
s484        ,  2.259666720581154e+00,  1.366747140717893e+00, -3.727918853257013e+00
s485        , -6.133731587036794e-02, -6.978252280527205e-01,  1.903377549829507e+00
s486        ,  1.705016907792880e+00,  8.530942612867044e-01, -2.326887019193335e+00
s487        , -8.949077256537036e-01, -2.215331573055898e-01,  6.042504931140880e-01
s488        ,  4.414328374469543e-01,  3.592088768077448e-01, -9.797727057292382e-01
s489        ,  1.128277752007163e+00,  2.376010500199186e-02, -6.480770345403425e-02
s490        ,  1.504039442617624e+00,  1.181901855067568e+00, -3.223737644617662e+00
s491        , -5.198334157682940e-01, -5.557259347755146e-01,  1.515789664213484e+00
s492        ,  1.151627147663105e+00,  5.262643486559589e-02, -1.435430686996800e-01
s493        , -8.097664188918848e-01,  1.519312400150379e-01, -4.144053550046425e-01
s494        ,  6.975315577850428e-01, -7.968639797934280e-01,  2.173514152876136e+00
s495        ,  5.757891210893783e-02, -7.052596772623899e-02,  1.923655641179840e-01
s496        ,  1.842735197085195e-01,  1.123347976299065e+00, -3.064026969475682e+00
s497        , -3.806010851052651e-01, -1.654880251211330e-01,  4.513826372545360e-01
s498        ,  2.924357353950326e-01,  2.538377647353682e-01, -6.923640523063809e-01
s499        , -7.813708299191796e-01, -9.290684225225775e-01,  2.534112993621075e+00
s500        ,  1.758078897939561e-01, -2.189011422552932e-01,  5.970714486253589e-01
s501        ,  5.268597846364342e-01, -7.837316888631088e-02,  2.137694714527135e-01
s502        , -1.555727833576514e+00, -3.018327139646495e-01,  8.232743507533677e-01
s503        ,  1.172585934883692e+00,  7.868417552793726e-01, -2.146177684699666e+00
s504        ,  2.953705009587213e-01, -2.435754640576189e-01,  6.643727560126973e-01
s505        ,  1.048522988543108e+00,  1.041470800837696e+00, -2.840700022624676e+00
s506        ,  3.661355339494778e-01, -2.120536111735100e-01,  5.783942262939228e-01
s507        ,  7.001138090247849e-01,  1.616195893050870e-01, -4.408311501640475e-01
s508        ,  5.464601963517310e-01,  3.831518257203393e-01, -1.045079131471565e+00
s509        ,  2.946634304577050e-01, -1.899324570784627e-01,  5.180569005736622e-01
s510        , -1.105581921856613e+00, -4.535534891392661e-01,  1.237105645038816e+00
s511        ,  1.309201174401844e+00,  3.767944992886829e-01, -1.027738983938179e+00
s512        ,  7.885562671323768e-01, -2.721933197901166e-01,  7.424303869720936e-01
s513        , -5.799590652888761e-01, -1.789866056659378e-01,  4.882011616223675e-01
s514        ,  1.756955937636850e+00,  8.778707428437038e-01, -2.394466975984170e+00
s515        ,  1.301480913945963e+00, -5.790944680007892e-01,  1.579529322404908e+00
s516        ,  1.639096205345820e+00,  7.166388635006423e-01, -1.954693337655321e+00
s517        ,  1.265571797582470e+00,  1.075858567233943e+00, -2.934495574743138e+00
s518        ,  1.441905473368953e+00, -9.740876306989593e-02,  2.656906705727368e-01
s519        , -3.428509295553606e-01,  9.968608199058686e-02, -2.719022512568338e-01
s520        , -7.417091464175271e-01,  1.084046368038341e-01, -2.956828496522231e-01
s521        , -3.011966055380439e-01, -3.727316048615416e-01,  1.016657094477790e+00
s522        , -6.069082570615004e-01, -1.420005218157830e-02,  3.873184780699891e-02
s523        ,  1.256149620532759e+00,  4.743647150101232e-01, -1.293870030324168e+00
s524        ,  7.847794981407887e-02,  1.003425294241147e+00, -2.736927673594193e+00
s525        ,  7.540604241380652e-01, -3.205766664006546e-01,  8.744000722485912e-01
s526        ,  6.882803931636601e-01,  7.211279917422920e-01, -1.966937816028947e+00
s527        , -3.347470952839998e-01, -1.379616077507085e-01,  3.763019970829186e-01
s528        , -8.880876507782670e-01, -1.613530725847977e+00,  4.401042031841139e+00
s529        ,  9.212434057068957e-01,  1.276069859578606e+00, -3.480588871104149e+00
s530        ,  1.578253206298823e+00,  9.067463416905931e-01, -2.473227623168596e+00
s531        , -1.270304683847079e+00, -5.633618668108161e-01,  1.536617317075181e+00
s532        , -1.264611305197325e-01, -2.988873597789434e-01,  8.152406471725826e-01
s533        ,  8.237391297987288e-01,  5.231105058905365e-01, -1.426828313115649e+00
s534        ,  1.456467143630557e+00,  8.149321753053655e-01, -2.222796689994093e+00
s535        , -1.038398689934333e+00, -4.513643515978121e-01,  1.231134586552553e+00
s536        ,  5.135961834965114e-02, -2.997611320174473e-02,  8.176239351300285e-02
s537        , -8.440212331633648e-02,  3.580913269252231e-01, -9.767244935527563e-01
s538        , -1.317636610189325e+00, -1.900478421841373e-01,  5.183716232447505e-01
s539        ,  2.901282138702423e-01, -2.994867299425871e-01,  8.168754801761134e-01
s540        , -9.824868919009931e-02,  2.404956068737623e-01, -6.559721840861288e-01
s541        , -2.175405710121729e+00, -7.511453224396425e-01,  2.048812633760279e+00
s542        ,  2.591231555634874e-01, -3.188010624054688e-02,  8.695569616157645e-02
s543        , -1.058007309971476e+00, -4.915219697869890e-01,  1.340667899254928e+00
s544        ,  3.414925189823615e-01,  5.943218944500939e-01, -1.621063420743782e+00
s545        , -3.918998056173665e-01, -5.355180899243810e-02,  1.460671051882099e-01
s546        ,  5.616853932534658e-01,  2.499441526392148e-01, -6.817438947746112e-01
s547        , -1.305950209492648e+00, -1.273837048997181e+00,  3.474498690693837e+00
s548        , -3.050762501887698e-01, -2.797726639313347e-01,  7.631036915487754e-01
s549        ,  1.039973910986755e+00,  1.292223149367729e+00, -3.524648340301477e+00
s550        ,  2.095033672336812e+00,  1.153443723769566e+00, -3.146115675612803e+00
s551        , -1.303711602903422e+00, -1.071280412597071e+00,  2.922008269318844e+00
s552        ,  3.401293169548341e-01,  4.100322294385745e-01, -1.118397714564948e+00
s553        , -5.647880997296292e-02,  6.922921837781736e-02, -1.888285701855254e-01
s554        , -1.031552667181044e+00, -5.413576769924519e-01,  1.476599021348995e+00
s555        , -8.490058291493487e-01,  2.931635677144477e-01, -7.996285184081184e-01
s556        , -7.911863624049646e-01, -4.227239819005558e-03,  1.153015546842806e-02
s557        ,  2.474068956648234e-01,  6.641399551824156e-01, -1.811498108439674e+00
s558        , -5.007238229142660e-01, -3.089131185262537e-01,  8.425867552702903e-01
s559        ,  2.118829903875907e-01,  3.757261204823960e-01, -1.024824890046397e+00
s560        ,  1.297132454751414e+00, -2.491963271037131e-01,  6.797041371415460e-01
s561        , -5.288135218546878e-01,  7.466717455948443e-02, -2.036610573141790e-01
s562        , -7.943538387030609e-01, -4.117211600306190e-01,  1.123004416132740e+00
s563        , -1.695221398164227e+00, -1.559442119113042e-01,  4.253510765240001e-01
s564        , -8.235878596232101e-01, -1.030293593931682e+00,  2.810213241924475e+00
s565        ,  5.786852470915557e-01,  3.058732730977599e-02, -8.342953188032005e-02
s566        , -8.302212330074121e-01, -2.151338805342615e-01,  5.867959224679669e-01
s567        ,  5.393556498613846e-01,  4.532482381271797e-01, -1.236273046989751e+00
s568        ,  6.041187276553234e-01,  2.548567487606764e-01, -6.951434177397841e-01
s569        ,  5.614800719887970e-01,  2.360162048698605e-01, -6.437542348516482e-01
s570        ,  4.733969246303092e-01, -1.327055586040375e-01,  3.619656768348089e-01
s571        ,  5.730080514530493e-01, -2.053596199486624e-01,  5.601357969567018e-01
s572        ,  2.101230454819456e+00,  1.138648663397341e+00, -3.105760892453921e+00
s573        , -3.811463660619586e-01, -9.702726633647190e-01,  2.646501058460105e+00
s574        ,  6.881700420271472e-01,  5.432045858356219e-01, -1.481636622007951e+00
s575        ,  3.262214597255070e-01, -2.266027399940835e-01,  6.180782102678652e-01
s576        , -9.238693298049331e-01, -5.155081315996788e-01,  1.406092191850727e+00
s577        , -6.565756372879821e-01,  9.500193840699286e-02, -2.591258519826631e-01
s578        ,  6.712394147332970e-01, -2.005096429323509e-01,  5.469070729167348e-01
s579        ,  5.839122855740916e-01,  1.679903687132999e-01, -4.582079918330513e-01
s580        ,  8.930567879170550e-01,  2.785520226493568e-01, -7.597742888285666e-01
s581        ,  2.904861379712105e-01,  4.272182858909562e-01, -1.165274142510735e+00
s582        ,  1.328044708555014e+00,  8.288262075982146e-01, -2.260693842575709e+00
s583        , -1.299353843688629e-01, -4.755226441974543e-01,  1.297028380482424e+00
s584        ,  3.159094534140010e-01,  6.863462603271377e-01, -1.872067690876632e+00
s585        ,  6.465779848987863e-01,  1.348070643403693e+00, -3.676977121332965e+00
s586        , -1.841977151216957e+00, -1.077295124722555e+00,  2.938413907246668e+00
s587        , -1.519059721495913e+00, -9.748299426689980e-01,  2.658931424642585e+00
s588        ,  9.387912361205542e-01,  6.550509485676228e-01, -1.786707071306890e+00
s589        ,  7.816518315318011e-01, -1.980940310538166e-01,  5.403182864500520e-01
s590        ,  1.602915956175816e+00,  5.442776010440911e-01, -1.484563362080282e+00
s591        ,  6.259814475720535e-01,  1.088533145349552e-02, -2.969066562533690e-02
s592        , -1.866544971407417e+00, -1.220262483445584e+00,  3.328369515058652e+00
s593        , -1.403474560349544e+00, -7.774408186197259e-01,  2.120535831888933e+00
s594        , -1.647273275131083e+00, -1.853846984520464e-01,  5.056525028482902e-01
s595        , -6.257274702470922e-01,  1.177098792410402e+00, -3.210636883474954e+00
s596        , -8.694069998626694e-01, -9.460723044449859e-01,  2.580492525071060e+00
s597        ,  1.839102866755815e+00,  8.428025996873908e-01, -2.298815638493559e+00
s598        , -9.091043104888928e-01,  8.558331968139166e-02, -2.334357698359644e-01
s599        ,  1.564046405735407e+00,  1.153056857025241e+00, -3.145060463725466e+00
s600        ,  2.905731218387105e-01, -1.261271939211634e+00,  3.440226287066797e+00
s601        ,  3.859556967138555e-01,  2.111396983805959e-02, -5.759014515666841e-02
s602        , -1.440073457507333e+00, -5.215114709068450e-01,  1.422466809451119e+00
s603        , -1.400421335117203e+00, -5.013577204942300e-01,  1.367495744293038e+00
s604        , -1.410598066968925e+00, -7.252390630018778e-01,  1.978151111889684e+00
s605        , -1.621387133323043e-01, -6.149079567747684e-01,  1.677213653342156e+00
s606        , -9.979698047533583e-01, -9.265949650073046e-02,  2.527366428269494e-01
s607        ,  8.102904644198852e-01,  6.094461810533004e-01, -1.662316196396593e+00
s608        ,  6.515689709358394e-01,  6.073071447758206e-02, -1.656481793361073e-01
s609        ,  1.387300347613353e-02, -2.912246116765050e-02,  7.943398512112609e-02
s610        ,  1.548918422462740e-02, -1.738882396154240e-02,  4.742949354051630e-02
s611        ,  1.874583079024923e-01,  2.907004321153840e-01, -7.929101069592713e-01
s612        , -6.619121708260401e-01, -6.035850998329382e-02,  1.646329599804621e-01
s613        ,  1.853178585757171e+00,  1.211815411762712e+00, -3.305329409948319e+00
s614        , -3.191525488535212e-01,  1.711653457401423e-01, -4.668680112063543e-01
s615        , -1.037736039722638e-01, -2.777912736324941e-01,  7.576992813029793e-01
s616        , -8.799864633294985e-01, -1.372409741831059e+00,  3.743364078507056e+00
s617        , -1.183843594802837e+00, -8.985677539486232e-01,  2.450919830799411e+00
s618        , -1.123650075268739e+00, -1.238827144055211e+00,  3.379006202876849e+00
s619        ,  9.176659138352715e-01,  8.759930552057902e-01, -2.389345423549658e+00
s620        ,  1.595155267894712e+00,  9.753965751972726e-01, -2.660476962966462e+00
s621        ,  1.133359360912494e+00,  3.878665816182308e-01, -1.057939028431746e+00
s622        , -1.002419121282031e+00,  1.740921886184060e-01, -4.748512236246142e-01
s623        ,  1.034471969936265e-01, -1.042106144897924e-01,  2.842432977485042e-01
s624        ,  1.639327811745190e+00,  8.001242076404249e-01, -2.182406701098592e+00
s625        , -4.972654620844768e-01,  7.271197906548744e-01, -1.983280956223415e+00
s626        ,  3.826916613216537e-01, -1.132702147906112e-01,  3.089541266635406e-01
s627        ,  3.687647283893495e-01, -6.321173622534703e-03,  1.724153767739197e-02
s628        , -2.769187143037049e-02,  1.085158907005412e+00, -2.959863041001412e+00
s629        , -6.084255915863079e-01, -1.181351872683343e+00,  3.222237520975157e+00
s630        ,  2.575662011885660e-01, -6.677844160727071e-01,  1.821438684906316e+00
s631        ,  1.966623425207500e-01,  1.201637138516812e-01, -3.277567305608349e-01
s632        , -1.969402937452175e-01,  5.559848650855868e-01, -1.516495918615521e+00
s633        ,  2.667860134858853e+00,  1.269214848953154e+00, -3.461891247682397e+00
s634        ,  6.040142711820374e-01,  1.022183230224551e-01, -2.788091536402067e-01
s635        ,  1.911892919802316e+00,  1.421640254012148e+00, -3.877644479795466e+00
s636        , -2.071432026808114e-01, -7.228639157055546e-01,  1.971672696006133e+00
s637        , -3.698619835175476e-01, -7.108200627310224e-02,  1.938822064582053e-01
s638        ,  1.470155794820396e-01,  1.109391674480138e+00, -3.025959971475454e+00
s639        ,  1.040284966432418e-01, -2.990776963297229e-01,  8.157598062730305e-01
s640        , -7.663785491668940e-02, -4.002496310926923e-01,  1.091714847104691e+00
s641        ,  1.396787091256106e+00,  9.573240580040970e-01, -2.611182638096053e+00
s642        ,  1.137451761223006e+00,  6.802763459403162e-01, -1.855511484094737e+00
s643        ,  6.186651151125386e-02,  1.433009442713156e-01, -3.908654907139393e-01
s644        , -1.171820789178678e+00, -8.622617348685341e-01,  2.351892081639986e+00
s645        ,  4.823756822475945e-01, -3.373863196977692e-01,  9.202498286344813e-01
s646        ,  8.205150420430785e-01,  9.288271006531009e-01, -2.533454767735600e+00
s647        ,  3.518506790799084e-01,  4.797097025188874e-01, -1.308448937505111e+00
s648        ,  4.210663223398269e-02,  5.475306092849169e-01, -1.493436218214011e+00
s649        ,  5.870347574891154e-01,  9.345574175348301e-01, -2.549084693492983e+00
s650        , -7.940906852652418e-01, -8.549201332007544e-01,  2.331867239842224e+00
s651        ,  1.648126188438620e+00,  1.190873744936221e+00, -3.248209235882984e+00
s652        ,  2.998843396621518e+00,  9.021344396737171e-01, -2.460648268900435e+00
s653        ,  4.493206753989470e-01,  4.756879622785075e-01, -1.297479299582811e+00
s654        ,  8.907143716152748e-01,  2.490690723049920e-01, -6.793570388750261e-01
s655        ,  3.986925365877028e-01,  5.115211936489472e-01, -1.395217480127909e+00
s656        ,  8.200524881394200e-01,  3.708879163034477e-01, -1.011628277419767e+00
s657        ,  2.253026077099693e-01, -3.666835225073090e-03,  1.000160436417966e-02
s658        , -2.085098433395276e+00, -9.681512655584094e-01,  2.640714765852063e+00
s659        , -3.565026754081164e-01, -3.584357928213824e-01,  9.776640535271905e-01
s660        ,  9.769972243844465e-01,  6.148055240592881e-01, -1.676934259414891e+00
s661        ,  7.549182821078514e-01,  5.656674400155396e-01, -1.542905963717562e+00
s662        , -2.199791631405239e+00, -1.199556990995895e+00,  3.271893526655543e+00
s663        ,  6.537369904412299e-01,  6.216074244717380e-01, -1.695487020222007e+00
s664        , -1.032617581813699e+00, -6.022258602592593e-01,  1.642622158477819e+00
s665        , -1.725197455699346e-01, -3.000428521766965e-01,  8.183923507804030e-01
s666        , -9.556704567146264e-01, -4.765589536439091e-01,  1.299855002472808e+00
s667        , -1.074909955617834e+00, -2.701152323214996e-01,  7.367622269868419e-01
s668        ,  8.157451056201823e-01,  1.004029438101191e+00, -2.738575527259909e+00
s669        ,  8.201013628253863e-01,  5.366915318864193e-01, -1.463871714450318e+00
s670        , -8.377594254676490e-01, -1.080213684310457e+00,  2.946374526287275e+00
s671        , -5.700208727194026e-01, -2.554014602858473e-01,  6.966291646667534e-01
s672        , -7.390594172975108e-01, -4.679323423675533e-01,  1.276325187879632e+00
s673        ,  5.527317739358688e-01,  2.190979062849719e-01, -5.976081392201549e-01
s674        , -1.509604783948018e-01, -1.810580373945168e-01,  4.938511675116415e-01
s675        , -7.328015214360989e-01, -8.508389308514124e-01,  2.320735413969826e+00
s676        ,  2.481079887957650e-01,  3.538418431857627e-01, -9.651336659029379e-01
s677        , -1.497784796529649e+00, -8.798456382572724e-01,  2.399853670879013e+00
s678        , -6.955981656855925e-02, -1.798528539532169e-01,  4.905639273641370e-01
s679        ,  6.295281558129772e-01, -2.060702187253273e-02,  5.620740154447348e-02
s680        , -5.120635862296855e-01, -7.968495685277964e-01,  2.173474844925713e+00
s681        , -4.577628444983341e-01, -1.073685579583452e+00,  2.928568566455482e+00
s682        ,  1.425186289801849e+00, -1.777180419587029e-01,  4.847410464189990e-01
s683        , -8.653733268557260e-01,  1.896030770171444e-01, -5.171584884944350e-01
s684        ,  6.149991181690390e-01,  1.139413553608697e+00, -3.107847195439041e+00
s685        ,  1.739338045322250e+00, -1.068516886864426e+00,  2.914470518279702e+00
s686        ,  9.590771410105176e-01,  1.150022083934252e-01, -3.136782862489524e-01
s687        ,  5.412604899045221e-01,  9.698492201851507e-01, -2.645346081240573e+00
s688        , -1.405336687520458e+00, -6.565755922477965e-01,  1.790865666375783e+00
s689        ,  3.354058241185732e-01,  2.986206989349183e-01, -8.145133070829307e-01
s690        , -6.091694712828630e-01, -6.034563098225066e-01,  1.645978314117846e+00
s691        , -6.034950511663356e-01, -1.069046618954568e+00,  2.915915407525990e+00
s692        , -9.120972373870817e-01, -6.074230983545258e-01,  1.656798066590590e+00
s693        , -4.067329829645623e-01, -1.845188998679554e-01,  5.032909637101430e-01
s694        , -7.579589601320627e-01,  1.018606682159474e+00, -2.778336197931484e+00
s695        ,  1.455973696410247e+00,  8.397078093188254e-01, -2.290374335037973e+00
s696        , -6.516257166940767e-01,  3.324393949242441e-01, -9.067566713565547e-01
s697        ,  7.238448013551266e-01,  2.458159229382332e-01, -6.704837978083346e-01
s698        ,  1.662019888207613e+00,  6.750378406069103e-01, -1.841223016086651e+00
s699        , -1.247862087380916e+00, -8.479189870287335e-01,  2.312771019311354e+00
s700        , -1.114444246482743e+00, -7.312868498663802e-01,  1.994646963975986e+00
s701        , -4.217745973052512e-01, -1.995512370811868e+00,  5.442929395959604e+00
s702        , -8.481384521188839e-01, -1.359420518291507e-01,  3.707934868611761e-01
s703        , -9.416435374285391e-01, -2.083116435565042e-01,  5.681876919525477e-01
s704        ,  9.487448855648490e-01,  1.912279108217708e-01, -5.215903606331941e-01
s705        , -2.365138337942842e-01,  1.761494518257170e-01, -4.804625836693245e-01
s706        ,  5.583280652770263e-01,  2.241488797282196e-01, -6.113850980777336e-01
s707        ,  9.205089121966433e-01,  1.734792379159867e-01, -4.731793485486832e-01
s708        ,  1.060945132046508e+00,  2.122003009177051e-01, -5.787943350241174e-01
s709        ,  1.331106470481227e+00, -1.236683760643392e-03,  3.373159942661352e-03
s710        ,  1.914467968020750e-01,  6.785235942018047e-01, -1.850730704931999e+00
s711        , -7.721035544159953e-02,  8.659537176974288e-01, -2.361962278228445e+00
s712        , -1.414340169349908e+00, -7.245911122661891e-01,  1.976383771251761e+00
s713        ,  5.574707555573186e-01,  2.554878964704473e-01, -6.968649266980607e-01
s714        , -1.685969281548289e+00, -1.311047401128816e+00,  3.575993085022688e+00
s715        , -2.519985050786606e-01, -1.438063390588015e-01,  3.922439979011658e-01
s716        , -1.286737305127487e+00, -4.964377198324314e-01,  1.354076024815504e+00
s717        ,  3.452976089232733e-01, -2.853387085322356e-01,  7.782855507146699e-01
s718        ,  1.123110480867275e+00,  7.480539001696618e-01, -2.040380517079515e+00
s719        ,  6.888993521047061e-01,  8.836870943185693e-01, -2.410331568398046e+00
s720        ,  7.093644696892669e-01,  7.465854091392257e-01, -2.036375083129731e+00
s721        , -7.747236109533535e-01, -8.906402151773968e-01,  2.429296795810175e+00
s722        ,  3.328206388143558e-02,  8.899320581690007e-01, -2.427365237452370e+00
s723        ,  9.358910152584168e-02,  5.101010442794367e-01, -1.391343902162157e+00
s724        , -2.029371048190847e-01,  8.414641637259207e-01, -2.295164940785114e+00
s725        , -2.472238890656029e-01, -1.290458521349141e+00,  3.519835167576615e+00
s726        , -1.287360963264701e+00, -1.099657362467485e+00,  2.999408809088241e+00
s727        ,  1.020824855481523e+00,  2.138689799151431e-01, -5.833457986484099e-01
s728        ,  1.643163575608417e-01,  5.012918553698300e-01, -1.367316091574768e+00
s729        , -1.007289241750789e+00, -2.612115196568020e-01,  7.124765948330589e-01
s730        , -4.777207265671770e-02, -3.035063573156186e-01,  8.278393550733540e-01
s731        , -1.404307349772385e+00, -5.314488619752867e-01,  1.449571887202935e+00
s732        , -8.950540078294739e-01, -6.807339803503324e-01,  1.856759720797904e+00
s733        ,  7.802433523350311e-01,  2.717505171330714e-01, -7.412226051342633e-01
s734        , -3.943979845876157e-01, -7.793839121345902e-01,  2.125835784405314e+00
s735        ,  2.101468865327815e-01,  5.569616919410385e-01, -1.519160296789302e+00
s736        , -9.765048604112493e-01, -8.787734691434472e-01,  2.396929238601651e+00
s737        ,  1.458335451821299e-01,  4.090854225590857e-01, -1.115815218424085e+00
s738        , -6.859666936017034e-01, -1.198948715459035e+00,  3.270234403490562e+00
s739        , -4.324785166901873e-01, -1.798249783154197e-01,  4.904878941956051e-01
s740        , -8.464136206988212e-01, -8.450149127149289e-01,  2.304849910085543e+00
s741        ,  7.826811446288888e-01,  3.214748013820229e-01, -8.768498116554426e-01
s742        , -1.076711651730049e+00, -3.103267585266978e-01,  8.464425783793151e-01
s743        ,  1.126163901269626e+00, -1.172502128808608e+00,  3.198099093277559e+00
s744        ,  4.575225784544250e-01,  4.581846027924343e-01, -1.249737400675897e+00
s745        ,  6.120442964942220e-02,  8.902142289707486e-01, -2.428134882268398e+00
s746        , -7.321682226189938e-01, -6.591713492951863e-02,  1.797945814083524e-01
s747        ,  3.433900501625798e-01,  4.422518435750530e-01, -1.206279447334446e+00
s748        ,  1.070072189769298e+00,  4.347191055099831e-01, -1.185733264786977e+00
s749        , -3.065637698166305e-01,  2.959440204547806e-01, -8.072124392977079e-01
s750        ,  5.825873454256546e-01, -2.575638424203246e-01,  7.025272455091466e-01
s751        ,  1.285276821036511e+00, -6.211833092555720e-01,  1.694330209965595e+00
s752        , -1.346601886455474e+00, -9.634148959345968e-01,  2.627795915619583e+00
s753        ,  1.060914810725354e+00,  5.464276887018978e-01, -1.490427908693845e+00
s754        , -2.988071870667106e-01, -4.528583822915185e-01,  1.235209682102040e+00
s755        ,  3.446486458262937e-01,  7.985766303486602e-01, -2.178185552657183e+00
s756        ,  7.815527627219405e-01, -6.534918608886437e-01,  1.782454527307201e+00
s757        , -1.199593062238569e-01, -5.737676165627725e-01,  1.564999882896550e+00
s758        , -4.537603905509296e-01, -2.957044799780555e-01,  8.065590723121819e-01
s759        ,  8.887536211540953e-01,  3.947708717089560e-01, -1.076771065778501e+00
s760        , -2.895515595576988e-01,  1.444818804922754e-01, -3.940865945095526e-01
s761        ,  1.508586595387194e+00,  7.218072300286640e-01, -1.968790496117445e+00
s762        , -1.358921391484776e+00, -1.476396746043199e+00,  4.026997460240372e+00
s763        ,  6.364126482871526e-01, -2.505043081181051e-01,  6.832717663964301e-01
s764        , -9.313282224456001e-01, -5.318393950401230e-01,  1.450637099290709e+00
s765        ,  1.388135281387673e-01,  1.619845181125743e-01, -4.418265244662858e-01
s766        , -5.439787958329916e-01, -7.859507212683381e-01,  2.143747313792220e+00
s767        , -9.653950427427375e-02, -1.068266171106631e-01,  2.913786669766346e-01
s768        ,  5.676322320535289e-02,  5.997149433988758e-01, -1.635773419582442e+00
s769        ,  2.392616163662374e+00,  1.027308296878144e+00, -2.802070590780822e+00
s770        ,  2.218993464697082e+00,  2.375169068878515e-01, -6.478475270044678e-01
s771        , -1.301691995085942e+00, -4.607163387519742e-01,  1.256642925431613e+00
s772        ,  5.381680992613423e-01,  1.826993061421587e-01, -4.983278673526871e-01
s773        ,  3.401653127948082e-01,  9.935212356276043e-01, -2.709913512942798e+00
s774        ,  1.961582265617426e+00,  9.406420951367983e-01, -2.565681168197480e+00
s775        ,  1.370640331855435e-01, -7.563830049277329e-02,  2.063098857387896e-01
s776        , -1.362945069319552e+00, -2.131165017689413e-01,  5.812933506246871e-01
s777        , -3.352331847361073e-01,  1.958816535721737e-01, -5.342838390540250e-01
s778        ,  1.725306869739156e-02,  1.230533267727450e-01, -3.356383951102778e-01
s779        ,  1.449489553403749e+00,  2.875922173518243e-01, -7.844321873267051e-01
s780        ,  4.890100260675969e-01, -3.552799491938559e-01,  9.690562221248088e-01
s781        , -1.480324044989625e+00, -4.055754591449577e-01,  1.106241495241534e+00
s782        ,  4.189986042737073e-03,  1.510781177566390e-01, -4.120783916209489e-01
s783        , -6.272127818216120e-01,  5.088377570584928e-01, -1.387898179023083e+00
s784        , -7.567615030290812e-01, -4.871698279623946e-01,  1.328797062962977e+00
s785        , -5.703210531845893e-01,  2.788569475899347e-01, -7.606059974899153e-01
s786        , -8.599325133308396e-02,  4.625415531018592e-03, -1.261621352518627e-02
s787        ,  2.785466688170735e-01, -9.285715417473412e-01,  2.532757709125034e+00
s788        , -2.115784691919650e-01, -7.512852941223980e-02,  2.049194418407561e-01
s789        ,  5.205927430670391e-01,  1.431754909551404e+00, -3.905233061439901e+00
s790        ,  2.374718073624741e-01,  1.183280542806275e+00, -3.227498132465605e+00
s791        , -1.870737338196531e-01, -1.734020874910628e-01,  4.729689142151861e-01
s792        ,  3.003547556082288e-01,  5.939495528573969e-01, -1.620047827440593e+00
s793        , -5.143092658197446e-01, -6.262175884666996e-01,  1.708061633887847e+00
s794        , -1.010636071412045e+00,  3.019456723804862e-02, -8.235824544219369e-02
s795        ,  7.888417803219110e-01,  1.315573167361164e-01, -3.588337496626268e-01
s796        , -5.465110200553928e-01, -1.425677452875296e-01,  3.888656282423669e-01
s797        , -1.192872691111335e+00, -3.278073293509829e-01,  8.941223192766093e-01
s798        , -5.479719952294668e-01, -1.082517361422315e+00,  2.952658001175394e+00
s799        , -1.767142590180783e+00,  7.173254880428612e-01, -1.956566164383682e+00
s800        ,  8.963412972756590e-01,  1.108196873299432e+00, -3.022701049825098e+00
s801        , -1.947046181282547e-01,  7.313223046548896e-01, -1.994743669921505e+00
s802        ,  1.600748538223649e+00,  1.010812187458060e+00, -2.757076051937141e+00
s803        ,  6.740572620180488e-01,  5.679985980135788e-01, -1.549264395055670e+00
s804        , -1.928070676221089e+00, -1.117372650793525e+00,  3.047728761897389e+00
s805        , -3.708716392635017e-01, -9.657592469089155e-02,  2.634190331920464e-01
s806        ,  7.676901054132433e-01,  4.362058462750488e-01, -1.189788476437233e+00
s807        , -3.131290990966100e-01,  2.994803905935418e-01, -8.168581890634314e-01
s808        ,  9.833675917069939e-01,  5.380362763195496e-01, -1.467539619050759e+00
s809        ,  5.790963636372375e-01,  7.798759113486362e-03, -2.127177754029003e-02
s810        ,  1.050626461500014e+00,  1.304652515164735e-01, -3.558550490676106e-01
s811        ,  5.249115464039674e-01,  7.408536262399690e-01, -2.020741158685088e+00
s812        ,  1.605931526374292e+00,  9.933485226959153e-01, -2.709442423759538e+00
s813        ,  9.497331683917801e-01,  3.100750485999561e-01, -8.457560181857785e-01
s814        , -7.865406237894391e-01, -3.926662710523999e-01,  1.071030588822364e+00
s815        , -2.660810322736745e-01,  4.368985085088534e-01, -1.191677771481950e+00
s816        , -9.674450919852262e-01, -1.119210059676331e+00,  3.052740450607972e+00
s817        ,  7.270946209036595e-01, -3.046108358166640e-01,  8.308519139471933e-01
s818        ,  6.532804155454610e-01,  3.858766928486780e-01, -1.052511437885624e+00
s819        ,  8.081292268835972e-01,  1.415045102649420e+00, -3.859655644572966e+00
s820        ,  1.390381735794342e+00, -3.790013253557512e-01,  1.033758289379679e+00
s821        ,  1.516978402347242e+00,  6.094355592967015e-01, -1.662287224653759e+00
s822        ,  3.033561593600319e-01, -4.627786591430559e-02,  1.262268079374358e-01
s823        , -8.238895392622755e-01, -3.213395274565177e-01,  8.764808405398450e-01
s824        ,  2.038981274745353e+00,  1.093006276953503e+00, -2.981267408719795e+00
s825        ,  1.320628175421427e-01,  4.521961250978442e-01, -1.233403319385450e+00
s826        ,  9.525953446348725e-01,  1.036713091124416e+00, -2.827722965486552e+00
s827        , -2.151354450670567e+00,  1.906751234454281e-01, -5.200825861365685e-01
s828        ,  8.438987064828646e-01, -5.438111066124641e-02,  1.483290958915994e-01
s829        , -1.571185202221650e+00, -6.535378005256073e-01,  1.782579831566962e+00
s830        ,  3.133543223982471e-01, -4.070964102173952e-01,  1.110390018409356e+00
s831        , -8.984804340484778e-01,  4.657437194723197e-01, -1.270355533134629e+00
s832        , -1.855362237616736e+00, -8.550643523779586e-01,  2.332260609891214e+00
s833        ,  4.948389352249701e-01,  4.828127048765803e-01, -1.316912639858180e+00
s834        ,  1.120605859544544e+00, -6.208767944836590e-01,  1.693494164904315e+00
s835        , -8.435182612795279e-01, -9.578378085221974e-01,  2.612583936247871e+00
s836        ,  1.128844146448547e+00, -5.677782347123438e-01,  1.548663335444297e+00
s837        , -1.924657877822013e+00, -5.237519727276950e-01,  1.428577968369890e+00
s838        , -1.075095206150813e+00, -1.432107765650823e+00,  3.906195506405993e+00
s839        ,  3.864893622265216e-02,  5.922682294444189e-01, -1.615461875099496e+00
s840        , -1.233908351649846e+00, -7.173208640391064e-02,  1.956553552020874e-01
s841        ,  6.618283364070194e-01,  1.815679833910130e-01, -4.952420885078167e-01
s842        , -1.380664268040651e+00, -6.429632798284959e-01,  1.753736928665250e+00
s843        ,  5.539120810708922e-02,  4.528928432472709e-02, -1.235303677284362e-01
s844        , -2.111176459361614e+00, -1.512715810969787e+00,  4.126060793053618e+00
s845        ,  1.677967143093475e-01,  1.900614094581347e-01, -5.184086291363461e-01
s846        , -1.112697847471129e-01,  2.443829812839483e-01, -6.665753277998878e-01
s847        ,  9.946887487236225e-02, -1.586459527821216e-02,  4.327203041073996e-02
s848        , -1.578942777693122e+00, -8.996058556866633e-01,  2.453751341417246e+00
s849        ,  4.886541057537146e-01,  4.980860735339128e-01, -1.358572049469608e+00
s850        , -1.729847647025637e+00, -1.423896563905448e+00,  3.883798756573834e+00
s851        , -3.749493322034730e-03, -7.662322611630845e-01,  2.089963539900467e+00
s852        , -1.822550475295671e-01, -1.376521411747406e-01,  3.754579007254919e-01
s853        , -7.026997334075608e-02,  7.927098254042675e-01, -2.162183344122036e+00
s854        ,  4.598855993128227e-01,  6.177550455120532e-01, -1.684979329570351e+00
s855        ,  1.247409464273019e-01,  8.647793736960475e-02, -2.358759155271382e-01
s856        , -7.920260931956873e-01, -5.751069251343158e-01,  1.568652960723047e+00
s857        ,  1.951476409171481e+00,  4.963258624199636e-01, -1.353770924227116e+00
s858        ,  5.125085136741685e-01,  2.808667400836002e-01, -7.660878771332374e-01
s859        , -6.666214518700430e-01, -5.113420413468180e-01,  1.394728827015113e+00
s860        ,  6.811400510310224e-02,  2.111905110305852e-01, -5.760400473831385e-01
s861        ,  1.248756919249408e-01,  4.468905109766436e-01, -1.218931806461603e+00
s862        , -4.702662470572295e-01,  2.728408963462363e-01, -7.441967070034810e-01
s863        ,  4.846741731606912e-01,  1.171652772393018e-03, -3.195782401551828e-03
s864        ,  5.444121402657593e-01,  9.616129850839164e-02, -2.622881050805173e-01
s865        ,  6.365198845674543e-01,  3.942418841623338e-01, -1.075328207337872e+00
s866        ,  4.352365441984731e-01,  1.036626918004172e+00, -2.827487920985612e+00
s867        , -5.650365137506241e-02, -8.853702547954073e-02,  2.414922531486753e-01
s868        , -2.338433808137944e+00, -1.368349002991664e+00,  3.732288068595245e+00
s869        , -2.347184475558825e-01,  3.040416380043832e-03, -8.292993785936217e-03
s870        , -8.212819619769498e-01, -5.354122815060944e-01,  1.460382450438871e+00
s871        , -1.570593293706644e-01, -3.332862403427697e-01,  9.090665141266318e-01
s872        ,  5.284306454202828e-01,  7.844339526886250e-02, -2.139610198728391e-01
s873        ,  9.554554102193652e-01,  6.561383860947864e-01, -1.789673149477812e+00
s874        ,  1.539965674145509e+00,  9.734274169356909e-01, -2.655105916640701e+00
s875        ,  6.472677808586434e-01,  9.161609876770118e-01, -2.498906869331917e+00
s876        ,  7.990955642461934e-01,  1.242125873232108e+00, -3.388003766745092e+00
s877        ,  2.414774484401117e-01,  9.191467447996139e-01, -2.507050775353004e+00
s878        , -5.588324756467096e-01, -1.218201907839274e+00,  3.322749120164472e+00
s879        , -1.108097718569436e+00, -9.430485089569225e-01,  2.572244866178996e+00
s880        , -7.450297483445957e-01, -1.486613452125409e-01,  4.054864393404047e-01
s881        , -1.759050067534673e+00,  5.085969768764041e-01, -1.387241430635940e+00
s882        , -6.605379692241985e-01, -4.682492490346939e-01,  1.277189577717342e+00
s883        ,  3.815578964726026e-01, -3.135855058901615e-01,  8.553310884572489e-01
s884        , -4.051889851605022e-01, -1.271381511906855e-02,  3.467801004822431e-02
s885        ,  2.841270750996222e-02, -6.051647573255265e-01,  1.650638249717172e+00
s886        , -1.487878849688012e+00, -7.943404272284118e-01,  2.166630949023689e+00
s887        ,  4.820147860437528e-01, -1.404405712357966e-01,  3.830635804345705e-01
s888        ,  7.081092310596756e-01,  1.205652483079498e-01, -3.288519498776792e-01
s889        , -9.770534507358716e-01, -1.032732137908988e+00,  2.816864577637328e+00
s890        , -4.782598098188896e-02,  9.506305255495496e-01, -2.592925460093772e+00
s891        , -3.221184210883460e-01, -1.111577704791944e+00,  3.031922554729066e+00
s892        , -9.718981396026354e-01, -2.630575546884790e-01,  7.175118120969828e-01
s893        ,  2.164744347352420e+00,  1.800141108922505e-01, -4.910037693549033e-01
s894        ,  2.108977331308746e-01,  1.890819530845247e-01, -5.157370787285613e-01
s895        , -7.726754766108116e-01, -3.506237854611732e-01,  9.563561402692857e-01
s896        ,  2.280269149131176e+00,  3.773592789499804e-01, -1.029279468410077e+00
s897        ,  1.732742671810001e+00, -2.981297620708941e-01,  8.131742351093112e-01
s898        , -1.952924930899203e-01, -3.653107759376727e-01,  9.964161536132242e-01
s899        , -1.243124507856434e+00, -4.881323525585035e-01,  1.331422430510242e+00
s900        , -1.127987025274472e+00, -7.559244952239990e-01,  2.061848233246821e+00
s901        ,  2.222405771151903e+00,  9.037041405421743e-01, -2.464929761275405e+00
s902        , -1.852329248500361e+00, -1.025803315565738e+00,  2.797965626489201e+00
s903        ,  1.566870488248132e+00,  6.392798840661148e-01, -1.743690154029696e+00
s904        , -1.387739856871698e+00,  1.249213313221079e-01, -3.407335360987435e-01
s905        ,  1.121219821885003e+00,  3.609029425074636e-01, -9.843934137391488e-01
s906        , -9.933730759278802e-01, -1.257362612717238e+00,  3.429563267179782e+00
s907        , -5.762178128524449e-02, -5.480860296736437e-01,  1.494951174475434e+00
s908        ,  2.416796340775907e-01, -3.881863869569755e-01,  1.058811324642329e+00
s909        , -4.906300545514419e-01, -4.089357220916277e-01,  1.115406897690602e+00
s910        , -1.582982857801990e+00, -1.198585007418991e+00,  3.269242358935161e+00
s911        , -7.523355700553859e-01, -3.154888710240979e-01,  8.605226784419966e-01
s912        ,  2.234392115693804e-01,  5.343773469523128e-01, -1.457559578584976e+00
s913        , -1.421242973618926e+00, -8.069103946319243e-01,  2.200916602216106e+00
s914        ,  5.670067347130128e-02,  2.260708436816146e-01, -6.166274179214599e-01
s915        , -5.612055763432976e-01,  6.414346192646149e-02, -1.749567377205059e-01
s916        ,  8.997740464690429e-01,  9.704661304451469e-02, -2.647028756345951e-01
s917        , -1.606823724089288e+00, -6.780250525983385e-01,  1.849370890385964e+00
s918        ,  3.499868789687911e+00,  1.137614510580681e+00, -3.102940152854383e+00
s919        , -8.715752962891429e-01,  1.432622967135974e-01, -3.907600762193646e-01
s920        , -1.856154837094557e+00, -1.073438404447252e+00,  2.927894375288115e+00
s921        ,  2.276110916770269e-01,  1.392570337885727e+00, -3.798353815734988e+00
s922        ,  1.278757880561135e+00,  1.165517623176585e+00, -3.179048261232198e+00
s923        , -2.625003058195762e-01, -8.467997333850107e-01,  2.309718159981559e+00
s924        , -1.727834522886679e+00, -6.326100014950626e-01,  1.725497483092348e+00
s925        ,  1.850614154947128e+00,  9.635856413205408e-01, -2.628261638154798e+00
s926        , -9.602025879025963e-01, -1.108418673393543e+00,  3.023306028411006e+00
s927        , -1.294474937930480e+00, -1.077012731339119e+00,  2.937643655320188e+00
s928        , -8.964192424384732e-01, -1.028432783416963e-01,  2.805137723276204e-01
s929        ,  3.373466507702030e-01,  4.043554873196074e-01, -1.102913918521109e+00
s930        , -4.361686703935594e-01,  2.664765694242158e-02, -7.268374650383545e-02
s931        ,  1.180800691213646e+00,  7.548387574679624e-01, -2.058886791345952e+00
s932        ,  4.707166528445574e-01,  1.559827191185700e-01, -4.254561082008051e-01
s933        ,  1.703804210339992e+00,  3.787338981691181e-01, -1.033028859025507e+00
s934        , -1.834005051426063e+00, -1.341803975422800e+00,  3.659884252420280e+00
s935        , -1.778081906893596e+00, -1.453197895410963e+00,  3.963720625726286e+00
s936        , -1.576278502143039e+00, -9.038703297625479e-01,  2.465383056482233e+00
s937        ,  1.612912677482048e-01,  1.062629217755465e+00, -2.898411400964482e+00
s938        ,  3.756397573989944e-01, -3.277490217303102e-01,  8.939632802913293e-01
s939        , -1.269094165370334e+00, -3.469777713992006e-01,  9.464113273950269e-01
s940        ,  1.741633513389911e-01,  9.010340234400955e-01, -2.457646790205851e+00
s941        , -7.405880410109714e-01, -7.784190390472470e-01,  2.123204011148837e+00
s942        , -9.892731562449668e-01, -2.939742090847958e-01,  8.018396115633291e-01
s943        , -2.404390935905114e-01,  1.948591875820939e-01, -5.314949762661138e-01
s944        , -1.000366609598995e+00, -4.557257996290488e-01,  1.243030806313151e+00
s945        , -6.403848269203397e-01, -3.986226436950442e-01,  1.087277100858141e+00
s946        ,  1.042678968069443e+00,  5.310197842295677e-01, -1.448401541225893e+00
s947        ,  5.081125559242120e-03, -5.335571087829870e-01,  1.455322309345846e+00
s948        , -9.507722609706112e-01, -2.812531641953063e-01,  7.671418817025244e-01
s949        , -1.109777834090980e-01, -2.514670925877255e-01,  6.858978427707590e-01
s950        ,  6.358188156380660e-01,  7.359675198210054e-01, -2.007413888632263e+00
s951        , -2.185819524191360e+00, -9.168288791133288e-01,  2.500728599923621e+00
s952        ,  1.305064709156519e+00,  1.183264907317283e+00, -3.227455485342039e+00
s953        ,  1.664044937420125e+00,  1.118591015416760e+00, -3.051051954837614e+00
s954        ,  1.051351309197190e+00,  7.016450633558460e-01, -1.913796474895181e+00
s955        , -1.399028311662238e+00, -1.733661213085423e-01,  4.728708133990928e-01
s956        ,  1.385421265834244e+00,  6.763974066104097e-01, -1.844931347778518e+00
s957        , -9.408889636329510e-01, -5.674402580537656e-01,  1.547741475416251e+00
s958        ,  9.732055185777991e-01,  3.730908120373099e-01, -1.017636862543794e+00
s959        , -5.141793956906318e-01, -3.734406522886011e-01,  1.018591081528095e+00
s960        , -1.427508420922605e+00, -2.676857539099648e-01,  7.301356183742317e-01
s961        , -2.005936182526318e-01, -7.968657984043130e-01,  2.173519113291711e+00
s962        , -1.040812919577019e+00, -3.897541492697054e-01,  1.063087529441983e+00
s963        ,  3.350397487530737e-01, -6.210216992224250e-01,  1.693889404880664e+00
s964        , -1.211148190797335e+00, -5.628416589918432e-01,  1.535198406087050e+00
s965        , -3.546684926971408e-01, -1.152523763315736e+00,  3.143606405376987e+00
s966        , -1.297482551855562e+00, -6.760058044751625e-01,  1.843863219710437e+00
s967        , -7.045435460678467e-02,  6.456492497465534e-01, -1.761063139636180e+00
s968        ,  9.299065987644251e-02,  4.534483329482940e-01, -1.236818822600943e+00
s969        ,  6.950554955433741e-01,  5.210630808792296e-01, -1.421243787585731e+00
s970        ,  2.496136210729474e-01, -3.687398857848318e-01,  1.005769341827980e+00
s971        , -1.044044119112301e+00, -2.043444474022389e-01,  5.573668276555234e-01
s972        , -1.696855601622959e-01,  1.511347736114912e-01, -4.122329252747308e-01
s973        ,  4.802864320387065e-01, -5.796361271437963e-01,  1.581006743700404e+00
s974        , -1.989928973862810e-01, -5.546444489916011e-02,  1.512839819927519e-01
s975        ,  5.144117291211028e-01, -1.046992019135738e+00,  2.855759614244088e+00
s976        ,  3.695887594461370e-01,  8.832336295285328e-01, -2.409094704687340e+00
s977        , -5.208667084829633e-01, -3.542835305320753e-01,  9.663384056360633e-01
s978        , -1.415530554889297e+00, -3.548726419149852e-02,  9.679452569442282e-02
s979        , -9.075955878756907e-02,  1.034567088068239e+00, -2.821869559970688e+00
s980        , -1.408049785649008e+00, -9.458403667930102e-01,  2.579859895435467e+00
s981        ,  7.617332134276670e-01,  2.623157004693388e-01, -7.154883417362232e-01
s982        ,  5.658342892742037e-01,  2.912700048647048e-01, -7.944636649856514e-01
s983        , -6.523400746561840e-01, -7.114364399722030e-01,  1.940503285833361e+00
s984        ,  1.408650344937474e+00,  2.994856177815976e-02, -8.168724466626220e-02
s985        , -1.892295500046385e+00, -1.680499975116033e+00,  4.583706344424752e+00
s986        ,  7.279494111089814e-01,  4.171047722316141e-01, -1.137688675440703e+00
s987        ,  6.069333137359153e-01, -3.375469901457509e-01,  9.206880709211107e-01
s988        ,  7.956867077796174e-01,  1.724432856468848e-01, -4.703537007898515e-01
s989        , -1.492402946081943e-01, -7.708766478743727e-02,  2.102631498930335e-01
s990        ,  4.998144921024051e-01,  9.558614757473179e-01, -2.607193320828030e+00
s991        , -1.388778051347251e+00, -1.561505702391408e+00,  4.259139363815061e+00
s992        ,  4.282998930275517e-01, -1.133385310824409e+00,  3.091404651490672e+00
s993        ,  5.363050420459536e-01,  6.180789693793985e-01, -1.685862859417329e+00
s994        , -6.815023874245365e-01,  1.536284237130991e-01, -4.190345676197277e-01
s995        , -2.391036276757255e+00, -1.131154416306826e+00,  3.085319697307153e+00
s996        ,  4.431453520331272e-01,  7.309932477655928e-02, -1.993846139321416e-01
s997        , -6.841651286789517e-01, -1.314730358902541e+00,  3.586038665007006e+00
s998        , -1.890503332016519e-01, -2.198532936440697e-01,  5.996685223690145e-01
s999        , -1.955891416531250e-01, -4.843196210912560e-01,  1.321022881759994e+00
s1000       ,  1.922227018092693e+00,  1.111816710897505e+00, -3.032574464171877e+00
s1001       ,  7.564584951078414e-01,  3.526788796408844e-01, -9.619615841070870e-01
s1002       , -1.216448226111712e+00, -4.396593068982633e-01,  1.199208083460881e+00
s1003       ,  9.406214986730431e-01,  1.050459508386717e+00, -2.865217485540901e+00
s1004       , -6.084517344429569e-01, -5.341354240893406e-01,  1.456899713438713e+00
s1005       ,  1.047447652274055e-01,  3.668750411720400e-01, -1.000682819834772e+00
s1006       ,  1.789223857816157e+00, -7.621560908177609e-01,  2.078845439246211e+00
s1007       , -3.471776742826870e-02, -4.562594176613309e-01,  1.244486294796512e+00
s1008       , -4.304906904704673e-01,  5.089280772767355e-01, -1.388144535085873e+00
s1009       ,  5.526661980887815e-01,  3.091229647576844e-01, -8.431591286809490e-01
s1010       ,  1.084664986478008e-01,  4.945975206062658e-01, -1.349056725206534e+00
s1011       , -1.857041478323650e-01,  2.303264236113808e-01, -6.282348734478601e-01
s1012       , -9.197930097533304e-01, -1.779985263136452e+00,  4.855060913081994e+00
s1013       , -4.019119417889337e-01, -7.093516637946680e-01,  1.934816881826713e+00
s1014       , -1.358932079618377e+00, -1.644523771141300e+00,  4.485578193964104e+00
s1015       , -1.527440174864809e+00, -4.211067769862531e-01,  1.148604483150242e+00
s1016       ,  1.494747075983483e+00,  6.883854196601408e-01, -1.877629671067279e+00
s1017       ,  5.541257590705128e-01,  4.199818440794680e-04, -1.145536133150327e-03
s1018       , -1.957085120530336e+00, -1.016560818155557e+00,  2.772755930181736e+00
s1019       ,  7.131485583147716e-01,  9.725593597834985e-01, -2.652738217066321e+00
s1020       , -1.923756067205053e+00, -1.708062939631548e-01,  4.658886670037172e-01
s1021       ,  3.885529621363158e-01,  1.263487574715656e+00, -3.446269620995453e+00
s1022       , -1.875446506562856e+00, -1.000212808994985e+00,  2.728165347368516e+00
s1023       ,  1.372593741804168e+00, -1.395332407858462e-02,  3.805887596065185e-02
s1024       , -8.235465806555776e-01, -4.305241693524365e-01,  1.174291220297519e+00
s1025       , -3.055697164838789e-01,  3.773400566028697e-01, -1.029227037826495e+00
s1026       , -1.058405261469002e+00, -1.749426184530286e-01,  4.771708431938866e-01
s1027       ,  1.001215100946893e+00,  1.092300228563921e+00, -2.979341601798807e+00
s1028       , -1.207050253018809e-01, -3.520558786303835e-01,  9.602622959626610e-01
s1029       , -3.485019297637044e-02,  4.304814601260017e-01, -1.174174727256718e+00
s1030       ,  7.570890498814408e-01,  4.880216694105793e-01, -1.331120532828084e+00
s1031       , -3.425236517205575e-01, -2.264653019622720e-01,  6.177033363686045e-01
s1032       , -9.690806500330096e-01, -4.018926592131583e-01,  1.096196345784469e+00
s1033       ,  3.580879227715397e-01,  2.169078687898021e-01, -5.916346260337326e-01
s1034       , -1.559175075401338e+00, -4.535846754613418e-01,  1.237190708379771e+00
s1035       , -5.297528349600488e-01, -6.451641723784511e-01,  1.759740049935116e+00
s1036       , -2.199501197760688e+00, -8.020153410711688e-01,  2.187564928074495e+00
s1037       , -2.563451324430153e-01, -6.733691004716467e-02,  1.836671385703727e-01
s1038       ,  1.208934872396009e+00,  1.182645329281965e+00, -3.225765533653015e+00
s1039       ,  1.284684643971159e+00,  1.079023318794083e+00, -2.943127703287942e+00
s1040       ,  3.246719543370283e-02, -2.207892411487804e-02,  6.022213986432701e-02
s1041       ,  2.496032441662194e+00,  8.625541210745579e-01, -2.352689589838394e+00
