# c0 + a0 * (face-area-count + Na-Na-avg)
# Property Label: $E$; Unit of the Property: Unitless
# RMSE: 0.750571566397315; Max AE: 2.69094684558707
# Coefficients
# Task   a0                      c0
# all , -6.100180424111402e-02,  1.877613197278747e+00, 
# Feature Rung, Units, and Expressions
# 0;  1; Unitless;                                         34|24|add; (face-area-count + Na-Na-avg); $\left(face-area-count + Na-Na-avg\right)$; (face_sub_area_sub_count + Na_sub_Na_sub_avg); (newdata$face_sub_area_sub_count + newdata$Na_sub_Na_sub_avg); face-area-count,Na-Na-avg
# Number of Samples Per Task
# Task, n_samples               
# all , 1041                  

# Sample ID , Property Value        ,  Property Value (EST) ,  Feature 0 Value      
s1          ,  6.774572406644882e-01,  3.946574203684361e-01,  2.431003140577321e+01
s2          ,  1.967875961713064e+00,  1.437317456277878e-01,  2.842344539183904e+01
s3          , -1.271285198486554e+00, -5.663022708419294e-01,  4.006300302956491e+01
s4          , -1.922048452937919e-01, -7.130729146953618e-01,  4.246900799416089e+01
s5          ,  2.455067115358116e-01, -2.375002873245735e-01,  3.467296600348381e+01
s6          ,  1.771859120156342e-01,  4.511489837602090e-01,  2.338396759348848e+01
s7          , -1.787554844087500e-01,  4.022703974987702e-01,  2.418523219327380e+01
s8          ,  1.258527874893824e+00, -6.136046554053187e-01,  4.083842902149825e+01
s9          ,  1.207996528852184e+00,  8.928843659880220e-01,  1.614261813303937e+01
s10         , -3.778119871449526e-01,  1.444281670996483e-02,  3.054287334198293e+01
s11         ,  2.051916464504999e-01, -5.856556479866011e-01,  4.038026212354475e+01
s12         , -9.030892502610830e-01, -5.629767387059468e-01,  4.000848772174159e+01
s13         , -1.915336013610817e+00, -5.240260964150958e-01,  3.936997148807584e+01
s14         , -4.972857440368104e-01, -7.946244548727950e-01,  4.380587894727393e+01
s15         ,  9.892906044607527e-01,  3.355297673942141e-01,  2.527930852322560e+01
s16         ,  7.196956197004112e-01,  7.505593619449407e-01,  1.847574591202327e+01
s17         , -8.233048349290433e-01, -4.592532178645008e-01,  3.830815242622358e+01
s18         ,  6.436893120625885e-01, -2.023373551681884e-01,  3.409654154204655e+01
s19         ,  6.782210382119218e-01,  1.101314064616715e+00,  1.272583888820163e+01
s20         ,  1.358387811126361e-01, -8.262460480192690e-01,  4.432425038791997e+01
s21         ,  1.192439177417436e+00,  7.567132171847484e-01,  1.837486602303697e+01
s22         , -1.675888320916539e+00, -1.121334046966890e+00,  4.916161548914327e+01
s23         ,  1.682267394333138e+00,  8.943571474662980e-01,  1.611847488848131e+01
s24         , -5.344901610254715e-02, -9.729906969221935e-02,  3.237465336541496e+01
s25         ,  7.630444568978922e-01,  1.582117038910134e+00,  4.844056041369587e+00
s26         , -7.690353008448225e-01, -1.176675939601334e+00,  5.006883279726913e+01
s27         ,  1.318355805735755e-01, -6.190506050208011e-02,  3.179444086792486e+01
s28         , -1.557515501210242e+00, -7.251256686562366e-01,  4.266658828069201e+01
s29         ,  1.315402392066626e+00,  1.540140605569655e+00,  5.532173939892131e+00
s30         , -1.602536800620832e+00, -4.697441026148443e-01,  3.848012905676516e+01
s31         , -6.577868421803238e-01,  1.147192845237432e-02,  3.059157498768914e+01
s32         ,  1.122204297021453e+00,  2.719804486857371e-01,  2.632106982027337e+01
s33         ,  1.732999170998263e+00,  1.091363783398009e+00,  1.288895342788601e+01
s34         ,  1.815120104294484e+00,  5.641864778064967e-01,  2.153094872867755e+01
s35         ,  5.934117724273275e-01,  1.057172898760155e+00,  1.344944315541461e+01
s36         ,  9.702627198604924e-01, -1.216137314589700e-01,  3.277324258862294e+01
s37         ,  1.142962175227537e+00,  4.311290934240186e-02,  3.007288572458203e+01
s38         ,  2.376281988155590e-01,  1.079349985360430e+00,  1.308589511161218e+01
s39         , -9.901628269429662e-01,  5.433261646659704e-01,  2.187291096077931e+01
s40         , -6.175077579414836e-01,  2.507961798476879e-01,  2.666834264443963e+01
s41         , -6.558266813617915e-01, -2.765366298041274e-01,  3.531288711672268e+01
s42         , -1.132806252875512e-01, -6.137035140694433e-01,  4.084004960740312e+01
s43         ,  3.987508132795206e-01,  7.157369092547174e-01,  1.904658890795476e+01
s44         , -1.257042213831158e-02, -1.037230522590857e-01,  3.247996144026263e+01
s45         , -2.453536714432208e-01, -1.613705625382587e-01,  3.342497464104137e+01
s46         ,  4.319604697532172e-01, -4.563342866251292e-01,  3.826030250972219e+01
s47         , -5.858250576994644e-01, -2.941864459850208e-02,  3.126189242435467e+01
s48         , -1.351740028810569e+00, -1.168601764899202e+00,  4.993647319245781e+01
s49         ,  1.400180920836999e+00, -1.554823413695461e-02,  3.103451537159204e+01
s50         ,  6.339509690024701e-01, -4.768209853656804e-01,  3.859614009674791e+01
s51         ,  9.663578673416964e-01,  8.879714074583483e-01,  1.622315605467616e+01
s52         ,  1.470345916377529e-01, -9.519624249481629e-02,  3.234018180799853e+01
s53         , -1.879048126514940e+00,  4.826696663129515e-02,  2.998839548117019e+01
s54         ,  2.462378298792408e+00,  1.290779228267728e+00,  9.619944464126270e+00
s55         ,  2.147693442064033e-01, -4.592326947618151e-01,  3.830781599186822e+01
s56         ,  1.250856345991485e+00,  1.475885658083322e+00,  6.585502579687123e+00
s57         ,  3.470878239384724e-01,  8.848992327795188e-01,  1.627351808440706e+01
s58         ,  2.650904256602346e+00,  9.425187703448937e-01,  1.532896343914395e+01
s59         ,  2.436955679659398e-02, -1.397289129320198e-01,  3.307020399326350e+01
s60         , -1.350996154759193e+00, -7.828736472290603e-01,  4.361324845396444e+01
s61         , -1.175408395594881e+00, -6.574474458637731e-01,  4.155714203341446e+01
s62         ,  5.137509822735412e-02, -1.339411098525105e-01,  3.297532478187767e+01
s63         ,  1.630781368412474e+00,  6.988992298106775e-01,  1.932260827579981e+01
s64         , -7.346563779561162e-02,  1.224550415048588e+00,  1.070563060149634e+01
s65         ,  6.477994742971301e-01,  5.903304819408182e-01,  2.110237117331565e+01
s66         ,  1.102507059534665e+00,  3.071633802008000e-01,  2.574431751019414e+01
s67         , -2.689254974131806e-01,  2.622357617279025e-01,  2.648081406192428e+01
s68         ,  1.634793292022643e+00,  9.263432929454302e-01,  1.559412735684594e+01
s69         ,  3.008420412735001e-01,  7.576653660613293e-01,  1.835925748672521e+01
s70         ,  4.428344099007711e-01,  3.514799606271848e-01,  2.501783767934815e+01
s71         , -2.587880550234566e-02, -5.739364023989351e-01,  4.018814902568711e+01
s72         ,  3.320850724266521e-01,  7.342751630450577e-01,  1.874269209668887e+01
s73         , -1.001377721869569e+00, -6.038801759874191e-02,  3.176957204769550e+01
s74         ,  1.535377236435878e+00,  1.505516889195727e+00,  6.099759059785878e+00
s75         ,  2.223324131252060e-01,  3.812118130106961e-01,  2.453044467920026e+01
s76         , -5.720277382811452e-01, -4.822047057308370e-01,  3.868439519726719e+01
s77         , -1.197863875151751e+00, -5.713650429493462e-01,  4.014599683885301e+01
s78         , -1.436625202734528e+00, -6.822545317437718e-01,  4.196380354430924e+01
s79         ,  4.409066269069510e-01,  5.927052869695220e-01,  2.106344109479999e+01
s80         ,  6.309139277294878e-01,  1.616090581417413e-01,  2.813038336299654e+01
s81         , -1.685326208098238e+00, -3.566169488798681e-01,  3.662564040446509e+01
s82         , -1.663665661245249e-01, -3.117740332372463e-01,  3.589053238265352e+01
s83         , -1.321966357459877e+00, -6.592720627016095e-01,  4.158705290015907e+01
s84         ,  1.425519064192979e+00, -2.369405471871653e-01,  3.466379020705661e+01
s85         , -6.984731689207798e-01, -3.576776364345255e-01,  3.664302821074152e+01
s86         , -2.932580333118892e-01,  2.991862822563363e-03,  3.073058834533169e+01
s87         ,  3.346071912195332e-02, -2.460214128473732e-01,  3.481265245421761e+01
s88         , -7.344698336486584e-02, -1.912074886722201e-01,  3.391409011074172e+01
s89         ,  2.903456543575506e-01,  2.354799710891766e-01,  2.691942060760893e+01
s90         ,  3.160753830639385e-01, -1.103052580774830e-01,  3.258786326218876e+01
s91         ,  4.911838748491691e-01,  1.253572066101889e+00,  1.022987990175325e+01
s92         , -8.899315452749768e-01, -7.869328043486090e-01,  4.367979004515254e+01
s93         ,  8.806558878772817e-01,  1.334133092516641e-01,  2.859259508346684e+01
s94         ,  2.174850994919374e-01,  1.884854052275162e-01,  2.768980054056814e+01
s95         , -7.665153489308597e-01, -9.022336821857972e-01,  4.556991246483464e+01
s96         ,  5.275622810365228e-01, -1.011694985583511e-01,  3.243810114231732e+01
s97         ,  2.030602111680013e+00,  1.045926228133538e+00,  1.363380935189895e+01
s98         , -9.469867286116609e-01, -3.496643469011491e-01,  3.651166669392961e+01
s99         , -9.198822372946849e-01, -1.021905618696270e+00,  4.753168946469944e+01
s100        , -4.843791818667553e-01, -1.297275668129456e-01,  3.290625234882454e+01
s101        , -2.042448773263304e-01,  3.565845095273192e-01,  2.493415902486183e+01
s102        , -5.164158759195604e-01, -1.161337512705276e+00,  4.981739061310961e+01
s103        ,  1.172650799800637e-01,  6.652712100206155e-01,  1.987387098365587e+01
s104        , -1.768695959917696e+00, -1.076245733527047e+00,  4.842248467160832e+01
s105        ,  5.247327840013729e-01,  7.182187006485874e-02,  2.960226094422336e+01
s106        ,  5.297962102782025e-01,  1.144096252363537e+00,  1.202451229173373e+01
s107        ,  1.497385912477808e-01, -6.476893466657365e-01,  4.139717792547650e+01
s108        ,  4.406641357796892e-01,  8.091784982411938e-01,  1.751480488699135e+01
s109        , -6.596772585897818e-01, -4.375348470903366e-01,  3.795212409158088e+01
s110        ,  1.094420195469493e+00, -1.185839583296859e-01,  3.272357564570255e+01
s111        ,  3.915962330096326e-01,  7.887790493198386e-01,  1.784921219141672e+01
s112        ,  8.365523515867515e-01,  1.002926193447731e+00,  1.433870710403503e+01
s113        , -1.291655352083360e-01,  2.352456868231645e-01,  2.692326121968470e+01
s114        ,  1.376602311009741e+00,  7.577079021873623e-01,  1.835856019380802e+01
s115        ,  2.854337653329592e+00,  6.581039412560947e-01,  1.999136371774275e+01
s116        , -4.031277243707178e-01,  2.793878076260519e-01,  2.619964129807693e+01
s117        , -1.548008576871541e+00, -7.092418917689549e-01,  4.240620619716380e+01
s118        , -1.376296935489929e+00, -7.358931988188508e-01,  4.284309994779049e+01
s119        ,  1.159776550977451e-01, -2.885951597789205e-01,  3.551056208920598e+01
s120        , -1.608916416404319e-01,  5.578586611322609e-01,  2.163468036010970e+01
s121        ,  3.197271174130288e-01,  5.489357411921911e-01,  2.178095340975265e+01
s122        , -1.530552753436365e+00, -3.803218335543337e-01,  3.701423357755830e+01
s123        , -1.233881263109963e+00, -8.928882726739211e-01,  4.541671356148848e+01
s124        , -5.427146006639550e-01, -1.740024680754380e-01,  3.363204893489751e+01
s125        ,  9.732454451545894e-01, -5.382722362937808e-01,  3.960350785730152e+01
s126        , -1.840471966312827e-01, -5.055163685122188e-01,  3.906654230047811e+01
s127        , -1.081994746251625e+00, -1.019150866082849e+00,  4.748653092147779e+01
s128        ,  4.539347974729817e-01,  1.038611495343478e+00,  1.375371945752710e+01
s129        , -9.281932508350824e-01, -6.005073527143645e-01,  4.062372549176024e+01
s130        , -7.213314288938638e-01,  7.683319786303875e-01,  1.818440015747478e+01
s131        , -2.205996399193568e-01, -1.587231911139202e-01,  3.338157639311620e+01
s132        , -1.239159936584262e+00, -5.360004101196221e-01,  3.956626590679823e+01
s133        , -3.218370754810609e-01, -1.352374560016798e-01,  3.299657572953892e+01
s134        , -1.004593496203065e+00, -3.714307111077433e-01,  3.686848178288272e+01
s135        ,  9.616883013837800e-01,  6.518670226448409e-02,  2.971103096968275e+01
s136        ,  1.177397001560173e+00,  7.892392612751633e-01,  1.784166795627401e+01
s137        , -1.190015539084228e+00, -3.331212204628364e-01,  3.624047592106451e+01
s138        ,  2.514478411301381e-01, -8.106156688492505e-02,  3.210847266782257e+01
s139        , -1.987650229798378e-01, -4.012643394864379e-02,  3.143742476283795e+01
s140        , -1.883191692860165e-02, -1.454306298303727e-01,  3.316367199751820e+01
s141        ,  4.763479271249645e-01,  5.043000808740776e-01,  2.251266390378472e+01
s142        , -1.264849480226229e+00, -9.552096605521403e-01,  4.643834544030782e+01
s143        ,  5.343202969822768e-02,  1.106209816210205e+00,  1.264558303914281e+01
s144        ,  1.580293395785219e-01,  7.136001168584165e-01,  1.908161725544191e+01
s145        ,  9.188749641933952e-01,  4.309754019020147e-01,  2.371467226868885e+01
s146        ,  8.965084025411505e-01,  8.201417446002945e-01,  1.733508485255159e+01
s147        ,  6.848734553557310e-01,  3.986337613148929e-01,  2.424484741661216e+01
s148        ,  2.946101194283518e-01, -3.469008294642495e-02,  3.134830689050861e+01
s149        , -1.049624548293927e+00, -3.939726376307624e-01,  3.723801063212660e+01
s150        ,  3.591106519707902e-01,  7.316433871185222e-01,  1.878583468827737e+01
s151        , -1.331621263631160e-02,  1.280027852372667e-02,  3.056979940108350e+01
s152        ,  6.334057303004041e-01, -4.231329882402053e-01,  3.771603502783439e+01
s153        ,  1.034338109925286e+00,  4.586269315948646e-01,  2.326138191052903e+01
s154        , -3.383324211856340e-02, -2.165452967636983e-01,  3.432945172842976e+01
s155        ,  1.136039203602913e+00, -5.045756699823907e-01,  3.905112146921696e+01
s156        , -1.392262169733224e+00, -7.703815313200615e-01,  4.340846572557787e+01
s157        , -5.253740885024729e-01, -7.354158709491632e-02,  3.198519795679459e+01
s158        ,  3.989423304234663e-01,  5.365296451212929e-01,  2.198432601856701e+01
s159        ,  5.765884380454732e-01,  4.077641364871794e-01,  2.409517356211111e+01
s160        , -8.116051377987674e-01, -7.186928890895967e-01,  4.256113599699867e+01
s161        , -3.068617279191663e-01,  2.666730977092511e-01,  2.640807300063027e+01
s162        ,  7.336330388262124e-01, -3.537119840071525e-01,  3.657801943802230e+01
s163        ,  5.366582957206302e-01, -2.465909036691361e-01,  3.482198809320153e+01
s164        ,  1.442528357282191e+00,  1.240557356178909e+00,  1.044322949173485e+01
s165        , -1.062713736405366e-01,  5.296836121342328e-01,  2.209655274812407e+01
s166        , -8.326065002207604e-01, -6.273370329121053e-02,  3.180802477416237e+01
s167        ,  3.946237056414995e-01, -9.782756649362545e-02,  3.238331699115490e+01
s168        ,  2.235679947771067e+00,  1.210497087834422e+00,  1.093600620085762e+01
s169        ,  1.625062009748738e+00,  1.002393073454297e+00,  1.434744651756659e+01
s170        ,  1.327620092596634e-01, -4.685944621473090e-01,  3.846128304914559e+01
s171        ,  5.954984467350798e-01,  6.096817389849654e-01,  2.078514683405415e+01
s172        ,  5.199772380778388e-01,  1.761084443174401e-01,  2.789269553792191e+01
s173        ,  6.222838143288129e-01,  5.811294864480587e-01,  2.125320270374698e+01
s174        ,  1.054103529053623e+00,  3.082292922495582e-01,  2.572684405900662e+01
s175        , -5.255654946879281e-01, -1.360406770604097e-01,  3.300974289842387e+01
s176        ,  9.849433920982633e-01,  9.484209179398931e-01,  1.523220978294600e+01
s177        , -4.422819104749493e-01,  1.345153619064792e-01,  2.857452918085092e+01
s178        , -6.072036959750036e-01, -5.583553483576129e-01,  3.993272946498466e+01
s179        ,  1.274608736041423e+00,  1.389498624025294e+00,  8.001641579716978e+00
s180        , -1.497077617346340e+00, -9.668232711098741e-01,  4.662872686758217e+01
s181        , -2.083438027973673e+00, -9.318703196896789e-01,  4.605574461148297e+01
s182        ,  1.836267684377070e+00,  6.974710837062736e-01,  1.934601981455953e+01
s183        ,  9.114464311238878e-01,  2.993521284885203e-01,  2.587236702953959e+01
s184        ,  1.514590021168478e+00,  5.393375252231634e-01,  2.193829655867149e+01
s185        ,  1.833338059507960e+00,  1.418689905821721e+00,  7.523110130367598e+00
s186        ,  2.453649877689343e-01,  5.023682941725556e-01,  2.254433160157751e+01
s187        ,  3.720198183543537e-01, -3.666508000497928e-01,  3.679012490282951e+01
s188        ,  1.146530015212694e+00,  9.880683597684643e-01,  1.458227094389361e+01
s189        ,  1.953473158179789e-01, -8.846874959597528e-02,  3.222989830110011e+01
s190        , -2.653274521332475e-01, -5.361119432862502e-01,  3.956809426528722e+01
s191        , -1.734213411135429e+00, -9.833244513791259e-01,  4.689923001866980e+01
s192        , -1.380433379832566e+00, -7.732810206454730e-01,  4.345599693160501e+01
s193        ,  1.331098677791819e+00,  1.259555236640052e+00,  1.013179803987070e+01
s194        ,  5.090097107027989e-01,  8.853827500695277e-02,  2.932822962416566e+01
s195        , -9.924573921340460e-02, -6.925307118403865e-01,  4.213226053053210e+01
s196        , -5.779338669443590e-01, -1.919499396065889e-01,  3.392626107754516e+01
s197        ,  2.483047809304522e-01,  1.990307936328837e-01,  2.751693043391218e+01
s198        , -5.206217556690500e-01,  6.270238961444652e-01,  2.050085758433042e+01
s199        , -5.943289801913764e-01, -1.333081517812713e-01,  3.296494872695416e+01
s200        , -1.021605773659559e+00, -6.784207640615738e-01,  4.190095675264642e+01
s201        , -1.880186336712063e-01,  5.618548490739617e-03,  3.068752919813345e+01
s202        ,  8.974446090874552e-01,  2.111496050643258e-01,  2.731826727005654e+01
s203        ,  1.491847227695687e+00, -8.268672668177812e-02,  3.213511384372008e+01
s204        ,  5.673187961114483e-01,  2.836416417213756e-01,  2.612990837544877e+01
s205        ,  7.052663182498152e-02,  3.853923346350965e-01,  2.446191356481097e+01
s206        ,  4.612958000362408e-01, -1.114880958550062e-01,  3.260725347190859e+01
s207        , -1.890335631962240e-01, -4.854584671179485e-01,  3.873773397023611e+01
s208        ,  1.196645888991632e+00,  3.206024382138990e-01,  2.552401159989713e+01
s209        ,  1.251755561530769e-01, -4.283181140910723e-01,  3.780103457687022e+01
s210        ,  4.275859111659360e-01,  9.554530227531655e-02,  2.921336372215614e+01
s211        ,  5.283027681041661e-01,  1.587840049675071e-02,  3.051933987761011e+01
s212        , -5.193859304496163e-01, -5.027900379070311e-01,  3.902184967803679e+01
s213        , -7.895660096178727e-01, -5.542021418994134e-01,  3.986464612696103e+01
s214        , -8.273130453363812e-01, -9.699609135636271e-01,  4.668016210778181e+01
s215        ,  7.097242197335737e-01, -2.619397682507227e-01,  3.507360138189902e+01
s216        , -4.103389107009319e-01,  4.478754891111492e-02,  3.004543342887461e+01
s217        ,  5.083753923761842e-01, -1.514114484613975e-01,  3.326171530468638e+01
s218        ,  1.227559854195250e+00,  6.282890443068341e-01,  2.048011806394889e+01
s219        ,  4.233903461072759e-01, -2.626362983429569e-01,  3.508501957027720e+01
s220        , -9.401298955648565e-02,  8.700450201629579e-01,  1.651702256433766e+01
s221        ,  1.262898065596499e+00, -4.852984474062150e-02,  3.157518152096207e+01
s222        , -8.196925206317609e-01, -7.526207467529342e-01,  4.311731393444516e+01
s223        ,  4.013207508237785e-01, -3.383645320062456e-02,  3.133431337414594e+01
s224        ,  7.221682333138075e-01,  1.270898471934061e-01,  2.869625532986322e+01
s225        ,  7.658761358813224e-01,  7.073629221493116e-01,  1.918386332482785e+01
s226        ,  1.021677840387193e+00,  6.301059908327751e-01,  2.045033293630316e+01
s227        , -1.713769108940136e-01,  3.430836576221814e-01,  2.515547791982065e+01
s228        ,  1.274319171489858e-01, -3.804365599980934e-01,  3.701611428330442e+01
s229        ,  2.041762025685344e-01, -3.048740323914838e-01,  3.577742096026854e+01
s230        , -1.775628277285172e+00, -5.587820207043064e-01,  3.993972388673991e+01
s231        , -2.906010097813954e-01, -4.087387778412863e-01,  3.748007134482552e+01
s232        ,  7.153226846206260e-01,  9.805558013255873e-01,  1.470542399709156e+01
s233        , -3.817422129899863e-01,  4.518797103374150e-01,  2.337198882357673e+01
s234        , -1.045314287465124e-01,  1.285153161791012e+00,  9.712172334214802e+00
s235        , -2.007585327297883e+00, -1.307091801076801e+00,  5.220673450522501e+01
s236        ,  1.304199689079254e+00, -4.650537714235641e-01,  3.840324065568211e+01
s237        , -2.782406460538666e-01, -5.260671112460358e-02,  3.164201341937392e+01
s238        , -2.322383208123123e-01,  3.549371792688372e-01,  2.496116364020027e+01
s239        , -3.517230695261006e-01, -6.613641200933855e-01,  4.162134790860681e+01
s240        , -8.445222562838290e-01, -5.296038987320866e-01,  3.946140816583285e+01
s241        , -1.536302083677280e+00, -9.973950255575736e-01,  4.712988834678797e+01
s242        ,  2.935750684089247e-01, -7.279333517551323e-02,  3.197293189468853e+01
s243        ,  1.616760901218624e-01, -1.667233207893497e-01,  3.351272218093271e+01
s244        ,  1.913693632034482e-02,  5.918725483143694e-01,  2.107709214439618e+01
s245        ,  1.011107650821608e+00,  2.076491082326353e-01,  2.737565076674550e+01
s246        , -1.106818107812668e+00, -5.850810664499411e-01,  4.037084303268657e+01
s247        , -1.990274764442437e+00, -5.329856373293909e-01,  3.951684486380227e+01
s248        , -9.667152724294116e-02,  9.110101648311630e-02,  2.928621871140586e+01
s249        , -3.381305046273163e-03, -4.953404464232698e-01,  3.889972883953968e+01
s250        , -1.066763974390572e+00, -4.903578615334327e-01,  3.881804953592199e+01
s251        ,  1.207378380322024e+00,  6.329563427571463e-01,  2.040360723761555e+01
s252        , -7.806439949963919e-01, -5.491705409950567e-01,  3.978216330588791e+01
s253        ,  1.425727038542695e-01,  6.874617530219274e-02,  2.965268067853989e+01
s254        ,  2.519006949731616e-01, -2.929005138860006e-01,  3.558113957721047e+01
s255        ,  2.957126742656839e-01, -1.297299902141054e-01,  3.290629207553737e+01
s256        , -1.208240274724157e+00, -9.023324562954504e-01,  4.557153166464163e+01
s257        ,  9.313485666439150e-01, -3.344160797671081e-02,  3.132784069306993e+01
s258        , -6.564646920389060e-01, -3.465445428481539e-01,  3.646052387788003e+01
s259        ,  6.730828234081326e-01,  6.156891677355021e-01,  2.068666730832091e+01
s260        , -1.076132473957489e+00, -1.111073069050382e+00,  4.899340771161672e+01
s261        ,  4.986447736713935e-01, -2.067795598439746e-01,  3.416936241564282e+01
s262        , -7.901168230278026e-01, -2.845119645799572e-01,  3.544362644279748e+01
s263        , -1.546259780331375e+00, -1.195772262026628e+00,  5.038187800409310e+01
s264        , -5.529113966692345e-01,  1.990361961614471e-01,  2.751684187048966e+01
s265        , -4.420703395591482e-01,  4.310895277942930e-01,  2.371280140775780e+01
s266        ,  1.642224930755288e-01,  9.439430970521010e-01,  1.530561451160113e+01
s267        , -5.742332897034260e-01, -3.669080799051196e-01,  3.679434248062951e+01
s268        , -1.103100765949088e+00, -5.648256148547202e-01,  4.003879627034559e+01
s269        ,  7.960085847259791e-01,  5.824674444919051e-01,  2.123126961405412e+01
s270        , -4.283987476508868e-01,  3.460533546758537e-01,  2.510679580146995e+01
s271        ,  2.199521430164574e-01, -1.738012301086413e-01,  3.362875004940879e+01
s272        ,  4.892735632468817e-01,  6.902439497648014e-01,  1.946449391596326e+01
s273        , -7.406199765582813e-01, -3.627023482652960e-01,  3.672539809952235e+01
s274        ,  1.772759222941352e-01,  7.223017481576803e-01,  1.893897178113971e+01
s275        ,  2.643568451335951e-01, -6.420329744825071e-02,  3.183211576909805e+01
s276        , -5.816893010125334e-01, -4.209530078044927e-01,  3.768029870064157e+01
s277        , -1.588157064474181e+00,  6.452806785451108e-01,  2.020157492166549e+01
s278        ,  1.926575532177041e+00, -2.014471370989648e-01,  3.408194823484362e+01
s279        ,  1.613883746546309e+00,  7.458881380821412e-01,  1.855232108747770e+01
s280        , -1.609264987376504e+00, -9.478109143847899e-01,  4.631705810693476e+01
s281        , -1.346496740458654e+00,  6.680378020477731e-01,  1.982851835742498e+01
s282        , -1.354536059868065e+00, -1.965593234406204e-01,  3.400182251202033e+01
s283        ,  4.444527822772946e-01, -6.602979941075111e-01,  4.160387095035717e+01
s284        ,  2.385788249720763e+00,  2.686086247304154e-01,  2.637634398793559e+01
s285        ,  4.002184027452821e-01,  2.843513273408829e-01,  2.611827452906773e+01
s286        ,  1.951350507345722e+00,  1.529853384661316e+00,  5.700811917675185e+00
s287        , -7.632184401675010e-01, -8.658242757065080e-01,  4.497305460247735e+01
s288        ,  7.091749484961576e-01, -1.971682669760979e-01,  3.401180489767355e+01
s289        ,  2.314010563846089e+00,  1.310278333215681e+00,  9.300296460423276e+00
s290        ,  7.654861282396249e-01,  2.992293962169645e-01,  2.587437897448257e+01
s291        , -1.053228118031399e+00,  8.342537578726910e-01,  1.710374721511683e+01
s292        , -1.544830063612452e+00, -3.756476119063266e-01,  3.693760925953761e+01
s293        , -1.690406548169091e+00, -9.885072179827954e-01,  4.698419089266599e+01
s294        ,  1.421215154761337e+00,  1.350220822840835e+00,  8.645520915305323e+00
s295        , -1.705271840139647e+00, -7.597838326445669e-01,  4.323473809887348e+01
s296        , -7.627385590929443e-01,  6.315592186337751e-01,  2.042651023435068e+01
s297        ,  3.113058113377143e-01,  6.850610067623186e-01,  1.954945768165775e+01
s298        ,  4.087923101857815e-01,  3.804052596064527e-01,  2.454366647508445e+01
s299        , -3.373353052859910e-01, -5.449134892051035e-01,  3.971237763572762e+01
s300        , -1.247040873629315e+00, -1.107114120723226e+00,  4.892850883892915e+01
s301        ,  1.197929368440681e+00,  1.129368447168947e+00,  1.226594458013584e+01
s302        , -1.485192472843855e+00, -4.695179984293747e-01,  3.847642254040417e+01
s303        , -8.549580863671642e-01,  6.330978368969202e-01,  2.040128773015943e+01
s304        ,  1.882993199254014e+00,  3.301099410045800e-01,  2.536815550827889e+01
s305        , -5.165357198073315e-01, -4.588518594165560e-01,  3.830157297414117e+01
s306        ,  1.036931584747022e+00,  1.391418851037580e-01,  2.849868678151807e+01
s307        ,  5.869139350739364e-01, -4.367103323409427e-01,  3.793860785612438e+01
s308        , -1.992374094653734e+00,  6.985727509333362e-01,  1.932796023024448e+01
s309        ,  1.168183907358183e+00, -7.070168798921639e-04,  3.079122392404073e+01
s310        , -1.689353307212060e-01, -6.688877717024757e-01,  4.174468281160988e+01
s311        ,  4.171830243610439e-01,  1.401130174848930e-02,  3.054994714851773e+01
s312        , -6.851064106122525e-01, -3.464046320404706e-01,  3.645823032591999e+01
s313        , -3.693039585493864e-01, -3.868071242744568e-01,  3.712054667437245e+01
s314        , -1.774434185617937e-01, -1.208688759612433e-01,  3.276103220391394e+01
s315        , -3.815749786763621e-01, -2.936853449268664e-01,  3.559400527930944e+01
s316        ,  6.374559564486622e-01,  8.454768688977159e-01,  1.691976723018615e+01
s317        , -2.030534733815181e+00, -1.119435342758093e+00,  4.913049011125623e+01
s318        , -8.028512356005929e-02, -1.540437850322973e-01,  3.330486708689426e+01
s319        , -5.934013466311562e-01,  3.486272177560747e-01,  2.506460257272466e+01
s320        ,  2.790171268766068e+00,  6.687023897005679e-01,  1.981762380010716e+01
s321        , -1.062277605983095e+00, -6.651675069728709e-01,  4.168369666905416e+01
s322        ,  7.515966182544803e-02,  3.971834920504496e-01,  2.426862161939986e+01
s323        ,  7.526438612763078e-01,  6.436809143771978e-01,  2.022779978809058e+01
s324        , -2.651743878812372e-01, -5.763271091171374e-01,  4.022733977992699e+01
s325        ,  3.264086782559880e-02,  3.606605222592967e-01,  2.486734112033123e+01
s326        , -8.716201269332444e-01,  6.305439715448553e-01,  2.044315313699184e+01
s327        , -1.671151256925621e-01, -5.542674113179353e-01,  3.986571608578165e+01
s328        , -8.227567374308942e-02,  7.125880405268838e-01,  1.909820817999116e+01
s329        , -3.051380631011923e-01,  3.025168341101176e-01,  2.582048814397272e+01
s330        ,  2.650804092125521e-01,  3.160695421503061e-01,  2.559831917358260e+01
s331        , -1.375958879843693e-01, -1.165524080526701e-01,  3.269027252783105e+01
s332        , -2.261103407740682e-02, -4.203232001884483e-02,  3.146866787267562e+01
s333        ,  1.323183942483754e+00,  1.563774685939440e+00,  5.144741458774531e+00
s334        , -8.334838045052184e-01, -7.634942652341652e-01,  4.329556306357342e+01
s335        , -6.616430929673620e-01, -5.175425113855516e-01,  3.926368635257531e+01
s336        ,  7.402611706142617e-01,  8.129053471384440e-02,  2.944704152462128e+01
s337        , -2.672477917829363e+00, -5.629390313109115e-01,  4.000786958600766e+01
s338        ,  5.119490895181960e-01,  1.411007109079285e-01,  2.846657583285780e+01
s339        , -5.205367300996894e-01, -6.621662507002040e-01,  4.163449720175964e+01
s340        , -5.182275979842598e-01, -4.098786711989739e-01,  3.749875756848510e+01
s341        ,  1.970306289887119e+00,  9.916760107187587e-01,  1.452313087426493e+01
s342        , -6.893119617348112e-02, -5.389728716471425e-01,  3.961499334305194e+01
s343        , -9.390007101093139e-01, -3.599429020931988e-01,  3.668016261499159e+01
s344        ,  1.061951331424555e+00,  5.420532721501015e-01,  2.189377743402062e+01
s345        , -7.723215780687482e-01, -3.873762725652028e-01,  3.712987669825988e+01
s346        ,  3.961380156477509e-01,  7.809322416038897e-01,  1.797784457882831e+01
s347        , -1.709617878224923e+00, -8.376564966784230e-01,  4.451130139077316e+01
s348        ,  3.055057864420297e-01, -2.398124182205885e-02,  3.117275731033491e+01
s349        , -2.198294962810686e-01, -6.714084194543777e-01,  4.178600368372604e+01
s350        ,  4.405144181634823e-01,  1.048345145394098e-01,  2.906108605791891e+01
s351        ,  8.658280652293555e-01,  9.750609223661666e-01,  1.479550131575089e+01
s352        ,  9.704682100223125e-01, -4.089810395759803e-01,  3.748404273120840e+01
s353        , -6.298376205439114e-02,  1.471642969556652e-01,  2.836717572292384e+01
s354        , -5.109688604423303e-01,  7.928533698306248e-01,  1.778242202739662e+01
s355        , -1.498401072816738e+00, -4.293505329624046e-01,  3.781795897581507e+01
s356        ,  1.467186882538691e-01,  3.840834525558274e-01,  2.448337001344478e+01
s357        , -9.744403926942342e-02, -6.073527941975583e-01,  4.073594252481941e+01
s358        , -9.190473297739495e-02,  1.856488574504462e-01,  2.773629994845218e+01
s359        ,  4.402510249016559e-01,  5.387198928317771e-01,  2.194842138037259e+01
s360        , -8.756909416699599e-01, -3.790719777705436e-01,  3.699374474449281e+01
s361        , -1.770572058768898e-01,  6.646207340098667e-01,  1.988453420942175e+01
s362        ,  8.704386959032419e-01,  2.190205147352700e-01,  2.718923978031486e+01
s363        , -1.069662019131376e+00,  5.272524737404827e-02,  2.991531107328724e+01
s364        , -9.988945697241733e-01, -1.060287257599416e+00,  4.816087804986718e+01
s365        ,  1.902823636872192e-01,  9.569993885708517e-02,  2.921082877120358e+01
s366        ,  1.236798092554710e+00,  4.835748805960403e-01,  2.285241123643934e+01
s367        ,  9.184480967949833e-01,  7.118601417766148e-01,  1.911014059345539e+01
s368        ,  1.622937156969908e-01,  2.733394584655735e-02,  3.033154960661209e+01
s369        ,  9.732086991131189e-01,  6.935552101171938e-01,  1.941021256488544e+01
s370        , -8.475872099006457e-01, -6.855299576562717e-01,  4.201749746292767e+01
s371        ,  5.916391131784779e-01,  5.379014475582018e-01,  2.196183811916838e+01
s372        ,  7.596908414790238e-01,  7.670963148645098e-01,  1.820465634139016e+01
s373        , -1.946434670867691e+00, -1.090279077960580e+00,  4.865253269409081e+01
s374        , -9.564014283175248e-01, -4.425810429428274e-01,  3.803484616702221e+01
s375        ,  7.284511861928945e-01,  2.644282237423323e-01,  2.644487312473882e+01
s376        ,  2.037232105036610e+00,  1.350181218489355e+00,  8.646170147766105e+00
s377        ,  7.637732850848320e-01,  9.802549578288050e-01,  1.471035571182566e+01
s378        ,  9.950925555332779e-01,  4.186376742091098e-01,  2.391692411757088e+01
s379        , -8.163846007494810e-01, -6.878571281271764e-01,  4.205564667014959e+01
s380        , -9.184292068832668e-01, -4.488340682004275e-01,  3.813735174592090e+01
s381        ,  1.520868814304400e-01,  4.082795855636601e-01,  2.408672382717469e+01
s382        , -7.921265824309522e-01, -7.983503536405923e-01,  4.386695744837974e+01
s383        ,  6.672838300456271e-01, -1.758875486377187e-02,  3.106796554166819e+01
s384        , -8.703903476353084e-01, -3.920610842997403e-01,  3.720667461912170e+01
s385        ,  8.850482925000751e-01,  5.430409865021251e-01,  2.187758587437233e+01
s386        ,  9.061627662896373e-01,  6.861935814846079e-01,  1.953089143207908e+01
s387        , -1.106690246889199e+00, -9.705034102490513e-01,  4.668905523302905e+01
s388        ,  2.054813205480302e+00,  1.264895478763880e+00,  1.004425567632486e+01
s389        ,  5.830110458201297e-01,  6.453475774400823e-01,  2.020047825090626e+01
s390        ,  4.058167767744563e-02,  1.916078414137525e-01,  2.763861457606954e+01
s391        , -3.572825686809578e-01, -3.587984595798390e-01,  3.666140181721524e+01
s392        , -7.654037138178210e-02, -1.498095052248272e-02,  3.102521591526400e+01
s393        ,  3.686774220084653e-01, -3.874243855091277e-01,  3.713066541171718e+01
s394        , -2.015273820649741e-01, -6.371750954322215e-01,  4.122481824916337e+01
s395        , -6.768380070474945e-01,  7.650419251489073e-01,  1.823833386521359e+01
s396        , -1.571978956162156e+00, -6.039434243595432e-03,  3.087863801662439e+01
s397        , -4.953598502673375e-01, -5.747508487803301e-01,  4.020150021081232e+01
s398        ,  1.555253169293308e-01,  9.777053738223630e-01,  1.475215093474012e+01
s399        , -1.863721424692930e+00, -7.562556008820305e-01,  4.317689994463478e+01
s400        , -1.580914135378971e+00, -7.478397706244897e-01,  4.303893959473633e+01
s401        , -1.745467987214961e+00, -7.178161480656036e-01,  4.254676361842888e+01
s402        , -6.980793622242579e-01, -5.034462048278152e-01,  3.903260619465047e+01
s403        ,  2.251226886668626e-01,  7.217389965182854e-01,  1.894819694499175e+01
s404        ,  7.040030298805582e-01,  6.547729675814808e-01,  2.004596822847899e+01
s405        ,  7.810975699633603e-01,  3.573159064349951e-01,  2.492216926625100e+01
s406        , -7.486530226048839e-01, -1.596079488685296e-01,  3.339608018961232e+01
s407        , -5.898664718227482e-01, -1.273068099247985e+00,  5.164898539842261e+01
s408        , -1.653430955336652e+00, -8.012726635780172e-01,  4.391486275173559e+01
s409        ,  3.615421057666913e-01, -4.580529467123238e-01,  3.828847643192950e+01
s410        , -1.927277741805878e+00, -4.426924231152196e-01,  3.803667201748316e+01
s411        , -7.559092474121808e-01, -6.390335869254298e-01,  4.125528442170251e+01
s412        ,  1.873884464024186e+00,  7.715467170353560e-01,  1.813170108660366e+01
s413        , -8.487613459239006e-02, -3.957693599635455e-01,  3.726746422542823e+01
s414        , -7.984251397438490e-02,  2.393458653935885e-01,  2.685604716558529e+01
s415        ,  3.823952603345894e-01, -4.334852968978102e-01,  3.788573998634163e+01
s416        , -9.819900149129637e-01, -6.337305499831067e-01,  4.116835196112540e+01
s417        , -1.482842264827313e+00, -1.149745438708271e+00,  4.962736223376550e+01
s418        ,  5.288306085486906e-02,  1.218062277706660e-01,  2.878286947986207e+01
s419        , -1.062501299146121e+00, -6.945680632772555e-01,  4.216565874657201e+01
s420        ,  1.615525737358244e+00,  1.111074631424653e+00,  1.256583432883879e+01
s421        , -8.420822469136372e-01,  4.724838490448660e-01,  2.303422604813468e+01
s422        , -2.976491469173829e-01, -5.384275734057271e-01,  3.960605429201568e+01
s423        ,  2.602465190009081e-01, -1.958348184451120e-01,  3.398994573223452e+01
s424        , -1.598544685575905e-02,  8.287583284119890e-01,  1.719383355812041e+01
s425        , -6.873434672527887e-01, -5.611905064265927e-01,  3.997920609144268e+01
s426        ,  3.868281565378119e-01,  7.244818167677591e-01,  1.890323400850823e+01
s427        , -4.350921811790253e-01, -2.547724343041560e-01,  3.495610757928561e+01
s428        ,  1.434023500487657e+00,  3.631986984584836e-01,  2.482573290511919e+01
s429        , -1.410084545291047e-01,  2.627787793804148e-02,  3.034886168322448e+01
s430        , -2.958129836419498e-04,  3.768843449414678e-01,  2.460138468045208e+01
s431        ,  4.037460271826608e-01, -7.310047525212648e-02,  3.197796682898980e+01
s432        , -1.066289337790876e+00,  4.392507443185794e-01,  2.357901493003283e+01
s433        ,  1.465780698491131e-01, -4.094833122852359e-01,  3.749227646651351e+01
s434        ,  4.355472814078697e-01,  4.668567232736958e-01,  2.312647128319246e+01
s435        ,  1.360224600447043e-01, -3.795772164960878e-01,  3.700202710157765e+01
s436        , -1.176834064700477e+00, -3.613020927858785e-01,  3.670244377059984e+01
s437        ,  4.255542297351823e-01, -4.034163937545239e-01,  3.739282172732691e+01
s438        ,  4.759340095896715e-01,  6.820164661212513e-02,  2.966160711435342e+01
s439        , -1.323840968987944e+00, -9.518415829517359e-01,  4.638313268648349e+01
s440        ,  1.911375936580773e+00,  1.849565493777070e-01,  2.774764892544314e+01
s441        , -5.968585101940267e-01, -2.164270556440167e-01,  3.432751340674972e+01
s442        ,  1.602708630643594e+00,  6.229537374904033e-01,  2.056757952320905e+01
s443        , -3.418194688489122e-01, -7.652346549513702e-01,  4.332409319868755e+01
s444        ,  7.637447106545253e-02, -2.062297987810953e-01,  3.416035020576282e+01
s445        ,  1.017156754691856e+00,  1.355734807093096e-01,  2.855718348401467e+01
s446        ,  1.325048844178530e-01, -2.183030678107685e-01,  3.435826679495013e+01
s447        , -1.204238242348799e-02,  2.278156683324699e-01,  2.704506119893329e+01
s448        ,  1.955645847805345e-01, -2.646791500470898e-01,  3.511850795196602e+01
s449        ,  1.023488117482967e+00,  1.179368175916506e-01,  2.884630055746956e+01
s450        ,  1.292595058164963e+00,  5.646546757123618e-01,  2.152327358018498e+01
s451        , -1.076547322827218e+00, -8.430633631177653e-01,  4.459993592390879e+01
s452        ,  1.041326926021929e+00, -3.918112445258222e-01,  3.720257900626194e+01
s453        , -2.986039119797084e-01, -5.151935329260267e-01,  3.922517964791719e+01
s454        , -1.068578759667890e+00, -9.706198747091108e-01,  4.669096443000296e+01
s455        , -1.019022963464540e-01, -4.609661566303960e-01,  3.833623255905252e+01
s456        , -1.276108587100781e+00, -8.242087636111888e-01,  4.429085327068017e+01
s457        , -1.562653854847452e+00, -7.981228933789943e-01,  4.386322870192006e+01
s458        , -1.571215894852860e-01, -7.737252533976680e-02,  3.204799836561050e+01
s459        , -7.908915586506604e-01, -5.324615847081369e-01,  3.950825409131983e+01
s460        ,  1.259413921430306e+00,  4.281572862263701e-01,  2.376086951991286e+01
s461        , -2.175818754703068e+00, -1.002627234823003e+00,  4.721565973224976e+01
s462        ,  1.056177437374778e+00,  1.079866636339781e+00,  1.307742567393278e+01
s463        ,  7.682398919925582e-01, -5.164405018371026e-01,  3.924562115660022e+01
s464        , -1.670624175566991e+00, -8.824254108987251e-01,  4.524519631039471e+01
s465        ,  3.572362737692147e-01, -2.472721559595348e-02,  3.118498602689788e+01
s466        , -1.202841334482275e+00, -5.785087882318474e-01,  4.026310395349284e+01
s467        , -9.998937028287650e-01, -7.525750905952153e-01,  4.311656549498035e+01
s468        , -9.085815979292673e-01, -5.226918833666410e-01,  3.934809978993424e+01
s469        ,  1.368123103534694e+00,  5.139332780741426e-01,  2.235474730902321e+01
s470        ,  6.270281968061774e-01,  5.496354636589151e-03,  3.068953231682266e+01
s471        , -2.645435144970039e-02, -1.324118677824371e-01,  3.295025598122337e+01
s472        , -9.877961354209573e-01, -7.822736061025541e-01,  4.360341200512541e+01
s473        ,  9.062936723193107e-01,  3.542448205989146e-02,  3.019892178823879e+01
s474        , -1.654729567131913e+00, -9.512142425145489e-01,  4.637284872119769e+01
s475        ,  1.613264697983012e+00,  1.109117245348529e+00,  1.259792167609801e+01
s476        ,  6.116129809221722e-01,  9.657892491831856e-01,  1.494749146257235e+01
s477        ,  5.840337661930541e-01, -3.354696588813082e-01,  3.627897377285246e+01
s478        , -1.152221920522414e+00, -1.051240247334124e+00,  4.801257079276487e+01
s479        , -5.094753281829528e-01, -4.125919222808279e-01,  3.754323577885295e+01
s480        ,  2.973171178971667e-01,  1.393916551085961e+00,  7.929218688039784e+00
s481        , -1.675140558535767e+00, -2.814715793301859e-02,  3.124104899715934e+01
s482        ,  5.105384321341787e-01,  6.381678066062473e-01,  2.031817593088727e+01
s483        ,  6.412437341666035e-01,  5.548963013143082e-01,  2.168324219946520e+01
s484        ,  2.259666720581154e+00,  1.506306936775944e+00,  6.086807843177691e+00
s485        , -6.133731587036794e-02, -3.481186433890506e-01,  3.648632804155157e+01
s486        ,  1.705016907792880e+00,  7.361273300703206e-01,  1.871232960088560e+01
s487        , -8.949077256537036e-01,  1.603145294740771e-02,  3.051683089525195e+01
s488        ,  4.414328374469543e-01, -3.621356112466856e-02,  3.137328120392764e+01
s489        ,  1.128277752007163e+00, -2.927900524331852e-01,  3.557932878728074e+01
s490        ,  1.504039442617624e+00,  1.133142567464662e+00,  1.220407558555992e+01
s491        , -5.198334157682940e-01, -7.307038292281105e-01,  4.275803083130619e+01
s492        ,  1.151627147663105e+00,  1.683104555799424e-01,  2.802052763788203e+01
s493        , -8.097664188918848e-01,  7.167399772985517e-01,  1.903014565588520e+01
s494        ,  6.975315577850428e-01, -6.466073964485297e-01,  4.137944156127109e+01
s495        ,  5.757891210893783e-02, -3.078854646960540e-01,  3.582678724282417e+01
s496        ,  1.842735197085195e-01,  9.875953617865516e-01,  1.459002477983005e+01
s497        , -3.806010851052651e-01, -4.995378740049661e-01,  3.896853709257275e+01
s498        ,  2.924357353950326e-01,  6.620800191208749e-01,  1.992618404126852e+01
s499        , -7.813708299191796e-01, -6.914552460512218e-01,  4.211463046528167e+01
s500        ,  1.758078897939561e-01, -1.060810513201393e-01,  3.251861601926055e+01
s501        ,  5.268597846364342e-01, -1.276107543116090e-02,  3.098882559666707e+01
s502        , -1.555727833576514e+00, -3.424408445566718e-01,  3.639325212514200e+01
s503        ,  1.172585934883692e+00,  1.053292958159154e+00,  1.351304685778487e+01
s504        ,  2.953705009587213e-01, -4.011524683262271e-01,  3.735570929341678e+01
s505        ,  1.048522988543108e+00,  1.028529357183037e+00,  1.391899552248725e+01
s506        ,  3.661355339494778e-01, -3.349220129111121e-01,  3.626999623559747e+01
s507        ,  7.001138090247849e-01,  2.279501372368460e-01,  2.704285685586428e+01
s508        ,  5.464601963517310e-01,  1.600180881224611e-01,  2.815646406731460e+01
s509        ,  2.946634304577050e-01, -2.491777335030141e-01,  3.486439388539177e+01
s510        , -1.105581921856613e+00, -3.337981738435805e-01,  3.625157318923822e+01
s511        ,  1.309201174401844e+00,  6.536376586076031e-01,  2.006457930052843e+01
s512        ,  7.885562671323768e-01, -3.732233215204237e-01,  3.689786796965181e+01
s513        , -5.799590652888761e-01, -3.839463579248614e-01,  3.707365025245207e+01
s514        ,  1.756955937636850e+00,  1.273140627152046e+00,  9.909093307100875e+00
s515        ,  1.301480913945963e+00, -7.184983614079876e-01,  4.255794711293156e+01
s516        ,  1.639096205345820e+00,  8.226576144731059e-01,  1.729384230400552e+01
s517        ,  1.265571797582470e+00,  1.115230369088308e+00,  1.249770949687105e+01
s518        ,  1.441905473368953e+00, -3.928722523395221e-01,  3.721997206253133e+01
s519        , -3.428509295553606e-01,  4.993167920863382e-01,  2.259435474637100e+01
s520        , -7.417091464175271e-01,  2.766098834733945e-01,  2.624517969136244e+01
s521        , -3.011966055380439e-01, -4.119229267549744e-01,  3.753226896345829e+01
s522        , -6.069082570615004e-01, -2.829321005143572e-01,  3.541772779790895e+01
s523        ,  1.256149620532759e+00,  5.442252685520601e-01,  2.185817198875586e+01
s524        ,  7.847794981407887e-02,  1.046358113792336e+00,  1.362672946853860e+01
s525        ,  7.540604241380652e-01, -3.985093380943459e-01,  3.731238057118041e+01
s526        ,  6.882803931636601e-01,  8.856044476553530e-01,  1.626195752673820e+01
s527        , -3.347470952839998e-01,  4.400262770398939e-01,  2.356630165489348e+01
s528        , -8.880876507782670e-01, -1.187609116100528e+00,  5.024805989776571e+01
s529        ,  9.212434057068957e-01,  1.433680187170729e+00,  7.277375081453996e+00
s530        ,  1.578253206298823e+00,  7.110745424230940e-01,  1.912301889047126e+01
s531        , -1.270304683847079e+00, -5.703171132068359e-01,  4.012881817085216e+01
s532        , -1.264611305197325e-01, -4.690585419827749e-01,  3.846889069028406e+01
s533        ,  8.237391297987288e-01,  6.254172246825020e-01,  2.052719568173509e+01
s534        ,  1.456467143630557e+00,  7.695026032590988e-01,  1.816521015738750e+01
s535        , -1.038398689934333e+00, -3.814490136142477e-01,  3.703271139266453e+01
s536        ,  5.135961834965114e-02, -2.488129985294882e-01,  3.485841480037841e+01
s537        , -8.440212331633648e-02,  2.311505864517671e-01,  2.699039202708199e+01
s538        , -1.317636610189325e+00, -3.565093857135213e-01,  3.662387712602300e+01
s539        ,  2.901282138702423e-01, -3.439019159496721e-01,  3.641720340676681e+01
s540        , -9.824868919009931e-02,  5.804013525222671e-01,  2.126513897243362e+01
s541        , -2.175405710121729e+00, -6.766589046857059e-01,  4.187207466632476e+01
s542        ,  2.591231555634874e-01, -2.890410154685228e-01,  3.551787098269116e+01
s543        , -1.058007309971476e+00, -2.772478705569814e-01,  3.532454645633899e+01
s544        ,  3.414925189823615e-01,  5.167495677948428e-01,  2.230857999060147e+01
s545        , -3.918998056173665e-01, -1.843225477594834e-02,  3.108179300009618e+01
s546        ,  5.616853932534658e-01,  4.562567061356999e-01,  2.330023691635470e+01
s547        , -1.305950209492648e+00, -9.948511115504639e-01,  4.708818607193304e+01
s548        , -3.050762501887698e-01, -1.663578342932743e-01,  3.350673077624194e+01
s549        ,  1.039973910986755e+00,  1.421040074531416e+00,  7.484583913988716e+00
s550        ,  2.095033672336812e+00,  1.303858112190094e+00,  9.405542872483652e+00
s551        , -1.303711602903422e+00, -7.886751421909011e-01,  4.370835211579893e+01
s552        ,  3.401293169548341e-01,  5.575557747765747e-01,  2.163964556334351e+01
s553        , -5.647880997296292e-02, -2.068919283970556e-01,  3.417120446858664e+01
s554        , -1.031552667181044e+00, -7.187783611428575e-01,  4.256253713675714e+01
s555        , -8.490058291493487e-01,  3.513608384063418e-01,  2.501979044488230e+01
s556        , -7.911863624049646e-01, -1.102794134383411e-01,  3.258743959211107e+01
s557        ,  2.474068956648234e-01,  6.606844433785077e-01,  1.994906165545925e+01
s558        , -5.007238229142660e-01, -5.168993309674608e-01,  3.925314272315168e+01
s559        ,  2.118829903875907e-01,  1.718014938241266e-01,  2.796329919541850e+01
s560        ,  1.297132454751414e+00, -3.773831194138750e-01,  3.696605936079509e+01
s561        , -5.288135218546878e-01,  7.439391860067901e-01,  1.858427017651853e+01
s562        , -7.943538387030609e-01, -7.035412187128955e-01,  4.231275530457172e+01
s563        , -1.695221398164227e+00, -5.347486118035039e-02,  3.165624496656415e+01
s564        , -8.235878596232101e-01, -7.924908141528684e-01,  4.377090226508444e+01
s565        ,  5.786852470915557e-01, -3.285767190257378e-01,  3.616597810098142e+01
s566        , -8.302212330074121e-01, -6.624525329465898e-01,  4.163919021453111e+01
s567        ,  5.393556498613846e-01,  4.590413293574362e-01,  2.325458870551277e+01
s568        ,  6.041187276553234e-01, -1.226883061110919e-01,  3.279085804550147e+01
s569        ,  5.614800719887970e-01,  9.336849917317824e-02,  2.924904796345389e+01
s570        ,  4.733969246303092e-01, -2.125337436748647e-01,  3.426369050810622e+01
s571        ,  5.730080514530493e-01, -3.940337154305082e-01,  3.723901187791770e+01
s572        ,  2.101230454819456e+00,  1.133926895048605e+00,  1.219121813660901e+01
s573        , -3.811463660619586e-01, -6.757791920759184e-01,  4.185765357467459e+01
s574        ,  6.881700420271472e-01,  4.048594746709901e-01,  2.414278956056106e+01
s575        ,  3.262214597255070e-01, -8.495909312372651e-03,  3.091890690865696e+01
s576        , -9.238693298049331e-01, -5.155608863465668e-01,  3.923120165702183e+01
s577        , -6.565756372879821e-01, -1.398833509907813e-01,  3.307273568983678e+01
s578        ,  6.712394147332970e-01, -3.027425359701665e-01,  3.574247942947557e+01
s579        ,  5.839122855740916e-01, -2.577399789538279e-01,  3.500475441336847e+01
s580        ,  8.930567879170550e-01,  8.877360246347623e-01,  1.622701467535983e+01
s581        ,  2.904861379712105e-01,  1.199809000066703e-01,  2.881279200078917e+01
s582        ,  1.328044708555014e+00,  8.109471248790012e-01,  1.748581186523060e+01
s583        , -1.299353843688629e-01, -4.617618945166619e-01,  3.834927705660738e+01
s584        ,  3.159094534140010e-01,  5.863889351101854e-01,  2.116698478400581e+01
s585        ,  6.465779848987863e-01,  1.397696594211481e+00,  7.867252600765082e+00
s586        , -1.841977151216957e+00, -9.033903454778163e-01,  4.558887359731930e+01
s587        , -1.519059721495913e+00, -1.146351522006537e+00,  4.957172590064462e+01
s588        ,  9.387912361205542e-01,  6.923826652409066e-01,  1.942943404351012e+01
s589        ,  7.816518315318011e-01, -3.670800262751528e-02,  3.138138656259691e+01
s590        ,  1.602915956175816e+00,  6.098859503760767e-01,  2.078179920534624e+01
s591        ,  6.259814475720535e-01, -2.414265043414285e-01,  3.473732831318429e+01
s592        , -1.866544971407417e+00, -1.279005516142555e+00,  5.174631722275853e+01
s593        , -1.403474560349544e+00, -3.787844059688690e-01,  3.698903059209597e+01
s594        , -1.647273275131083e+00, -6.240438731928324e-01,  4.100955867770075e+01
s595        , -6.257274702470922e-01,  1.267364379058218e+00,  1.000378309809456e+01
s596        , -8.694069998626694e-01, -5.694856516795934e-01,  4.011518805715986e+01
s597        ,  1.839102866755815e+00,  9.460879315549320e-01,  1.527045433020136e+01
s598        , -9.091043104888928e-01,  3.515966356617106e-03,  3.072199673823787e+01
s599        ,  1.564046405735407e+00,  1.197497125497422e+00,  1.114911403428523e+01
s600        ,  2.905731218387105e-01, -9.095015789276524e-01,  4.568905478910309e+01
s601        ,  3.859556967138555e-01, -1.340045023027485e-01,  3.297636397163651e+01
s602        , -1.440073457507333e+00, -6.188646156028936e-01,  4.092465532681841e+01
s603        , -1.400421335117203e+00, -6.689582222949018e-01,  4.174583770519544e+01
s604        , -1.410598066968925e+00, -7.263120187498713e-01,  4.268603606766148e+01
s605        , -1.621387133323043e-01, -4.543222526242687e-01,  3.822731932134127e+01
s606        , -9.979698047533583e-01,  1.142584955166674e-01,  2.890659913585987e+01
s607        ,  8.102904644198852e-01,  6.778412318755964e-01,  1.966781114638783e+01
s608        ,  6.515689709358394e-01, -3.557817649732664e-02,  3.136286537057244e+01
s609        ,  1.387300347613353e-02, -3.749741505207951e-01,  3.692656923549390e+01
s610        ,  1.548918422462740e-02, -1.165450852159229e-01,  3.269015248487759e+01
s611        ,  1.874583079024923e-01,  2.607596199135918e-01,  2.650501239232901e+01
s612        , -6.619121708260401e-01, -1.091909930594004e-01,  3.256959716281769e+01
s613        ,  1.853178585757171e+00,  1.496141792046843e+00,  6.253444631311408e+00
s614        , -3.191525488535212e-01, -1.925098354372554e-01,  3.393543942624537e+01
s615        , -1.037736039722638e-01, -3.133119726723239e-01,  3.591574375884493e+01
s616        , -8.799864633294985e-01, -8.764781258272454e-01,  4.514770271745158e+01
s617        , -1.183843594802837e+00, -7.650608495623767e-01,  4.332124401428791e+01
s618        , -1.123650075268739e+00, -1.150750929789309e+00,  4.964384520658158e+01
s619        ,  9.176659138352715e-01,  1.149957696234428e+00,  1.192842588996562e+01
s620        ,  1.595155267894712e+00,  1.140834437798853e+00,  1.207798308010241e+01
s621        ,  1.133359360912494e+00,  8.916771342129737e-02,  2.931791126682893e+01
s622        , -1.002419121282031e+00,  2.194358427080334e-02,  3.041991357621614e+01
s623        ,  1.034471969936265e-01, -3.402559034041917e-01,  3.635743447712877e+01
s624        ,  1.639327811745190e+00,  6.205143529328230e-01,  2.060756825121353e+01
s625        , -4.972654620844768e-01,  6.966944646109596e-01,  1.935875089858197e+01
s626        ,  3.826916613216537e-01, -2.869968834005492e-01,  3.548436161205198e+01
s627        ,  3.687647283893495e-01, -2.933492487480842e-01,  3.558849566884852e+01
s628        , -2.769187143037049e-02,  1.160269323159321e+00,  1.175938782538420e+01
s629        , -6.084255915863079e-01, -1.066635591084274e+00,  4.826494601250918e+01
s630        ,  2.575662011885660e-01, -3.527076906336972e-01,  3.656155609917603e+01
s631        ,  1.966623425207500e-01,  2.234518257116780e-02,  3.041333019224315e+01
s632        , -1.969402937452175e-01,  3.818442858634399e-01,  2.452007657844304e+01
s633        ,  2.667860134858853e+00,  1.410611095226349e+00,  7.655545731180982e+00
s634        ,  6.040142711820374e-01, -2.351422489273090e-01,  3.463431077964904e+01
s635        ,  1.911892919802316e+00,  1.626913654324676e+00,  4.109707017241044e+00
s636        , -2.071432026808114e-01, -6.014679902244995e-01,  4.063947318188328e+01
s637        , -3.698619835175476e-01, -4.347211630460432e-01,  3.790599948790240e+01
s638        ,  1.470155794820396e-01,  9.778645056283150e-01,  1.474954229376742e+01
s639        ,  1.040284966432418e-01, -5.137670393035536e-01,  3.920179519822395e+01
s640        , -7.663785491668940e-02, -2.856180726685456e-01,  3.546175882596793e+01
s641        ,  1.396787091256106e+00,  6.876744375819410e-01,  1.950661582063192e+01
s642        ,  1.137451761223006e+00,  8.003548683599302e-01,  1.765945027889464e+01
s643        ,  6.186651151125386e-02, -6.731864297100087e-02,  3.188318549664966e+01
s644        , -1.171820789178678e+00, -6.350013537108994e-01,  4.118918419295201e+01
s645        ,  4.823756822475945e-01, -3.476297253454190e-01,  3.647831322871588e+01
s646        ,  8.205150420430785e-01,  1.175073265251719e+00,  1.151670742803259e+01
s647        ,  3.518506790799084e-01,  1.328889937846016e-01,  2.860119016476951e+01
s648        ,  4.210663223398269e-02,  9.124526167631785e-01,  1.582183662471198e+01
s649        ,  5.870347574891154e-01,  1.107894376814446e+00,  1.261796810831910e+01
s650        , -7.940906852652418e-01, -6.972796410661848e-01,  4.221010952671961e+01
s651        ,  1.648126188438620e+00,  1.096644619019214e+00,  1.280238491262813e+01
s652        ,  2.998843396621518e+00,  1.199792664496781e+00,  1.111148336044016e+01
s653        ,  4.493206753989470e-01,  4.231460110575973e-01,  2.384301914206117e+01
s654        ,  8.907143716152748e-01,  4.980540120837189e-01,  2.261505544560979e+01
s655        ,  3.986925365877028e-01,  2.536479716191986e-01,  2.662159334239868e+01
s656        ,  8.200524881394200e-01,  2.334716858910171e-01,  2.695234234202553e+01
s657        ,  2.253026077099693e-01, -1.648246474259702e-01,  3.348159730869328e+01
s658        , -2.085098433395276e+00, -1.304338033908594e+00,  5.216159211636511e+01
s659        , -3.565026754081164e-01, -5.157237219829007e-01,  3.923387101472952e+01
s660        ,  9.769972243844465e-01,  4.918489675752344e-01,  2.271677447811511e+01
s661        ,  7.549182821078514e-01,  1.264750595290258e+00,  1.004663074498756e+01
s662        , -2.199791631405239e+00, -1.410407487406324e+00,  5.390038418681737e+01
s663        ,  6.537369904412299e-01,  6.055062159841516e-01,  2.085359600621813e+01
s664        , -1.032617581813699e+00, -8.967100101044123e-01,  4.547936314174328e+01
s665        , -1.725197455699346e-01, -6.091160337202917e-02,  3.177815516715895e+01
s666        , -9.556704567146264e-01, -5.155182151934421e-01,  3.923050215061124e+01
s667        , -1.074909955617834e+00, -2.528255907000283e-01,  3.492419305432448e+01
s668        ,  8.157451056201823e-01,  1.124463701927922e+00,  1.234634786167876e+01
s669        ,  8.201013628253863e-01,  5.376783087394024e-01,  2.196549602439881e+01
s670        , -8.377594254676490e-01, -1.001400873582384e+00,  4.719555604423799e+01
s671        , -5.700208727194026e-01, -1.539989228744210e-03,  3.080487880456787e+01
s672        , -7.390594172975108e-01, -6.647960141819764e-02,  3.186943112391853e+01
s673        ,  5.527317739358688e-01, -9.983180946186643e-02,  3.241617246146721e+01
s674        , -1.509604783948018e-01, -4.113643892425538e-01,  3.752311288161170e+01
s675        , -7.328015214360989e-01, -7.851852495235236e-01,  4.365114245272760e+01
s676        ,  2.481079887957650e-01,  6.253058614604745e-02,  2.975457256900886e+01
s677        , -1.497784796529649e+00, -8.907794071383279e-01,  4.538214301784918e+01
s678        , -6.955981656855925e-02, -1.530818096668323e-01,  3.328909746536531e+01
s679        ,  6.295281558129772e-01, -1.594877941855100e-01,  3.339411049896933e+01
s680        , -5.120635862296855e-01, -7.723234390957840e-01,  4.344029933771247e+01
s681        , -4.577628444983341e-01, -5.637191160353601e-01,  4.002065748194210e+01
s682        ,  1.425186289801849e+00, -2.299912212238560e-01,  3.454987020010334e+01
s683        , -8.653733268557260e-01,  4.513782500375179e-01,  2.338020924108954e+01
s684        ,  6.149991181690390e-01,  1.125349106109896e+00,  1.233183346832617e+01
s685        ,  1.739338045322250e+00,  2.900342968643477e-02,  3.030418182854968e+01
s686        ,  9.590771410105176e-01, -2.247317261712547e-01,  3.446365151988509e+01
s687        ,  5.412604899045221e-01,  1.072483622503433e+00,  1.319845510786831e+01
s688        , -1.405336687520458e+00, -3.486521676127576e-01,  3.649507408161291e+01
s689        ,  3.354058241185732e-01,  1.244190270793180e-01,  2.874003797116890e+01
s690        , -6.091694712828630e-01, -4.924501935427610e-01,  3.885234904616365e+01
s691        , -6.034950511663356e-01, -9.223205184687620e-01,  4.589919512348470e+01
s692        , -9.120972373870817e-01, -6.610534945862170e-01,  4.161625583778967e+01
s693        , -4.067329829645623e-01, -3.463574820400634e-01,  3.645745739795509e+01
s694        , -7.579589601320627e-01,  1.010879818917828e+00,  1.420832365769204e+01
s695        ,  1.455973696410247e+00,  7.932073225195801e-01,  1.777661969591874e+01
s696        , -6.516257166940767e-01,  5.221269406500859e-01,  2.222042894454407e+01
s697        ,  7.238448013551266e-01, -2.005789236858775e-01,  3.406771564903918e+01
s698        ,  1.662019888207613e+00,  7.133321812382611e-01,  1.908600951274460e+01
s699        , -1.247862087380916e+00, -8.381274736287356e-01,  4.451902209602395e+01
s700        , -1.114444246482743e+00, -7.445962608503163e-01,  4.298576887602524e+01
s701        , -4.217745973052512e-01, -8.080369419738072e-01,  4.402574928173155e+01
s702        , -8.481384521188839e-01, -3.931188943102308e-01,  3.722401525393816e+01
s703        , -9.416435374285391e-01,  5.017148453484679e-01,  2.255504356054687e+01
s704        ,  9.487448855648490e-01, -1.350895741460867e-01,  3.299415150852721e+01
s705        , -2.365138337942842e-01, -1.846236000449675e-01,  3.380616070260111e+01
s706        ,  5.583280652770263e-01,  5.701706609305368e-01,  2.143285026751749e+01
s707        ,  9.205089121966433e-01, -1.951487149378737e-01,  3.397869846642372e+01
s708        ,  1.060945132046508e+00, -7.945216334949645e-02,  3.208208978365299e+01
s709        ,  1.331106470481227e+00, -1.394174282740404e-01,  3.306509783842341e+01
s710        ,  1.914467968020750e-01,  9.284173130114874e-01,  1.556012803351676e+01
s711        , -7.721035544159953e-02,  9.520270845267286e-01,  1.517309404642480e+01
s712        , -1.414340169349908e+00, -8.854885635480454e-01,  4.529541044237698e+01
s713        ,  5.574707555573186e-01, -2.067889645883669e-02,  3.111862210229796e+01
s714        , -1.685969281548289e+00, -1.250147597554728e+00,  5.127325058240532e+01
s715        , -2.519985050786606e-01, -4.546124611152347e-01,  3.823207669687428e+01
s716        , -1.286737305127487e+00, -8.231847215217163e-01,  4.427406619196648e+01
s717        ,  3.452976089232733e-01, -2.459711195514991e-01,  3.481182799834291e+01
s718        ,  1.123110480867275e+00,  7.743156889092906e-01,  1.808630944764509e+01
s719        ,  6.888993521047061e-01,  7.384006958441136e-01,  1.867506241179055e+01
s720        ,  7.093644696892669e-01,  1.048039804088893e+00,  1.359916159054748e+01
s721        , -7.747236109533535e-01, -8.087717402001700e-01,  4.403779479801593e+01
s722        ,  3.328206388143558e-02,  7.707666788372258e-01,  1.814448821983413e+01
s723        ,  9.358910152584168e-02,  3.684279549377383e-01,  2.474000992455642e+01
s724        , -2.029371048190847e-01,  7.207859474319493e-01,  1.896382023840401e+01
s725        , -2.472238890656029e-01, -4.794696066001045e-01,  3.863955883275702e+01
s726        , -1.287360963264701e+00, -8.817754103675914e-01,  4.523454087914607e+01
s727        ,  1.020824855481523e+00, -1.262750854314276e-01,  3.284965596738192e+01
s728        ,  1.643163575608417e-01,  4.911445381433617e-01,  2.272832216003429e+01
s729        , -1.007289241750789e+00, -3.363427568278270e-01,  3.629328643060710e+01
s730        , -4.777207265671770e-02, -4.300961947972828e-01,  3.783018257877492e+01
s731        , -1.404307349772385e+00, -5.462873275259177e-01,  3.973489890928511e+01
s732        , -8.950540078294739e-01, -6.057898678972877e-01,  4.071032154000242e+01
s733        ,  7.802433523350311e-01,  4.325200533182039e-01,  2.368935086327461e+01
s734        , -3.943979845876157e-01, -6.377359426646338e-01,  4.123401219415220e+01
s735        ,  2.101468865327815e-01,  4.847906439319758e-01,  2.283248127943134e+01
s736        , -9.765048604112493e-01, -5.070742313812218e-01,  3.909208028068023e+01
s737        ,  1.458335451821299e-01,  6.167570515333469e-01,  2.066916153433390e+01
s738        , -6.859666936017034e-01, -9.572430863778749e-01,  4.647167930397023e+01
s739        , -4.324785166901873e-01, -1.660540382575364e-01,  3.350175066066147e+01
s740        , -8.464136206988212e-01, -6.513657846875185e-01,  4.145744561866227e+01
s741        ,  7.826811446288888e-01,  3.310124717225160e-02,  3.023700647961050e+01
s742        , -1.076711651730049e+00, -5.539879255279325e-01,  3.986113448703257e+01
s743        ,  1.126163901269626e+00, -1.053554905727201e+00,  4.805051489002351e+01
s744        ,  4.575225784544250e-01,  9.947722795990921e-02,  2.914890783050658e+01
s745        ,  6.120442964942220e-02,  1.050416482230520e+00,  1.356020080617079e+01
s746        , -7.321682226189938e-01, -4.716828174221981e-01,  3.851191032670417e+01
s747        ,  3.433900501625798e-01,  4.178472088894858e-01,  2.392988218216352e+01
s748        ,  1.070072189769298e+00,  1.449460017927140e-01,  2.840354014182173e+01
s749        , -3.065637698166305e-01,  6.580079851782705e-01,  1.999293672167301e+01
s750        ,  5.825873454256546e-01,  2.900117170977223e-02,  3.030421884346573e+01
s751        ,  1.285276821036511e+00, -2.087020076332984e-01,  3.420087702104244e+01
s752        , -1.346601886455474e+00, -8.262404264507877e-01,  4.432415823378533e+01
s753        ,  1.060914810725354e+00,  5.818483898768299e-01,  2.124141775020807e+01
s754        , -2.988071870667106e-01, -6.707790368406934e-01,  4.177568624112718e+01
s755        ,  3.446486458262937e-01,  8.309368549102274e-01,  1.715812106526319e+01
s756        ,  7.815527627219405e-01, -5.486091486069860e-01,  3.977296042418540e+01
s757        , -1.199593062238569e-01, -5.706616141863614e-01,  4.013446556085663e+01
s758        , -4.537603905509296e-01, -4.202106733102002e-01,  3.766812964263538e+01
s759        ,  8.887536211540953e-01,  4.343998937277187e-01,  2.365853471885232e+01
s760        , -2.895515595576988e-01,  1.062924551166056e-01,  2.903718609962533e+01
s761        ,  1.508586595387194e+00,  4.073937006204995e-01,  2.410124610162512e+01
s762        , -1.358921391484776e+00, -1.204573134089634e+00,  5.052615032804305e+01
s763        ,  6.364126482871526e-01, -3.863740284193018e-01,  3.711344695231434e+01
s764        , -9.313282224456001e-01, -6.832330989037327e-02,  3.189965495901837e+01
s765        ,  1.388135281387673e-01, -1.326127093617619e-01,  3.295354836874900e+01
s766        , -5.439787958329916e-01, -3.972273728277040e-01,  3.729136536871894e+01
s767        , -9.653950427427375e-02, -1.324482894225831e-01,  3.295085303963171e+01
s768        ,  5.676322320535289e-02,  6.643377355034168e-01,  1.988917339198316e+01
s769        ,  2.392616163662374e+00,  1.123194365420726e+00,  1.236715604142012e+01
s770        ,  2.218993464697082e+00, -1.391554339151819e-01,  3.306080297596618e+01
s771        , -1.301691995085942e+00, -5.211958987351843e-01,  3.932357617706627e+01
s772        ,  5.381680992613423e-01, -1.252121610139925e-01,  3.283223149230846e+01
s773        ,  3.401653127948082e-01,  1.049591638422348e+00,  1.357372243587393e+01
s774        ,  1.961582265617426e+00,  8.583456633485103e-01,  1.670880962637611e+01
s775        ,  1.370640331855435e-01, -1.588012746523841e-01,  3.338285641326372e+01
s776        , -1.362945069319552e+00, -4.259713963254532e-01,  3.776256493167180e+01
s777        , -3.352331847361073e-01,  1.341552141089541e-01,  2.858043306848187e+01
s778        ,  1.725306869739156e-02, -2.386515005522611e-01,  3.469183779329411e+01
s779        ,  1.449489553403749e+00,  1.413209629590904e-01,  2.846296525028730e+01
s780        ,  4.890100260675969e-01, -4.146464406896724e-01,  3.757691541233925e+01
s781        , -1.480324044989625e+00, -5.753040850923845e-01,  4.021056939030524e+01
s782        ,  4.189986042737073e-03,  2.986955068201436e-02,  3.028998354365705e+01
s783        , -6.272127818216120e-01,  6.863798897546292e-01,  1.952783728847892e+01
s784        , -7.567615030290812e-01, -1.152062053557787e-01,  3.266820428388911e+01
s785        , -5.703210531845893e-01, -2.148481144114245e-01,  3.430162988982372e+01
s786        , -8.599325133308396e-02, -4.904614082454661e-02,  3.158364514085574e+01
s787        ,  2.785466688170735e-01, -5.005005444767952e-01,  3.898431810895095e+01
s788        , -2.115784691919650e-01, -1.085004635143199e-01,  3.255827734115552e+01
s789        ,  5.205927430670391e-01,  1.638056585375332e+00,  3.927041419243111e+00
s790        ,  2.374718073624741e-01,  1.267816194239486e+00,  9.996376510914248e+00
s791        , -1.870737338196531e-01, -4.875688455258651e-01,  3.877232931432749e+01
s792        ,  3.003547556082288e-01,  5.378335282905813e-01,  2.196295151685334e+01
s793        , -5.143092658197446e-01, -5.059403892439176e-01,  3.907349325442077e+01
s794        , -1.010636071412045e+00, -1.161479524901468e-01,  3.268364230488019e+01
s795        ,  7.888417803219110e-01,  2.049740624871177e-03,  3.074603251472000e+01
s796        , -5.465110200553928e-01, -4.843310976843818e-01,  3.871925305073558e+01
s797        , -1.192872691111335e+00,  1.073984343448819e-01,  2.901905582885654e+01
s798        , -5.479719952294668e-01, -7.829166079368839e-01,  4.361395270703299e+01
s799        , -1.767142590180783e+00,  8.762937030156444e-01,  1.641458817029928e+01
s800        ,  8.963412972756590e-01,  1.166721476787529e+00,  1.165361794351799e+01
s801        , -1.947046181282547e-01,  7.101758693911224e-01,  1.913775079952135e+01
s802        ,  1.600748538223649e+00,  7.485372939369748e-01,  1.850889358745880e+01
s803        ,  6.740572620180488e-01,  8.626327515846361e-01,  1.663853157002255e+01
s804        , -1.928070676221089e+00, -1.112432354447845e+00,  4.901569041971648e+01
s805        , -3.708716392635017e-01,  1.665287619925313e-01,  2.804973486559564e+01
s806        ,  7.676901054132433e-01,  2.280083709294829e-01,  2.704190223340088e+01
s807        , -3.131290990966100e-01,  2.473630927938664e-01,  2.672462109548760e+01
s808        ,  9.833675917069939e-01,  4.459197799027952e-01,  2.346968971142363e+01
s809        ,  5.790963636372375e-01, -3.123541025052041e-01,  3.590004143365904e+01
s810        ,  1.050626461500014e+00,  2.745942167194371e-01,  2.627822243131141e+01
s811        ,  5.249115464039674e-01,  7.511598833411033e-01,  1.846590159014406e+01
s812        ,  1.605931526374292e+00,  7.860728326089397e-01,  1.789357508763865e+01
s813        ,  9.497331683917801e-01,  6.876771613883570e-01,  1.950657116938840e+01
s814        , -7.865406237894391e-01,  2.299323024976263e-02,  3.040270677402370e+01
s815        , -2.660810322736745e-01,  2.835600816943853e-01,  2.613124538552585e+01
s816        , -9.674450919852262e-01, -9.433086636368426e-01,  4.624325290061411e+01
s817        ,  7.270946209036595e-01,  3.086988137496571e-01,  2.571914721288969e+01
s818        ,  6.532804155454610e-01,  2.473475204512621e-01,  2.672487637224209e+01
s819        ,  8.081292268835972e-01,  1.550760835483353e+00,  5.358076959551660e+00
s820        ,  1.390381735794342e+00, -4.823142865707377e-01,  3.868619155134661e+01
s821        ,  1.516978402347242e+00,  6.624386365980182e-01,  1.992030524011493e+01
s822        ,  3.033561593600319e-01, -2.564336456446534e-01,  3.498333974661515e+01
s823        , -8.238895392622755e-01, -3.352560227015811e-01,  3.627547164398291e+01
s824        ,  2.038981274745353e+00,  1.518137359829776e+00,  5.892872217813707e+00
s825        ,  1.320628175421427e-01,  1.594276511930468e-01,  2.816614307495641e+01
s826        ,  9.525953446348725e-01,  1.110202065426808e+00,  1.258013826638130e+01
s827        , -2.151354450670567e+00,  3.148894176821728e-01,  2.561766490413622e+01
s828        ,  8.438987064828646e-01, -9.599938546408904e-02,  3.235334769676632e+01
s829        , -1.571185202221650e+00, -6.325498388504742e-01,  4.114899661340542e+01
s830        ,  3.133543223982471e-01, -1.578994756905130e-01,  3.336807326097684e+01
s831        , -8.984804340484778e-01,  4.686150942791660e-01,  2.309764638157938e+01
s832        , -1.855362237616736e+00, -3.513738565917757e-01,  3.653969061407251e+01
s833        ,  4.948389352249701e-01,  4.285484730248557e-01,  2.375445681125035e+01
s834        ,  1.120605859544544e+00, -1.252654513965339e-01,  3.283310507929830e+01
s835        , -8.435182612795279e-01, -7.865254809123348e-01,  4.367311280926843e+01
s836        ,  1.128844146448547e+00, -7.476870618671858e-01,  4.303643624652879e+01
s837        , -1.924657877822013e+00, -8.803103587524312e-01,  4.521052434990754e+01
s838        , -1.075095206150813e+00, -1.025410137749362e+00,  4.758913889749392e+01
s839        ,  3.864893622265216e-02,  6.319241463553684e-01,  2.042052798962639e+01
s840        , -1.233908351649846e+00, -1.369490341870356e-01,  3.302463355842855e+01
s841        ,  6.618283364070194e-01, -2.772525251712012e-01,  3.532462275923326e+01
s842        , -1.380664268040651e+00, -6.621849670711144e-01,  4.163480401843734e+01
s843        ,  5.539120810708922e-02, -2.819869076768009e-01,  3.540223329165106e+01
s844        , -2.111176459361614e+00, -1.195932484420622e+00,  5.038450452302951e+01
s845        ,  1.677967143093475e-01, -1.092704213044171e-01,  3.257089922668293e+01
s846        , -1.112697847471129e-01,  4.386306769386743e-01,  2.358917966839785e+01
s847        ,  9.946887487236225e-02, -2.352239401947969e-01,  3.463564994114606e+01
s848        , -1.578942777693122e+00, -8.147074263015737e-01,  4.413509824953259e+01
s849        ,  4.886541057537146e-01,  7.595529341206877e-01,  1.832831466326546e+01
s850        , -1.729847647025637e+00, -1.310710730583282e+00,  5.226605946374880e+01
s851        , -3.749493322034730e-03, -3.973757504372728e-01,  3.729379771660462e+01
s852        , -1.822550475295671e-01, -1.836171157514037e-01,  3.378966144809406e+01
s853        , -7.026997334075608e-02,  6.302609470353489e-01,  2.044779274582025e+01
s854        ,  4.598855993128227e-01,  3.021249312563361e-01,  2.582691259089945e+01
s855        ,  1.247409464273019e-01, -8.112721598677153e-03,  3.091262532865351e+01
s856        , -7.920260931956873e-01, -5.753743806451890e-01,  4.021172174233284e+01
s857        ,  1.951476409171481e+00,  7.348730451896970e-01,  1.873289103994838e+01
s858        ,  5.125085136741685e-01,  2.428568428254823e-01,  2.679849186085993e+01
s859        , -6.666214518700430e-01, -5.975019271458979e-01,  4.057445767737581e+01
s860        ,  6.811400510310224e-02,  2.820741447689283e-01,  2.615560428677381e+01
s861        ,  1.248756919249408e-01,  1.907566992678937e-01,  2.765256731331145e+01
s862        , -4.702662470572295e-01,  3.658621269267193e-02,  3.017987758705109e+01
s863        ,  4.846741731606912e-01, -7.794643154984948e-02,  3.205740638586863e+01
s864        ,  5.444121402657593e-01, -8.182304172517041e-02,  3.212095549271141e+01
s865        ,  6.365198845674543e-01,  3.807861976685141e-01,  2.453742177352520e+01
s866        ,  4.352365441984731e-01,  9.446828831178320e-01,  1.529348722987669e+01
s867        , -5.650365137506241e-02, -2.689491249052220e-01,  3.518850546943705e+01
s868        , -2.338433808137944e+00, -1.386773822997318e+00,  5.351295852452726e+01
s869        , -2.347184475558825e-01, -2.685608477444654e-01,  3.518214045834293e+01
s870        , -8.212819619769498e-01, -3.479660224422185e-01,  3.648382613281738e+01
s871        , -1.570593293706644e-01, -1.016878771231535e-01,  3.244659890023205e+01
s872        ,  5.284306454202828e-01,  5.663810863938568e-01,  2.149497260281272e+01
s873        ,  9.554554102193652e-01,  5.174740212049906e-01,  2.229670405645231e+01
s874        ,  1.539965674145509e+00,  1.051262196677609e+00,  1.354633704496553e+01
s875        ,  6.472677808586434e-01,  8.515179912631712e-01,  1.682073536644688e+01
s876        ,  7.990955642461934e-01,  1.280899275493298e+00,  9.781906112594550e+00
s877        ,  2.414774484401117e-01,  8.705998957596242e-01,  1.650792651212135e+01
s878        , -5.588324756467096e-01, -7.739004815232839e-01,  4.346615172760682e+01
s879        , -1.108097718569436e+00, -9.566744344502742e-01,  4.646235741694288e+01
s880        , -7.450297483445957e-01, -4.594719860209919e-01,  3.831173868337142e+01
s881        , -1.759050067534673e+00,  7.998991168640963e-01,  1.766692139391334e+01
s882        , -6.605379692241985e-01, -6.773626138864952e-01,  4.188361054152622e+01
s883        ,  3.815578964726026e-01, -3.910347317465803e-01,  3.718984966507438e+01
s884        , -4.051889851605022e-01, -3.992517899061843e-01,  3.732455155236817e+01
s885        ,  2.841270750996222e-02, -2.512375917832441e-01,  3.489816105516413e+01
s886        , -1.487878849688012e+00, -8.976350015914332e-01,  4.549452648811521e+01
s887        ,  4.820147860437528e-01, -2.971070931410498e-01,  3.565009785323821e+01
s888        ,  7.081092310596756e-01,  4.033630600299152e-01,  2.416732022255854e+01
s889        , -9.770534507358716e-01, -1.007794231988577e+00,  4.730036209851340e+01
s890        , -4.782598098188896e-02,  1.020401561218053e+00,  1.405223413839538e+01
s891        , -3.221184210883460e-01, -6.514557917724628e-01,  4.145892110100355e+01
s892        , -9.718981396026354e-01, -1.699649380058521e-01,  3.356586187502585e+01
s893        ,  2.164744347352420e+00, -2.708407693602410e-02,  3.122362195528379e+01
s894        ,  2.108977331308746e-01, -1.782229029539792e-01,  3.370123434557585e+01
s895        , -7.726754766108116e-01, -5.697763438443835e-01,  4.011995336153743e+01
s896        ,  2.280269149131176e+00,  5.157195666553582e-01,  2.232546475577028e+01
s897        ,  1.732742671810001e+00, -2.461725736574951e-01,  3.481513042699239e+01
s898        , -1.952924930899203e-01, -4.215122645551876e-01,  3.768946657293080e+01
s899        , -1.243124507856434e+00, -7.186044333303581e-01,  4.255968594547414e+01
s900        , -1.127987025274472e+00, -7.530321572004135e-01,  4.312405816853131e+01
s901        ,  2.222405771151903e+00,  9.301609167564232e-01,  1.553154521098180e+01
s902        , -1.852329248500361e+00, -9.503899072792128e-01,  4.635933542850756e+01
s903        ,  1.566870488248132e+00,  8.016844280161153e-01,  1.763765486361594e+01
s904        , -1.387739856871698e+00,  6.065271186184646e-01,  2.083686039246025e+01
s905        ,  1.121219821885003e+00,  2.231549770139798e-01,  2.712146371483378e+01
s906        , -9.933730759278802e-01, -1.127405730631766e+00,  4.926114834297294e+01
s907        , -5.762178128524449e-02, -4.756322749898743e-01,  3.857665361777251e+01
s908        ,  2.416796340775907e-01, -4.497729737471585e-01,  3.815274318488589e+01
s909        , -4.906300545514419e-01,  1.268337472023482e-01,  2.870045356619810e+01
s910        , -1.582982857801990e+00, -1.223525676106540e+00,  5.083683854870608e+01
s911        , -7.523355700553859e-01, -6.958834414567534e-01,  4.218722168550245e+01
s912        ,  2.234392115693804e-01,  3.571950047531878e-01,  2.492415120241357e+01
s913        , -1.421242973618926e+00, -6.829267857968098e-01,  4.197482377660238e+01
s914        ,  5.670067347130128e-02,  2.409842823666657e-01,  2.682918866535796e+01
s915        , -5.612055763432976e-01,  2.922742482439689e-02,  3.030050988571539e+01
s916        ,  8.997740464690429e-01,  3.524408404953043e-01,  2.500208601626092e+01
s917        , -1.606823724089288e+00, -6.871447356445686e-01,  4.204396845027608e+01
s918        ,  3.499868789687911e+00,  1.282309804168255e+00,  9.758783375611518e+00
s919        , -8.715752962891429e-01,  1.402141889518784e-01,  2.848110854983361e+01
s920        , -1.856154837094557e+00, -1.176081156012831e+00,  5.005908253502849e+01
s921        ,  2.276110916770269e-01,  1.417449206981613e+00,  7.543448854042129e+00
s922        ,  1.278757880561135e+00,  1.206155967360568e+00,  1.100717000540174e+01
s923        , -2.625003058195762e-01, -5.977240231598577e-01,  4.057809848795056e+01
s924        , -1.727834522886679e+00, -4.223687109122534e-01,  3.770350626188295e+01
s925        ,  1.850614154947128e+00,  1.060631790234059e+00,  1.339274169359828e+01
s926        , -9.602025879025963e-01, -9.523688493890601e-01,  4.639177614291702e+01
s927        , -1.294474937930480e+00, -1.066444157691762e+00,  4.826180785299253e+01
s928        , -8.964192424384732e-01, -3.224102252967069e-01,  3.606489102977518e+01
s929        ,  3.373466507702030e-01,  3.306882807944000e-01,  2.535867480853542e+01
s930        , -4.361686703935594e-01,  3.547250429036151e-01,  2.496464118267399e+01
s931        ,  1.180800691213646e+00,  4.156764220100955e-01,  2.396546779977591e+01
s932        ,  4.707166528445574e-01, -3.398651640532984e-01,  3.635102910345574e+01
s933        ,  1.703804210339992e+00,  2.227443656762469e-01,  2.712819484914761e+01
s934        , -1.834005051426063e+00, -1.225890864071628e+00,  5.087561097510414e+01
s935        , -1.778081906893596e+00, -1.138837053082784e+00,  4.944854152901436e+01
s936        , -1.576278502143039e+00, -6.979656639906839e-01,  4.222135547154098e+01
s937        ,  1.612912677482048e-01,  1.335899258900831e+00,  8.880293707982023e+00
s938        ,  3.756397573989944e-01, -5.797343936123942e-01,  4.028319525072239e+01
s939        , -1.269094165370334e+00, -6.099604754421672e-01,  4.077869013330492e+01
s940        ,  1.741633513389911e-01,  9.651460535159246e-01,  1.495803534197498e+01
s941        , -7.405880410109714e-01, -5.769208710093021e-01,  4.023707329354271e+01
s942        , -9.892731562449668e-01, -7.906782658113694e-01,  4.374118923669049e+01
s943        , -2.404390935905114e-01, -2.193815840301094e-02,  3.113926513015328e+01
s944        , -1.000366609598995e+00, -5.890286693438977e-01,  4.043555592016698e+01
s945        , -6.403848269203397e-01, -2.953511516132872e-01,  3.562131277795057e+01
s946        ,  1.042678968069443e+00,  8.014334065997057e-01,  1.764176984709113e+01
s947        ,  5.081125559242120e-03, -3.380420462827713e-01,  3.632114281085821e+01
s948        , -9.507722609706112e-01, -4.904714057232076e-01,  3.881991086102847e+01
s949        , -1.109777834090980e-01, -2.472763146945882e-01,  3.483322400718767e+01
s950        ,  6.358188156380660e-01,  8.639000712851916e-01,  1.661775645170725e+01
s951        , -2.185819524191360e+00, -9.074473739828728e-01,  4.565538029421995e+01
s952        ,  1.305064709156519e+00,  1.273677177709415e+00,  9.900297656479660e+00
s953        ,  1.664044937420125e+00,  1.106241168727103e+00,  1.264506907865774e+01
s954        ,  1.051351309197190e+00,  8.620147095485184e-01,  1.664866310701242e+01
s955        , -1.399028311662238e+00, -1.655208726254924e-01,  3.349301049897812e+01
s956        ,  1.385421265834244e+00,  4.940623054772777e-01,  2.268049132338586e+01
s957        , -9.408889636329510e-01, -4.300081953469130e-01,  3.782874000750241e+01
s958        ,  9.732055185777991e-01, -2.130416432273785e-02,  3.112887209197743e+01
s959        , -5.141793956906318e-01, -5.136889086054801e-01,  3.920051440499093e+01
s960        , -1.427508420922605e+00, -5.883687888641671e-01,  4.042473852733836e+01
s961        , -2.005936182526318e-01, -2.634125886614902e-01,  3.509774526467576e+01
s962        , -1.040812919577019e+00, -4.948258722357550e-01,  3.889129344662112e+01
s963        ,  3.350397487530737e-01, -5.650409148467139e-01,  4.004232567401933e+01
s964        , -1.211148190797335e+00, -7.545945946026860e-01,  4.314967113886406e+01
s965        , -3.546684926971408e-01, -5.039016792190127e-01,  3.904007276710458e+01
s966        , -1.297482551855562e+00, -9.499925353585821e-01,  4.635282132739901e+01
s967        , -7.045435460678467e-02,  7.452958718508498e-01,  1.856203008278791e+01
s968        ,  9.299065987644251e-02,  4.036235246469828e-01,  2.416305043709386e+01
s969        ,  6.950554955433741e-01,  3.144283169901825e-01,  2.562522370830154e+01
s970        ,  2.496136210729474e-01, -2.895242422452269e-01,  3.552579249882852e+01
s971        , -1.044044119112301e+00, -4.512587978477336e-01,  3.817710023660032e+01
s972        , -1.696855601622959e-01,  2.499203513839199e-01,  2.668270006344819e+01
s973        ,  4.802864320387065e-01, -3.708940416038609e-01,  3.685968418237633e+01
s974        , -1.989928973862810e-01, -1.152996380697440e-01,  3.266973592242223e+01
s975        ,  5.144117291211028e-01, -4.604790188304089e-01,  3.832824692967569e+01
s976        ,  3.695887594461370e-01,  9.360610833259894e-01,  1.543482402965009e+01
s977        , -5.208667084829633e-01, -4.555714640195190e-01,  3.824779759097265e+01
s978        , -1.415530554889297e+00, -3.839106925832507e-01,  3.707306559201367e+01
s979        , -9.075955878756907e-02,  1.282331442789838e+00,  9.758428654602008e+00
s980        , -1.408049785649008e+00, -1.121152318385620e+00,  4.915863642018736e+01
s981        ,  7.617332134276670e-01, -1.766747233083010e-02,  3.106925595378038e+01
s982        ,  5.658342892742037e-01,  1.798835077641989e-01,  2.783081108231077e+01
s983        , -6.523400746561840e-01, -7.579344537831025e-01,  4.320442130932157e+01
s984        ,  1.408650344937474e+00, -2.378151524719174e-01,  3.467812757454323e+01
s985        , -1.892295500046385e+00, -1.269565033258782e+00,  5.159155978564307e+01
s986        ,  7.279494111089814e-01, -3.467840453101578e-02,  3.134811544673815e+01
s987        ,  6.069333137359153e-01, -1.887827458516675e-01,  3.387434140411382e+01
s988        ,  7.956867077796174e-01,  1.086225279268729e-01,  2.899898931447686e+01
s989        , -1.492402946081943e-01,  2.987788257391211e-02,  3.028984695930514e+01
s990        ,  4.998144921024051e-01,  9.921226499169499e-01,  1.451580913675655e+01
s991        , -1.388778051347251e+00, -1.334520737021639e+00,  5.265637589347679e+01
s992        ,  4.282998930275517e-01, -8.522591935665409e-01,  4.475068278399227e+01
s993        ,  5.363050420459536e-01,  2.596655720053647e-01,  2.652294707347226e+01
s994        , -6.815023874245365e-01,  2.827913403258071e-01,  2.614384733030669e+01
s995        , -2.391036276757255e+00, -1.380854943803573e+00,  5.341593058793786e+01
s996        ,  4.431453520331272e-01,  6.805463638992517e-01,  1.962346603139807e+01
s997        , -6.841651286789517e-01, -1.200224285728089e+00,  5.045485984056246e+01
s998        , -1.890503332016519e-01, -3.311670234544446e-01,  3.620844085205790e+01
s999        , -1.955891416531250e-01, -4.561670208050919e-01,  3.825756052820019e+01
s1000       ,  1.922227018092693e+00,  1.102322105007365e+00,  1.270931412466078e+01
s1001       ,  7.564584951078414e-01,  9.586468579688256e-02,  2.920812808157896e+01
s1002       , -1.216448226111712e+00, -5.246638200228178e-01,  3.938042566423761e+01
s1003       ,  9.406214986730431e-01,  1.029284717316344e+00,  1.390661293573095e+01
s1004       , -6.084517344429569e-01, -4.861840539872697e-01,  3.874962848513362e+01
s1005       ,  1.047447652274055e-01,  1.860736285095876e-01,  2.772933669442346e+01
s1006       ,  1.789223857816157e+00, -7.807409659670996e-01,  4.357828750012886e+01
s1007       , -3.471776742826870e-02, -5.236939890143975e-01,  3.936452726548555e+01
s1008       , -4.304906904704673e-01,  6.245814330487049e-01,  2.054089677868123e+01
s1009       ,  5.526661980887815e-01,  5.157782312113592e-01,  2.232450307018194e+01
s1010       ,  1.084664986478008e-01,  4.741136532127528e-01,  2.300750873725901e+01
s1011       , -1.857041478323650e-01,  4.570223977837007e-01,  2.328768496551445e+01
s1012       , -9.197930097533304e-01, -1.205210431898627e+00,  5.053659752410423e+01
s1013       , -4.019119417889337e-01, -5.255059153611221e-01,  3.939423009754545e+01
s1014       , -1.358932079618377e+00, -1.377226933141277e+00,  5.335645676241042e+01
s1015       , -1.527440174864809e+00, -7.436247628573420e-01,  4.296984315046581e+01
s1016       ,  1.494747075983483e+00,  4.206143825288915e-01,  2.388452002158761e+01
s1017       ,  5.541257590705128e-01, -3.449212409377522e-02,  3.134506175939958e+01
s1018       , -1.957085120530336e+00, -1.177563556093069e+00,  5.008338345692219e+01
s1019       ,  7.131485583147716e-01,  8.854631247708673e-01,  1.626427422681361e+01
s1020       , -1.923756067205053e+00, -5.306763682663187e-01,  3.947898911360274e+01
s1021       ,  3.885529621363158e-01,  1.145480267318447e+00,  1.200182419304341e+01
s1022       , -1.875446506562856e+00, -1.097478588536423e+00,  4.877055396682868e+01
s1023       ,  1.372593741804168e+00, -2.886081353077927e-01,  3.551077479650264e+01
s1024       , -8.235465806555776e-01, -7.835659422268726e-01,  4.362459721661867e+01
s1025       , -3.055697164838789e-01,  3.776071493301199e-01,  2.458953577864263e+01
s1026       , -1.058405261469002e+00, -5.949830495918966e-01,  4.053316582403906e+01
s1027       ,  1.001215100946893e+00,  1.167379635522144e+00,  1.164282877518431e+01
s1028       , -1.207050253018809e-01, -4.955824723543214e-01,  3.890369636040341e+01
s1029       , -3.485019297637044e-02,  3.171533074270334e-01,  2.558055305518315e+01
s1030       ,  7.570890498814408e-01,  3.013903667643403e-01,  2.583895427558622e+01
s1031       , -3.425236517205575e-01, -5.316661116806933e-01,  3.949521393558444e+01
s1032       , -9.690806500330096e-01, -3.200285066534272e-01,  3.602584761666782e+01
s1033       ,  3.580879227715397e-01,  3.407955254614503e-01,  2.519298717367300e+01
s1034       , -1.559175075401338e+00, -7.282159193136730e-01,  4.271724662917663e+01
s1035       , -5.297528349600488e-01, -4.844917531391271e-01,  3.872188666881859e+01
s1036       , -2.199501197760688e+00, -1.105513979101602e+00,  4.890227778492132e+01
s1037       , -2.563451324430153e-01, -4.336493700868640e-01,  3.788842963119877e+01
s1038       ,  1.208934872396009e+00,  1.210591928249473e+00,  1.093445148594007e+01
s1039       ,  1.284684643971159e+00,  1.107807027447042e+00,  1.261940002280901e+01
s1040       ,  3.246719543370283e-02, -6.584245476020922e-02,  3.185898640566938e+01
s1041       ,  2.496032441662194e+00,  9.937064279459726e-01,  1.448984633043097e+01
