# c0 + a0 * (paths-per-volume + face-area-count)
# Property Label: $E$; Unit of the Property: Unitless
# RMSE: 0.742576441960363; Max AE: 2.67391194919483
# Coefficients
# Task   a0                      c0
# all , -6.689571528348555e-02,  2.059025620967112e+00, 
# Feature Rung, Units, and Expressions
# 0;  1; Unitless;                                         38|34|add; (paths-per-volume + face-area-count); $\left(paths-per-volume + face-area-count\right)$; (paths_sub_per_sub_volume + face_sub_area_sub_count); (newdata$paths_sub_per_sub_volume + newdata$face_sub_area_sub_count); paths-per-volume,face-area-count
# Number of Samples Per Task
# Task, n_samples               
# all , 1041                  

# Sample ID , Property Value        ,  Property Value (EST) ,  Feature 0 Value      
s1          ,  6.774572406644882e-01,  2.752133636566299e-01,  2.666556818700837e+01
s2          ,  1.967875961713064e+00,  1.452428258420089e-01,  2.860845103479379e+01
s3          , -1.271285198486554e+00, -5.839619943160059e-01,  3.950907175568520e+01
s4          , -1.922048452937919e-01, -6.935011342668220e-01,  4.114653298151438e+01
s5          ,  2.455067115358116e-01, -2.969066856975395e-01,  3.521798513822390e+01
s6          ,  1.771859120156342e-01,  4.027482998681267e-01,  2.475909427203431e+01
s7          , -1.787554844087500e-01,  3.990428329247218e-01,  2.481448596532441e+01
s8          ,  1.258527874893824e+00, -5.205923505804626e-01,  3.856178173169786e+01
s9          ,  1.207996528852184e+00,  9.380411088145562e-01,  1.675719449896205e+01
s10         , -3.778119871449526e-01,  2.804053446210419e-02,  3.036046595657516e+01
s11         ,  2.051916464504999e-01, -5.320362583820644e-01,  3.873285259555073e+01
s12         , -9.030892502610830e-01, -5.000337521513503e-01,  3.825445863421709e+01
s13         , -1.915336013610817e+00, -5.138463713509109e-01,  3.846093851325010e+01
s14         , -4.972857440368104e-01, -7.988007461444013e-01,  4.272061902620870e+01
s15         ,  9.892906044607527e-01,  3.547857093760920e-01,  2.547606979563522e+01
s16         ,  7.196956197004112e-01,  7.547125677526887e-01,  1.949770695607491e+01
s17         , -8.233048349290433e-01, -4.604974814790515e-01,  3.766344513649523e+01
s18         ,  6.436893120625885e-01, -2.145160536614630e-01,  3.398635719782551e+01
s19         ,  6.782210382119218e-01,  1.129323367482346e+00,  1.389778477657268e+01
s20         ,  1.358387811126361e-01, -7.923055698484571e-01,  4.262352497065642e+01
s21         ,  1.192439177417436e+00,  7.727514682659691e-01,  1.922804991695310e+01
s22         , -1.675888320916539e+00, -1.155023669638190e+00,  4.804566745396247e+01
s23         ,  1.682267394333138e+00,  9.236707380483666e-01,  1.697201200566322e+01
s24         , -5.344901610254715e-02, -1.032166626257718e-01,  3.232258261130625e+01
s25         ,  7.630444568978922e-01,  1.658126715397030e+00,  5.992893623622729e+00
s26         , -7.690353008448225e-01, -1.180632460476206e+00,  4.842848406231314e+01
s27         ,  1.318355805735755e-01, -2.979414503222655e-02,  3.122501578983792e+01
s28         , -1.557515501210242e+00, -7.303850734949449e-01,  4.169789772994137e+01
s29         ,  1.315402392066626e+00,  1.619026118038919e+00,  6.577394397587300e+00
s30         , -1.602536800620832e+00, -4.935932582859635e-01,  3.815818200666189e+01
s31         , -6.577868421803238e-01,  2.751255314110068e-02,  3.036835855954332e+01
s32         ,  1.122204297021453e+00,  2.848832145794309e-01,  2.652101706169604e+01
s33         ,  1.732999170998263e+00,  1.143682832402338e+00,  1.368313029744586e+01
s34         ,  1.815120104294484e+00,  6.052007602332043e-01,  2.173270521995317e+01
s35         ,  5.934117724273275e-01,  1.080286559382006e+00,  1.463081839303878e+01
s36         ,  9.702627198604924e-01, -1.741176950877064e-01,  3.338245665796941e+01
s37         ,  1.142962175227537e+00, -3.770896111796729e-02,  3.134333153027361e+01
s38         ,  2.376281988155590e-01,  1.142017064777805e+00,  1.370803125885236e+01
s39         , -9.901628269429662e-01,  5.385154649916839e-01,  2.272955972638795e+01
s40         , -6.175077579414836e-01,  2.735520847340596e-01,  2.669040204842281e+01
s41         , -6.558266813617915e-01, -2.680781671543899e-01,  3.478703797784176e+01
s42         , -1.132806252875512e-01, -5.650482687278440e-01,  3.922633727100242e+01
s43         ,  3.987508132795206e-01,  6.572869453952412e-01,  2.095408756198643e+01
s44         , -1.257042213831158e-02, -9.826805935836802e-02,  3.224860771999321e+01
s45         , -2.453536714432208e-01, -1.429538290373724e-01,  3.291659922721663e+01
s46         ,  4.319604697532172e-01, -3.905563892084616e-01,  3.661792089067173e+01
s47         , -5.858250576994644e-01,  3.432665698239745e-04,  3.077450245764113e+01
s48         , -1.351740028810569e+00, -1.175573192088863e+00,  4.835285487790421e+01
s49         ,  1.400180920836999e+00, -5.387398475319882e-02,  3.158497665756956e+01
s50         ,  6.339509690024701e-01, -4.282004306902367e-01,  3.718064813444586e+01
s51         ,  9.663578673416964e-01,  9.420357414574385e-01,  1.669748017158018e+01
s52         ,  1.470345916377529e-01, -7.025879614099528e-02,  3.182990731296897e+01
s53         , -1.879048126514940e+00,  2.004470446472784e-02,  3.047999274485288e+01
s54         ,  2.462378298792408e+00,  1.356177544547902e+00,  1.050662323350208e+01
s55         ,  2.147693442064033e-01, -4.131481994275150e-01,  3.695563774029827e+01
s56         ,  1.250856345991485e+00,  1.542744897181039e+00,  7.717694946503193e+00
s57         ,  3.470878239384724e-01,  9.271528213027880e-01,  1.691995959483742e+01
s58         ,  2.650904256602346e+00,  8.883886220476034e-01,  1.749943167449025e+01
s59         ,  2.436955679659398e-02, -1.329614565792787e-01,  3.276722684341374e+01
s60         , -1.350996154759193e+00, -8.049220127043992e-01,  4.281212363953195e+01
s61         , -1.175408395594881e+00, -6.245199561643369e-01,  4.011535814751848e+01
s62         ,  5.137509822735412e-02, -1.149520694466468e-01,  3.249801098920972e+01
s63         ,  1.630781368412474e+00,  7.358006989991819e-01,  1.978041368360392e+01
s64         , -7.346563779561162e-02,  1.264213557173202e+00,  1.188135982141331e+01
s65         ,  6.477994742971301e-01,  6.088783817665726e-01,  2.167772977768779e+01
s66         ,  1.102507059534665e+00,  3.232161170590808e-01,  2.594799228249747e+01
s67         , -2.689254974131806e-01, -2.714407367506824e-01,  3.483730382195514e+01
s68         ,  1.634793292022643e+00,  9.702569968757271e-01,  1.627561076935173e+01
s69         ,  3.008420412735001e-01,  6.573686066529576e-01,  2.095286683720055e+01
s70         ,  4.428344099007711e-01,  3.588871428787066e-01,  2.541475894059415e+01
s71         , -2.587880550234566e-02, -5.170009343825370e-01,  3.850809494200279e+01
s72         ,  3.320850724266521e-01,  7.519422275054439e-01,  1.953911977654488e+01
s73         , -1.001377721869569e+00, -1.641900201235824e-02,  3.102507558495053e+01
s74         ,  1.535377236435878e+00,  1.581861217657147e+00,  7.132959133299844e+00
s75         ,  2.223324131252060e-01,  4.184096626357445e-01,  2.452497818999154e+01
s76         , -5.720277382811452e-01, -5.130317575066980e-01,  3.844876114373157e+01
s77         , -1.197863875151751e+00, -5.869053280644763e-01,  3.955307059381702e+01
s78         , -1.436625202734528e+00, -7.177755078283292e-01,  4.150940186569686e+01
s79         ,  4.409066269069510e-01,  5.685427183703342e-01,  2.228069310987292e+01
s80         ,  6.309139277294878e-01,  2.161668245769495e-01,  2.754823367357141e+01
s81         , -1.685326208098238e+00, -3.984963205546910e-01,  3.673661207010799e+01
s82         , -1.663665661245249e-01, -3.072730890008897e-01,  3.537294877467535e+01
s83         , -1.321966357459877e+00, -6.707045319751748e-01,  4.080575476881359e+01
s84         ,  1.425519064192979e+00, -2.573829624902988e-01,  3.462715920804660e+01
s85         , -6.984731689207798e-01, -3.579856291791907e-01,  3.613103230758019e+01
s86         , -2.932580333118892e-01,  2.135527442820884e-02,  3.046040150559448e+01
s87         ,  3.346071912195332e-02, -2.124454687127164e-01,  3.395540476776370e+01
s88         , -7.344698336486584e-02, -1.831425334929393e-01,  3.351736572302669e+01
s89         ,  2.903456543575506e-01,  2.249512757653516e-01,  2.741691807060377e+01
s90         ,  3.160753830639385e-01, -1.006740514292463e-01,  3.228457403055110e+01
s91         ,  4.911838748491691e-01,  1.308566081231630e+00,  1.121834988317624e+01
s92         , -8.899315452749768e-01, -8.011667637829181e-01,  4.275598777334729e+01
s93         ,  8.806558878772817e-01,  1.315098693101819e-01,  2.881374006524410e+01
s94         ,  2.174850994919374e-01,  2.063917563104662e-01,  2.769435765513076e+01
s95         , -7.665153489308597e-01, -9.234799105567197e-01,  4.458440303515400e+01
s96         ,  5.275622810365228e-01, -7.484222205064217e-02,  3.189842329923541e+01
s97         ,  2.030602111680013e+00,  1.092304650041734e+00,  1.445116427604790e+01
s98         , -9.469867286116609e-01, -3.438415945056823e-01,  3.591959821776487e+01
s99         , -9.198822372946849e-01, -9.921603448098648e-01,  4.561108215745797e+01
s100        , -4.843791818667553e-01, -1.018839810486556e-01,  3.230266083348432e+01
s101        , -2.042448773263304e-01, -6.196850259877085e-02,  3.170597869501351e+01
s102        , -5.164158759195604e-01, -1.118633970511065e+00,  4.750169092313511e+01
s103        ,  1.172650799800637e-01,  7.021248013669197e-01,  2.028382257144604e+01
s104        , -1.768695959917696e+00, -1.100014105515688e+00,  4.722334925481643e+01
s105        ,  5.247327840013729e-01,  5.310458823583675e-02,  2.998579242677556e+01
s106        ,  5.297962102782025e-01,  1.169134913994302e+00,  1.330265627928035e+01
s107        ,  1.497385912477808e-01, -6.537746942457403e-01,  4.055267671055992e+01
s108        ,  4.406641357796892e-01,  7.492129809267032e-01,  1.957991830253679e+01
s109        , -6.596772585897818e-01, -3.796900336939442e-01,  3.645548364833910e+01
s110        ,  1.094420195469493e+00, -1.238343692613633e-01,  3.263078929611736e+01
s111        ,  3.915962330096326e-01,  8.196170864103098e-01,  1.852747263863658e+01
s112        ,  8.365523515867515e-01,  1.020561826781357e+00,  1.552362195074875e+01
s113        , -1.291655352083360e-01,  2.648483487150626e-01,  2.682051106933862e+01
s114        ,  1.376602311009741e+00,  7.389287882747191e-01,  1.973365300151418e+01
s115        ,  2.854337653329592e+00,  6.761983769997337e-01,  2.067138736924089e+01
s116        , -4.031277243707178e-01,  3.219739726998641e-01,  2.596656065199547e+01
s117        , -1.548008576871541e+00, -7.312848316427476e-01,  4.171134789104646e+01
s118        , -1.376296935489929e+00, -7.766079991632302e-01,  4.238886762946940e+01
s119        ,  1.159776550977451e-01, -3.905220966145384e-01,  3.661740826301272e+01
s120        , -1.608916416404319e-01,  5.928601208243163e-01,  2.191718100224493e+01
s121        ,  3.197271174130288e-01,  5.744788174004105e-01,  2.219195649939017e+01
s122        , -1.530552753436365e+00, -4.488535415803097e-01,  3.748938406473005e+01
s123        , -1.233881263109963e+00, -9.020469244800839e-01,  4.426400903105660e+01
s124        , -5.427146006639550e-01, -1.928499893449036e-01,  3.366247899090680e+01
s125        ,  9.732454451545894e-01, -5.431509384101427e-01,  3.889900195176850e+01
s126        , -1.840471966312827e-01, -4.572510208124831e-01,  3.761491496303328e+01
s127        , -1.081994746251625e+00, -1.035493811583088e+00,  4.625885857467077e+01
s128        ,  4.539347974729817e-01,  1.078656027080990e+00,  1.465519263426044e+01
s129        , -9.281932508350824e-01, -6.377760223593945e-01,  4.031351831575768e+01
s130        , -7.213314288938638e-01,  7.820195768691089e-01,  1.908950429315845e+01
s131        , -2.205996399193568e-01, -1.351915801389110e-01,  3.280056415881850e+01
s132        , -1.239159936584262e+00, -5.089891006461618e-01,  3.838832891958381e+01
s133        , -3.218370754810609e-01, -9.447461597075213e-02,  3.219190089846450e+01
s134        , -1.004593496203065e+00, -3.335780123835645e-01,  3.576617161818935e+01
s135        ,  9.616883013837800e-01,  9.672736021950623e-03,  3.063503957257307e+01
s136        ,  1.177397001560173e+00,  8.236834310600663e-01,  1.846668631424310e+01
s137        , -1.190015539084228e+00, -3.331699052950547e-01,  3.576007097203016e+01
s138        ,  2.514478411301381e-01, -8.680728567606399e-02,  3.207728473415268e+01
s139        , -1.987650229798378e-01, -2.299578753963871e-02,  3.112338958756505e+01
s140        , -1.883191692860165e-02, -1.248205087957728e-01,  3.264553074151832e+01
s141        ,  4.763479271249645e-01,  4.150646676131144e-01,  2.457498131812098e+01
s142        , -1.264849480226229e+00, -9.260061359036516e-01,  4.462216666973399e+01
s143        ,  5.343202969822768e-02,  1.136047458842388e+00,  1.379726875201793e+01
s144        ,  1.580293395785219e-01,  5.908992301386069e-01,  2.194649365220165e+01
s145        ,  9.188749641933952e-01,  4.521278016009369e-01,  2.402093785164843e+01
s146        ,  8.965084025411505e-01,  8.184699440540071e-01,  1.854462085734449e+01
s147        ,  6.848734553557310e-01,  4.173496299744326e-01,  2.454082423718335e+01
s148        ,  2.946101194283518e-01,  6.248945338873213e-03,  3.068622058870494e+01
s149        , -1.049624548293927e+00, -3.700387238980003e-01,  3.631120968766697e+01
s150        ,  3.591106519707902e-01,  7.217175031590373e-01,  1.999093831556972e+01
s151        , -1.331621263631160e-02,  2.528017021211104e-02,  3.040172964944839e+01
s152        ,  6.334057303004041e-01, -4.102481870793637e-01,  3.691228649820658e+01
s153        ,  1.034338109925286e+00,  3.333102584657868e-01,  2.579709859126583e+01
s154        , -3.383324211856340e-02, -2.066205893730073e-01,  3.386833074045082e+01
s155        ,  1.136039203602913e+00, -3.910053396979549e-01,  3.662463209014976e+01
s156        , -1.392262169733224e+00, -7.739412617584822e-01,  4.234900353064861e+01
s157        , -5.253740885024729e-01, -5.996145484670334e-02,  3.167597605966441e+01
s158        ,  3.989423304234663e-01,  5.587456362164456e-01,  2.242714616912151e+01
s159        ,  5.765884380454732e-01,  4.078793421786446e-01,  2.468239216504922e+01
s160        , -8.116051377987674e-01, -7.768735792913821e-01,  4.239283769133399e+01
s161        , -3.068617279191663e-01,  2.845288491100197e-01,  2.652631434371043e+01
s162        ,  7.336330388262124e-01, -4.109365171961814e-01,  3.692257609768094e+01
s163        ,  5.366582957206302e-01, -2.382433233783914e-01,  3.434104762330909e+01
s164        ,  1.442528357282191e+00,  1.309957109256508e+00,  1.119755590528120e+01
s165        , -1.062713736405366e-01,  4.693770880903674e-01,  2.376308446871751e+01
s166        , -8.326065002207604e-01,  1.767965386079773e-02,  3.051534703613907e+01
s167        ,  3.946237056414995e-01, -8.357256361679477e-02,  3.202893003691145e+01
s168        ,  2.235679947771067e+00,  1.258554868215674e+00,  1.196594952844534e+01
s169        ,  1.625062009748738e+00,  1.062506963858562e+00,  1.489659917508287e+01
s170        ,  1.327620092596634e-01, -3.923517737146454e-01,  3.664475944824713e+01
s171        ,  5.954984467350798e-01,  4.570471066659862e-01,  2.394740092863023e+01
s172        ,  5.199772380778388e-01,  2.015515059538577e-01,  2.776671281773118e+01
s173        ,  6.222838143288129e-01,  6.137734441557769e-01,  2.160455524971600e+01
s174        ,  1.054103529053623e+00,  3.260893508917178e-01,  2.590504134280782e+01
s175        , -5.255654946879281e-01, -7.217453841313448e-02,  3.185854505552125e+01
s176        ,  9.849433920982633e-01,  9.696535156867603e-01,  1.628463199270526e+01
s177        , -4.422819104749493e-01,  6.370660453981780e-02,  2.982730669627619e+01
s178        , -6.072036959750036e-01, -6.032481778055367e-01,  3.979737397964381e+01
s179        ,  1.274608736041423e+00,  1.442015993350021e+00,  9.223455119694504e+00
s180        , -1.497077617346340e+00, -9.740475925146463e-01,  4.534032113459632e+01
s181        , -2.083438027973673e+00, -9.542425542992139e-01,  4.504426273785889e+01
s182        ,  1.836267684377070e+00,  7.196307617028981e-01,  2.002213226345258e+01
s183        ,  9.114464311238878e-01,  3.202552221482617e-01,  2.599225363613232e+01
s184        ,  1.514590021168478e+00,  4.350071367659605e-01,  2.427686851570403e+01
s185        ,  1.833338059507960e+00,  1.481281533444924e+00,  8.636488676051492e+00
s186        ,  2.453649877689343e-01,  5.290055362813149e-01,  2.287172023203571e+01
s187        ,  3.720198183543537e-01, -3.157436717995488e-01,  3.549957247191460e+01
s188        ,  1.146530015212694e+00,  1.040064830844521e+00,  1.523207855397788e+01
s189        ,  1.953473158179789e-01, -1.929004458221195e-02,  3.106799376824056e+01
s190        , -2.653274521332475e-01, -5.289602532032500e-01,  3.868687049989963e+01
s191        , -1.734213411135429e+00, -1.002329671145848e+00,  4.576309976116979e+01
s192        , -1.380433379832566e+00, -8.067799431709930e-01,  4.283989717418542e+01
s193        ,  1.331098677791819e+00,  1.315444919869956e+00,  1.111552059718723e+01
s194        ,  5.090097107027989e-01,  5.248657967474557e-02,  2.999503081459266e+01
s195        , -9.924573921340460e-02, -6.702129780710329e-01,  4.079840670620511e+01
s196        , -5.779338669443590e-01, -1.789079583271906e-01,  3.345406458112539e+01
s197        ,  2.483047809304522e-01,  2.415730146536199e-01,  2.716844567117086e+01
s198        , -5.206217556690500e-01,  4.692742396603735e-01,  2.376462191292538e+01
s199        , -5.943289801913764e-01, -1.077271987821624e-01,  3.239000899485377e+01
s200        , -1.021605773659559e+00, -7.299972440697386e-01,  4.169210020728147e+01
s201        , -1.880186336712063e-01,  7.962135108418944e-02,  2.958940287124151e+01
s202        ,  8.974446090874552e-01,  1.945925622554401e-01,  2.787073956546723e+01
s203        ,  1.491847227695687e+00, -6.098729236559342e-02,  3.169131093596468e+01
s204        ,  5.673187961114483e-01,  3.244639340719853e-01,  2.592933911453870e+01
s205        ,  7.052663182498152e-02,  3.006730542000347e-01,  2.628498042536304e+01
s206        ,  4.612958000362408e-01, -2.255482783116207e-01,  3.415127395823992e+01
s207        , -1.890335631962240e-01, -5.395165293878690e-01,  3.884467247779738e+01
s208        ,  1.196645888991632e+00,  3.537052912383098e-01,  2.549222057798658e+01
s209        ,  1.251755561530769e-01, -4.170901874379149e-01,  3.701456510199394e+01
s210        ,  4.275859111659360e-01,  1.003781276615721e-01,  2.927911727986363e+01
s211        ,  5.283027681041661e-01,  4.244996692007241e-02,  3.014506453068555e+01
s212        , -5.193859304496163e-01, -4.946782748606005e-01,  3.817440152939274e+01
s213        , -7.895660096178727e-01, -5.325341994187820e-01,  3.874029613710803e+01
s214        , -8.273130453363812e-01, -9.611622367282595e-01,  4.514770258299279e+01
s215        ,  7.097242197335737e-01, -2.533320793908227e-01,  3.456660401281011e+01
s216        , -4.103389107009319e-01,  5.633755959911291e-02,  2.993746390005937e+01
s217        ,  5.083753923761842e-01, -1.353474141198259e-01,  3.280289366497976e+01
s218        ,  1.227559854195250e+00,  6.484830945483726e-01,  2.108569316347467e+01
s219        ,  4.233903461072759e-01, -2.538641088019755e-01,  3.457455712922270e+01
s220        , -9.401298955648565e-02,  8.705855317036728e-01,  1.776556367215984e+01
s221        ,  1.262898065596499e+00, -1.810300745825977e-02,  3.105024917699249e+01
s222        , -8.196925206317609e-01, -7.503876758022066e-01,  4.199690944126692e+01
s223        ,  4.013207508237785e-01, -1.040535004277876e-02,  3.093517966345399e+01
s224        ,  7.221682333138075e-01,  4.770841133663728e-02,  3.006645793541587e+01
s225        ,  7.658761358813224e-01,  6.012137208119215e-01,  2.179230603899497e+01
s226        ,  1.021677840387193e+00,  5.542101597933833e-01,  2.249494537574995e+01
s227        , -1.713769108940136e-01,  3.555772837685736e-01,  2.546423683459837e+01
s228        ,  1.274319171489858e-01, -3.929930044851386e-01,  3.665434497652463e+01
s229        ,  2.041762025685344e-01, -3.063458715218670e-01,  3.535908813389898e+01
s230        , -1.775628277285172e+00, -5.842438296665899e-01,  3.951328481102648e+01
s231        , -2.906010097813954e-01, -4.126608459444592e-01,  3.694835246827464e+01
s232        ,  7.153226846206260e-01,  1.000426775587859e+00,  1.582461359286172e+01
s233        , -3.817422129899863e-01,  2.990762521720156e-01,  2.630885044485909e+01
s234        , -1.045314287465124e-01,  1.343590192718425e+00,  1.069478703108068e+01
s235        , -2.007585327297883e+00, -1.319666216717128e+00,  5.050684970429387e+01
s236        ,  1.304199689079254e+00, -4.838103408036991e-01,  3.801194068999748e+01
s237        , -2.782406460538666e-01, -5.991897082453823e-02,  3.167534098128928e+01
s238        , -2.322383208123123e-01, -5.946435136011008e-03,  3.086852494741019e+01
s239        , -3.517230695261006e-01, -5.943423845023581e-01,  3.966424447702263e+01
s240        , -8.445222562838290e-01, -5.551801774955005e-01,  3.907882272256647e+01
s241        , -1.536302083677280e+00, -1.032172833533706e+00,  4.620921446764076e+01
s242        ,  2.935750684089247e-01, -3.114476752673445e-02,  3.124520575998450e+01
s243        ,  1.616760901218624e-01, -5.438957453868065e-02,  3.159268402392773e+01
s244        ,  1.913693632034482e-02,  6.186967410824422e-01,  2.153095865379350e+01
s245        ,  1.011107650821608e+00,  2.370759967557265e-01,  2.723566997513169e+01
s246        , -1.106818107812668e+00, -5.985183727302195e-01,  3.972666982385037e+01
s247        , -1.990274764442437e+00, -5.072571972425357e-01,  3.836243931819026e+01
s248        , -9.667152724294116e-02,  1.030565097504894e-01,  2.923907910884525e+01
s249        , -3.381305046273163e-03, -4.840917996752827e-01,  3.801614811748952e+01
s250        , -1.066763974390572e+00, -4.750517023148277e-01,  3.788101095179594e+01
s251        ,  1.207378380322024e+00,  3.747163496008916e-01,  2.517813381961136e+01
s252        , -7.806439949963919e-01, -5.488450050277325e-01,  3.898412050672318e+01
s253        ,  1.425727038542695e-01,  7.850202436007714e-02,  2.960613528406301e+01
s254        ,  2.519006949731616e-01, -2.499948931701401e-01,  3.451671761565387e+01
s255        ,  2.957126742656839e-01, -1.086830401215155e-01,  3.240429752342848e+01
s256        , -1.208240274724157e+00, -8.933994294140861e-01,  4.413474073592960e+01
s257        ,  9.313485666439150e-01, -1.311334541081965e-02,  3.097566051273657e+01
s258        , -6.564646920389060e-01, -3.614757285099697e-01,  3.618320454784983e+01
s259        ,  6.730828234081326e-01,  6.721974628614256e-01,  2.073119559643980e+01
s260        , -1.076132473957489e+00, -1.118677219989351e+00,  4.750233744403862e+01
s261        ,  4.986447736713935e-01, -2.024476151884982e-01,  3.380595044947366e+01
s262        , -7.901168230278026e-01, -2.448787661636636e-01,  3.444023847218713e+01
s263        , -1.546259780331375e+00, -1.208389969413123e+00,  4.884342108509986e+01
s264        , -5.529113966692345e-01,  1.969907419631149e-01,  2.783489003911846e+01
s265        , -4.420703395591482e-01,  4.486506012766345e-01,  2.407291726930720e+01
s266        ,  1.642224930755288e-01,  9.662676432511337e-01,  1.633524618258691e+01
s267        , -5.742332897034260e-01, -3.767160953870761e-01,  3.641102731366557e+01
s268        , -1.103100765949088e+00, -5.829200452366106e-01,  3.949349603345875e+01
s269        ,  7.960085847259791e-01,  6.324490113501187e-01,  2.132538090924891e+01
s270        , -4.283987476508868e-01,  3.955812705189634e-01,  2.486623161736041e+01
s271        ,  2.199521430164574e-01, -1.641879925604210e-01,  3.323402110443349e+01
s272        ,  4.892735632468817e-01,  7.455095932164022e-01,  1.963527891411866e+01
s273        , -7.406199765582813e-01, -3.508449169403587e-01,  3.602428836727591e+01
s274        ,  1.772759222941352e-01,  7.470790669463343e-01,  1.961181741552670e+01
s275        ,  2.643568451335951e-01, -4.286069910166823e-02,  3.142034300943740e+01
s276        , -5.816893010125334e-01, -4.428903576462289e-01,  3.740024257175384e+01
s277        , -1.588157064474181e+00,  6.546609340126612e-01,  2.099334286214208e+01
s278        ,  1.926575532177041e+00, -1.295738615164717e-01,  3.271658690259763e+01
s279        ,  1.613883746546309e+00,  7.599317355359378e-01,  1.941968749307744e+01
s280        , -1.609264987376504e+00, -9.394077969627141e-01,  4.482250328325654e+01
s281        , -1.346496740458654e+00,  5.881232562893961e-01,  2.198799068736223e+01
s282        , -1.354536059868065e+00, -2.555105388504213e-01,  3.459916902015576e+01
s283        ,  4.444527822772946e-01, -6.652781648766379e-01,  4.072463795773621e+01
s284        ,  2.385788249720763e+00,  2.397908079913087e-01,  2.719508723789541e+01
s285        ,  4.002184027452821e-01,  3.001713972649274e-01,  2.629247951454957e+01
s286        ,  1.951350507345722e+00,  1.606289847951824e+00,  6.767784320665660e+00
s287        , -7.632184401675010e-01, -8.590894730920735e-01,  4.362185353266678e+01
s288        ,  7.091749484961576e-01, -1.992753644401568e-01,  3.375852961340219e+01
s289        ,  2.314010563846089e+00,  1.371223687405119e+00,  1.028170385273972e+01
s290        ,  7.654861282396249e-01,  3.330271678838528e-01,  2.580133041060933e+01
s291        , -1.053228118031399e+00,  8.411520493398996e-01,  1.820555421922317e+01
s292        , -1.544830063612452e+00, -3.893808452051886e-01,  3.660034810595313e+01
s293        , -1.690406548169091e+00, -1.005543207925514e+00,  4.581113776728196e+01
s294        ,  1.421215154761337e+00,  1.411360332867068e+00,  9.681715568111006e+00
s295        , -1.705271840139647e+00, -7.522171921570084e-01,  4.202425822357755e+01
s296        , -7.627385590929443e-01,  6.156676296519432e-01,  2.157623975165848e+01
s297        ,  3.113058113377143e-01,  7.309807192797659e-01,  1.985246582773588e+01
s298        ,  4.087923101857815e-01,  3.417004023078833e-01,  2.567167734707191e+01
s299        , -3.373353052859910e-01, -4.771867504763114e-01,  3.791292701925163e+01
s300        , -1.247040873629315e+00, -1.106350690629958e+00,  4.731807258780446e+01
s301        ,  1.197929368440681e+00,  1.181926638688898e+00,  1.311143738520936e+01
s302        , -1.485192472843855e+00, -4.888331643712096e-01,  3.808702507389599e+01
s303        , -8.549580863671642e-01,  5.538189024554885e-01,  2.250079414104436e+01
s304        ,  1.882993199254014e+00,  3.206678695046872e-01,  2.598608511914021e+01
s305        , -5.165357198073315e-01, -4.678527956725547e-01,  3.777339708427444e+01
s306        ,  1.036931584747022e+00,  1.707359191462436e-01,  2.822736394728449e+01
s307        ,  5.869139350739364e-01, -3.836215242955689e-01,  3.651425408804461e+01
s308        , -1.992374094653734e+00,  5.997390606566493e-01,  2.181435020354307e+01
s309        ,  1.168183907358183e+00, -4.925649082852956e-02,  3.151595140079338e+01
s310        , -1.689353307212060e-01, -6.714476209578613e-01,  4.081686293888902e+01
s311        ,  4.171830243610439e-01,  3.713015452940205e-02,  3.022458849373948e+01
s312        , -6.851064106122525e-01, -3.576332842163548e-01,  3.612576522939226e+01
s313        , -3.693039585493864e-01, -3.736397196332586e-01,  3.636503967842196e+01
s314        , -1.774434185617937e-01, -1.101356812854148e-01,  3.242601253398996e+01
s315        , -3.815749786763621e-01, -3.574462309832667e-01,  3.612296903785300e+01
s316        ,  6.374559564486622e-01,  8.803335553269416e-01,  1.761984397124986e+01
s317        , -2.030534733815181e+00, -1.134290394513811e+00,  4.773573317735720e+01
s318        , -8.028512356005929e-02, -1.280747438540604e-01,  3.269417713156732e+01
s319        , -5.934013466311562e-01,  3.788160421779465e-01,  2.511684898904065e+01
s320        ,  2.790171268766068e+00,  4.840708891338010e-01,  2.354343211906903e+01
s321        , -1.062277605983095e+00, -6.844358467961738e-01,  4.101101925791890e+01
s322        ,  7.515966182544803e-02,  4.440679368587792e-01,  2.414142187230659e+01
s323        ,  7.526438612763078e-01,  6.759478954101477e-01,  2.067513172848011e+01
s324        , -2.651743878812372e-01, -6.264228075769105e-01,  4.014380318924514e+01
s325        ,  3.264086782559880e-02,  3.909678464529567e-01,  2.493519603528249e+01
s326        , -8.716201269332444e-01,  5.443412072759048e-01,  2.264247279922777e+01
s327        , -1.671151256925621e-01, -5.332259622342885e-01,  3.875063705076109e+01
s328        , -8.227567374308942e-02,  6.174414016957939e-01,  2.154972427101321e+01
s329        , -3.051380631011923e-01,  1.594388850405759e-01,  2.839623924905522e+01
s330        ,  2.650804092125521e-01,  1.431978840372972e-01,  2.863902013471365e+01
s331        , -1.375958879843693e-01, -1.048560266592320e-01,  3.234708887492138e+01
s332        , -2.261103407740682e-02, -7.116545473988056e-02,  3.184346062643670e+01
s333        ,  1.323183942483754e+00,  1.643533774020679e+00,  6.211038258365167e+00
s334        , -8.334838045052184e-01, -7.712155515991284e-01,  4.230825786931884e+01
s335        , -6.616430929673620e-01, -5.335556053059363e-01,  3.875556476653856e+01
s336        ,  7.402611706142617e-01,  9.133350573970711e-02,  2.941432208159924e+01
s337        , -2.672477917829363e+00, -7.457993084368706e-01,  4.192831958695575e+01
s338        ,  5.119490895181960e-01,  1.366018621832770e-01,  2.873762169426150e+01
s339        , -5.205367300996894e-01, -5.991889296501469e-01,  3.973669373819354e+01
s340        , -5.182275979842598e-01, -4.144573394837550e-01,  3.697520760438736e+01
s341        ,  1.970306289887119e+00,  1.034300347325262e+00,  1.531824974588203e+01
s342        , -6.893119617348112e-02, -5.752800355631895e-01,  3.937928827529300e+01
s343        , -9.390007101093139e-01, -3.432968084611399e-01,  3.591145440702552e+01
s344        ,  1.061951331424555e+00,  5.404963545416956e-01,  2.269994812059799e+01
s345        , -7.723215780687482e-01, -3.846026781257916e-01,  3.652892100394595e+01
s346        ,  3.961380156477509e-01,  8.010638727886350e-01,  1.880481795952973e+01
s347        , -1.709617878224923e+00, -8.333906970660196e-01,  4.323769176808814e+01
s348        ,  3.055057864420297e-01, -3.526252589264978e-03,  3.083234650852976e+01
s349        , -2.198294962810686e-01, -6.375377383656131e-01,  4.030995629399334e+01
s350        ,  4.405144181634823e-01,  1.120743534332984e-01,  2.910427460537901e+01
s351        ,  8.658280652293555e-01,  1.022254227378299e+00,  1.549832286261178e+01
s352        ,  9.704682100223125e-01, -4.135479823768078e-01,  3.696161395189267e+01
s353        , -6.298376205439114e-02,  1.706733427940388e-01,  2.822829937867856e+01
s354        , -5.109688604423303e-01,  7.994536554919918e-01,  1.882888851905390e+01
s355        , -1.498401072816738e+00, -4.508651270381190e-01,  3.751945453261106e+01
s356        ,  1.467186882538691e-01,  3.478578277444033e-01,  2.557963220770198e+01
s357        , -9.744403926942342e-02, -5.689195107470466e-01,  3.928420707630755e+01
s358        , -9.190473297739495e-02,  2.252739246504099e-01,  2.741209490840735e+01
s359        ,  4.402510249016559e-01,  5.588924839050415e-01,  2.242495099581372e+01
s360        , -8.756909416699599e-01, -3.846363516447981e-01,  3.652942437727657e+01
s361        , -1.770572058768898e-01,  6.542936084577640e-01,  2.099883387981550e+01
s362        ,  8.704386959032419e-01,  2.645770779511671e-01,  2.682456619847127e+01
s363        , -1.069662019131376e+00,  9.072417194193072e-02,  2.942343079349796e+01
s364        , -9.988945697241733e-01, -1.071267472406778e+00,  4.679362617035446e+01
s365        ,  1.902823636872192e-01, -9.912293988667331e-02,  3.226138702169710e+01
s366        ,  1.236798092554710e+00,  4.532913274071231e-01,  2.400354472263777e+01
s367        ,  9.184480967949833e-01,  6.808167321889673e-01,  2.060234923773034e+01
s368        ,  1.622937156969908e-01,  4.861622476183758e-02,  3.005288735886469e+01
s369        ,  9.732086991131189e-01,  7.062830497276245e-01,  2.022166241151527e+01
s370        , -8.475872099006457e-01, -6.880973183984036e-01,  4.106575328066928e+01
s371        ,  5.916391131784779e-01,  5.738565428960523e-01,  2.220125865725964e+01
s372        ,  7.596908414790238e-01,  8.046867292450688e-01,  1.875066118071242e+01
s373        , -1.946434670867691e+00, -1.071424210873394e+00,  4.679596919734732e+01
s374        , -9.564014283175248e-01, -5.021459001413984e-01,  3.828603237524216e+01
s375        ,  7.284511861928945e-01,  3.204311663678017e-01,  2.598962350924311e+01
s376        ,  2.037232105036610e+00,  1.414573849222037e+00,  9.633677867320293e+00
s377        ,  7.637732850848320e-01,  9.871457249394244e-01,  1.602314724471301e+01
s378        ,  9.950925555332779e-01,  4.316746602420514e-01,  2.432668450929625e+01
s379        , -8.163846007494810e-01, -6.918245900805342e-01,  4.112147092516020e+01
s380        , -9.184292068832668e-01, -4.125205035651813e-01,  3.694625454049731e+01
s381        ,  1.520868814304400e-01,  4.398107851665447e-01,  2.420506050258648e+01
s382        , -7.921265824309522e-01, -8.073296339906233e-01,  4.284811430464438e+01
s383        ,  6.672838300456271e-01, -3.137807761241973e-02,  3.124869342858475e+01
s384        , -8.703903476353084e-01, -3.883539898371535e-01,  3.658499801419190e+01
s385        ,  8.850482925000751e-01,  4.856763584288841e-01,  2.351943253571336e+01
s386        ,  9.061627662896373e-01,  7.269763598380128e-01,  1.991232555753746e+01
s387        , -1.106690246889199e+00, -9.819666156464022e-01,  4.545869976465054e+01
s388        ,  2.054813205480302e+00,  1.330996127417623e+00,  1.088305118592873e+01
s389        ,  5.830110458201297e-01,  4.960329267060526e-01,  2.336461591953278e+01
s390        ,  4.058167767744563e-02,  2.166110052014465e-01,  2.754159377709053e+01
s391        , -3.572825686809578e-01, -3.570179826724136e-01,  3.611656730780141e+01
s392        , -7.654037138178210e-02, -6.925078393797657e-02,  3.181483890090780e+01
s393        ,  3.686774220084653e-01, -3.601817242199505e-01,  3.616386094288895e+01
s394        , -2.015273820649741e-01, -6.053625976108319e-01,  3.982898168121834e+01
s395        , -6.768380070474945e-01,  7.135285998756591e-01,  2.011335128699362e+01
s396        , -1.571978956162156e+00, -1.245569518262091e-02,  3.096582953588832e+01
s397        , -4.953598502673375e-01, -5.979035998931947e-01,  3.971747980570915e+01
s398        ,  1.555253169293308e-01,  1.035544796277314e+00,  1.529964692585420e+01
s399        , -1.863721424692930e+00, -8.311524977665425e-01,  4.320423373135153e+01
s400        , -1.580914135378971e+00, -8.157826434605950e-01,  4.297447530451037e+01
s401        , -1.745467987214961e+00, -7.699615394711530e-01,  4.228951209281191e+01
s402        , -6.980793622242579e-01, -4.900321041878155e-01,  3.810494759421773e+01
s403        ,  2.251226886668626e-01,  7.625578773360193e-01,  1.938043024335744e+01
s404        ,  7.040030298805582e-01,  6.072510999911307e-01,  2.170205542797116e+01
s405        ,  7.810975699633603e-01,  3.681368691904090e-01,  2.527648810706610e+01
s406        , -7.486530226048839e-01, -1.198691954204736e-01,  3.257151533777659e+01
s407        , -5.898664718227482e-01, -1.280295410287325e+00,  4.991830967205174e+01
s408        , -1.653430955336652e+00, -8.363041589419660e-01,  4.328124406233599e+01
s409        ,  3.615421057666913e-01, -3.768475275000034e-01,  3.641299204507430e+01
s410        , -1.927277741805878e+00, -4.684840206976517e-01,  3.778283304026089e+01
s411        , -7.559092474121808e-01, -6.375190682328387e-01,  4.030967720089006e+01
s412        ,  1.873884464024186e+00,  8.265895572702879e-01,  1.842324367822513e+01
s413        , -8.487613459239006e-02, -3.669115423670557e-01,  3.626446257512482e+01
s414        , -7.984251397438490e-02,  2.634250173941142e-01,  2.684178793759419e+01
s415        ,  3.823952603345894e-01, -3.958145581992203e-01,  3.669652336870004e+01
s416        , -9.819900149129637e-01, -6.649648282899547e-01,  4.071995400174059e+01
s417        , -1.482842264827313e+00, -1.164546804848936e+00,  4.818802537883688e+01
s418        ,  5.288306085486906e-02,  1.492014355689899e-01,  2.854927520103216e+01
s419        , -1.062501299146121e+00, -7.490056176404027e-01,  4.197624955063047e+01
s420        ,  1.615525737358244e+00,  1.146046113370181e+00,  1.364780245981340e+01
s421        , -8.420822469136372e-01,  4.839426947043715e-01,  2.354534845151104e+01
s422        , -2.976491469173829e-01, -5.299033601804450e-01,  3.870096866707220e+01
s423        ,  2.602465190009081e-01, -1.313661534507977e-01,  3.274337923042805e+01
s424        , -1.598544685575905e-02,  8.122180001260251e-01,  1.863807891966564e+01
s425        , -6.873434672527887e-01, -5.099323676827869e-01,  3.840242947942727e+01
s426        ,  3.868281565378119e-01,  7.541867925020351e-01,  1.950556658129045e+01
s427        , -4.350921811790253e-01, -2.213774177512047e-01,  3.408892526306952e+01
s428        ,  1.434023500487657e+00,  4.034790348238482e-01,  2.474817077786693e+01
s429        , -1.410084545291047e-01,  5.350415550457255e-02,  2.997981943931227e+01
s430        , -2.958129836419498e-04,  1.432858864987445e-01,  2.863770461755274e+01
s431        ,  4.037460271826608e-01, -5.550814696700934e-02,  3.160940516105271e+01
s432        , -1.066289337790876e+00,  2.878451976882028e-01,  2.647673944098117e+01
s433        ,  1.465780698491131e-01, -4.784868289582227e-01,  3.793236142512354e+01
s434        ,  4.355472814078697e-01,  4.983641298547832e-01,  2.332976760168684e+01
s435        ,  1.360224600447043e-01, -3.757907718199327e-01,  3.639719498429706e+01
s436        , -1.176834064700477e+00, -3.728083919127161e-01,  3.635261245917452e+01
s437        ,  4.255542297351823e-01, -3.712803531700546e-01,  3.632977035731214e+01
s438        ,  4.759340095896715e-01,  6.079497007102308e-02,  2.987083167327144e+01
s439        , -1.323840968987944e+00, -9.570505528760078e-01,  4.508623849915981e+01
s440        ,  1.911375936580773e+00,  2.056475819951726e-01,  2.770548204945317e+01
s441        , -5.968585101940267e-01, -2.091090376980849e-01,  3.390552965991123e+01
s442        ,  1.602708630643594e+00,  6.601886950672169e-01,  2.091071034926543e+01
s443        , -3.418194688489122e-01, -7.648026491107429e-01,  4.221239369533984e+01
s444        ,  7.637447106545253e-02, -1.989142682961558e-01,  3.375313171695291e+01
s445        ,  1.017156754691856e+00,  1.678171136752973e-01,  2.827099612101306e+01
s446        ,  1.325048844178530e-01, -1.681819892810474e-01,  3.329372592564216e+01
s447        , -1.204238242348799e-02,  4.406137871011184e-02,  3.012097611510899e+01
s448        ,  1.955645847805345e-01, -2.842673952105987e-01,  3.502904492832586e+01
s449        ,  1.023488117482967e+00,  4.770395413661754e-02,  3.006652456449668e+01
s450        ,  1.292595058164963e+00,  5.852247945422320e-01,  2.203131875007718e+01
s451        , -1.076547322827218e+00, -8.455456421072913e-01,  4.341939167203210e+01
s452        ,  1.041326926021929e+00, -3.576755451283571e-01,  3.612639697257377e+01
s453        , -2.986039119797084e-01, -4.607009405932270e-01,  3.766648657365324e+01
s454        , -1.068578759667890e+00, -9.479620016729746e-01,  4.495037701439179e+01
s455        , -1.019022963464540e-01, -4.705186570131472e-01,  3.781324808712710e+01
s456        , -1.276108587100781e+00, -8.148427560576907e-01,  4.296042526559650e+01
s457        , -1.562653854847452e+00, -8.016774711592043e-01,  4.276362215432553e+01
s458        , -1.571215894852860e-01, -8.643855549348300e-02,  3.207177271920497e+01
s459        , -7.908915586506604e-01, -5.912277834613500e-01,  3.961768542570208e+01
s460        ,  1.259413921430306e+00,  4.423402363826454e-01,  2.416724864564794e+01
s461        , -2.175818754703068e+00, -1.016040896882634e+00,  4.596806394577685e+01
s462        ,  1.056177437374778e+00,  1.121026534001994e+00,  1.402181115771222e+01
s463        ,  7.682398919925582e-01, -4.579706610671432e-01,  3.762567260650283e+01
s464        , -1.670624175566991e+00, -8.917598765122681e-01,  4.411023164898927e+01
s465        ,  3.572362737692147e-01, -1.622266203664235e-03,  3.080388450049931e+01
s466        , -1.202841334482275e+00, -5.058986314205125e-01,  3.834213060609613e+01
s467        , -9.998937028287650e-01, -7.518954476896349e-01,  4.201944858119597e+01
s468        , -9.085815979292673e-01, -4.782433586235806e-01,  3.792872187461406e+01
s469        ,  1.368123103534694e+00,  5.395421251532200e-01,  2.271421255269849e+01
s470        ,  6.270281968061774e-01,  2.918482609846151e-02,  3.034336035225494e+01
s471        , -2.645435144970039e-02, -1.224281775838669e-01,  3.260976864223038e+01
s472        , -9.877961354209573e-01, -8.010099510211250e-01,  4.275364363574253e+01
s473        ,  9.062936723193107e-01,  5.435681901438860e-02,  2.996707327902079e+01
s474        , -1.654729567131913e+00, -9.475182615597162e-01,  4.494374370295505e+01
s475        ,  1.613264697983012e+00,  1.168199013583521e+00,  1.331664671808222e+01
s476        ,  6.116129809221722e-01,  9.784109181456924e-01,  1.615372073147096e+01
s477        ,  5.840337661930541e-01, -6.268681941698877e-01,  4.015046111331531e+01
s478        , -1.152221920522414e+00, -1.094984348729305e+00,  4.714816122872136e+01
s479        , -5.094753281829528e-01, -4.255300054770585e-01,  3.714072890790255e+01
s480        ,  2.973171178971667e-01,  1.457647764605762e+00,  8.989781390525190e+00
s481        , -1.675140558535767e+00,  8.965140470487731e-02,  2.943946720528469e+01
s482        ,  5.105384321341787e-01,  6.749419878778173e-01,  2.069016867857576e+01
s483        ,  6.412437341666035e-01,  4.514633683906806e-01,  2.403087022485710e+01
s484        ,  2.259666720581154e+00,  1.568670051029522e+00,  7.330149141235696e+00
s485        , -6.133731587036794e-02, -2.950031659698089e-01,  3.518953010609420e+01
s486        ,  1.705016907792880e+00,  7.401651442966268e-01,  1.971517115978981e+01
s487        , -8.949077256537036e-01, -3.356216960532654e-02,  3.128134263464602e+01
s488        ,  4.414328374469543e-01, -2.096876289180161e-02,  3.109308832478241e+01
s489        ,  1.128277752007163e+00, -2.734151736930244e-01,  3.486681897003263e+01
s490        ,  1.504039442617624e+00,  1.183731700423321e+00,  1.308445416622778e+01
s491        , -5.198334157682940e-01, -7.310029459045824e-01,  4.170713408247934e+01
s492        ,  1.151627147663105e+00,  1.207780023641405e-01,  2.897416688631273e+01
s493        , -8.097664188918848e-01,  6.608439132080561e-01,  2.090091572881683e+01
s494        ,  6.975315577850428e-01, -5.497349516228343e-01,  3.899742399845401e+01
s495        ,  5.757891210893783e-02, -3.012680007019597e-01,  3.528318086841286e+01
s496        ,  1.842735197085195e-01,  1.019823328488267e+00,  1.553466149625567e+01
s497        , -3.806010851052651e-01, -5.131302587704858e-01,  3.845023360371456e+01
s498        ,  2.924357353950326e-01,  5.985834465933979e-01,  2.183162506275272e+01
s499        , -7.813708299191796e-01, -6.713623954721673e-01,  4.081558893374037e+01
s500        ,  1.758078897939561e-01, -1.469223215205098e-01,  3.297592279474738e+01
s501        ,  5.268597846364342e-01, -5.170152469372713e-02,  3.155250133309974e+01
s502        , -1.555727833576514e+00, -3.157506532226324e-01,  3.549967683469858e+01
s503        ,  1.172585934883692e+00,  1.108327560297461e+00,  1.421164355057503e+01
s504        ,  2.953705009587213e-01, -3.596978506590647e-01,  3.615662769097086e+01
s505        ,  1.048522988543108e+00,  1.076699189539323e+00,  1.468444469522391e+01
s506        ,  3.661355339494778e-01, -3.174575276760678e-01,  3.552519228731318e+01
s507        ,  7.001138090247849e-01,  1.320337756763101e-01,  2.880590837731150e+01
s508        ,  5.464601963517310e-01,  1.825349466692419e-01,  2.805098452637543e+01
s509        ,  2.946634304577050e-01, -2.199099820874806e-01,  3.406698909484849e+01
s510        , -1.105581921856613e+00, -3.419030572179214e-01,  3.589061972071845e+01
s511        ,  1.309201174401844e+00,  5.218873948893186e-01,  2.297812676886443e+01
s512        ,  7.885562671323768e-01, -3.505916602439103e-01,  3.602050252396181e+01
s513        , -5.799590652888761e-01, -3.780178740119609e-01,  3.643048713436362e+01
s514        ,  1.756955937636850e+00,  1.331556648531183e+00,  1.087467215729910e+01
s515        ,  1.301480913945963e+00, -6.829073554128255e-01,  4.098817038969361e+01
s516        ,  1.639096205345820e+00,  8.613902072394841e-01,  1.790302127202586e+01
s517        ,  1.265571797582470e+00,  1.171794435812644e+00,  1.326290004366688e+01
s518        ,  1.441905473368953e+00, -3.857576523740707e-01,  3.654618629879158e+01
s519        , -3.428509295553606e-01,  1.242226045230437e-01,  2.892267476691007e+01
s520        , -7.417091464175271e-01,  2.550944528890842e-01,  2.696631855169596e+01
s521        , -3.011966055380439e-01, -3.839176165832541e-01,  3.651868026521351e+01
s522        , -6.069082570615004e-01, -2.713967738125822e-01,  3.483664663579734e+01
s523        ,  1.256149620532759e+00,  5.758550519221388e-01,  2.217138366425571e+01
s524        ,  7.847794981407887e-02,  1.057397704890006e+00,  1.497297565071968e+01
s525        ,  7.540604241380652e-01, -3.514638279399800e-01,  3.603354024532219e+01
s526        ,  6.882803931636601e-01,  9.272275805590906e-01,  1.691884204558952e+01
s527        , -3.347470952839998e-01,  4.353716292238710e-01,  2.427141984897903e+01
s528        , -8.880876507782670e-01, -1.146148227686468e+00,  4.791299166278347e+01
s529        ,  9.212434057068957e-01,  1.496479490026445e+00,  8.409299886498735e+00
s530        ,  1.578253206298823e+00,  7.440444122170728e-01,  1.965718137817216e+01
s531        , -1.270304683847079e+00, -5.517731906006400e-01,  3.902789290022400e+01
s532        , -1.264611305197325e-01, -4.311538528055685e-01,  3.722479777994731e+01
s533        ,  8.237391297987288e-01,  6.486334679861614e-01,  2.108344528500963e+01
s534        ,  1.456467143630557e+00,  7.544902857398528e-01,  1.950102976997852e+01
s535        , -1.038398689934333e+00, -3.787926976430738e-01,  3.644206969429036e+01
s536        ,  5.135961834965114e-02, -2.195953513217441e-01,  3.406228579263545e+01
s537        , -8.440212331633648e-02,  1.353895465892592e-01,  2.875574416427143e+01
s538        , -1.317636610189325e+00, -3.980914090272569e-01,  3.673055919324258e+01
s539        ,  2.901282138702423e-01, -3.350191046124107e-01,  3.578771398787236e+01
s540        , -9.824868919009931e-02,  2.153487750821446e-01,  2.756046240139558e+01
s541        , -2.175405710121729e+00, -6.869034499000288e-01,  4.104790656966073e+01
s542        ,  2.591231555634874e-01, -2.690055822006148e-01,  3.480090157197922e+01
s543        , -1.058007309971476e+00, -2.672126831713526e-01,  3.477410016890483e+01
s544        ,  3.414925189823615e-01,  4.446325443261199e-01,  2.413298175824326e+01
s545        , -3.918998056173665e-01, -3.595971568121881e-02,  3.131718268906105e+01
s546        ,  5.616853932534658e-01,  4.889475438905930e-01,  2.347053276017697e+01
s547        , -1.305950209492648e+00, -9.721047566790424e-01,  4.531127838010344e+01
s548        , -3.050762501887698e-01, -2.285974364658192e-01,  3.419685472737105e+01
s549        ,  1.039973910986755e+00,  1.484200633389434e+00,  8.592852100343471e+00
s550        ,  2.095033672336812e+00,  1.371208646427916e+00,  1.028192869490097e+01
s551        , -1.303711602903422e+00, -8.169737423922032e-01,  4.299228061426093e+01
s552        ,  3.401293169548341e-01,  5.869630121310925e-01,  2.200533476019839e+01
s553        , -5.647880997296292e-02, -2.046869178976722e-01,  3.383942498068517e+01
s554        , -1.031552667181044e+00, -7.596240901681304e-01,  4.213498127930292e+01
s555        , -8.490058291493487e-01,  2.815806497907092e-01,  2.657038591551166e+01
s556        , -7.911863624049646e-01, -1.136148323321367e-01,  3.247802111229694e+01
s557        ,  2.474068956648234e-01,  6.204986988968306e-01,  2.150402183419673e+01
s558        , -5.007238229142660e-01, -5.233770993703972e-01,  3.860340994029288e+01
s559        ,  2.118829903875907e-01,  1.954536907011961e-01,  2.785786686589138e+01
s560        ,  1.297132454751414e+00, -3.225763168194469e-01,  3.560171122610750e+01
s561        , -5.288135218546878e-01,  6.166073709668609e-01,  2.156219189656140e+01
s562        , -7.943538387030609e-01, -6.910641509591091e-01,  4.111010339409782e+01
s563        , -1.695221398164227e+00, -2.102898886465399e-02,  3.109398862120047e+01
s564        , -8.235878596232101e-01, -8.112578045408445e-01,  4.290683511409495e+01
s565        ,  5.786852470915557e-01, -3.190523514423176e-01,  3.554903273448519e+01
s566        , -8.302212330074121e-01, -6.724881675849428e-01,  4.083241769635998e+01
s567        ,  5.393556498613846e-01,  5.070024772344490e-01,  2.320063605203439e+01
s568        ,  6.041187276553234e-01, -1.136935215905512e-01,  3.247919740973364e+01
s569        ,  5.614800719887970e-01,  5.951623044307985e-02,  2.988994709228631e+01
s570        ,  4.733969246303092e-01, -1.681211122103083e-01,  3.329281589619586e+01
s571        ,  5.730080514530493e-01, -3.565680667363029e-01,  3.610984167620895e+01
s572        ,  2.101230454819456e+00,  1.178088193137100e+00,  1.316881692791298e+01
s573        , -3.811463660619586e-01, -6.467184102244787e-01,  4.044719485732973e+01
s574        ,  6.881700420271472e-01,  4.238191551046488e-01,  2.444411363168642e+01
s575        ,  3.262214597255070e-01, -3.147734596474860e-02,  3.125017735549858e+01
s576        , -9.238693298049331e-01, -5.100400633861861e-01,  3.840403938378277e+01
s577        , -6.565756372879821e-01, -1.385795250835060e-01,  3.285120932989167e+01
s578        ,  6.712394147332970e-01, -2.443331843479157e-01,  3.443208276575009e+01
s579        ,  5.839122855740916e-01, -2.545373916608944e-01,  3.458462179264794e+01
s580        ,  8.930567879170550e-01,  8.237196613968434e-01,  1.846614471996275e+01
s581        ,  2.904861379712105e-01,  1.500422615346630e-01,  2.853670599593270e+01
s582        ,  1.328044708555014e+00,  7.935203612664898e-01,  1.891758320152136e+01
s583        , -1.299353843688629e-01, -3.980213408362396e-01,  3.672951176904328e+01
s584        ,  3.159094534140010e-01,  6.317865693874338e-01,  2.133528351601344e+01
s585        ,  6.465779848987863e-01,  1.461383510694870e+00,  8.933937065170753e+00
s586        , -1.841977151216957e+00, -8.969700095097921e-01,  4.418811605422277e+01
s587        , -1.519059721495913e+00, -1.176796561831698e+00,  4.837114259241103e+01
s588        ,  9.387912361205542e-01,  4.801330067122982e-01,  2.360229810779215e+01
s589        ,  7.816518315318011e-01, -1.173010522287941e-01,  3.253312508840416e+01
s590        ,  1.602915956175816e+00,  4.299193169147129e-01,  2.435292450568316e+01
s591        ,  6.259814475720535e-01, -1.960182327961819e-01,  3.370983992333502e+01
s592        , -1.866544971407417e+00, -1.304970260101415e+00,  5.028716513177029e+01
s593        , -1.403474560349544e+00, -4.679398457044974e-01,  3.777469836390907e+01
s594        , -1.647273275131083e+00, -6.353820183350094e-01,  4.027773121019734e+01
s595        , -6.257274702470922e-01,  1.322978873274605e+00,  1.100289823605808e+01
s596        , -8.694069998626694e-01, -6.019430054269250e-01,  3.977786342694128e+01
s597        ,  1.839102866755815e+00,  9.436197022697250e-01,  1.667380211080193e+01
s598        , -9.091043104888928e-01, -1.378699904168679e-02,  3.098573071869837e+01
s599        ,  1.564046405735407e+00,  1.248180636286336e+00,  1.212103019221245e+01
s600        ,  2.905731218387105e-01, -9.503619065235451e-01,  4.498625232928154e+01
s601        ,  3.859556967138555e-01, -1.035915152676101e-01,  3.232818614869649e+01
s602        , -1.440073457507333e+00, -6.186884838465145e-01,  4.002818556414584e+01
s603        , -1.400421335117203e+00, -7.293945867835943e-01,  4.168309130015506e+01
s604        , -1.410598066968925e+00, -7.326391656428854e-01,  4.173159334315648e+01
s605        , -1.621387133323043e-01, -4.597658895604102e-01,  3.765250883189722e+01
s606        , -9.979698047533583e-01,  1.626456546524948e-01,  2.834830240290103e+01
s607        ,  8.102904644198852e-01,  5.970775088116131e-01,  2.185413678529584e+01
s608        ,  6.515689709358394e-01, -4.173220586075033e-02,  3.140347356965137e+01
s609        ,  1.387300347613353e-02, -3.923869166592682e-01,  3.664528478749305e+01
s610        ,  1.548918422462740e-02, -1.386594438359801e-01,  3.285240400659310e+01
s611        ,  1.874583079024923e-01,  6.051496489493702e-02,  2.987501736999207e+01
s612        , -6.619121708260401e-01, -1.022368764247048e-01,  3.230793613960152e+01
s613        ,  1.853178585757171e+00,  1.568745845121414e+00,  7.329016122602578e+00
s614        , -3.191525488535212e-01, -1.835804387500404e-01,  3.352391181129624e+01
s615        , -1.037736039722638e-01, -3.167920065548415e-01,  3.551524365131451e+01
s616        , -8.799864633294985e-01, -9.101843578954325e-01,  4.438565259792578e+01
s617        , -1.183843594802837e+00, -7.432047003058595e-01,  4.188953372271892e+01
s618        , -1.123650075268739e+00, -1.077879209329858e+00,  4.689246264882040e+01
s619        ,  9.176659138352715e-01,  1.157242819978465e+00,  1.348042691773516e+01
s620        ,  1.595155267894712e+00,  1.192783023838267e+00,  1.294914918628118e+01
s621        ,  1.133359360912494e+00,  1.260678586393384e-01,  2.889509072646032e+01
s622        , -1.002419121282031e+00,  6.895799454203821e-03,  3.067655099906696e+01
s623        ,  1.034471969936265e-01, -3.436791355436148e-01,  3.591716967714192e+01
s624        ,  1.639327811745190e+00,  6.382084989429484e-01,  2.123928439965300e+01
s625        , -4.972654620844768e-01,  6.837268413025543e-01,  2.055884706272175e+01
s626        ,  3.826916613216537e-01, -2.703823349870049e-01,  3.482148215446579e+01
s627        ,  3.687647283893495e-01, -2.831941260575541e-01,  3.501300101357742e+01
s628        , -2.769187143037049e-02,  1.209573707359950e+00,  1.269815129425584e+01
s629        , -6.084255915863079e-01, -1.097147401256814e+00,  4.718049592337771e+01
s630        ,  2.575662011885660e-01, -2.683879743054041e-01,  3.479166917357233e+01
s631        ,  1.966623425207500e-01,  2.187670043553780e-02,  3.045260689565393e+01
s632        , -1.969402937452175e-01,  4.100382379441685e-01,  2.465011960833352e+01
s633        ,  2.667860134858853e+00,  1.484142170763692e+00,  8.593726037119447e+00
s634        ,  6.040142711820374e-01, -1.925198316714516e-01,  3.365754358253194e+01
s635        ,  1.911892919802316e+00,  1.699839258887342e+00,  5.369347805874216e+00
s636        , -2.071432026808114e-01, -6.928784943298480e-01,  4.113722536092410e+01
s637        , -3.698619835175476e-01, -4.373289703143799e-01,  3.731710739174596e+01
s638        ,  1.470155794820396e-01,  9.925989072243262e-01,  1.594162958305422e+01
s639        ,  1.040284966432418e-01, -5.405604481382542e-01,  3.886027764392740e+01
s640        , -7.663785491668940e-02, -2.856209845768070e-01,  3.504927924917096e+01
s641        ,  1.396787091256106e+00,  7.239243396920894e-01,  1.995794910955406e+01
s642        ,  1.137451761223006e+00,  8.209429354042457e-01,  1.850765299864444e+01
s643        ,  6.186651151125386e-02, -3.193527038860244e-02,  3.125702270309540e+01
s644        , -1.171820789178678e+00, -5.909244073985609e-01,  3.961315036599753e+01
s645        ,  4.823756822475945e-01, -3.146754947723047e-01,  3.548360467752422e+01
s646        ,  8.205150420430785e-01,  1.236156315239691e+00,  1.230077744501764e+01
s647        ,  3.518506790799084e-01,  1.535186818394358e-01,  2.848473823850547e+01
s648        ,  4.210663223398269e-02,  9.415582413845152e-01,  1.670461814851786e+01
s649        ,  5.870347574891154e-01,  1.164324156370895e+00,  1.337457056561423e+01
s650        , -7.940906852652418e-01, -6.829950631457833e-01,  4.098948150106430e+01
s651        ,  1.648126188438620e+00,  1.141112583484669e+00,  1.372155202455913e+01
s652        ,  2.998843396621518e+00,  1.247579766156683e+00,  1.213001238377893e+01
s653        ,  4.493206753989470e-01,  4.179680211033401e-01,  2.453158013049749e+01
s654        ,  8.907143716152748e-01,  2.565100342390831e-01,  2.694515753497015e+01
s655        ,  3.986925365877028e-01,  2.220532161871640e-01,  2.746024012143926e+01
s656        ,  8.200524881394200e-01,  2.524611952612399e-01,  2.700568217336717e+01
s657        ,  2.253026077099693e-01, -1.577406148118783e-01,  3.313764157218362e+01
s658        , -2.085098433395276e+00, -1.333500165273217e+00,  5.071364842821012e+01
s659        , -3.565026754081164e-01, -4.930375792012884e-01,  3.814987535978144e+01
s660        ,  9.769972243844465e-01,  5.305916000152617e-01,  2.284801073543752e+01
s661        ,  7.549182821078514e-01,  1.323866588675155e+00,  1.098962809765253e+01
s662        , -2.199791631405239e+00, -1.428943207679312e+00,  5.214039215912971e+01
s663        ,  6.537369904412299e-01,  6.384075505398825e-01,  2.123630884888580e+01
s664        , -1.032617581813699e+00, -9.201461980260808e-01,  4.453456856494150e+01
s665        , -1.725197455699346e-01, -1.046889177724442e-03,  3.079528339617595e+01
s666        , -9.556704567146264e-01, -5.129918832272193e-01,  3.844816507746172e+01
s667        , -1.074909955617834e+00, -2.650772428517132e-01,  3.474217823921785e+01
s668        ,  8.157451056201823e-01,  1.158889941743938e+00,  1.345580468657293e+01
s669        ,  8.201013628253863e-01,  5.768940072607527e-01,  2.215585269438401e+01
s670        , -8.377594254676490e-01, -9.619654568173845e-01,  4.515970963136235e+01
s671        , -5.700208727194026e-01,  1.905411980057581e-02,  3.049480063890042e+01
s672        , -7.390594172975108e-01, -5.469888523158728e-02,  3.159730779828452e+01
s673        ,  5.527317739358688e-01, -8.501140864395529e-02,  3.205043881398429e+01
s674        , -1.509604783948018e-01, -4.160284150933884e-01,  3.699869304890314e+01
s675        , -7.328015214360989e-01, -7.794270790941948e-01,  4.243100904195028e+01
s676        ,  2.481079887957650e-01,  9.024881144279018e-02,  2.943053678671630e+01
s677        , -1.497784796529649e+00, -8.777295880531923e-01,  4.390049791044385e+01
s678        , -6.955981656855925e-02, -8.460992159460723e-02,  3.204443712841075e+01
s679        ,  6.295281558129772e-01, -1.169316841104604e-01,  3.252760353718421e+01
s680        , -5.120635862296855e-01, -7.533288615008336e-01,  4.204087616897382e+01
s681        , -4.577628444983341e-01, -5.713731760837826e-01,  3.932088603737910e+01
s682        ,  1.425186289801849e+00, -1.891735629171736e-01,  3.360752141384599e+01
s683        , -8.653733268557260e-01,  2.424172727291865e-01,  2.715582516069439e+01
s684        ,  6.149991181690390e-01,  1.183424217422249e+00,  1.308905061907636e+01
s685        ,  1.739338045322250e+00, -3.017246443841604e-02,  3.123067115064222e+01
s686        ,  9.590771410105176e-01, -2.118017141207642e-01,  3.394578151178648e+01
s687        ,  5.412604899045221e-01,  1.089821655563026e+00,  1.448828166791950e+01
s688        , -1.405336687520458e+00, -4.851474746473237e-01,  3.803192902315093e+01
s689        ,  3.354058241185732e-01,  1.625452719800125e-01,  2.834980298738626e+01
s690        , -6.091694712828630e-01, -5.209230880565259e-01,  3.856672580733352e+01
s691        , -6.034950511663356e-01, -9.754260601897551e-01,  4.536092735233788e+01
s692        , -9.120972373870817e-01, -6.546483190330910e-01,  4.056573621345407e+01
s693        , -4.067329829645623e-01, -3.563561449734247e-01,  3.610667373395764e+01
s694        , -7.579589601320627e-01,  1.032956861611241e+00,  1.533833303086266e+01
s695        ,  1.455973696410247e+00,  8.050401710172006e-01,  1.874537770671660e+01
s696        , -6.516257166940767e-01,  5.548196840277961e-01,  2.248583381708240e+01
s697        ,  7.238448013551266e-01, -1.922539636015861e-01,  3.365356921633018e+01
s698        ,  1.662019888207613e+00,  7.374165937421404e-01,  1.975625825397572e+01
s699        , -1.247862087380916e+00, -8.276912515117774e-01,  4.315249280534307e+01
s700        , -1.114444246482743e+00, -7.334831736669400e-01,  4.174421011570280e+01
s701        , -4.217745973052512e-01, -7.888395152425804e-01,  4.257171216633572e+01
s702        , -8.481384521188839e-01, -4.077102052749044e-01,  3.687434712056925e+01
s703        , -9.416435374285391e-01,  3.756815531836259e-01,  2.516370533822591e+01
s704        ,  9.487448855648490e-01, -1.050491184456757e-01,  3.234997533462400e+01
s705        , -2.365138337942842e-01, -1.785800313299353e-01,  3.344916251832711e+01
s706        ,  5.583280652770263e-01,  5.933983788154809e-01,  2.190913477702881e+01
s707        ,  9.205089121966433e-01, -1.799841329769465e-01,  3.347015192909970e+01
s708        ,  1.060945132046508e+00, -6.976250292004771e-02,  3.182248840401726e+01
s709        ,  1.331106470481227e+00, -1.277874817530638e-01,  3.268988295368494e+01
s710        ,  1.914467968020750e-01,  9.781113328483371e-01,  1.615819912438575e+01
s711        , -7.721035544159953e-02,  9.442379362622508e-01,  1.666456035309136e+01
s712        , -1.414340169349908e+00, -8.936456916623516e-01,  4.413842202175219e+01
s713        ,  5.574707555573186e-01,  7.836569089876289e-03,  3.066248777197259e+01
s714        , -1.685969281548289e+00, -1.262890081296238e+00,  4.965812366585796e+01
s715        , -2.519985050786606e-01, -4.267833281922702e-01,  3.715946437862591e+01
s716        , -1.286737305127487e+00, -8.345254940439037e-01,  4.325465544017200e+01
s717        ,  3.452976089232733e-01, -2.189911914900087e-01,  3.405325442449512e+01
s718        ,  1.123110480867275e+00,  7.389950583157874e-01,  1.973266235449310e+01
s719        ,  6.888993521047061e-01,  7.791880037271282e-01,  1.913183246215973e+01
s720        ,  7.093644696892669e-01,  1.013834611311738e+00,  1.562418467649449e+01
s721        , -7.747236109533535e-01, -7.812775773475984e-01,  4.245867147512050e+01
s722        ,  3.328206388143558e-02,  7.068799312836336e-01,  2.021273984370237e+01
s723        ,  9.358910152584168e-02,  3.976845927810551e-01,  2.483478980896987e+01
s724        , -2.029371048190847e-01,  7.502618177839628e-01,  1.956423961739507e+01
s725        , -2.472238890656029e-01, -5.267340054936307e-01,  3.865359112318342e+01
s726        , -1.287360963264701e+00, -8.899010311430331e-01,  4.408244443778512e+01
s727        ,  1.020824855481523e+00, -1.208460185517239e-01,  3.258611751561579e+01
s728        ,  1.643163575608417e-01,  5.112771655619934e-01,  2.313673527289735e+01
s729        , -1.007289241750789e+00, -3.989793351451159e-01,  3.674383248158544e+01
s730        , -4.777207265671770e-02, -3.560003775555574e-01,  3.610135549471975e+01
s731        , -1.404307349772385e+00, -5.283715976114562e-01,  3.867807089906870e+01
s732        , -8.950540078294739e-01, -6.370452621231042e-01,  4.030259444368018e+01
s733        ,  7.802433523350311e-01,  4.559926211163756e-01,  2.396316405404330e+01
s734        , -3.943979845876157e-01, -6.252081864982508e-01,  4.012564625537408e+01
s735        ,  2.101468865327815e-01,  5.202979017921379e-01,  2.300188752978081e+01
s736        , -9.765048604112493e-01, -5.746711623554828e-01,  3.937018644858965e+01
s737        ,  1.458335451821299e-01,  6.317482631048070e-01,  2.133585614286203e+01
s738        , -6.859666936017034e-01, -9.210356347311968e-01,  4.454786443451023e+01
s739        , -4.324785166901873e-01, -1.777356726442720e-01,  3.343654050386647e+01
s740        , -8.464136206988212e-01, -5.764198278298958e-01,  3.939632662015374e+01
s741        ,  7.826811446288888e-01,  4.854750634601324e-02,  3.005391460575985e+01
s742        , -1.076711651730049e+00, -5.747006794304883e-01,  3.937062768873307e+01
s743        ,  1.126163901269626e+00, -9.978320460309398e-01,  4.569586638014010e+01
s744        ,  4.575225784544250e-01,  1.392010609480361e-01,  2.869876720629101e+01
s745        ,  6.120442964942220e-02,  1.101982528600179e+00,  1.430649314849612e+01
s746        , -7.321682226189938e-01, -4.832131493090528e-01,  3.800301348902332e+01
s747        ,  3.433900501625798e-01,  4.499582448486088e-01,  2.405336977562345e+01
s748        ,  1.070072189769298e+00,  1.661337467503625e-01,  2.829616016803463e+01
s749        , -3.065637698166305e-01,  6.865171567502979e-01,  2.051713564016024e+01
s750        ,  5.825873454256546e-01,  7.044979892671988e-02,  2.972650510744010e+01
s751        ,  1.285276821036511e+00, -2.383251311963135e-01,  3.434227053897081e+01
s752        , -1.346601886455474e+00, -8.462283873043304e-01,  4.342959778454836e+01
s753        ,  1.060914810725354e+00,  5.541575280386231e-01,  2.249573214893172e+01
s754        , -2.988071870667106e-01, -6.925836589778211e-01,  4.113281797323451e+01
s755        ,  3.446486458262937e-01,  8.253605153445966e-01,  1.844161618415444e+01
s756        ,  7.815527627219405e-01, -4.931624411506141e-01,  3.815174187617635e+01
s757        , -1.199593062238569e-01, -5.130820103753799e-01,  3.844951235580052e+01
s758        , -4.537603905509296e-01, -4.143600013384052e-01,  3.697375253144379e+01
s759        ,  8.887536211540953e-01,  4.585954905643841e-01,  2.392425469434847e+01
s760        , -2.895515595576988e-01,  1.171061002781772e-01,  2.902905683061488e+01
s761        ,  1.508586595387194e+00,  4.346596339279780e-01,  2.428206321070818e+01
s762        , -1.358921391484776e+00, -1.239759676752217e+00,  4.931235556328217e+01
s763        ,  6.364126482871526e-01, -3.515196290759155e-01,  3.603437439644382e+01
s764        , -9.313282224456001e-01, -3.058055473980441e-01,  3.535101102280849e+01
s765        ,  1.388135281387673e-01, -9.714360953412315e-02,  3.223179872378950e+01
s766        , -5.439787958329916e-01, -3.567571668909517e-01,  3.611266846644278e+01
s767        , -9.653950427427375e-02, -1.032143837339041e-01,  3.232254854497094e+01
s768        ,  5.676322320535289e-02,  6.542912232078768e-01,  2.099886953605861e+01
s769        ,  2.392616163662374e+00,  1.192841560660276e+00,  1.294827414037187e+01
s770        ,  2.218993464697082e+00, -1.028754994381917e-01,  3.231748268545697e+01
s771        , -1.301691995085942e+00, -5.212833127326753e-01,  3.857211067652317e+01
s772        ,  5.381680992613423e-01, -1.170288811131015e-01,  3.252905650023616e+01
s773        ,  3.401653127948082e-01,  1.068664535726807e+00,  1.480455184675772e+01
s774        ,  1.961582265617426e+00,  8.666145118143576e-01,  1.782492502097698e+01
s775        ,  1.370640331855435e-01, -1.303991288892341e-01,  3.272892352788469e+01
s776        , -1.362945069319552e+00, -4.295997742481492e-01,  3.720156641825496e+01
s777        , -3.352331847361073e-01,  1.613039519580532e-01,  2.836835903416293e+01
s778        ,  1.725306869739156e-02, -2.345472474563306e-01,  3.428579631302116e+01
s779        ,  1.449489553403749e+00,  8.725522271760977e-02,  2.947528686842923e+01
s780        ,  4.890100260675969e-01, -3.451562225320695e-01,  3.593925011954686e+01
s781        , -1.480324044989625e+00, -5.855307079225036e-01,  3.953252189146519e+01
s782        ,  4.189986042737073e-03,  6.455290402395142e-02,  2.981465566951689e+01
s783        , -6.272127818216120e-01,  6.193942255977976e-01,  2.152053220850624e+01
s784        , -7.567615030290812e-01, -6.452260204571703e-02,  3.174415900949438e+01
s785        , -5.703210531845893e-01, -2.223764640847778e-01,  3.410385964757142e+01
s786        , -8.599325133308396e-02, -2.472452262481717e-02,  3.114923182690508e+01
s787        ,  2.785466688170735e-01, -4.411748851493100e-01,  3.737459859007805e+01
s788        , -2.115784691919650e-01, -1.053142234949704e-01,  3.235393829470554e+01
s789        ,  5.205927430670391e-01,  1.719819561115384e+00,  5.070669450416464e+00
s790        ,  2.374718073624741e-01,  1.331247471376526e+00,  1.087929393544060e+01
s791        , -1.870737338196531e-01, -4.905743947585788e-01,  3.811305410101664e+01
s792        ,  3.003547556082288e-01,  5.564887198806712e-01,  2.246088400010531e+01
s793        , -5.143092658197446e-01, -4.726402529144336e-01,  3.784496306158093e+01
s794        , -1.010636071412045e+00, -7.556086790004812e-02,  3.190916607769828e+01
s795        ,  7.888417803219110e-01,  2.160588120716911e-02,  3.045665527494431e+01
s796        , -5.465110200553928e-01, -4.832382815905114e-01,  3.800338918246425e+01
s797        , -1.192872691111335e+00,  1.227751431728792e-01,  2.894431234629809e+01
s798        , -5.479719952294668e-01, -7.091225618947874e-01,  4.138005208751042e+01
s799        , -1.767142590180783e+00,  9.067693590140460e-01,  1.722466464511400e+01
s800        ,  8.963412972756590e-01,  1.225851407441369e+00,  1.245482180727092e+01
s801        , -1.947046181282547e-01,  7.402388062605507e-01,  1.971407001357123e+01
s802        ,  1.600748538223649e+00,  7.839371887483046e-01,  1.906083860252237e+01
s803        ,  6.740572620180488e-01,  9.015712548580572e-01,  1.730236923551954e+01
s804        , -1.928070676221089e+00, -1.116815034467724e+00,  4.747450030209708e+01
s805        , -3.708716392635017e-01,  1.438882689816821e-01,  2.862869981836067e+01
s806        ,  7.676901054132433e-01,  2.499581074287389e-01,  2.704309993356144e+01
s807        , -3.131290990966100e-01,  1.728295017817227e-01,  2.819606773307096e+01
s808        ,  9.833675917069939e-01,  4.624832242326871e-01,  2.386613836130938e+01
s809        ,  5.790963636372375e-01, -2.636366885862103e-01,  3.472064391135547e+01
s810        ,  1.050626461500014e+00,  1.904352117340837e-01,  2.793288630392034e+01
s811        ,  5.249115464039674e-01,  7.880103362175537e-01,  1.899995058522577e+01
s812        ,  1.605931526374292e+00,  8.236819068374661e-01,  1.846670909929882e+01
s813        ,  9.497331683917801e-01,  7.097331778370304e-01,  2.017008768666502e+01
s814        , -7.865406237894391e-01,  8.949246795280841e-02,  2.944184309365654e+01
s815        , -2.660810322736745e-01,  2.968543120787592e-01,  2.634206542856680e+01
s816        , -9.674450919852262e-01, -9.341939991856059e-01,  4.474456409455046e+01
s817        ,  7.270946209036595e-01,  7.989414286004526e-02,  2.958532500504785e+01
s818        ,  6.532804155454610e-01,  2.855031390855785e-01,  2.651175003310504e+01
s819        ,  8.081292268835972e-01,  1.629604434395151e+00,  6.419262949087127e+00
s820        ,  1.390381735794342e+00, -4.298275287691649e-01,  3.720497103871608e+01
s821        ,  1.516978402347242e+00,  6.969676721745857e-01,  2.036091464184964e+01
s822        ,  3.033561593600319e-01, -2.384970763939180e-01,  3.434484088591868e+01
s823        , -8.238895392622755e-01, -3.537459323769641e-01,  3.606765460417632e+01
s824        ,  2.038981274745353e+00,  1.591087615915738e+00,  6.995037022451764e+00
s825        ,  1.320628175421427e-01,  1.886015239718464e-01,  2.796029744310118e+01
s826        ,  9.525953446348725e-01,  1.164273102345099e+00,  1.337533375389289e+01
s827        , -2.151354450670567e+00,  3.046839963659755e-01,  2.622502229278394e+01
s828        ,  8.438987064828646e-01, -5.310099715466077e-02,  3.157342154383376e+01
s829        , -1.571185202221650e+00, -6.196795599933695e-01,  4.004300080519162e+01
s830        ,  3.133543223982471e-01, -7.743075956761203e-02,  3.193711841604522e+01
s831        , -8.984804340484778e-01,  4.763565982770028e-01,  2.365875027994237e+01
s832        , -1.855362237616736e+00, -3.822993506756678e-01,  3.649448938989768e+01
s833        ,  4.948389352249701e-01,  4.732337854724440e-01,  2.370543208596425e+01
s834        ,  1.120605859544544e+00, -2.032944079183245e-01,  3.381860884958549e+01
s835        , -8.435182612795279e-01, -8.025533194832195e-01,  4.277671489606996e+01
s836        ,  1.128844146448547e+00, -7.360335804721214e-01,  4.178233523020936e+01
s837        , -1.924657877822013e+00, -9.222923509061349e-01,  4.456665063284315e+01
s838        , -1.075095206150813e+00, -1.009413676238402e+00,  4.586899600672952e+01
s839        ,  3.864893622265216e-02,  6.112031714842181e-01,  2.164297733191763e+01
s840        , -1.233908351649846e+00, -1.110168706233767e-01,  3.243918511663188e+01
s841        ,  6.618283364070194e-01, -2.440125433504745e-01,  3.442728961874385e+01
s842        , -1.380664268040651e+00, -7.242545857060487e-01,  4.160625527178218e+01
s843        ,  5.539120810708922e-02, -2.780196315622678e-01,  3.493564935550248e+01
s844        , -2.111176459361614e+00, -1.220918085711880e+00,  4.903069939202380e+01
s845        ,  1.677967143093475e-01, -7.299868957895361e-02,  3.187086499503198e+01
s846        , -1.112697847471129e-01,  2.828465242536784e-01,  2.655146281322320e+01
s847        ,  9.946887487236225e-02, -2.081895956318642e-01,  3.389178525098573e+01
s848        , -1.578942777693122e+00, -8.155890982056935e-01,  4.297158206607079e+01
s849        ,  4.886541057537146e-01,  8.008425240743406e-01,  1.880812682188895e+01
s850        , -1.729847647025637e+00, -1.352914318930812e+00,  5.100386363220822e+01
s851        , -3.749493322034730e-03, -3.180486538962946e-01,  3.553402882068040e+01
s852        , -1.822550475295671e-01, -1.912247291686735e-01,  3.363818356078332e+01
s853        , -7.026997334075608e-02,  6.161567368752319e-01,  2.156892826360254e+01
s854        ,  4.598855993128227e-01,  3.276077665957904e-01,  2.588234309229001e+01
s855        ,  1.247409464273019e-01,  7.902262496847889e-03,  3.066150574484734e+01
s856        , -7.920260931956873e-01, -5.826349051942286e-01,  3.948923357746775e+01
s857        ,  1.951476409171481e+00,  7.662592385627092e-01,  1.932509992495059e+01
s858        ,  5.125085136741685e-01,  2.609583005949965e-01,  2.687866200028511e+01
s859        , -6.666214518700430e-01, -6.069757280151324e-01,  3.985309578774167e+01
s860        ,  6.811400510310224e-02,  1.124060755245573e-01,  2.909931581108474e+01
s861        ,  1.248756919249408e-01,  2.159894265064166e-01,  2.755088553355648e+01
s862        , -4.702662470572295e-01,  5.324953971940261e-02,  2.998362559915511e+01
s863        ,  4.846741731606912e-01, -1.186794950903387e-01,  3.255373093521667e+01
s864        ,  5.444121402657593e-01, -5.383141804539271e-02,  3.158434034315651e+01
s865        ,  6.365198845674543e-01,  4.022874048800662e-01,  2.476598402552760e+01
s866        ,  4.352365441984731e-01,  9.851562054936878e-01,  1.605288785571187e+01
s867        , -5.650365137506241e-02, -2.704761583731816e-01,  3.482288468653798e+01
s868        , -2.338433808137944e+00, -1.408765171636531e+00,  5.183875795195707e+01
s869        , -2.347184475558825e-01, -2.465078352840906e-01,  3.446459084084816e+01
s870        , -8.212819619769498e-01, -2.962211712740874e-01,  3.520773762953747e+01
s871        , -1.570593293706644e-01, -1.033848048598358e-01,  3.232509610911924e+01
s872        ,  5.284306454202828e-01,  2.381935727627342e-01,  2.721896373315084e+01
s873        ,  9.554554102193652e-01,  5.588711886819140e-01,  2.242526933044901e+01
s874        ,  1.539965674145509e+00,  1.044415582554155e+00,  1.516704073068536e+01
s875        ,  6.472677808586434e-01,  8.952202954205783e-01,  1.739730744509791e+01
s876        ,  7.990955642461934e-01,  1.333626806914493e+00,  1.084372610381066e+01
s877        ,  2.414774484401117e-01,  9.090837089972090e-01,  1.719006825918172e+01
s878        , -5.588324756467096e-01, -7.669655340192780e-01,  4.224472588432040e+01
s879        , -1.108097718569436e+00, -9.447637071964774e-01,  4.490256685999037e+01
s880        , -7.450297483445957e-01, -4.911023598516615e-01,  3.812094646139944e+01
s881        , -1.759050067534673e+00,  8.081202662862159e-01,  1.869933446977739e+01
s882        , -6.605379692241985e-01, -7.002572278625987e-01,  4.124752739598691e+01
s883        ,  3.815578964726026e-01, -3.378387512064909e-01,  3.582986387119644e+01
s884        , -4.051889851605022e-01, -4.097557710771040e-01,  3.690492554840325e+01
s885        ,  2.841270750996222e-02, -1.417397189625018e-01,  3.289844993215751e+01
s886        , -1.487878849688012e+00, -9.108418913591425e-01,  4.439548182930366e+01
s887        ,  4.820147860437528e-01, -2.677989943092731e-01,  3.478286472333759e+01
s888        ,  7.081092310596756e-01,  4.013246708448623e-01,  2.478037559053477e+01
s889        , -9.770534507358716e-01, -9.958102921709280e-01,  4.566564390846992e+01
s890        , -4.782598098188896e-02,  1.076291047778732e+00,  1.469054585968356e+01
s891        , -3.221184210883460e-01, -6.863977143780491e-01,  4.104034651114523e+01
s892        , -9.718981396026354e-01, -2.975041382914845e-01,  3.522691624227762e+01
s893        ,  2.164744347352420e+00, -2.529188396405857e-02,  3.115771310760949e+01
s894        ,  2.108977331308746e-01, -1.724753314645318e-01,  3.335790555456592e+01
s895        , -7.726754766108116e-01, -6.171366073704538e-01,  4.000498712057610e+01
s896        ,  2.280269149131176e+00,  4.147694007258431e-01,  2.457939515667581e+01
s897        ,  1.732742671810001e+00, -2.732490542001842e-01,  3.486433570945105e+01
s898        , -1.952924930899203e-01, -3.664006292363320e-01,  3.625682511839746e+01
s899        , -1.243124507856434e+00, -7.557580307283875e-01,  4.207718894651509e+01
s900        , -1.127987025274472e+00, -7.466380585518504e-01,  4.194085776090942e+01
s901        ,  2.222405771151903e+00,  9.748099042107039e-01,  1.620755099428717e+01
s902        , -1.852329248500361e+00, -9.774240192263899e-01,  4.539079412374720e+01
s903        ,  1.566870488248132e+00,  8.337383246518013e-01,  1.831637932448859e+01
s904        , -1.387739856871698e+00,  5.410804315761266e-01,  2.269121696297518e+01
s905        ,  1.121219821885003e+00,  2.238376799175188e-01,  2.743356481461591e+01
s906        , -9.933730759278802e-01, -1.123049102314106e+00,  4.756769114130052e+01
s907        , -5.762178128524449e-02, -4.827752141664230e-01,  3.799646695400573e+01
s908        ,  2.416796340775907e-01, -4.220616532765193e-01,  3.708888175766518e+01
s909        , -4.906300545514419e-01, -7.632130704259188e-02,  3.192053360907636e+01
s910        , -1.582982857801990e+00, -1.289706751939505e+00,  5.005899643520686e+01
s911        , -7.523355700553859e-01, -7.208232829111845e-01,  4.155496195979167e+01
s912        ,  2.234392115693804e-01,  3.767643427887131e-01,  2.514751910566230e+01
s913        , -1.421242973618926e+00, -6.677024324495870e-01,  4.076087746220485e+01
s914        ,  5.670067347130128e-02,  2.311875357803057e-01,  2.732369446146040e+01
s915        , -5.612055763432976e-01,  5.928227506168615e-02,  2.989344440718013e+01
s916        ,  8.997740464690429e-01,  3.146171811929948e-01,  2.607653468360112e+01
s917        , -1.606823724089288e+00, -6.763276412866031e-01,  4.088981260850630e+01
s918        ,  3.499868789687911e+00,  1.331166427047042e+00,  1.088050543798811e+01
s919        , -8.715752962891429e-01,  2.094866851675972e-01,  2.764809267621521e+01
s920        , -1.856154837094557e+00, -1.213495167053122e+00,  4.891973684939604e+01
s921        ,  2.276110916770269e-01,  1.488841940344891e+00,  8.523470871130380e+00
s922        ,  1.278757880561135e+00,  1.254069141825712e+00,  1.203300503971318e+01
s923        , -2.625003058195762e-01, -6.062831848935386e-01,  3.984274320957341e+01
s924        , -1.727834522886679e+00, -6.093544703368625e-01,  3.988865475159533e+01
s925        ,  1.850614154947128e+00,  1.112862641476006e+00,  1.414385025231479e+01
s926        , -9.602025879025963e-01, -9.206140445974529e-01,  4.454156223515475e+01
s927        , -1.294474937930480e+00, -1.065716721630501e+00,  4.671064999239217e+01
s928        , -8.964192424384732e-01, -2.993382934354738e-01,  3.525433436818025e+01
s929        ,  3.373466507702030e-01,  3.582301750549182e-01,  2.542457971642418e+01
s930        , -4.361686703935594e-01,  3.638982225808403e-01,  2.533985011151746e+01
s931        ,  1.180800691213646e+00,  4.427166001179133e-01,  2.416162251946522e+01
s932        ,  4.707166528445574e-01, -3.166247196715477e-01,  3.551274293983269e+01
s933        ,  1.703804210339992e+00,  2.250754890650959e-01,  2.741506125063828e+01
s934        , -1.834005051426063e+00, -1.221070082368401e+00,  4.903297153540214e+01
s935        , -1.778081906893596e+00, -1.185301802080308e+00,  4.849828437141089e+01
s936        , -1.576278502143039e+00, -6.686820701010441e-01,  4.077552171329486e+01
s937        ,  1.612912677482048e-01,  1.402736195594693e+00,  9.810634695977837e+00
s938        ,  3.756397573989944e-01, -5.986777409639843e-01,  3.972905216228698e+01
s939        , -1.269094165370334e+00, -6.110928717436459e-01,  3.991464148930217e+01
s940        ,  1.741633513389911e-01,  1.022106876912239e+00,  1.550052555175915e+01
s941        , -7.405880410109714e-01, -5.451916087285653e-01,  3.892950719877535e+01
s942        , -9.892731562449668e-01, -8.124252802705643e-01,  4.292428728909260e+01
s943        , -2.404390935905114e-01,  7.770243177991354e-03,  3.066347925418642e+01
s944        , -1.000366609598995e+00, -5.974134065211305e-01,  3.971015208120562e+01
s945        , -6.403848269203397e-01, -3.001114393132758e-01,  3.526589184797587e+01
s946        ,  1.042678968069443e+00,  8.454838831036307e-01,  1.814079919350330e+01
s947        ,  5.081125559242120e-03, -3.142124358247314e-01,  3.547668257577808e+01
s948        , -9.507722609706112e-01, -5.370105522454587e-01,  3.880721152634793e+01
s949        , -1.109777834090980e-01, -5.274714322560707e-01,  3.866461465076384e+01
s950        ,  6.358188156380660e-01,  8.139129270797760e-01,  1.861274206592892e+01
s951        , -2.185819524191360e+00, -9.148022760181336e-01,  4.445468419588586e+01
s952        ,  1.305064709156519e+00,  1.335520056817320e+00,  1.081542459160165e+01
s953        ,  1.664044937420125e+00,  1.148763429134148e+00,  1.360718228328263e+01
s954        ,  1.051351309197190e+00,  8.143799782135364e-01,  1.860576028642658e+01
s955        , -1.399028311662238e+00, -1.458752958512464e-01,  3.296027118440392e+01
s956        ,  1.385421265834244e+00,  5.110028357225940e-01,  2.314083613105002e+01
s957        , -9.408889636329510e-01, -4.269543123459947e-01,  3.716202035927429e+01
s958        ,  9.732055185777991e-01,  4.053623680075003e-03,  3.071903766300478e+01
s959        , -5.141793956906318e-01, -5.191072806760730e-01,  3.853958195555231e+01
s960        , -1.427508420922605e+00, -6.367306880759478e-01,  4.029789198933279e+01
s961        , -2.005936182526318e-01, -2.336392455411271e-01,  3.427222291880069e+01
s962        , -1.040812919577019e+00, -6.934300593086893e-01,  4.114547050751538e+01
s963        ,  3.350397487530737e-01, -4.966321950927082e-01,  3.820360998054432e+01
s964        , -1.211148190797335e+00, -7.956435169596401e-01,  4.267342274209123e+01
s965        , -3.546684926971408e-01, -7.824995695313524e-01,  4.247693859699184e+01
s966        , -1.297482551855562e+00, -9.795307666647317e-01,  4.542228713386622e+01
s967        , -7.045435460678467e-02,  7.146457474171761e-01,  2.009665144998936e+01
s968        ,  9.299065987644251e-02,  4.409013306235428e-01,  2.418875833058075e+01
s969        ,  6.950554955433741e-01,  3.367136925148291e-01,  2.574622187913831e+01
s970        ,  2.496136210729474e-01, -2.604487950138075e-01,  3.467298923633042e+01
s971        , -1.044044119112301e+00, -4.322308602164000e-01,  3.724089757656758e+01
s972        , -1.696855601622959e-01,  2.756127266331871e-01,  2.665959825343542e+01
s973        ,  4.802864320387065e-01, -3.119673604995179e-01,  3.544312175180453e+01
s974        , -1.989928973862810e-01, -9.659329514582859e-02,  3.222357227182673e+01
s975        ,  5.144117291211028e-01, -4.851432423907336e-01,  3.803186575666858e+01
s976        ,  3.695887594461370e-01,  9.763286869262877e-01,  1.618484725744621e+01
s977        , -5.208667084829633e-01, -4.817276360543228e-01,  3.798080708539290e+01
s978        , -1.415530554889297e+00, -4.313378524132925e-01,  3.722754832393872e+01
s979        , -9.075955878756907e-02,  1.348753027817629e+00,  1.061760966512643e+01
s980        , -1.408049785649008e+00, -1.175711419575451e+00,  4.835492119091099e+01
s981        ,  7.617332134276670e-01,  3.111362391897909e-03,  3.073312318827622e+01
s982        ,  5.658342892742037e-01,  1.844811120746703e-01,  2.802189199934017e+01
s983        , -6.523400746561840e-01, -7.194348659496579e-01,  4.153420701374404e+01
s984        ,  1.408650344937474e+00, -2.393730002314483e-01,  3.435793475648750e+01
s985        , -1.892295500046385e+00, -1.311703623143990e+00,  5.038781975537421e+01
s986        ,  7.279494111089814e-01, -1.781999535004131e-02,  3.104601853072436e+01
s987        ,  6.069333137359153e-01, -2.338841306898161e-01,  3.427588361885675e+01
s988        ,  7.956867077796174e-01, -5.091865069383061e-02,  3.154079843110402e+01
s989        , -1.492402946081943e-01,  2.327210401879309e-02,  3.043174750910963e+01
s990        ,  4.998144921024051e-01,  1.021477948143761e+00,  1.550992718183086e+01
s991        , -1.388778051347251e+00, -1.287300988016583e+00,  5.002303353515075e+01
s992        ,  4.282998930275517e-01, -7.419994357146686e-01,  4.187151665561554e+01
s993        ,  5.363050420459536e-01,  2.567298070879409e-01,  2.694187222965685e+01
s994        , -6.815023874245365e-01,  8.786679042756407e-02,  2.946614476258040e+01
s995        , -2.391036276757255e+00, -1.420476057423193e+00,  5.201381977373496e+01
s996        ,  4.431453520331272e-01,  6.928599677114093e-01,  2.042231923922586e+01
s997        , -6.841651286789517e-01, -1.225468968598267e+00,  4.909872890433413e+01
s998        , -1.890503332016519e-01, -3.303151998896880e-01,  3.571739700713916e+01
s999        , -1.955891416531250e-01, -5.374886598048372e-01,  3.881435858438226e+01
s1000       ,  1.922227018092693e+00,  1.129225223327527e+00,  1.389925189826206e+01
s1001       ,  7.564584951078414e-01,  1.189266293045341e-01,  2.900184239664640e+01
s1002       , -1.216448226111712e+00, -5.596715113308028e-01,  3.914596205751893e+01
s1003       ,  9.406214986730431e-01,  1.034370542823269e+00,  1.531720041861632e+01
s1004       , -6.084517344429569e-01, -4.742270589517545e-01,  3.786868365460541e+01
s1005       ,  1.047447652274055e-01,  2.200738220789027e-01,  2.748982937240808e+01
s1006       ,  1.789223857816157e+00, -7.276237086117656e-01,  4.165661907896235e+01
s1007       , -3.471776742826870e-02, -4.981440909364623e-01,  3.822621076801400e+01
s1008       , -4.304906904704673e-01,  6.151479400635000e-01,  2.158400840449731e+01
s1009       ,  5.526661980887815e-01,  4.975482561976607e-01,  2.334196380369567e+01
s1010       ,  1.084664986478008e-01,  5.232984338374089e-01,  2.295703365487185e+01
s1011       , -1.857041478323650e-01,  3.354799336792065e-01,  2.576466489645854e+01
s1012       , -9.197930097533304e-01, -1.115512232479837e+00,  4.745502518351338e+01
s1013       , -4.019119417889337e-01, -5.332694142412739e-01,  3.875128659919332e+01
s1014       , -1.358932079618377e+00, -1.330491880053140e+00,  5.066867865387810e+01
s1015       , -1.527440174864809e+00, -7.737892857097033e-01,  4.234673169532800e+01
s1016       ,  1.494747075983483e+00,  4.391981902668796e-01,  2.421421796352504e+01
s1017       ,  5.541257590705128e-01, -9.466018114764996e-03,  3.092113792813457e+01
s1018       , -1.957085120530336e+00, -1.198626583730315e+00,  4.869747174228420e+01
s1019       ,  7.131485583147716e-01,  8.161804436172406e-01,  1.857884577634063e+01
s1020       , -1.923756067205053e+00, -6.143453854284804e-01,  3.996326214715823e+01
s1021       ,  3.885529621363158e-01,  1.192791112229448e+00,  1.294902827582905e+01
s1022       , -1.875446506562856e+00, -1.098585176599036e+00,  4.720198871011493e+01
s1023       ,  1.372593741804168e+00, -2.663731689322941e-01,  3.476155057233499e+01
s1024       , -8.235465806555776e-01, -8.378698343115003e-01,  4.330464878060381e+01
s1025       , -3.055697164838789e-01,  4.285853411406988e-01,  2.437286562998927e+01
s1026       , -1.058405261469002e+00, -6.123410362147110e-01,  3.993329985128807e+01
s1027       ,  1.001215100946893e+00,  1.197003601434822e+00,  1.288605728900989e+01
s1028       , -1.207050253018809e-01, -4.590729676313288e-01,  3.764215059107201e+01
s1029       , -3.485019297637044e-02,  3.456556566597915e-01,  2.561255167160605e+01
s1030       ,  7.570890498814408e-01,  3.385153812405868e-01,  2.571928908205074e+01
s1031       , -3.425236517205575e-01, -5.656925844124321e-01,  3.923596891455175e+01
s1032       , -9.690806500330096e-01, -4.083360293582605e-01,  3.688370233981916e+01
s1033       ,  3.580879227715397e-01,  1.199752819290851e-01,  2.898616646553321e+01
s1034       , -1.559175075401338e+00, -7.647120442302482e-01,  4.221103927555210e+01
s1035       , -5.297528349600488e-01, -5.198086473864980e-01,  3.855006643437809e+01
s1036       , -2.199501197760688e+00, -1.124078012166648e+00,  4.758307194481210e+01
s1037       , -2.563451324430153e-01, -4.445282230747845e-01,  3.742472643326298e+01
s1038       ,  1.208934872396009e+00,  1.250870491878712e+00,  1.208082050791536e+01
s1039       ,  1.284684643971159e+00,  1.162148989355507e+00,  1.340708635539496e+01
s1040       ,  3.246719543370283e-02, -1.143007380225298e-01,  3.248827446989220e+01
s1041       ,  2.496032441662194e+00,  1.040990366339024e+00,  1.521824305658345e+01
