# c0 + a0 * (face-area-max + Na-Na)
# Property Label: $E$; Unit of the Property: Unitless
# RMSE: 0.747659102079557; Max AE: 2.84956120266838
# Coefficients
# Task   a0                      c0
# all , -3.689219437179806e-01,  2.752801219746386e-17, 
# Feature Rung, Units, and Expressions
# 0;  1; Unitless;                                         31|22|add; (face-area-max + Na-Na); $\left(face-area-max + Na-Na\right)$; (face_sub_area_sub_max + Na_sub_Na); (newdata$face_sub_area_sub_max + newdata$Na_sub_Na); face-area-max,Na-Na
# Number of Samples Per Task
# Task, n_samples               
# all , 1041                  

# Sample ID , Property Value        ,  Property Value (EST) ,  Feature 0 Value      
s1          ,  6.774572406644882e-01,  5.897052418199862e-01, -1.598455315173070e+00
s2          ,  1.967875961713064e+00,  3.099538754789873e-01, -8.401611255629973e-01
s3          , -1.271285198486554e+00, -3.945681480618196e-01,  1.069516613962774e+00
s4          , -1.922048452937919e-01, -9.457391211137762e-01,  2.563520921479094e+00
s5          ,  2.455067115358116e-01, -3.434061230181302e-01,  9.308368040060101e-01
s6          ,  1.771859120156342e-01,  4.735804040579430e-01, -1.283687273479096e+00
s7          , -1.787554844087500e-01,  6.882307014782870e-01, -1.865518474022785e+00
s8          ,  1.258527874893824e+00, -4.241288191650567e-01,  1.149643783426661e+00
s9          ,  1.207996528852184e+00,  8.698949256560177e-01, -2.357937608398274e+00
s10         , -3.778119871449526e-01,  3.241801882180507e-01, -8.787229757898806e-01
s11         ,  2.051916464504999e-01, -7.142590500404691e-01,  1.936070928289586e+00
s12         , -9.030892502610830e-01, -6.937043909446567e-01,  1.880355459351460e+00
s13         , -1.915336013610817e+00, -9.238471219904089e-01,  2.504180458012105e+00
s14         , -4.972857440368104e-01, -3.102732230810022e-01,  8.410267493282754e-01
s15         ,  9.892906044607527e-01,  8.348252795646605e-01, -2.262877808653301e+00
s16         ,  7.196956197004112e-01,  8.913620588338959e-01, -2.416126430026863e+00
s17         , -8.233048349290433e-01, -5.139693737743698e-01,  1.393165634428267e+00
s18         ,  6.436893120625885e-01, -1.779394604864433e-01,  4.823227881030240e-01
s19         ,  6.782210382119218e-01,  4.821935708601823e-01, -1.307034127600692e+00
s20         ,  1.358387811126361e-01, -6.763993410063085e-01,  1.833448382575412e+00
s21         ,  1.192439177417436e+00,  7.579665758414450e-01, -2.054544568974912e+00
s22         , -1.675888320916539e+00, -1.389086394244763e+00,  3.765258255569202e+00
s23         ,  1.682267394333138e+00,  8.794074234758992e-01, -2.383722189613517e+00
s24         , -5.344901610254715e-02,  2.205623228214038e-01, -5.978563394700394e-01
s25         ,  7.630444568978922e-01,  1.428429776849720e+00, -3.871902447585692e+00
s26         , -7.690353008448225e-01, -1.302535082138904e+00,  3.530652226896582e+00
s27         ,  1.318355805735755e-01,  1.838656232256131e-01, -4.983862477049282e-01
s28         , -1.557515501210242e+00, -6.791445089562977e-01,  1.840889436155265e+00
s29         ,  1.315402392066626e+00,  1.322601724865595e+00, -3.585044878427312e+00
s30         , -1.602536800620832e+00, -6.045498910769521e-01,  1.638693228665995e+00
s31         , -6.577868421803238e-01, -5.674411605735447e-02,  1.538106285722383e-01
s32         ,  1.122204297021453e+00,  6.392350989315138e-01, -1.732710969939408e+00
s33         ,  1.732999170998263e+00,  9.694431808169016e-01, -2.627773157234541e+00
s34         ,  1.815120104294484e+00,  6.548821808436475e-01, -1.775123957777548e+00
s35         ,  5.934117724273275e-01,  1.105819731069343e+00, -2.997435500650723e+00
s36         ,  9.702627198604924e-01, -4.115155094172853e-01,  1.115454139892164e+00
s37         ,  1.142962175227537e+00, -8.995819449816492e-02,  2.438407257415210e-01
s38         ,  2.376281988155590e-01,  1.037147841986478e+00, -2.811293444716635e+00
s39         , -9.901628269429662e-01,  1.801289946295196e-01, -4.882577404157278e-01
s40         , -6.175077579414836e-01,  4.181557427059363e-01, -1.133453159472650e+00
s41         , -6.558266813617915e-01, -2.555512716712620e-02,  6.926974012329729e-02
s42         , -1.132806252875512e-01, -8.212103836754007e-01,  2.225973265236747e+00
s43         ,  3.987508132795206e-01,  6.222349900957086e-01, -1.686630466664165e+00
s44         , -1.257042213831158e-02, -3.619716999568021e-01,  9.811606658819635e-01
s45         , -2.453536714432208e-01, -6.572027092972205e-02,  1.781413983331970e-01
s46         ,  4.319604697532172e-01, -5.467112040580979e-01,  1.481915655513370e+00
s47         , -5.858250576994644e-01, -1.877527031349336e-01,  5.089225683969065e-01
s48         , -1.351740028810569e+00, -1.118111827643055e+00,  3.030754463599452e+00
s49         ,  1.400180920836999e+00,  2.994922002613763e-02, -8.118037036320085e-02
s50         ,  6.339509690024701e-01, -2.773840459860075e-01,  7.518773299049174e-01
s51         ,  9.663578673416964e-01,  7.655366185271421e-01, -2.075063930359074e+00
s52         ,  1.470345916377529e-01,  7.190378225872451e-02, -1.949024271478162e-01
s53         , -1.879048126514940e+00, -2.137640121462713e-02,  5.794288352489049e-02
s54         ,  2.462378298792408e+00,  1.202410756884676e+00, -3.259255182185230e+00
s55         ,  2.147693442064033e-01, -2.576915163327633e-01,  6.984987494529562e-01
s56         ,  1.250856345991485e+00,  1.414560918044206e+00, -3.834309512164870e+00
s57         ,  3.470878239384724e-01,  3.102310968026870e-01, -8.409125618177937e-01
s58         ,  2.650904256602346e+00,  9.013774144812464e-01, -2.443274057913717e+00
s59         ,  2.436955679659398e-02, -1.804610838476483e-01,  4.891579016118389e-01
s60         , -1.350996154759193e+00, -9.972263527309613e-01,  2.703082236532080e+00
s61         , -1.175408395594881e+00, -1.053325299201607e+00,  2.855144068108924e+00
s62         ,  5.137509822735412e-02,  1.323268094159777e-01, -3.586851139360088e-01
s63         ,  1.630781368412474e+00,  9.596860362592152e-01, -2.601325436452865e+00
s64         , -7.346563779561162e-02,  1.098242056254543e+00, -2.976895451613703e+00
s65         ,  6.477994742971301e-01,  5.540890217197124e-01, -1.501913971653801e+00
s66         ,  1.102507059534665e+00,  4.663338595413751e-01, -1.264044786389449e+00
s67         , -2.689254974131806e-01, -6.800565288687089e-01,  1.843361557773242e+00
s68         ,  1.634793292022643e+00,  7.988814547435280e-01, -2.165448459618402e+00
s69         ,  3.008420412735001e-01,  7.911123772381268e-01, -2.144389594355185e+00
s70         ,  4.428344099007711e-01,  5.413374960938623e-01, -1.467349680092988e+00
s71         , -2.587880550234566e-02, -8.188080598485530e-01,  2.219461525103761e+00
s72         ,  3.320850724266521e-01,  9.639549914860374e-01, -2.612896868566119e+00
s73         , -1.001377721869569e+00, -2.489843631561995e-01,  6.748971358194230e-01
s74         ,  1.535377236435878e+00,  1.446689266533883e+00, -3.921396629200763e+00
s75         ,  2.223324131252060e-01,  3.152269444661666e-01, -8.544543089232428e-01
s76         , -5.720277382811452e-01, -3.770861802055908e-01,  1.022129983392507e+00
s77         , -1.197863875151751e+00, -1.691544303264196e-01,  4.585100810802632e-01
s78         , -1.436625202734528e+00, -5.515321067190987e-01,  1.494983196610048e+00
s79         ,  4.409066269069510e-01,  4.220101426532481e-01, -1.143900897843719e+00
s80         ,  6.309139277294878e-01, -1.418970907986036e-02,  3.846263233045200e-02
s81         , -1.685326208098238e+00, -4.869218808353644e-02,  1.319850686918174e-01
s82         , -1.663665661245249e-01, -2.281785729619055e-01,  6.185009508036605e-01
s83         , -1.321966357459877e+00, -3.162260884474796e-01,  8.571625890847416e-01
s84         ,  1.425519064192979e+00,  1.280650962112633e-01, -3.471333120514014e-01
s85         , -6.984731689207798e-01, -7.280152826712630e-01,  1.973358579146456e+00
s86         , -2.932580333118892e-01,  7.407636727988796e-02, -2.007914371624232e-01
s87         ,  3.346071912195332e-02, -3.934639679711258e-01,  1.066523622872122e+00
s88         , -7.344698336486584e-02, -3.998668360524563e-03,  1.083879240206254e-02
s89         ,  2.903456543575506e-01,  1.275559615678534e-01, -3.457532514394494e-01
s90         ,  3.160753830639385e-01, -9.947622681955546e-03,  2.696403087792455e-02
s91         ,  4.911838748491691e-01,  1.219205884340499e+00, -3.304780062832236e+00
s92         , -8.899315452749768e-01, -9.665019680897932e-01,  2.619800704586518e+00
s93         ,  8.806558878772817e-01,  1.420058263371637e-01, -3.849210619082037e-01
s94         ,  2.174850994919374e-01,  3.524700571668681e-01, -9.554055083161737e-01
s95         , -7.665153489308597e-01, -1.286669052588980e+00,  3.487645759485003e+00
s96         ,  5.275622810365228e-01,  1.907713420297227e-01, -5.171048924526871e-01
s97         ,  2.030602111680013e+00,  1.024301484631474e+00, -2.776472102224674e+00
s98         , -9.469867286116609e-01, -1.673348401183463e-01,  4.535778989776332e-01
s99         , -9.198822372946849e-01, -1.135980351282404e+00,  3.079188892463375e+00
s100        , -4.843791818667553e-01, -1.870017744986443e-01,  5.068871008703031e-01
s101        , -2.042448773263304e-01, -3.512885873973325e-02,  9.522030157844785e-02
s102        , -5.164158759195604e-01, -1.099565283991931e+00,  2.980482193361979e+00
s103        ,  1.172650799800637e-01,  7.624457900591192e-01, -2.066685929210990e+00
s104        , -1.768695959917696e+00, -8.807445180016277e-01,  2.387346518685009e+00
s105        ,  5.247327840013729e-01,  1.286303199179227e-01, -3.486654077054660e-01
s106        ,  5.297962102782025e-01,  1.084121944743449e+00, -2.938621470486987e+00
s107        ,  1.497385912477808e-01, -4.787820598892965e-01,  1.297786884304441e+00
s108        ,  4.406641357796892e-01,  6.851100999000397e-01, -1.857059769867651e+00
s109        , -6.596772585897818e-01, -3.800674614364470e-01,  1.030211045746269e+00
s110        ,  1.094420195469493e+00, -2.668569357480867e-01,  7.233425397760652e-01
s111        ,  3.915962330096326e-01,  6.733945550123785e-01, -1.825303608199434e+00
s112        ,  8.365523515867515e-01,  7.490834047329910e-01, -2.030465841049622e+00
s113        , -1.291655352083360e-01,  2.986692158256720e-01, -8.095729216204806e-01
s114        ,  1.376602311009741e+00,  6.354908876604528e-01, -1.722561909047754e+00
s115        ,  2.854337653329592e+00,  6.625471403498214e-01, -1.795900600741441e+00
s116        , -4.031277243707178e-01,  3.209434004293562e-01, -8.699493372362226e-01
s117        , -1.548008576871541e+00, -4.716800303643307e-01,  1.278536119621290e+00
s118        , -1.376296935489929e+00, -3.258454135081663e-01,  8.832367362708469e-01
s119        ,  1.159776550977451e-01, -5.382918417575551e-01,  1.459094127968294e+00
s120        , -1.608916416404319e-01,  5.435382455855429e-01, -1.473315032735072e+00
s121        ,  3.197271174130288e-01,  4.709872682162993e-01, -1.276658318206037e+00
s122        , -1.530552753436365e+00, -1.759792867111076e-01,  4.770095401146255e-01
s123        , -1.233881263109963e+00, -8.767511307358765e-01,  2.376522041221007e+00
s124        , -5.427146006639550e-01, -3.687918945420691e-02,  9.996474886405493e-02
s125        ,  9.732454451545894e-01, -3.433425671181388e-01,  9.306645293525947e-01
s126        , -1.840471966312827e-01, -3.126728528437123e-01,  8.475311869297008e-01
s127        , -1.081994746251625e+00, -7.066905915171016e-01,  1.915555860936604e+00
s128        ,  4.539347974729817e-01,  1.084832320086402e+00, -2.940547014236956e+00
s129        , -9.281932508350824e-01, -3.951910273501499e-01,  1.071204990864546e+00
s130        , -7.213314288938638e-01,  6.320706896487812e-01, -1.713291118654526e+00
s131        , -2.205996399193568e-01, -2.033557119914672e-01,  5.512160917891100e-01
s132        , -1.239159936584262e+00, -1.063927689037220e+00,  2.883882911151881e+00
s133        , -3.218370754810609e-01, -7.815405986405367e-02,  2.118444326635066e-01
s134        , -1.004593496203065e+00, -3.060586226791020e-01,  8.296026514298809e-01
s135        ,  9.616883013837800e-01, -4.752357841665620e-01,  1.288174347606311e+00
s136        ,  1.177397001560173e+00,  7.311969055055624e-01, -1.981982687547911e+00
s137        , -1.190015539084228e+00, -2.168253448335351e-01,  5.877268851193236e-01
s138        ,  2.514478411301381e-01,  8.996870083582284e-02, -2.438692042254842e-01
s139        , -1.987650229798378e-01,  5.078144883852416e-02, -1.376482199100187e-01
s140        , -1.883191692860165e-02, -2.449087556875852e-01,  6.638497922335672e-01
s141        ,  4.763479271249645e-01,  2.565290287062262e-01, -6.953477099273004e-01
s142        , -1.264849480226229e+00, -1.119948826809661e+00,  3.035733834433543e+00
s143        ,  5.343202969822768e-02,  1.027594268460275e+00, -2.785397523671866e+00
s144        ,  1.580293395785219e-01,  3.314713972124594e-01, -8.984865304348770e-01
s145        ,  9.188749641933952e-01,  8.214441184443344e-01, -2.226606826815053e+00
s146        ,  8.965084025411505e-01,  9.887550263951040e-01, -2.680119855247618e+00
s147        ,  6.848734553557310e-01,  6.132546731801388e-01, -1.662288415266879e+00
s148        ,  2.946101194283518e-01,  1.232384210904598e-01, -3.340501241223764e-01
s149        , -1.049624548293927e+00, -4.050710510928729e-01,  1.097985788024922e+00
s150        ,  3.591106519707902e-01,  7.068779341681459e-01, -1.916063672017605e+00
s151        , -1.331621263631160e-02,  4.129963233710213e-01, -1.119468034915085e+00
s152        ,  6.334057303004041e-01, -2.480478810436241e-01,  6.723587069497887e-01
s153        ,  1.034338109925286e+00,  3.323953632571455e-01, -9.009910332448059e-01
s154        , -3.383324211856340e-02, -1.052397641569201e-01,  2.852629558879528e-01
s155        ,  1.136039203602913e+00, -7.521713009574864e-01,  2.038835894056976e+00
s156        , -1.392262169733224e+00, -1.122110411055648e+00,  3.041593025741609e+00
s157        , -5.253740885024729e-01,  2.837358854527499e-01, -7.690946290515306e-01
s158        ,  3.989423304234663e-01,  7.834178740360294e-01, -2.123532870234758e+00
s159        ,  5.765884380454732e-01,  1.760544180105118e-01, -4.772131910513167e-01
s160        , -8.116051377987674e-01, -6.431507769682372e-01,  1.743324808729428e+00
s161        , -3.068617279191663e-01, -1.394976622386808e-01,  3.781224310834670e-01
s162        ,  7.336330388262124e-01, -6.469530069578269e-01,  1.753631135187732e+00
s163        ,  5.366582957206302e-01,  6.347735855331479e-02, -1.720617589552751e-01
s164        ,  1.442528357282191e+00,  1.450329256635927e+00, -3.931263188141012e+00
s165        , -1.062713736405366e-01,  5.870563623700789e-01, -1.591275261248351e+00
s166        , -8.326065002207604e-01, -3.229220119841151e-01,  8.753125626784897e-01
s167        ,  3.946237056414995e-01,  2.554662515331080e-01, -6.924669456051580e-01
s168        ,  2.235679947771067e+00,  1.232532777583737e+00, -3.340903946136468e+00
s169        ,  1.625062009748738e+00,  9.263164305353138e-01, -2.510873766954424e+00
s170        ,  1.327620092596634e-01, -3.546904092407176e-01,  9.614239957270143e-01
s171        ,  5.954984467350798e-01,  6.293173396677736e-01, -1.705827886857417e+00
s172        ,  5.199772380778388e-01,  4.761574915141304e-01, -1.290672727990735e+00
s173        ,  6.222838143288129e-01,  7.074360819309028e-01, -1.917576587614687e+00
s174        ,  1.054103529053623e+00,  2.891690988814788e-01, -7.838219000128976e-01
s175        , -5.255654946879281e-01, -3.522208264469577e-01,  9.547299434056168e-01
s176        ,  9.849433920982633e-01,  8.087556832266769e-01, -2.192213548145360e+00
s177        , -4.422819104749493e-01, -1.286451757675798e-01,  3.487056759787692e-01
s178        , -6.072036959750036e-01, -3.562790677745959e-01,  9.657302143212999e-01
s179        ,  1.274608736041423e+00,  1.198734000157397e+00, -3.249288963612747e+00
s180        , -1.497077617346340e+00, -1.295520924369589e+00,  3.511639647437019e+00
s181        , -2.083438027973673e+00, -7.284531732179849e-01,  1.974545525475289e+00
s182        ,  1.836267684377070e+00,  4.665415782738270e-01, -1.264607828886619e+00
s183        ,  9.114464311238878e-01,  2.379747374621428e-01, -6.450544390605852e-01
s184        ,  1.514590021168478e+00,  7.864464561762000e-01, -2.131742146456305e+00
s185        ,  1.833338059507960e+00,  1.395364985698323e+00, -3.782277008615672e+00
s186        ,  2.453649877689343e-01,  5.369884470565373e-01, -1.455561145658047e+00
s187        ,  3.720198183543537e-01, -2.120564045125563e-01,  5.748001931667721e-01
s188        ,  1.146530015212694e+00,  7.645626286641302e-01, -2.072423832962872e+00
s189        ,  1.953473158179789e-01, -3.239067375993106e-01,  8.779817604097806e-01
s190        , -2.653274521332475e-01, -3.305604792285427e-01,  8.960173957048133e-01
s191        , -1.734213411135429e+00, -1.041437911183523e+00,  2.822922108367839e+00
s192        , -1.380433379832566e+00, -5.855126021857662e-01,  1.587090744142226e+00
s193        ,  1.331098677791819e+00,  8.313988653028891e-01, -2.253590168489531e+00
s194        ,  5.090097107027989e-01, -3.496191719371787e-02,  9.476778974265693e-02
s195        , -9.924573921340460e-02, -7.583929894228743e-01,  2.055700405836042e+00
s196        , -5.779338669443590e-01, -7.184330062760344e-04,  1.947384856091028e-03
s197        ,  2.483047809304522e-01,  2.823151355818338e-01, -7.652435437607022e-01
s198        , -5.206217556690500e-01,  2.757452893880988e-01, -7.474353154739151e-01
s199        , -5.943289801913764e-01, -4.636155643573954e-01,  1.256676574142205e+00
s200        , -1.021605773659559e+00, -4.959688970426874e-01,  1.344373533448113e+00
s201        , -1.880186336712063e-01,  2.241284827447273e-01, -6.075227742919529e-01
s202        ,  8.974446090874552e-01,  5.062770549425213e-01, -1.372314831262899e+00
s203        ,  1.491847227695687e+00, -2.532306307137775e-01,  6.864070707253933e-01
s204        ,  5.673187961114483e-01,  1.709488587053239e-01, -4.633740595165148e-01
s205        ,  7.052663182498152e-02, -5.632681813352224e-02,  1.526795006170217e-01
s206        ,  4.612958000362408e-01, -3.212624329236579e-01,  8.708141068703801e-01
s207        , -1.890335631962240e-01, -9.036621545472217e-01,  2.449467075447317e+00
s208        ,  1.196645888991632e+00,  5.426390470916723e-01, -1.470877664860425e+00
s209        ,  1.251755561530769e-01, -2.011386943158265e-01,  5.452066425996751e-01
s210        ,  4.275859111659360e-01,  2.789994899281599e-01, -7.562561530398929e-01
s211        ,  5.283027681041661e-01,  5.251074824593547e-02, -1.423356597244778e-01
s212        , -5.193859304496163e-01, -3.892999211380122e-01,  1.055236555501858e+00
s213        , -7.895660096178727e-01, -1.617563756239187e-01,  4.384569104069669e-01
s214        , -8.273130453363812e-01, -8.706883912481037e-01,  2.360088376617940e+00
s215        ,  7.097242197335737e-01,  9.873258576732240e-02, -2.676245949815273e-01
s216        , -4.103389107009319e-01,  9.029266198512843e-02, -2.447473334742915e-01
s217        ,  5.083753923761842e-01, -3.135385141183830e-01,  8.498776488016797e-01
s218        ,  1.227559854195250e+00,  3.838026732081273e-01, -1.040335712590526e+00
s219        ,  4.233903461072759e-01, -1.534740718626319e-01,  4.160068938050320e-01
s220        , -9.401298955648565e-02,  6.499126352602642e-01, -1.761653505103195e+00
s221        ,  1.262898065596499e+00,  2.733281668436461e-01, -7.408834619297942e-01
s222        , -8.196925206317609e-01, -3.862700609249409e-01,  1.047023814935286e+00
s223        ,  4.013207508237785e-01, -8.188573517420364e-02,  2.219595135734202e-01
s224        ,  7.221682333138075e-01,  1.644364662676492e-01, -4.457215654088370e-01
s225        ,  7.658761358813224e-01,  6.916009047339974e-01, -1.874653748606199e+00
s226        ,  1.021677840387193e+00,  8.043552613380585e-01, -2.180285762434726e+00
s227        , -1.713769108940136e-01,  4.730711715083048e-02, -1.282306947482473e-01
s228        ,  1.274319171489858e-01, -2.080587197823845e-01,  5.639640669936223e-01
s229        ,  2.041762025685344e-01, -2.612866472790276e-01,  7.082437131437376e-01
s230        , -1.775628277285172e+00, -3.137585321916219e-01,  8.504740298979671e-01
s231        , -2.906010097813954e-01,  9.704686149009917e-02, -2.630552699361408e-01
s232        ,  7.153226846206260e-01,  9.019123895044252e-01, -2.444724161471633e+00
s233        , -3.817422129899863e-01,  3.689261927910594e-01, -1.000011517539553e+00
s234        , -1.045314287465124e-01,  1.145798627534943e+00, -3.105802316846838e+00
s235        , -2.007585327297883e+00, -1.184912134451639e+00,  3.211823407710971e+00
s236        ,  1.304199689079254e+00, -5.502235422974392e-01,  1.491436201252515e+00
s237        , -2.782406460538666e-01, -1.452327817871340e-02,  3.936680489197365e-02
s238        , -2.322383208123123e-01,  7.553549331222903e-02, -2.047465448950673e-01
s239        , -3.517230695261006e-01, -7.339743318562134e-01,  1.989511180764282e+00
s240        , -8.445222562838290e-01, -2.581521571879412e-01,  6.997473627789502e-01
s241        , -1.536302083677280e+00, -9.051710127471176e-01,  2.453556987217514e+00
s242        ,  2.935750684089247e-01, -2.932840926164933e-02,  7.949760040316067e-02
s243        ,  1.616760901218624e-01, -9.450978736734448e-01,  2.561782755855578e+00
s244        ,  1.913693632034482e-02,  4.917617902681391e-01, -1.332969747779662e+00
s245        ,  1.011107650821608e+00,  5.238399015536198e-01, -1.419920691825437e+00
s246        , -1.106818107812668e+00, -3.434580664141816e-01,  9.309776018006002e-01
s247        , -1.990274764442437e+00, -9.278613662303715e-01,  2.515061470400545e+00
s248        , -9.667152724294116e-02, -2.446423272093879e-02,  6.631276110710374e-02
s249        , -3.381305046273163e-03, -4.194070369183163e-01,  1.136844918173067e+00
s250        , -1.066763974390572e+00, -6.262044359965298e-01,  1.697390048652749e+00
s251        ,  1.207378380322024e+00,  3.928322210184631e-01, -1.064811209275099e+00
s252        , -7.806439949963919e-01, -5.641511909597346e-01,  1.529188492487710e+00
s253        ,  1.425727038542695e-01,  3.462654234586921e-01, -9.385872251702976e-01
s254        ,  2.519006949731616e-01, -2.459502961861851e-01,  6.666729924154359e-01
s255        ,  2.957126742656839e-01,  1.923319245262809e-01, -5.213350081265631e-01
s256        , -1.208240274724157e+00, -8.620736606367834e-01,  2.336737283634688e+00
s257        ,  9.313485666439150e-01,  3.042736151545296e-01, -8.247642091659613e-01
s258        , -6.564646920389060e-01,  2.817177648346444e-01, -7.636243103229481e-01
s259        ,  6.730828234081326e-01,  3.816704521153289e-01, -1.034556113059769e+00
s260        , -1.076132473957489e+00, -9.873173098536159e-01,  2.676222780091289e+00
s261        ,  4.986447736713935e-01,  4.594332518340408e-02, -1.245339995783093e-01
s262        , -7.901168230278026e-01, -1.151093091387359e-01,  3.120153493139196e-01
s263        , -1.546259780331375e+00, -1.349805231201751e+00,  3.658782715927571e+00
s264        , -5.529113966692345e-01,  6.736211835443143e-01, -1.825917907608279e+00
s265        , -4.420703395591482e-01,  3.642479527425112e-01, -9.873306777895479e-01
s266        ,  1.642224930755288e-01,  1.052153666596170e+00, -2.851968240199017e+00
s267        , -5.742332897034260e-01, -9.079189225894695e-02,  2.461005472972139e-01
s268        , -1.103100765949088e+00, -2.235753058374282e-01,  6.060233326980911e-01
s269        ,  7.960085847259791e-01,  6.163847609607234e-01, -1.670772832726680e+00
s270        , -4.283987476508868e-01,  1.991699969690201e-01, -5.398702906143040e-01
s271        ,  2.199521430164574e-01,  1.218492440457101e-01, -3.302846201495044e-01
s272        ,  4.892735632468817e-01,  6.360184356015611e-01, -1.723991880753399e+00
s273        , -7.406199765582813e-01, -9.246096674237995e-01,  2.506247414034579e+00
s274        ,  1.772759222941352e-01,  7.723676223479357e-01, -2.093580052636733e+00
s275        ,  2.643568451335951e-01,  3.301588071745248e-02, -8.949286232399116e-02
s276        , -5.816893010125334e-01, -2.240421689822578e-01,  6.072888121654402e-01
s277        , -1.588157064474181e+00,  6.501506206951093e-01, -1.762298588538587e+00
s278        ,  1.926575532177041e+00, -2.892293684865306e-01,  7.839852668336522e-01
s279        ,  1.613883746546309e+00,  8.300322745621241e-01, -2.249885886963221e+00
s280        , -1.609264987376504e+00, -1.126242603042101e+00,  3.052793747349027e+00
s281        , -1.346496740458654e+00,  6.057478047863564e-01, -1.641940294149093e+00
s282        , -1.354536059868065e+00, -4.433828745593438e-01,  1.201833835339121e+00
s283        ,  4.444527822772946e-01, -7.005244720463002e-01,  1.898841974501279e+00
s284        ,  2.385788249720763e+00,  4.252195373167860e-01, -1.152600284579010e+00
s285        ,  4.002184027452821e-01,  5.402831401906213e-01, -1.464491742469069e+00
s286        ,  1.951350507345722e+00,  1.373736179950757e+00, -3.723649957241086e+00
s287        , -7.632184401675010e-01, -1.135928671579993e+00,  3.079048809436896e+00
s288        ,  7.091749484961576e-01, -4.963607949104551e-01,  1.345435811999012e+00
s289        ,  2.314010563846089e+00,  1.192666145235742e+00, -3.232841433112112e+00
s290        ,  7.654861282396249e-01,  2.620652336074866e-01, -7.103541496241825e-01
s291        , -1.053228118031399e+00,  6.409102047401056e-01, -1.737251512558560e+00
s292        , -1.544830063612452e+00, -6.041653549015470e-01,  1.637650904721993e+00
s293        , -1.690406548169091e+00, -1.228565601053582e+00,  3.330150515505116e+00
s294        ,  1.421215154761337e+00,  1.238513958676460e+00, -3.357116538514259e+00
s295        , -1.705271840139647e+00, -1.176481120619175e+00,  3.188970297517803e+00
s296        , -7.627385590929443e-01,  5.123095567037281e-01, -1.388666533469636e+00
s297        ,  3.113058113377143e-01,  5.664447319396685e-01, -1.535405365782965e+00
s298        ,  4.087923101857815e-01,  6.846734281250838e-01, -1.855876127142160e+00
s299        , -3.373353052859910e-01, -2.344984295665353e-01,  6.356315571886821e-01
s300        , -1.247040873629315e+00, -1.049174494965766e+00,  2.843892896129266e+00
s301        ,  1.197929368440681e+00,  1.152038985022071e+00, -3.122717432885310e+00
s302        , -1.485192472843855e+00, -2.971925710061690e-01,  8.055703274548380e-01
s303        , -8.549580863671642e-01,  5.087333785280140e-01, -1.378972943167922e+00
s304        ,  1.882993199254014e+00,  4.157679515225520e-01, -1.126980811530101e+00
s305        , -5.165357198073315e-01, -2.386764294001792e-01,  6.469564455689671e-01
s306        ,  1.036931584747022e+00,  3.245945760545847e-01, -8.798462156610518e-01
s307        ,  5.869139350739364e-01, -3.994877063411164e-01,  1.082851571026367e+00
s308        , -1.992374094653734e+00,  5.650601872687394e-01, -1.531652418324823e+00
s309        ,  1.168183907358183e+00,  2.035812359858068e-01, -5.518273972378092e-01
s310        , -1.689353307212060e-01, -8.697733527338085e-01,  2.357608072776229e+00
s311        ,  4.171830243610439e-01,  2.784924233472114e-01, -7.548816981190543e-01
s312        , -6.851064106122525e-01, -8.225535209371632e-02,  2.229613973751471e-01
s313        , -3.693039585493864e-01, -1.102865292168252e-01,  2.989427197129073e-01
s314        , -1.774434185617937e-01, -1.196386113166458e-01,  3.242924779993641e-01
s315        , -3.815749786763621e-01, -7.977190873706210e-01,  2.162297746052295e+00
s316        ,  6.374559564486622e-01,  9.461477746745741e-01, -2.564628618019667e+00
s317        , -2.030534733815181e+00, -8.855607392973467e-01,  2.400401370470677e+00
s318        , -8.028512356005929e-02,  5.337418240545820e-02, -1.446760847770542e-01
s319        , -5.934013466311562e-01,  2.510913473086952e-01, -6.806083280875261e-01
s320        ,  2.790171268766068e+00,  5.194033938633306e-01, -1.407895091923251e+00
s321        , -1.062277605983095e+00, -7.501088067503354e-01,  2.033245296256354e+00
s322        ,  7.515966182544803e-02,  2.258583636118099e-01, -6.122117902112798e-01
s323        ,  7.526438612763078e-01,  6.373027335701902e-01, -1.727473099451550e+00
s324        , -2.651743878812372e-01, -5.999636949731699e-01,  1.626261883277421e+00
s325        ,  3.264086782559880e-02,  3.871594694036176e-01, -1.049434645989989e+00
s326        , -8.716201269332444e-01,  3.690653424686081e-01, -1.000388696723167e+00
s327        , -1.671151256925621e-01, -4.369348356018080e-01,  1.184355777805994e+00
s328        , -8.227567374308942e-02, -2.169323867364158e-02,  5.880170329533130e-02
s329        , -3.051380631011923e-01,  2.230928583742276e-01, -6.047156103697890e-01
s330        ,  2.650804092125521e-01,  1.357696120394750e-01, -3.680171764010409e-01
s331        , -1.375958879843693e-01, -1.325386851168993e-01,  3.592594243139342e-01
s332        , -2.261103407740682e-02, -2.845007586328238e-01,  7.711678946652957e-01
s333        ,  1.323183942483754e+00,  1.310518906292156e+00, -3.552293184527867e+00
s334        , -8.334838045052184e-01, -5.984201811354087e-01,  1.622078033918379e+00
s335        , -6.616430929673620e-01, -5.609729198115910e-01,  1.520573469168379e+00
s336        ,  7.402611706142617e-01,  4.149112954191185e-01, -1.124658759079655e+00
s337        , -2.672477917829363e+00, -8.601027279214614e-01,  2.331394872458332e+00
s338        ,  5.119490895181960e-01,  3.841917792636075e-01, -1.041390423653682e+00
s339        , -5.205367300996894e-01, -1.124706896605507e+00,  3.048631060735385e+00
s340        , -5.182275979842598e-01, -9.761969159584538e-02,  2.646079834992683e-01
s341        ,  1.970306289887119e+00,  9.936751755139592e-01, -2.693456413841206e+00
s342        , -6.893119617348112e-02, -2.788896980184216e-01,  7.559585510359790e-01
s343        , -9.390007101093139e-01, -3.352018276434804e-01,  9.085982369748185e-01
s344        ,  1.061951331424555e+00,  5.775923108914853e-01, -1.565621998709356e+00
s345        , -7.723215780687482e-01,  7.402041619165384e-02, -2.006397761154542e-01
s346        ,  3.961380156477509e-01,  5.695269312248842e-01, -1.543759976663937e+00
s347        , -1.709617878224923e+00, -1.004687992296647e+00,  2.723307760366439e+00
s348        ,  3.055057864420297e-01,  2.384179285584731e-01, -6.462557530617634e-01
s349        , -2.198294962810686e-01, -4.204837024406290e-01,  1.139763328261288e+00
s350        ,  4.405144181634823e-01,  2.839916045605921e-01, -7.697877813895699e-01
s351        ,  8.658280652293555e-01,  5.745839946358600e-01, -1.557467655204311e+00
s352        ,  9.704682100223125e-01, -7.885792232782199e-02,  2.137523225999924e-01
s353        , -6.298376205439114e-02,  3.302168129689998e-01, -8.950858537746168e-01
s354        , -5.109688604423303e-01,  3.470010620482413e-01, -9.405812474887736e-01
s355        , -1.498401072816738e+00, -6.465863572431364e-01,  1.752637294292839e+00
s356        ,  1.467186882538691e-01,  4.431888286972069e-01, -1.201307854530874e+00
s357        , -9.744403926942342e-02, -7.418694726912263e-01,  2.010911753350032e+00
s358        , -9.190473297739495e-02,  2.295184933667984e-01, -6.221329397045895e-01
s359        ,  4.402510249016559e-01,  7.435834697668696e-01, -2.015557714656562e+00
s360        , -8.756909416699599e-01, -9.208303773956196e-02,  2.496003268646826e-01
s361        , -1.770572058768898e-01,  1.103935399372090e+00, -2.992327830236047e+00
s362        ,  8.704386959032419e-01,  3.266819217174020e-01, -8.855041758294849e-01
s363        , -1.069662019131376e+00,  3.324816185972004e-02, -9.012248370114927e-02
s364        , -9.988945697241733e-01, -1.375106173556012e+00,  3.727363462573538e+00
s365        ,  1.902823636872192e-01,  2.293625775476915e-01, -6.217103142095172e-01
s366        ,  1.236798092554710e+00,  7.328463242018028e-01, -1.986453602667835e+00
s367        ,  9.184480967949833e-01,  7.571403596586349e-01, -2.052305026988106e+00
s368        ,  1.622937156969908e-01,  8.025229233132779e-02, -2.175319026093931e-01
s369        ,  9.732086991131189e-01,  7.738343868012769e-01, -2.097555865077054e+00
s370        , -8.475872099006457e-01, -1.011870101887749e+00,  2.742775590115790e+00
s371        ,  5.916391131784779e-01,  6.121918801966245e-01, -1.659407608089070e+00
s372        ,  7.596908414790238e-01,  7.492731383473860e-01, -2.030980133077044e+00
s373        , -1.946434670867691e+00, -5.924280713579120e-01,  1.605835818242324e+00
s374        , -9.564014283175248e-01, -6.295909430450445e-01,  1.706569516304864e+00
s375        ,  7.284511861928945e-01,  3.677777807181058e-02, -9.968986312162831e-02
s376        ,  2.037232105036610e+00,  1.082848272405880e+00, -2.935169053629553e+00
s377        ,  7.637732850848320e-01,  1.059501959200502e+00, -2.871886525704824e+00
s378        ,  9.950925555332779e-01,  5.699477338099878e-01, -1.544900604355700e+00
s379        , -8.163846007494810e-01, -7.584946870166283e-01,  2.055976067383114e+00
s380        , -9.184292068832668e-01, -4.433514220813461e-01,  1.201748580236969e+00
s381        ,  1.520868814304400e-01,  3.849724050977917e-01, -1.043506388419337e+00
s382        , -7.921265824309522e-01, -4.850625404258598e-01,  1.314810757900219e+00
s383        ,  6.672838300456271e-01,  3.393933119923334e-02, -9.199596764885844e-02
s384        , -8.703903476353084e-01, -7.363037143375371e-01,  1.995825206050629e+00
s385        ,  8.850482925000751e-01,  9.468357320805279e-02, -2.566493395698708e-01
s386        ,  9.061627662896373e-01,  7.862449092526301e-01, -2.131195833267291e+00
s387        , -1.106690246889199e+00, -1.413623716916280e+00,  3.831769134331876e+00
s388        ,  2.054813205480302e+00,  1.167462166519186e+00, -3.164523516149646e+00
s389        ,  5.830110458201297e-01,  1.430373456694533e-01, -3.877170987117996e-01
s390        ,  4.058167767744563e-02,  3.975169679947853e-01, -1.077509686706692e+00
s391        , -3.572825686809578e-01, -2.850006622148019e-01,  7.725229335576425e-01
s392        , -7.654037138178210e-02,  3.968629360144653e-01, -1.075736867302868e+00
s393        ,  3.686774220084653e-01, -1.419821531718901e-01,  3.848568934149040e-01
s394        , -2.015273820649741e-01, -5.717853903034430e-01,  1.549881756940270e+00
s395        , -6.768380070474945e-01,  6.080203758250314e-01, -1.648100326311377e+00
s396        , -1.571978956162156e+00, -4.029351090235544e-01,  1.092196102413401e+00
s397        , -4.953598502673375e-01, -4.237237649315282e-01,  1.148545843224334e+00
s398        ,  1.555253169293308e-01,  9.192873313580694e-01, -2.491820687307262e+00
s399        , -1.863721424692930e+00, -4.213864803267565e-01,  1.142210398438327e+00
s400        , -1.580914135378971e+00, -8.102622133018800e-01,  2.196297149299632e+00
s401        , -1.745467987214961e+00, -8.153979667333351e-01,  2.210218125047773e+00
s402        , -6.980793622242579e-01, -9.801904631346398e-01,  2.656904745909987e+00
s403        ,  2.251226886668626e-01,  8.520659637146306e-01, -2.309610415492079e+00
s404        ,  7.040030298805582e-01,  4.368918124145457e-01, -1.184239159133684e+00
s405        ,  7.810975699633603e-01,  2.270981467080022e-01, -6.155723468745615e-01
s406        , -7.486530226048839e-01, -7.748124312596491e-02,  2.100206952861412e-01
s407        , -5.898664718227482e-01, -1.242097051773767e+00,  3.366828872405806e+00
s408        , -1.653430955336652e+00, -5.284429515691693e-01,  1.432397721435441e+00
s409        ,  3.615421057666913e-01, -1.986779755852038e-01,  5.385366172121265e-01
s410        , -1.927277741805878e+00, -7.926057045842010e-01,  2.148437408185462e+00
s411        , -7.559092474121808e-01, -6.535988664336487e-01,  1.771645405113899e+00
s412        ,  1.873884464024186e+00,  5.762254828580743e-01, -1.561917073977484e+00
s413        , -8.487613459239006e-02, -9.126866266919485e-02,  2.473928814030224e-01
s414        , -7.984251397438490e-02,  2.683863255563222e-01, -7.274881045338089e-01
s415        ,  3.823952603345894e-01, -7.486165565532461e-01,  2.029200402146639e+00
s416        , -9.819900149129637e-01, -4.917815834458855e-01,  1.333023399176884e+00
s417        , -1.482842264827313e+00, -8.844168288446866e-01,  2.397300686241564e+00
s418        ,  5.288306085486906e-02,  5.523183693833343e-01, -1.497114440569980e+00
s419        , -1.062501299146121e+00, -5.410929651528379e-01,  1.466686854405364e+00
s420        ,  1.615525737358244e+00,  1.025983735626245e+00, -2.781032012588956e+00
s421        , -8.420822469136372e-01, -2.652272650363574e-02,  7.189251535525588e-02
s422        , -2.976491469173829e-01, -1.907043172027537e-01,  5.169232149241200e-01
s423        ,  2.602465190009081e-01, -6.124508187968843e-01,  1.660109487184821e+00
s424        , -1.598544685575905e-02,  1.026766673404305e+00, -2.783154244110805e+00
s425        , -6.873434672527887e-01,  5.942534207404301e-02, -1.610783611166003e-01
s426        ,  3.868281565378119e-01,  6.737276033517912e-01, -1.826206369190163e+00
s427        , -4.350921811790253e-01,  2.101020283170124e-01, -5.695026601009755e-01
s428        ,  1.434023500487657e+00,  2.623441059096198e-01, -7.111100610219234e-01
s429        , -1.410084545291047e-01, -3.317029032990369e-01,  8.991140509457050e-01
s430        , -2.958129836419498e-04,  2.917582227205545e-01, -7.908399803498452e-01
s431        ,  4.037460271826608e-01,  2.062886841362211e-01, -5.591662075105968e-01
s432        , -1.066289337790876e+00,  3.041691436829380e-01, -8.244810287442745e-01
s433        ,  1.465780698491131e-01, -6.407425082530536e-01,  1.736796954379228e+00
s434        ,  4.355472814078697e-01,  5.744284080300917e-01, -1.557045922075074e+00
s435        ,  1.360224600447043e-01, -3.054752977131117e-02,  8.280214904934743e-02
s436        , -1.176834064700477e+00,  5.992863190589755e-02, -1.624425787795087e-01
s437        ,  4.255542297351823e-01, -1.681217193163975e-01,  4.557108141144265e-01
s438        ,  4.759340095896715e-01, -1.424079184853221e-01,  3.860109730804865e-01
s439        , -1.323840968987944e+00, -9.286632102147662e-01,  2.517234949094477e+00
s440        ,  1.911375936580773e+00,  1.445995212788729e-01, -3.919515326781723e-01
s441        , -5.968585101940267e-01, -3.242930422098318e-02,  8.790288778748689e-02
s442        ,  1.602708630643594e+00,  7.682750656461884e-01, -2.082486766451307e+00
s443        , -3.418194688489122e-01, -7.052712731732794e-01,  1.911708655943812e+00
s444        ,  7.637447106545253e-02, -1.318004582992356e-02,  3.572583863430734e-02
s445        ,  1.017156754691856e+00,  3.452330451212645e-01, -9.357888599469570e-01
s446        ,  1.325048844178530e-01, -1.439949511371155e-01,  3.903127845580021e-01
s447        , -1.204238242348799e-02,  2.791936976627041e-01, -7.567825726195661e-01
s448        ,  1.955645847805345e-01, -4.403338383693316e-02,  1.193569116360131e-01
s449        ,  1.023488117482967e+00, -2.301412444932379e-02,  6.238209692106789e-02
s450        ,  1.292595058164963e+00,  5.329365709925886e-01, -1.444578128429215e+00
s451        , -1.076547322827218e+00, -6.780108631335587e-01,  1.837816575237007e+00
s452        ,  1.041326926021929e+00, -3.484065948705363e-01,  9.443910854402116e-01
s453        , -2.986039119797084e-01, -4.935389844444349e-01,  1.337787011177944e+00
s454        , -1.068578759667890e+00, -1.474045292042890e+00,  3.995547885245103e+00
s455        , -1.019022963464540e-01, -1.447434991456857e-01,  3.923417991539525e-01
s456        , -1.276108587100781e+00, -5.870379717201666e-01,  1.591225411543757e+00
s457        , -1.562653854847452e+00, -8.188386859760581e-01,  2.219544540299866e+00
s458        , -1.571215894852860e-01, -1.266709810439689e-01,  3.433544228011591e-01
s459        , -7.908915586506604e-01, -5.803227939432513e-01,  1.573023247396946e+00
s460        ,  1.259413921430306e+00,  3.399640283687591e-01, -9.215066605759884e-01
s461        , -2.175818754703068e+00, -1.135153324731876e+00,  3.076947153893439e+00
s462        ,  1.056177437374778e+00,  1.025020096535791e+00, -2.778419972001879e+00
s463        ,  7.682398919925582e-01, -3.634189151420310e-01,  9.850834880666347e-01
s464        , -1.670624175566991e+00, -7.568997885002081e-01,  2.051652934689117e+00
s465        ,  3.572362737692147e-01,  1.545197932049076e-01, -4.188414265838006e-01
s466        , -1.202841334482275e+00, -4.857525215585563e-01,  1.316681021093952e+00
s467        , -9.998937028287650e-01, -9.272298976185265e-01,  2.513349811274278e+00
s468        , -9.085815979292673e-01, -5.350835619967403e-01,  1.450397763288867e+00
s469        ,  1.368123103534694e+00,  8.395551832200954e-01, -2.275698687801251e+00
s470        ,  6.270281968061774e-01,  2.533257753646899e-01, -6.866649698624128e-01
s471        , -2.645435144970039e-02,  2.418695314622519e-01, -6.556116695708052e-01
s472        , -9.877961354209573e-01, -1.543803724029499e-01,  4.184635124902322e-01
s473        ,  9.062936723193107e-01,  1.891152088000627e-02, -5.126157769152112e-02
s474        , -1.654729567131913e+00, -8.931034163694046e-01,  2.420846554609206e+00
s475        ,  1.613264697983012e+00,  8.913324269991286e-01, -2.416046109961137e+00
s476        ,  6.116129809221722e-01,  6.980249615013161e-01, -1.892066800002864e+00
s477        ,  5.840337661930541e-01, -7.000903520283026e-01,  1.897665248569440e+00
s478        , -1.152221920522414e+00, -7.083140979828838e-01,  1.919956538352050e+00
s479        , -5.094753281829528e-01, -4.823074814138200e-01,  1.307342893602762e+00
s480        ,  2.973171178971667e-01,  1.298325748624506e+00, -3.519242405426013e+00
s481        , -1.675140558535767e+00, -7.632856826809475e-01,  2.068962542560047e+00
s482        ,  5.105384321341787e-01,  2.834311971950934e-01, -7.682687409121971e-01
s483        ,  6.412437341666035e-01,  5.844953086216131e-01, -1.584333267712657e+00
s484        ,  2.259666720581154e+00,  1.448950708450979e+00, -3.927526494760684e+00
s485        , -6.133731587036794e-02, -6.057716606766556e-01,  1.642004957936936e+00
s486        ,  1.705016907792880e+00,  8.937241744971082e-01, -2.422529181891952e+00
s487        , -8.949077256537036e-01, -8.618904487996806e-02,  2.336240669539967e-01
s488        ,  4.414328374469543e-01,  1.637331158499831e-01, -4.438150634247649e-01
s489        ,  1.128277752007163e+00, -3.559507428621644e-02,  9.648402566540426e-02
s490        ,  1.504039442617624e+00,  1.227250833245369e+00, -3.326586705244974e+00
s491        , -5.198334157682940e-01, -6.497868720074640e-01,  1.761312611169013e+00
s492        ,  1.151627147663105e+00, -1.329027996100066e-02,  3.602463932359723e-02
s493        , -8.097664188918848e-01,  1.794277793828813e-01, -4.863570260272817e-01
s494        ,  6.975315577850428e-01, -5.421013292572190e-01,  1.469420126636934e+00
s495        ,  5.757891210893783e-02, -2.293028924306625e-01,  6.215485317022814e-01
s496        ,  1.842735197085195e-01,  1.083512209013663e+00, -2.936968720521393e+00
s497        , -3.806010851052651e-01, -5.103312901663713e-02,  1.383304243231707e-01
s498        ,  2.924357353950326e-01,  9.491267903045245e-02, -2.572703539234512e-01
s499        , -7.813708299191796e-01, -9.062804469696127e-01,  2.456564220160380e+00
s500        ,  1.758078897939561e-01, -3.916998133227811e-01,  1.061741704424644e+00
s501        ,  5.268597846364342e-01,  4.927764253863448e-03, -1.335720018224346e-02
s502        , -1.555727833576514e+00, -3.672393072732483e-01,  9.954390448348646e-01
s503        ,  1.172585934883692e+00,  9.970770027637278e-01, -2.702677408438288e+00
s504        ,  2.953705009587213e-01, -3.846045774865166e-01,  1.042509354717388e+00
s505        ,  1.048522988543108e+00,  1.056034397385434e+00, -2.862487350963084e+00
s506        ,  3.661355339494778e-01, -3.281417434664519e-01,  8.894611693721781e-01
s507        ,  7.001138090247849e-01,  3.597838973241085e-01, -9.752304070021447e-01
s508        ,  5.464601963517310e-01,  4.253292685754517e-01, -1.152897722182097e+00
s509        ,  2.946634304577050e-01, -1.353139435875490e-01,  3.667820412737192e-01
s510        , -1.105581921856613e+00, -1.965936868754846e-01,  5.328869432222473e-01
s511        ,  1.309201174401844e+00,  4.294052973827721e-01, -1.163946207848854e+00
s512        ,  7.885562671323768e-01, -9.940870856666588e-02,  2.694572937701372e-01
s513        , -5.799590652888761e-01, -3.207544974846380e-01,  8.694372968224309e-01
s514        ,  1.756955937636850e+00,  9.269399819530630e-01, -2.512563965730525e+00
s515        ,  1.301480913945963e+00, -6.510204009554889e-01,  1.764656215335231e+00
s516        ,  1.639096205345820e+00,  1.000734304009672e+00, -2.712590890973607e+00
s517        ,  1.265571797582470e+00,  1.068538293487529e+00, -2.896380417816417e+00
s518        ,  1.441905473368953e+00, -1.359268148963036e-01,  3.684432905411876e-01
s519        , -3.428509295553606e-01,  1.402421885085032e-01, -3.801405443524122e-01
s520        , -7.417091464175271e-01, -1.396527744557782e-02,  3.785428783345426e-02
s521        , -3.011966055380439e-01, -5.809286908869394e-01,  1.574665591947075e+00
s522        , -6.069082570615004e-01,  1.042666797828507e-01, -2.826253129105177e-01
s523        ,  1.256149620532759e+00,  4.543716123515292e-01, -1.231619913340991e+00
s524        ,  7.847794981407887e-02,  1.173159155415901e+00, -3.179965777022777e+00
s525        ,  7.540604241380652e-01, -3.553180578117243e-01,  9.631253002487277e-01
s526        ,  6.882803931636601e-01,  8.509878467093539e-01, -2.306688071013430e+00
s527        , -3.347470952839998e-01, -4.388791173917243e-02,  1.189625948970989e-01
s528        , -8.880876507782670e-01, -1.571919300015329e+00,  4.260845218838405e+00
s529        ,  9.212434057068957e-01,  1.218153473007546e+00, -3.301927396161486e+00
s530        ,  1.578253206298823e+00,  9.664818522739390e-01, -2.619746178646284e+00
s531        , -1.270304683847079e+00, -3.249594865741830e-01,  8.808353422928825e-01
s532        , -1.264611305197325e-01, -1.538779664395341e-01,  4.171016906415437e-01
s533        ,  8.237391297987288e-01,  4.556687627966656e-01, -1.235135969968211e+00
s534        ,  1.456467143630557e+00,  7.487653400977804e-01, -2.029603694894788e+00
s535        , -1.038398689934333e+00, -2.929248916169203e-01,  7.940023536275315e-01
s536        ,  5.135961834965114e-02,  4.955842819170636e-02, -1.343330995501609e-01
s537        , -8.440212331633648e-02,  4.782953841605403e-01, -1.296467700837469e+00
s538        , -1.317636610189325e+00, -2.699174980998460e-01,  7.316385015746915e-01
s539        ,  2.901282138702423e-01, -1.285022501173540e-01,  3.483182616417811e-01
s540        , -9.824868919009931e-02,  4.322008747205990e-01, -1.171523901139889e+00
s541        , -2.175405710121729e+00, -3.978956626140853e-01,  1.078536176525876e+00
s542        ,  2.591231555634874e-01, -1.244318772478618e-01,  3.372851069628506e-01
s543        , -1.058007309971476e+00, -5.480458180966270e-01,  1.485533260975054e+00
s544        ,  3.414925189823615e-01,  6.223393509258556e-01, -1.686913347181099e+00
s545        , -3.918998056173665e-01, -2.918139107037611e-02,  7.909909282241995e-02
s546        ,  5.616853932534658e-01,  2.299581009678635e-01, -6.233245402817597e-01
s547        , -1.305950209492648e+00, -7.747678569491049e-01,  2.100086129713580e+00
s548        , -3.050762501887698e-01, -1.636929660208883e-01,  4.437062332785009e-01
s549        ,  1.039973910986755e+00,  1.262530826346222e+00, -3.422216671696152e+00
s550        ,  2.095033672336812e+00,  1.230169473017305e+00, -3.334497971629733e+00
s551        , -1.303711602903422e+00, -9.186895060198621e-01,  2.490200221654874e+00
s552        ,  3.401293169548341e-01,  4.825561546949108e-01, -1.308016947519383e+00
s553        , -5.647880997296292e-02,  1.985944047307187e-01, -5.383100900133295e-01
s554        , -1.031552667181044e+00, -5.119459885685680e-01,  1.387681045505715e+00
s555        , -8.490058291493487e-01,  1.410921952810757e-01, -3.824445731233935e-01
s556        , -7.911863624049646e-01,  1.029028503630292e-01, -2.789285162220992e-01
s557        ,  2.474068956648234e-01,  6.716437951447541e-01, -1.820557997651088e+00
s558        , -5.007238229142660e-01, -3.989874965785837e-01,  1.081495702200860e+00
s559        ,  2.118829903875907e-01,  2.701808963928705e-01, -7.323524691158194e-01
s560        ,  1.297132454751414e+00, -5.641854336857038e-01,  1.529281310837370e+00
s561        , -5.288135218546878e-01,  1.013417808057268e-01, -2.746970803211333e-01
s562        , -7.943538387030609e-01, -4.904414387682684e-01,  1.329390802362199e+00
s563        , -1.695221398164227e+00,  5.420596137027773e-03, -1.469307052434776e-02
s564        , -8.235878596232101e-01, -5.983887678793359e-01,  1.621992885131196e+00
s565        ,  5.786852470915557e-01, -1.527052043186718e-01,  4.139228010665750e-01
s566        , -8.302212330074121e-01, -4.571073481592491e-01,  1.239035400151424e+00
s567        ,  5.393556498613846e-01,  3.639201880081415e-01, -9.864422385412167e-01
s568        ,  6.041187276553234e-01,  7.375541621167586e-02, -1.999214670408914e-01
s569        ,  5.614800719887970e-01,  3.796261186285066e-01, -1.029014741716499e+00
s570        ,  4.733969246303092e-01, -2.600972998913679e-01,  7.050198675365247e-01
s571        ,  5.730080514530493e-01, -2.364510026057314e-01,  6.409242026180056e-01
s572        ,  2.101230454819456e+00,  1.071919795225567e+00, -2.905546318071519e+00
s573        , -3.811463660619586e-01, -8.687224095162045e-01,  2.354759385579656e+00
s574        ,  6.881700420271472e-01,  6.071313931842601e-01, -1.645690649533108e+00
s575        ,  3.262214597255070e-01, -3.168485478108461e-01,  8.588498277377028e-01
s576        , -9.238693298049331e-01, -4.624243143983420e-01,  1.253447571424048e+00
s577        , -6.565756372879821e-01, -7.139019291416202e-02,  1.935102916207546e-01
s578        ,  6.712394147332970e-01,  2.395037322120499e-02, -6.491989329730311e-02
s579        ,  5.839122855740916e-01,  1.200990627262220e-02, -3.255405778140172e-02
s580        ,  8.930567879170550e-01,  2.049512694090246e-01, -5.555410105008499e-01
s581        ,  2.904861379712105e-01,  4.240237269094565e-01, -1.149358920307538e+00
s582        ,  1.328044708555014e+00,  8.863843603562002e-01, -2.402633878113224e+00
s583        , -1.299353843688629e-01, -5.806787049476082e-01,  1.573987979938389e+00
s584        ,  3.159094534140010e-01,  6.141784313861423e-01, -1.664792354709174e+00
s585        ,  6.465779848987863e-01,  1.319800749640536e+00, -3.577452553620521e+00
s586        , -1.841977151216957e+00, -1.324718489118589e+00,  3.590782580640578e+00
s587        , -1.519059721495913e+00, -1.231539715447384e+00,  3.338212151426875e+00
s588        ,  9.387912361205542e-01,  6.647137903729405e-01, -1.801773523347463e+00
s589        ,  7.816518315318011e-01, -3.288685575907444e-01,  8.914312720908392e-01
s590        ,  1.602915956175816e+00,  4.936172544237974e-01, -1.337999169822056e+00
s591        ,  6.259814475720535e-01, -2.499928535774991e-01,  6.776307504456938e-01
s592        , -1.866544971407417e+00, -1.313268380682550e+00,  3.559745911147175e+00
s593        , -1.403474560349544e+00, -5.959697435152516e-01,  1.615435876513856e+00
s594        , -1.647273275131083e+00, -3.801313949810509e-01,  1.030384344043355e+00
s595        , -6.257274702470922e-01,  1.074525506515917e+00, -2.912609360361956e+00
s596        , -8.694069998626694e-01, -8.343876513587516e-01,  2.261691573425604e+00
s597        ,  1.839102866755815e+00,  8.137017839086643e-01, -2.205620451058591e+00
s598        , -9.091043104888928e-01,  1.754950677248716e-01, -4.756970158951220e-01
s599        ,  1.564046405735407e+00,  1.105262278378507e+00, -2.995924469115928e+00
s600        ,  2.905731218387105e-01, -5.158641257853521e-01,  1.398301550150403e+00
s601        ,  3.859556967138555e-01,  8.492988307689832e-03, -2.302109823584308e-02
s602        , -1.440073457507333e+00, -3.764629202320367e-01,  1.020440574605182e+00
s603        , -1.400421335117203e+00, -6.036639093802967e-01,  1.636291686248305e+00
s604        , -1.410598066968925e+00, -4.307394234936113e-01,  1.167562490733505e+00
s605        , -1.621387133323043e-01, -3.720516267137448e-01,  1.008483320249870e+00
s606        , -9.979698047533583e-01, -2.468764650512533e-01,  6.691834661913633e-01
s607        ,  8.102904644198852e-01,  4.798768767780089e-01, -1.300754495495250e+00
s608        ,  6.515689709358394e-01, -7.577444969529357e-02,  2.053942601831751e-01
s609        ,  1.387300347613353e-02, -7.792208458250482e-03,  2.112156403525620e-02
s610        ,  1.548918422462740e-02,  1.351659057752945e-01, -3.663807699078506e-01
s611        ,  1.874583079024923e-01,  1.018236805544580e-01, -2.760033180143285e-01
s612        , -6.619121708260401e-01, -2.416281761437602e-01,  6.549574517271625e-01
s613        ,  1.853178585757171e+00,  1.279377633815055e+00, -3.467881636211546e+00
s614        , -3.191525488535212e-01,  1.239537675014730e-01, -3.359891424518472e-01
s615        , -1.037736039722638e-01, -4.095361707984829e-01,  1.110088943669747e+00
s616        , -8.799864633294985e-01, -1.465147186567859e+00,  3.971428676218510e+00
s617        , -1.183843594802837e+00, -8.586107416794010e-01,  2.327350693825248e+00
s618        , -1.123650075268739e+00, -9.612607807715787e-01,  2.605593939693668e+00
s619        ,  9.176659138352715e-01,  7.857342821274900e-01, -2.129811727133635e+00
s620        ,  1.595155267894712e+00,  9.441502383425302e-01, -2.559214095066891e+00
s621        ,  1.133359360912494e+00,  3.653722792698550e-01, -9.903782778211777e-01
s622        , -1.002419121282031e+00, -3.450831279178058e-04,  9.353824943024516e-04
s623        ,  1.034471969936265e-01, -3.925961752389049e-01,  1.064171383470271e+00
s624        ,  1.639327811745190e+00,  7.156998309006293e-01, -1.939976309589598e+00
s625        , -4.972654620844768e-01,  6.135132349916088e-01, -1.662989273038754e+00
s626        ,  3.826916613216537e-01, -2.448356039506297e-01,  6.636515070998118e-01
s627        ,  3.687647283893495e-01, -5.529632373510703e-02,  1.498862419996841e-01
s628        , -2.769187143037049e-02,  1.017943570868733e+00, -2.759238338088372e+00
s629        , -6.084255915863079e-01, -1.222365524704824e+00,  3.313344585539893e+00
s630        ,  2.575662011885660e-01, -6.884990022614321e-01,  1.866245730256018e+00
s631        ,  1.966623425207500e-01,  1.143766557285173e-02, -3.100294186239877e-02
s632        , -1.969402937452175e-01,  4.538956325997946e-01, -1.230329722394533e+00
s633        ,  2.667860134858853e+00,  1.268312091274621e+00, -3.437887371221735e+00
s634        ,  6.040142711820374e-01,  4.653270335200261e-02, -1.261315683286493e-01
s635        ,  1.911892919802316e+00,  1.529156217254610e+00, -4.144931585917160e+00
s636        , -2.071432026808114e-01, -7.220498356175498e-01,  1.957188635462451e+00
s637        , -3.698619835175476e-01, -2.879193619019679e-01,  7.804343623486532e-01
s638        ,  1.470155794820396e-01,  1.134162486162699e+00, -3.074261386386115e+00
s639        ,  1.040284966432418e-01, -3.398199620374178e-01,  9.211161543082143e-01
s640        , -7.663785491668940e-02, -2.503687395921544e-01,  6.786496272597619e-01
s641        ,  1.396787091256106e+00,  9.921639030636314e-01, -2.689359958002615e+00
s642        ,  1.137451761223006e+00,  6.903691384095568e-01, -1.871314922208325e+00
s643        ,  6.186651151125386e-02,  1.463575872606364e-01, -3.967169471830556e-01
s644        , -1.171820789178678e+00, -7.043061213407943e-01,  1.909092514917452e+00
s645        ,  4.823756822475945e-01, -3.087079317817365e-01,  8.367838699714913e-01
s646        ,  8.205150420430785e-01,  9.197511137392624e-01, -2.493077816055200e+00
s647        ,  3.518506790799084e-01,  4.780565697963622e-01, -1.295820370505824e+00
s648        ,  4.210663223398269e-02,  6.558837420659676e-01, -1.777838790113696e+00
s649        ,  5.870347574891154e-01,  8.278307562659782e-01, -2.243918450399380e+00
s650        , -7.940906852652418e-01, -1.065915966381746e+00,  2.889272336688590e+00
s651        ,  1.648126188438620e+00,  1.153510566409525e+00, -3.126706302109578e+00
s652        ,  2.998843396621518e+00,  8.210262097308196e-01, -2.225474043253026e+00
s653        ,  4.493206753989470e-01,  3.958418336194686e-01, -1.072969066654562e+00
s654        ,  8.907143716152748e-01,  1.232881663280847e-01, -3.341849635876669e-01
s655        ,  3.986925365877028e-01,  4.521447971791376e-01, -1.225583907052100e+00
s656        ,  8.200524881394200e-01,  4.564803210820807e-01, -1.237335780251211e+00
s657        ,  2.253026077099693e-01, -1.715327535684455e-01,  4.649567652163633e-01
s658        , -2.085098433395276e+00, -1.144736886631064e+00,  3.102924361436600e+00
s659        , -3.565026754081164e-01, -3.421528350469154e-01,  9.274396410219268e-01
s660        ,  9.769972243844465e-01,  7.238550757658223e-01, -1.962081920286009e+00
s661        ,  7.549182821078514e-01,  6.060189235501668e-01, -1.642675188802087e+00
s662        , -2.199791631405239e+00, -1.489181096092093e+00,  4.036575003059416e+00
s663        ,  6.537369904412299e-01,  6.292267333533599e-01, -1.705582289337517e+00
s664        , -1.032617581813699e+00, -7.194153762823283e-01,  1.950047668707610e+00
s665        , -1.725197455699346e-01, -2.959738856245702e-01,  8.022669582669906e-01
s666        , -9.556704567146264e-01, -5.869032399685469e-01,  1.590860207592315e+00
s667        , -1.074909955617834e+00, -1.605019671772895e-01,  4.350567102616807e-01
s668        ,  8.157451056201823e-01,  1.019038193564636e+00, -2.762205422900059e+00
s669        ,  8.201013628253863e-01,  3.871525418578480e-01, -1.049415868181058e+00
s670        , -8.377594254676490e-01, -8.281639406798893e-01,  2.244821580233711e+00
s671        , -5.700208727194026e-01, -5.444877161833473e-02,  1.475888668199083e-01
s672        , -7.390594172975108e-01, -2.479347283167825e-01,  6.720519951134005e-01
s673        ,  5.527317739358688e-01,  7.635020164074943e-02, -2.069548936864398e-01
s674        , -1.509604783948018e-01, -4.437861164834337e-02,  1.202926863094603e-01
s675        , -7.328015214360989e-01, -1.064805838430851e+00,  2.886263223325184e+00
s676        ,  2.481079887957650e-01,  3.591473944722383e-01, -9.735051020624179e-01
s677        , -1.497784796529649e+00, -9.305661149294007e-01,  2.522392963539096e+00
s678        , -6.955981656855925e-02, -3.706302156990621e-01,  1.004630442862427e+00
s679        ,  6.295281558129772e-01, -2.376967184647877e-01,  6.443008406311908e-01
s680        , -5.120635862296855e-01, -7.281001932585504e-01,  1.973588737825638e+00
s681        , -4.577628444983341e-01, -7.681692467801186e-01,  2.082199933781492e+00
s682        ,  1.425186289801849e+00, -1.955159765509783e-01,  5.299657010926921e-01
s683        , -8.653733268557260e-01,  4.280678954566696e-01, -1.160321045537759e+00
s684        ,  6.149991181690390e-01,  1.045908288868640e+00, -2.835039516294471e+00
s685        ,  1.739338045322250e+00, -1.110223157346126e+00,  3.009371430057375e+00
s686        ,  9.590771410105176e-01,  9.368096951663370e-02, -2.539316815164764e-01
s687        ,  5.412604899045221e-01,  9.704187308846036e-01, -2.630417483722336e+00
s688        , -1.405336687520458e+00, -5.744828109149858e-01,  1.557193386561317e+00
s689        ,  3.354058241185732e-01,  1.989103066182894e-01, -5.391663738233602e-01
s690        , -6.091694712828630e-01, -6.916916225430649e-01,  1.874899648343561e+00
s691        , -6.034950511663356e-01, -9.396434464729161e-01,  2.546997982834057e+00
s692        , -9.120972373870817e-01, -7.089254833464680e-01,  1.921613759815817e+00
s693        , -4.067329829645623e-01, -4.273996896516771e-01,  1.158509806557886e+00
s694        , -7.579589601320627e-01,  1.030485055381100e+00, -2.793233292104865e+00
s695        ,  1.455973696410247e+00,  9.494028615522982e-01, -2.573451858092946e+00
s696        , -6.516257166940767e-01,  3.566980910382642e-01, -9.668660189835147e-01
s697        ,  7.238448013551266e-01,  3.056585739973831e-01, -8.285182792787228e-01
s698        ,  1.662019888207613e+00,  6.544664387920855e-01, -1.773997047170464e+00
s699        , -1.247862087380916e+00, -8.643798986075563e-01,  2.342988573399484e+00
s700        , -1.114444246482743e+00, -5.691789571207324e-01,  1.542816757888050e+00
s701        , -4.217745973052512e-01, -1.605923222027557e+00,  4.353016266376370e+00
s702        , -8.481384521188839e-01, -1.246635476353974e-01,  3.379130728279354e-01
s703        , -9.416435374285391e-01,  2.588693883492117e-02, -7.016914899133841e-02
s704        ,  9.487448855648490e-01,  1.151941623127770e-01, -3.122453523687282e-01
s705        , -2.365138337942842e-01,  1.725119164137505e-01, -4.676108845008847e-01
s706        ,  5.583280652770263e-01,  1.240816752006385e-01, -3.363358491233898e-01
s707        ,  9.205089121966433e-01,  2.143457678508819e-01, -5.810057425446526e-01
s708        ,  1.060945132046508e+00,  1.910443992544430e-01, -5.178450414987658e-01
s709        ,  1.331106470481227e+00,  2.370583989489485e-01, -6.425706114412264e-01
s710        ,  1.914467968020750e-01,  6.654671704246871e-01, -1.803815635681997e+00
s711        , -7.721035544159953e-02,  8.757566923483098e-01, -2.373826516044204e+00
s712        , -1.414340169349908e+00, -6.605836584874617e-01,  1.790578385850747e+00
s713        ,  5.574707555573186e-01,  2.731111267211092e-01, -7.402951528681275e-01
s714        , -1.685969281548289e+00, -1.572333082592860e+00,  4.261966818094229e+00
s715        , -2.519985050786606e-01, -3.001665047271794e-01,  8.136314736448403e-01
s716        , -1.286737305127487e+00, -6.152647802992253e-01,  1.667737012601125e+00
s717        ,  3.452976089232733e-01, -2.796276783957891e-01,  7.579589210056537e-01
s718        ,  1.123110480867275e+00,  7.300777944274460e-01, -1.978949224515493e+00
s719        ,  6.888993521047061e-01,  8.580763038408361e-01, -2.325902046360207e+00
s720        ,  7.093644696892669e-01,  7.159831383783595e-01, -1.940744242976468e+00
s721        , -7.747236109533535e-01, -7.185201225599271e-01,  1.947620993532426e+00
s722        ,  3.328206388143558e-02,  1.012638342226175e+00, -2.744857982750622e+00
s723        ,  9.358910152584168e-02,  5.314365829697283e-01, -1.440512260165204e+00
s724        , -2.029371048190847e-01,  8.235558151868869e-01, -2.232330793032055e+00
s725        , -2.472238890656029e-01, -1.190374758557236e+00,  3.226630399267355e+00
s726        , -1.287360963264701e+00, -9.872654025079988e-01,  2.676082080015023e+00
s727        ,  1.020824855481523e+00,  2.953643477812163e-01, -8.006147446924579e-01
s728        ,  1.643163575608417e-01,  6.066644038836992e-01, -1.644424828107972e+00
s729        , -1.007289241750789e+00, -2.971155953475315e-01,  8.053616771971123e-01
s730        , -4.777207265671770e-02, -2.743872959617850e-01,  7.437543378323361e-01
s731        , -1.404307349772385e+00, -6.499408681562086e-01,  1.761730033204668e+00
s732        , -8.950540078294739e-01, -5.926698791996416e-01,  1.606491262695676e+00
s733        ,  7.802433523350311e-01,  3.157287070670041e-01, -8.558143868730138e-01
s734        , -3.943979845876157e-01, -6.642916247646884e-01,  1.800629201044492e+00
s735        ,  2.101468865327815e-01,  5.480468612246853e-01, -1.485536088478476e+00
s736        , -9.765048604112493e-01, -1.114913171785524e+00,  3.022084185476944e+00
s737        ,  1.458335451821299e-01,  2.613223660995150e-01, -7.083405325959161e-01
s738        , -6.859666936017034e-01, -9.153004777087449e-01,  2.481013919867122e+00
s739        , -4.324785166901873e-01, -3.176898541403876e-01,  8.611302730835741e-01
s740        , -8.464136206988212e-01, -9.492193535795167e-01,  2.572954441292708e+00
s741        ,  7.826811446288888e-01,  3.744987360849997e-01, -1.015116456101300e+00
s742        , -1.076711651730049e+00, -4.400713098722148e-01,  1.192857506488212e+00
s743        ,  1.126163901269626e+00, -1.234068126163744e+00,  3.345065662743872e+00
s744        ,  4.575225784544250e-01,  3.466498408219292e-01, -9.396292270619796e-01
s745        ,  6.120442964942220e-02,  8.382707015283802e-01, -2.272216971103214e+00
s746        , -7.321682226189938e-01, -1.654242316459799e-01,  4.483990027235601e-01
s747        ,  3.433900501625798e-01,  2.983931397226299e-01, -8.088245896013552e-01
s748        ,  1.070072189769298e+00,  4.086207568013422e-01, -1.107607622044052e+00
s749        , -3.065637698166305e-01,  3.286659853692573e-01, -8.908821797287922e-01
s750        ,  5.825873454256546e-01, -4.539753160814810e-01,  1.230545712478732e+00
s751        ,  1.285276821036511e+00, -2.053636397560100e-01,  5.566587817638700e-01
s752        , -1.346601886455474e+00, -8.940750957254008e-01,  2.423480389143968e+00
s753        ,  1.060914810725354e+00,  5.188481330029496e-01, -1.406390001565152e+00
s754        , -2.988071870667106e-01, -4.135941545514968e-01,  1.121088516403528e+00
s755        ,  3.446486458262937e-01,  8.726944015576465e-01, -2.365525869138244e+00
s756        ,  7.815527627219405e-01, -6.961707245889072e-01,  1.887040704526617e+00
s757        , -1.199593062238569e-01, -5.030949697906579e-01,  1.363689469703230e+00
s758        , -4.537603905509296e-01, -2.396624179567592e-01,  6.496290666297889e-01
s759        ,  8.887536211540953e-01,  4.587752473392544e-01, -1.243556408479625e+00
s760        , -2.895515595576988e-01,  1.704454363248732e-01, -4.620094825673173e-01
s761        ,  1.508586595387194e+00,  8.098597525449596e-01, -2.195206238976260e+00
s762        , -1.358921391484776e+00, -1.574986513617836e+00,  4.269159209520542e+00
s763        ,  6.364126482871526e-01, -2.617731249364761e-01,  7.095623597185275e-01
s764        , -9.313282224456001e-01, -6.337244089625153e-01,  1.717773691030319e+00
s765        ,  1.388135281387673e-01,  1.123463916974729e-01, -3.045261839543899e-01
s766        , -5.439787958329916e-01, -4.884662506960335e-01,  1.324036856613326e+00
s767        , -9.653950427427375e-02, -8.787637460640228e-02,  2.381977437307950e-01
s768        ,  5.676322320535289e-02,  5.339088216141527e-01, -1.447213511436704e+00
s769        ,  2.392616163662374e+00,  9.379726918513173e-01, -2.542469234544484e+00
s770        ,  2.218993464697082e+00,  1.931585117224371e-01, -5.235755557823243e-01
s771        , -1.301691995085942e+00, -6.135303387620187e-01,  1.663035634527143e+00
s772        ,  5.381680992613423e-01,  6.665327450028148e-02, -1.806703982651517e-01
s773        ,  3.401653127948082e-01,  9.189246436394115e-01, -2.490837585800741e+00
s774        ,  1.961582265617426e+00,  9.389858513882493e-01, -2.545215505277858e+00
s775        ,  1.370640331855435e-01, -1.922668134645062e-01,  5.211585180508618e-01
s776        , -1.362945069319552e+00, -4.120508589051974e-01,  1.116905258474368e+00
s777        , -3.352331847361073e-01,  1.674058883744357e-01, -4.537704824151306e-01
s778        ,  1.725306869739156e-02,  6.624143576338856e-03, -1.795540679847063e-02
s779        ,  1.449489553403749e+00,  3.776053818355001e-01, -1.023537331582958e+00
s780        ,  4.890100260675969e-01, -3.876269372300655e-01,  1.050701764507627e+00
s781        , -1.480324044989625e+00, -6.347371320541270e-01,  1.720518778734796e+00
s782        ,  4.189986042737073e-03, -2.677518302130555e-02,  7.257682411478794e-02
s783        , -6.272127818216120e-01,  5.223335281469819e-01, -1.415837515337053e+00
s784        , -7.567615030290812e-01, -3.595871819900264e-01,  9.746971903219450e-01
s785        , -5.703210531845893e-01,  1.071235966357064e-01, -2.903692731208099e-01
s786        , -8.599325133308396e-02, -2.150304739925301e-01,  5.828617073450866e-01
s787        ,  2.785466688170735e-01, -1.178538687323265e+00,  3.194547538826234e+00
s788        , -2.115784691919650e-01, -1.124117446073618e-01,  3.047033295837075e-01
s789        ,  5.205927430670391e-01,  1.397645703305442e+00, -3.788459122870340e+00
s790        ,  2.374718073624741e-01,  1.219647680587383e+00, -3.305977595953829e+00
s791        , -1.870737338196531e-01, -3.130320742663708e-01,  8.485048926926005e-01
s792        ,  3.003547556082288e-01,  5.947975482153293e-01, -1.612258523364003e+00
s793        , -5.143092658197446e-01, -2.765291627590184e-01,  7.495600830142239e-01
s794        , -1.010636071412045e+00,  2.592323211725828e-02, -7.026752558008600e-02
s795        ,  7.888417803219110e-01,  2.017379979206416e-01, -5.468311152422491e-01
s796        , -5.465110200553928e-01, -8.281147669615535e-02,  2.244688289928884e-01
s797        , -1.192872691111335e+00, -3.266799139944443e-01,  8.854987336946598e-01
s798        , -5.479719952294668e-01, -8.633138855501145e-01,  2.340099037887721e+00
s799        , -1.767142590180783e+00,  6.535536449306387e-01, -1.771522827685855e+00
s800        ,  8.963412972756590e-01,  1.160665424714114e+00, -3.146100264508460e+00
s801        , -1.947046181282547e-01,  5.658316776383068e-01, -1.533743620495647e+00
s802        ,  1.600748538223649e+00,  9.746691400191764e-01, -2.641938644788921e+00
s803        ,  6.740572620180488e-01,  6.604100730284018e-01, -1.790107865021027e+00
s804        , -1.928070676221089e+00, -1.431561841727484e+00,  3.880392224166070e+00
s805        , -3.708716392635017e-01, -1.607880327817938e-02,  4.358321198283266e-02
s806        ,  7.676901054132433e-01,  3.580971717258812e-01, -9.706583677755578e-01
s807        , -3.131290990966100e-01,  4.618495035710453e-01, -1.251889488916123e+00
s808        ,  9.833675917069939e-01,  3.621919707051238e-01, -9.817577318794529e-01
s809        ,  5.790963636372375e-01, -1.087668632028966e-01,  2.948235122767396e-01
s810        ,  1.050626461500014e+00,  1.492161827461104e-01, -4.044654574957391e-01
s811        ,  5.249115464039674e-01,  5.618599167479513e-01, -1.522977763495306e+00
s812        ,  1.605931526374292e+00,  9.088493808959575e-01, -2.463527573710064e+00
s813        ,  9.497331683917801e-01,  3.280061562726946e-01, -8.890936466588616e-01
s814        , -7.865406237894391e-01, -3.755415402350831e-01,  1.017943081537494e+00
s815        , -2.660810322736745e-01,  4.058636917582650e-01, -1.100134320197891e+00
s816        , -9.674450919852262e-01, -8.846296977846383e-01,  2.397877688893687e+00
s817        ,  7.270946209036595e-01,  2.888278289326778e-01, -7.828968535237629e-01
s818        ,  6.532804155454610e-01,  3.550025317047563e-01, -9.622700350297815e-01
s819        ,  8.081292268835972e-01,  1.379832828944274e+00, -3.740175536966909e+00
s820        ,  1.390381735794342e+00, -4.151880045276602e-01,  1.125408806923796e+00
s821        ,  1.516978402347242e+00,  5.627699664943092e-01, -1.525444544780221e+00
s822        ,  3.033561593600319e-01,  1.504205097887410e-01, -4.077299069629989e-01
s823        , -8.238895392622755e-01, -5.588736712802124e-01,  1.514883245078636e+00
s824        ,  2.038981274745353e+00,  1.182212258630223e+00, -3.204505122996845e+00
s825        ,  1.320628175421427e-01,  3.427183471835582e-01, -9.289725184944446e-01
s826        ,  9.525953446348725e-01,  1.036365569635973e+00, -2.809173016903039e+00
s827        , -2.151354450670567e+00,  2.429188854013776e-01, -6.584560488683615e-01
s828        ,  8.438987064828646e-01, -1.702188917634771e-01,  4.613954107690585e-01
s829        , -1.571185202221650e+00, -5.637104972553227e-01,  1.527993947918280e+00
s830        ,  3.133543223982471e-01, -3.101429661044257e-01,  8.406736747042403e-01
s831        , -8.984804340484778e-01,  4.602670052118967e-01, -1.247599968094455e+00
s832        , -1.855362237616736e+00, -7.580901692453075e-01,  2.054879581315508e+00
s833        ,  4.948389352249701e-01,  4.237665523098599e-01, -1.148661822712841e+00
s834        ,  1.120605859544544e+00, -4.793308240456214e-01,  1.299274364693367e+00
s835        , -8.435182612795279e-01, -9.931608927374883e-01,  2.692062398697276e+00
s836        ,  1.128844146448547e+00, -7.260688420894056e-01,  1.968082556358976e+00
s837        , -1.924657877822013e+00, -4.623882321873023e-01,  1.253349766965262e+00
s838        , -1.075095206150813e+00, -1.498531410322092e+00,  4.061919969357075e+00
s839        ,  3.864893622265216e-02,  5.819741127998931e-01, -1.577499313092578e+00
s840        , -1.233908351649846e+00, -2.975385589584479e-01,  8.065081625664937e-01
s841        ,  6.618283364070194e-01,  8.062172527538851e-02, -2.185332877271706e-01
s842        , -1.380664268040651e+00, -8.479054955938358e-01,  2.298333048581166e+00
s843        ,  5.539120810708922e-02,  9.846313367858847e-02, -2.668942180188061e-01
s844        , -2.111176459361614e+00, -1.536584567635082e+00,  4.165066876069891e+00
s845        ,  1.677967143093475e-01,  1.948244654112622e-01, -5.280912906611870e-01
s846        , -1.112697847471129e-01,  1.558081655058585e-01, -4.223336891691236e-01
s847        ,  9.946887487236225e-02, -2.152237463727439e-01,  5.833855915528570e-01
s848        , -1.578942777693122e+00, -6.660045590223769e-01,  1.805272281476156e+00
s849        ,  4.886541057537146e-01,  4.301293386567881e-01, -1.165908794478208e+00
s850        , -1.729847647025637e+00, -1.635498672618378e+00,  4.433183497126487e+00
s851        , -3.749493322034730e-03, -9.116713427120926e-01,  2.471176784780827e+00
s852        , -1.822550475295671e-01, -3.008793808686907e-01,  8.155637960605985e-01
s853        , -7.026997334075608e-02,  8.294869293735704e-01, -2.248407674029997e+00
s854        ,  4.598855993128227e-01,  6.541190975404124e-01, -1.773055543804812e+00
s855        ,  1.247409464273019e-01,  1.084866236082476e-01, -2.940638946952403e-01
s856        , -7.920260931956873e-01, -6.081233223311484e-01,  1.648379373160907e+00
s857        ,  1.951476409171481e+00,  5.458120507414582e-01, -1.479478410096147e+00
s858        ,  5.125085136741685e-01,  2.387263177271564e-01, -6.470916728923255e-01
s859        , -6.666214518700430e-01, -3.494543148912337e-01,  9.472310358376819e-01
s860        ,  6.811400510310224e-02,  2.190397121184612e-01, -5.937291501583986e-01
s861        ,  1.248756919249408e-01,  4.506559301743129e-01, -1.221548183424983e+00
s862        , -4.702662470572295e-01,  1.732756868256122e-01, -4.696811609505976e-01
s863        ,  4.846741731606912e-01,  1.117373093583817e-02, -3.028752050699324e-02
s864        ,  5.444121402657593e-01, -1.627281872007790e-01,  4.410911033396681e-01
s865        ,  6.365198845674543e-01,  4.946323285383554e-01, -1.340750630210474e+00
s866        ,  4.352365441984731e-01,  1.025053557408969e+00, -2.778510671060983e+00
s867        , -5.650365137506241e-02, -2.400619864781977e-01,  6.507121372582575e-01
s868        , -2.338433808137944e+00, -1.667774707599743e+00,  4.520670933238550e+00
s869        , -2.347184475558825e-01, -1.233236223035029e-01,  3.342810705718732e-01
s870        , -8.212819619769498e-01, -5.172336706054468e-01,  1.402013839005581e+00
s871        , -1.570593293706644e-01, -2.706436408026813e-01,  7.336067843380243e-01
s872        ,  5.284306454202828e-01,  8.330905335064777e-02, -2.258175605144612e-01
s873        ,  9.554554102193652e-01,  6.618504010162172e-01, -1.794012018765041e+00
s874        ,  1.539965674145509e+00,  9.794187305467486e-01, -2.654812887182057e+00
s875        ,  6.472677808586434e-01,  9.110148117660113e-01, -2.469397191679195e+00
s876        ,  7.990955642461934e-01,  1.276686517565723e+00, -3.460587095197774e+00
s877        ,  2.414774484401117e-01,  1.034746941681058e+00, -2.804785563181521e+00
s878        , -5.588324756467096e-01, -1.154061716642172e+00,  3.128200250198144e+00
s879        , -1.108097718569436e+00, -1.062071610095390e+00,  2.878851822669789e+00
s880        , -7.450297483445957e-01, -2.623058912407235e-01,  7.110064763218342e-01
s881        , -1.759050067534673e+00,  5.182949678142748e-01, -1.404890591735799e+00
s882        , -6.605379692241985e-01, -3.911377210786785e-01,  1.060218096914508e+00
s883        ,  3.815578964726026e-01, -4.113309809408944e-01,  1.114953956914347e+00
s884        , -4.051889851605022e-01, -9.455545481721922e-02,  2.563020617973904e-01
s885        ,  2.841270750996222e-02, -6.820053728564115e-01,  1.848644095233774e+00
s886        , -1.487878849688012e+00, -7.437359488715721e-01,  2.015971024591899e+00
s887        ,  4.820147860437528e-01, -2.643357847670212e-01,  7.165087067010861e-01
s888        ,  7.081092310596756e-01,  1.630279416083463e-01, -4.419036177825509e-01
s889        , -9.770534507358716e-01, -8.894892872252862e-01,  2.411050094394084e+00
s890        , -4.782598098188896e-02,  9.488214586268898e-01, -2.571875907040674e+00
s891        , -3.221184210883460e-01, -1.255320545343022e+00,  3.402672480503468e+00
s892        , -9.718981396026354e-01, -6.978973591613070e-02,  1.891720921038000e-01
s893        ,  2.164744347352420e+00,  2.755357108018563e-01, -7.468672316561560e-01
s894        ,  2.108977331308746e-01,  1.093726896296170e-01, -2.964656656835412e-01
s895        , -7.726754766108116e-01, -3.330932844242027e-01,  9.028828186995380e-01
s896        ,  2.280269149131176e+00,  4.988193722417303e-01, -1.352100032908448e+00
s897        ,  1.732742671810001e+00, -3.485209286830772e-01,  9.447009987280702e-01
s898        , -1.952924930899203e-01, -5.037642481468325e-01,  1.365503615940859e+00
s899        , -1.243124507856434e+00, -2.483972430822272e-01,  6.733056878614747e-01
s900        , -1.127987025274472e+00, -7.155830771390579e-01,  1.939659836786720e+00
s901        ,  2.222405771151903e+00,  9.484011011187468e-01, -2.570736485774737e+00
s902        , -1.852329248500361e+00, -1.075207381246408e+00,  2.914457650337932e+00
s903        ,  1.566870488248132e+00,  6.096655877839595e-01, -1.652559838647097e+00
s904        , -1.387739856871698e+00,  5.843488526313236e-01, -1.583936284034176e+00
s905        ,  1.121219821885003e+00,  4.380493050283494e-01, -1.187376659175396e+00
s906        , -9.933730759278802e-01, -1.196108065273211e+00,  3.242171103239026e+00
s907        , -5.762178128524449e-02, -6.291574352227451e-01,  1.705394449790982e+00
s908        ,  2.416796340775907e-01, -2.006323296663701e-01,  5.438340903346804e-01
s909        , -4.906300545514419e-01, -1.725877756359454e-01,  4.678165085454467e-01
s910        , -1.582982857801990e+00, -1.168907539827652e+00,  3.168441345742269e+00
s911        , -7.523355700553859e-01, -4.211330815793893e-01,  1.141523535670519e+00
s912        ,  2.234392115693804e-01,  4.143149023855430e-01, -1.123042175832898e+00
s913        , -1.421242973618926e+00, -6.112161122866232e-01,  1.656762691117833e+00
s914        ,  5.670067347130128e-02,  8.320298280985389e-02, -2.255300456550172e-01
s915        , -5.612055763432976e-01, -1.023159796745927e-01,  2.773377442487058e-01
s916        ,  8.997740464690429e-01,  4.668818024833486e-02, -1.265530040794354e-01
s917        , -1.606823724089288e+00, -6.028294856901920e-01,  1.634029896988237e+00
s918        ,  3.499868789687911e+00,  1.144570317654397e+00, -3.102472859487465e+00
s919        , -8.715752962891429e-01,  1.958753016835840e-01, -5.309396879718254e-01
s920        , -1.856154837094557e+00, -1.169358444353975e+00,  3.169663567770536e+00
s921        ,  2.276110916770269e-01,  1.330404465274546e+00, -3.606194990373256e+00
s922        ,  1.278757880561135e+00,  1.110385399039417e+00, -3.009811202470089e+00
s923        , -2.625003058195762e-01, -5.552838544519513e-01,  1.505152685838697e+00
s924        , -1.727834522886679e+00, -4.845198332547295e-01,  1.313339695578306e+00
s925        ,  1.850614154947128e+00,  1.061582942614151e+00, -2.877527240357567e+00
s926        , -9.602025879025963e-01, -8.904313689470410e-01,  2.413603701567083e+00
s927        , -1.294474937930480e+00, -1.292807850087514e+00,  3.504285586969016e+00
s928        , -8.964192424384732e-01, -4.130666695470124e-01,  1.119658715293927e+00
s929        ,  3.373466507702030e-01,  7.107805976758875e-01, -1.926642233619039e+00
s930        , -4.361686703935594e-01,  1.096617053879966e-01, -2.972490719387151e-01
s931        ,  1.180800691213646e+00,  6.425506485689518e-01, -1.741698100398561e+00
s932        ,  4.707166528445574e-01,  2.890475385714624e-02, -7.834923985774678e-02
s933        ,  1.703804210339992e+00,  4.223568132219561e-01, -1.144840583255799e+00
s934        , -1.834005051426063e+00, -1.279095467150205e+00,  3.467116795112624e+00
s935        , -1.778081906893596e+00, -1.392215768218051e+00,  3.773740738182598e+00
s936        , -1.576278502143039e+00, -7.119652923328915e-01,  1.929853467532275e+00
s937        ,  1.612912677482048e-01,  1.092839371044157e+00, -2.962250930455817e+00
s938        ,  3.756397573989944e-01, -4.270074242781356e-01,  1.157446531845658e+00
s939        , -1.269094165370334e+00, -2.959547342124706e-01,  8.022150464400427e-01
s940        ,  1.741633513389911e-01,  7.995945005864397e-01, -2.167381242026859e+00
s941        , -7.405880410109714e-01, -8.805749331876582e-01,  2.386886842005816e+00
s942        , -9.892731562449668e-01, -2.125050770419477e-01,  5.760163651430708e-01
s943        , -2.404390935905114e-01,  6.846134937264524e-02, -1.855713668932091e-01
s944        , -1.000366609598995e+00, -4.518727303248521e-01,  1.224846442504604e+00
s945        , -6.403848269203397e-01, -4.404571966159647e-01,  1.193903491283426e+00
s946        ,  1.042678968069443e+00,  6.025471392291496e-01, -1.633264568533668e+00
s947        ,  5.081125559242120e-03, -3.181918377929859e-01,  8.624909502163554e-01
s948        , -9.507722609706112e-01, -2.510276501031632e-01,  6.804356704112438e-01
s949        , -1.109777834090980e-01, -3.250950427266135e-01,  8.812027808655638e-01
s950        ,  6.358188156380660e-01,  8.489880483504786e-01, -2.301267416609625e+00
s951        , -2.185819524191360e+00, -9.551234700070873e-01,  2.588958142151673e+00
s952        ,  1.305064709156519e+00,  1.128066660979512e+00, -3.057738039680974e+00
s953        ,  1.664044937420125e+00,  1.212298687956202e+00, -3.286057412954904e+00
s954        ,  1.051351309197190e+00,  6.368157954284563e-01, -1.726153204687832e+00
s955        , -1.399028311662238e+00,  1.678004604554093e-02, -4.548400096896452e-02
s956        ,  1.385421265834244e+00,  6.407515333121389e-01, -1.736821417708772e+00
s957        , -9.408889636329510e-01, -5.841422099285352e-01,  1.583376158223535e+00
s958        ,  9.732055185777991e-01,  3.793158187557104e-01, -1.028173642730440e+00
s959        , -5.141793956906318e-01, -4.753701237464021e-01,  1.288538488536738e+00
s960        , -1.427508420922605e+00, -2.014903631557776e-01,  5.461598763282167e-01
s961        , -2.005936182526318e-01, -7.358176659456938e-01,  1.994507723043397e+00
s962        , -1.040812919577019e+00, -5.210426255133854e-01,  1.412338394030831e+00
s963        ,  3.350397487530737e-01, -8.313789813294754e-01,  2.253536270981529e+00
s964        , -1.211148190797335e+00, -4.826189931807727e-01,  1.308187277549711e+00
s965        , -3.546684926971408e-01, -1.180441513923506e+00,  3.199705341533940e+00
s966        , -1.297482551855562e+00, -6.775978340347717e-01,  1.836697018361033e+00
s967        , -7.045435460678467e-02,  7.114343999431880e-01, -1.928414430362642e+00
s968        ,  9.299065987644251e-02,  4.496770944617640e-01, -1.218894950866669e+00
s969        ,  6.950554955433741e-01,  4.279188573712732e-01, -1.159917062831026e+00
s970        ,  2.496136210729474e-01, -3.090676346175357e-01,  8.377588806530845e-01
s971        , -1.044044119112301e+00, -5.394132064863476e-02,  1.462133699747332e-01
s972        , -1.696855601622959e-01,  3.116096689860516e-01, -8.446493202482397e-01
s973        ,  4.802864320387065e-01, -6.498896885646719e-01,  1.761591305778967e+00
s974        , -1.989928973862810e-01, -2.181784840275757e-01,  5.913947048765429e-01
s975        ,  5.144117291211028e-01, -3.938416208148534e-01,  1.067547288853933e+00
s976        ,  3.695887594461370e-01,  8.357559943841825e-01, -2.265400604695581e+00
s977        , -5.208667084829633e-01, -2.838609095120648e-01,  7.694335193274922e-01
s978        , -1.415530554889297e+00,  1.141396887142562e-02, -3.093870957199257e-02
s979        , -9.075955878756907e-02,  1.179570091988409e+00, -3.197343264813009e+00
s980        , -1.408049785649008e+00, -1.088482688648413e+00,  2.950441705035836e+00
s981        ,  7.617332134276670e-01,  4.368695193579961e-01, -1.184178731563763e+00
s982        ,  5.658342892742037e-01,  1.771826094527023e-01, -4.802712673230088e-01
s983        , -6.523400746561840e-01, -9.411344608422284e-01,  2.551039527108399e+00
s984        ,  1.408650344937474e+00, -7.271012252958178e-02,  1.970880934780189e-01
s985        , -1.892295500046385e+00, -1.847642113483631e+00,  5.008219611073192e+00
s986        ,  7.279494111089814e-01,  4.243682984907006e-01, -1.150292916203178e+00
s987        ,  6.069333137359153e-01, -2.552513830029038e-01,  6.918845228627243e-01
s988        ,  7.956867077796174e-01,  3.109770049744775e-01, -8.429344208708858e-01
s989        , -1.492402946081943e-01,  8.188902947674381e-02, -2.219684431114870e-01
s990        ,  4.998144921024051e-01,  9.657021158653281e-01, -2.617632624758020e+00
s991        , -1.388778051347251e+00, -1.643113749319406e+00,  4.453824927734500e+00
s992        ,  4.282998930275517e-01, -1.115013381670406e+00,  3.022355814439624e+00
s993        ,  5.363050420459536e-01,  6.300833632731238e-01, -1.707904270814495e+00
s994        , -6.815023874245365e-01,  2.150140162217197e-01, -5.828170969035267e-01
s995        , -2.391036276757255e+00, -1.263055607953829e+00,  3.423639144976862e+00
s996        ,  4.431453520331272e-01,  1.786570193547049e-01, -4.842678035201879e-01
s997        , -6.841651286789517e-01, -1.337776761540670e+00,  3.626178340216386e+00
s998        , -1.890503332016519e-01, -2.909248527189521e-01,  7.885810472183441e-01
s999        , -1.955891416531250e-01, -5.697310332321702e-01,  1.544313215664115e+00
s1000       ,  1.922227018092693e+00,  1.181659703929625e+00, -3.203007367956770e+00
s1001       ,  7.564584951078414e-01,  3.251062690191929e-01, -8.812332108596873e-01
s1002       , -1.216448226111712e+00, -4.757541774738731e-01,  1.289579504757135e+00
s1003       ,  9.406214986730431e-01,  1.125291526123612e+00, -3.050215757791388e+00
s1004       , -6.084517344429569e-01, -5.976147353776441e-01,  1.619894792255800e+00
s1005       ,  1.047447652274055e-01,  5.097147601928953e-01, -1.381633076785865e+00
s1006       ,  1.789223857816157e+00, -3.962784249423768e-01,  1.074152491306694e+00
s1007       , -3.471776742826870e-02, -5.268697433211121e-01,  1.428133382393413e+00
s1008       , -4.304906904704673e-01,  8.338842260143488e-01, -2.260326988442316e+00
s1009       ,  5.526661980887815e-01,  2.541463261379580e-01, -6.888891551873589e-01
s1010       ,  1.084664986478008e-01,  4.694225690730912e-01, -1.272417043947750e+00
s1011       , -1.857041478323650e-01,  3.009603481660471e-01, -8.157832660561763e-01
s1012       , -9.197930097533304e-01, -1.483994282718319e+00,  4.022515624206801e+00
s1013       , -4.019119417889337e-01, -5.516718553826927e-01,  1.495361999405527e+00
s1014       , -1.358932079618377e+00, -1.562021978510149e+00,  4.234017534354704e+00
s1015       , -1.527440174864809e+00, -3.930541742417783e-01,  1.065412835790124e+00
s1016       ,  1.494747075983483e+00,  6.377304777074584e-01, -1.728632542917985e+00
s1017       ,  5.541257590705128e-01, -2.607607671654659e-01,  7.068182622522513e-01
s1018       , -1.957085120530336e+00, -1.107041090325315e+00,  3.000746117643746e+00
s1019       ,  7.131485583147716e-01,  9.719465817901896e-01, -2.634558877129809e+00
s1020       , -1.923756067205053e+00, -1.878087492282387e-01,  5.090744869646671e-01
s1021       ,  3.885529621363158e-01,  1.285073669367484e+00, -3.483321312949191e+00
s1022       , -1.875446506562856e+00, -1.144799690477223e+00,  3.103094597572531e+00
s1023       ,  1.372593741804168e+00, -1.632918527047946e-01,  4.426189753288889e-01
s1024       , -8.235465806555776e-01, -5.768942513453780e-01,  1.563729838164303e+00
s1025       , -3.055697164838789e-01,  3.593732872924279e-01, -9.741174072506458e-01
s1026       , -1.058405261469002e+00, -3.347086181259573e-01,  9.072613430168378e-01
s1027       ,  1.001215100946893e+00,  1.059494160365309e+00, -2.871865386178358e+00
s1028       , -1.207050253018809e-01, -4.676368094483956e-01,  1.267576563040871e+00
s1029       , -3.485019297637044e-02,  5.103597474706772e-01, -1.383381379614593e+00
s1030       ,  7.570890498814408e-01,  3.420183449549651e-01, -9.270750921133014e-01
s1031       , -3.425236517205575e-01, -2.294096497657663e-01,  6.218379081867157e-01
s1032       , -9.690806500330096e-01, -2.731489099924178e-01,  7.403975682217057e-01
s1033       ,  3.580879227715397e-01,  3.680977646458510e-01, -9.977659798063961e-01
s1034       , -1.559175075401338e+00, -5.297670867058094e-01,  1.435986922780569e+00
s1035       , -5.297528349600488e-01, -6.869828437133360e-01,  1.862136030158440e+00
s1036       , -2.199501197760688e+00, -6.596584921433249e-01,  1.788070629508543e+00
s1037       , -2.563451324430153e-01, -1.119486686378350e-01,  3.034481156355754e-01
s1038       ,  1.208934872396009e+00,  1.158881165482083e+00, -3.141263850566667e+00
s1039       ,  1.284684643971159e+00,  9.464223812291204e-01, -2.565372966679925e+00
s1040       ,  3.246719543370283e-02, -9.831298456543074e-02,  2.664872237596833e-01
s1041       ,  2.496032441662194e+00,  8.823812672690836e-01, -2.391783092045110e+00
