# c0 + a0 * ((VPA / RBI) + (WE * AAV))
# Property Label: $E_{T}$; Unit of the Property: Unitless
# RMSE: 0.779927412997855; Max AE: 2.8773803056428
# Coefficients
# Task   a0                      c0
# all , -5.995783577067750e-02,  1.148287217532459e+01, 
# Feature Rung, Units, and Expressions
# 0;  2; Unitless;                                         3|4|div|5|1|mult|add; ((VPA / RBI) + (WE * AAV)); $\left(\left(\frac{ VPA }{ RBI } \right) + \left(WE AAV\right)\right)$; ((VPA ./ RBI) + (WE .* AAV)); ((newdata$VPA / newdata$RBI) + (newdata$WE * newdata$AAV)); VPA,RBI,WE,AAV
# Number of Samples Per Task
# Task, n_samples               
# all , 500                   

# Sample ID , Property Value        ,  Property Value (EST) ,  Feature 0 Value      
s1          ,  9.627351630837904e+00,  7.657564349712981e+00,  6.379996503280024e+01
s2          ,  7.942391979192743e+00,  7.938707403520310e+00,  5.911095232589361e+01
s3          ,  7.190586636137100e+00,  7.833235371864371e+00,  6.087005570746562e+01
s4          ,  7.801448301236565e+00,  8.692669240726076e+00,  4.653608487921881e+01
s5          ,  8.469161610331188e+00,  8.774265102284527e+00,  4.517519750712395e+01
s6          ,  7.909389765119206e+00,  6.860454293051837e+00,  7.709447519006935e+01
s7          ,  8.069240521374599e+00,  8.619735852062789e+00,  4.775249617435357e+01
s8          ,  6.514380492886220e+00,  7.040752911136841e+00,  7.408738502799949e+01
s9          ,  7.069246192646957e+00,  8.155599712552444e+00,  5.549353841753158e+01
s10         ,  7.182828748758404e+00,  8.437694861596933e+00,  5.078864629761874e+01
s11         ,  8.281712320055306e+00,  8.113531097491888e+00,  5.619517506801804e+01
s12         ,  8.667136914414131e+00,  8.006887273504942e+00,  5.797382205579175e+01
s13         ,  7.633522070371748e+00,  7.644697082903194e+00,  6.401457029071850e+01
s14         ,  7.349146862996486e+00,  7.853751968039687e+00,  6.052787197265261e+01
s15         ,  8.730252119237013e+00,  7.973422614962066e+00,  5.853195858811873e+01
s16         ,  7.663568812540761e+00,  8.580280793735788e+00,  4.841054291369728e+01
s17         ,  7.397981103859396e+00,  8.285632051657966e+00,  5.332480871883363e+01
s18         ,  7.634343129458566e+00,  7.854109568959876e+00,  6.052190776604653e+01
s19         ,  7.908238494205531e+00,  7.569052952659511e+00,  6.527619238350051e+01
s20         ,  7.576517696383075e+00,  7.758965323687999e+00,  6.210876032749952e+01
s21         ,  8.532705101163961e+00,  8.017602648354890e+00,  5.779510688516867e+01
s22         ,  8.329116670513413e+00,  8.796147766362992e+00,  4.481022996289570e+01
s23         ,  7.493041833870397e+00,  7.309408545422418e+00,  6.960664233886855e+01
s24         ,  1.059219924457796e+01,  8.407825730689193e+00,  5.128681522789803e+01
s25         ,  8.578651914394655e+00,  7.576945351142248e+00,  6.514455990575527e+01
s26         ,  8.144438025614420e+00,  8.042212236060374e+00,  5.738465865285406e+01
s27         ,  8.510120168948882e+00,  8.355564129680825e+00,  5.215845444463451e+01
s28         ,  7.189133078527061e+00,  7.704212394041507e+00,  6.302195088787777e+01
s29         ,  8.503410813013494e+00,  8.831979761428961e+00,  4.421261007542986e+01
s30         ,  8.142667393573289e+00,  8.593452274391655e+00,  4.819086385946585e+01
s31         ,  6.927212409606008e+00,  8.309209818856250e+00,  5.293156958844771e+01
s32         ,  8.836093594042303e+00,  8.406457914257880e+00,  5.130962819994300e+01
s33         ,  7.781799073840278e+00,  7.826127006785044e+00,  6.098861177253966e+01
s34         ,  8.752473919455131e+00,  8.265172372980345e+00,  5.366604316158229e+01
s35         ,  7.714609048750617e+00,  8.235209797965048e+00,  5.416577058886794e+01
s36         ,  6.256414997963060e+00,  6.365682607100034e+00,  8.534646893854570e+01
s37         ,  8.317250646523553e+00,  8.507139344898679e+00,  4.963042431696968e+01
s38         ,  7.621094284411799e+00,  7.485482693964007e+00,  6.667000951551205e+01
s39         ,  7.863121891718822e+00,  8.281325925334929e+00,  5.339662796093413e+01
s40         ,  8.588951308381437e+00,  8.433060736478787e+00,  5.086593603062161e+01
s41         ,  8.466791260314862e+00,  7.655353541463902e+00,  6.383683774877910e+01
s42         ,  6.965545209929878e+00,  7.257332386155246e+00,  7.047518868644434e+01
s43         ,  5.742710398507013e+00,  7.219033469801951e+00,  7.111395284230511e+01
s44         ,  7.657337843103465e+00,  8.519994334806192e+00,  4.941602381798100e+01
s45         ,  6.929642414952987e+00,  6.502966680402873e+00,  8.305679200911293e+01
s46         ,  7.407981644678499e+00,  7.102831382339834e+00,  7.305201624917254e+01
s47         ,  7.477916419891637e+00,  8.246644691404008e+00,  5.397505500862761e+01
s48         ,  8.065752072747419e+00,  7.638899015273579e+00,  6.411127270759344e+01
s49         ,  1.014689217922620e+01,  8.949823225203726e+00,  4.224717115889717e+01
s50         ,  7.545430289743591e+00,  7.514344145060080e+00,  6.618864705929433e+01
s51         ,  7.570978629679006e+00,  7.098143817747970e+00,  7.313019726640927e+01
s52         ,  7.795687486574141e+00,  8.279925224333720e+00,  5.341998939456838e+01
s53         ,  9.562441706215767e+00,  8.819526385434079e+00,  4.442031230208314e+01
s54         ,  8.280447950103838e+00,  8.041671617760665e+00,  5.739367529417809e+01
s55         ,  7.825727923778901e+00,  8.525756602056353e+00,  4.931991849369612e+01
s56         ,  7.118939478946283e+00,  8.073441668332633e+00,  5.686380208972354e+01
s57         ,  7.871849863936480e+00,  7.702408275206512e+00,  6.305204068034284e+01
s58         ,  6.730625541378074e+00,  6.025303691980204e+00,  9.102344027589830e+01
s59         ,  7.346597587321452e+00,  8.084913900994085e+00,  5.667246375147313e+01
s60         ,  9.160102121533143e+00,  8.829942723599871e+00,  4.424658458106215e+01
s61         ,  9.473309271873642e+00,  8.793625408576908e+00,  4.485229882268131e+01
s62         ,  6.148514364065349e+00,  7.042784930874907e+00,  7.405349421603226e+01
s63         ,  9.742882945859217e+00,  8.623092596093787e+00,  4.769651109771009e+01
s64         ,  7.769754107745993e+00,  8.035266636574733e+00,  5.750050005033555e+01
s65         ,  8.911180765969100e+00,  8.627017364625541e+00,  4.763105228851015e+01
s66         ,  7.119243990330276e+00,  6.927359543036049e+00,  7.597860352585340e+01
s67         ,  9.128092259359644e+00,  8.337895827088948e+00,  5.245313323623490e+01
s68         ,  8.853260947322894e+00,  7.954132187114721e+00,  5.885369181279891e+01
s69         ,  7.753079548340686e+00,  8.294501013670454e+00,  5.317688873642452e+01
s70         ,  7.493232802610160e+00,  7.378796225074636e+00,  6.844936775148005e+01
s71         ,  8.175332159116204e+00,  8.180972838161406e+00,  5.507035560442928e+01
s72         ,  8.442204221154190e+00,  8.869038935732831e+00,  4.359452281748393e+01
s73         ,  7.424144002640064e+00,  8.056036558907042e+00,  5.715409124379111e+01
s74         ,  8.574295382843832e+00,  8.215914938032519e+00,  5.448757773358086e+01
s75         ,  8.365063336741047e+00,  8.109943961179887e+00,  5.625500271632946e+01
s76         ,  1.006391557310598e+01,  7.186535267463177e+00,  7.165597044385882e+01
s77         ,  7.611996221847688e+00,  7.542976559778868e+00,  6.571110456045731e+01
s78         ,  7.070887086618086e+00,  8.630997872675824e+00,  4.756466383403848e+01
s79         ,  6.661643882147870e+00,  7.476249923950749e+00,  6.682399722862050e+01
s80         ,  8.617523239859635e+00,  7.538027574196661e+00,  6.579364565819031e+01
s81         ,  6.646048985579415e+00,  7.204117572573148e+00,  7.136272595155896e+01
s82         ,  8.281343998915766e+00,  8.906427286713228e+00,  4.297094542347328e+01
s83         ,  6.763183164861317e+00,  7.866813787447002e+00,  6.031002189118412e+01
s84         ,  7.178957498760083e+00,  7.938339222660588e+00,  5.911709298882764e+01
s85         ,  6.812443708937937e+00,  7.131874492051113e+00,  7.256762402023418e+01
s86         ,  6.698713350829386e+00,  7.090179180275741e+00,  7.326303457399140e+01
s87         ,  6.967323671826372e+00,  7.993225020535387e+00,  5.820168640069255e+01
s88         ,  7.753117596667242e+00,  7.814076465434296e+00,  6.118959536702494e+01
s89         ,  7.649105010968406e+00,  7.669858981114070e+00,  6.359491040994640e+01
s90         ,  9.249949326069649e+00,  7.760895625601865e+00,  6.207656600478832e+01
s91         ,  6.408188336154115e+00,  6.972714468692973e+00,  7.522215651481727e+01
s92         ,  8.648605247617484e+00,  8.339833688284276e+00,  5.242081283690062e+01
s93         ,  6.379429753159395e+00,  7.465789908397952e+00,  6.699845341801338e+01
s94         ,  8.168735377448940e+00,  8.116825374090130e+00,  5.614023184740480e+01
s95         ,  5.762343966074309e+00,  6.925940373347984e+00,  7.600227298739789e+01
s96         ,  8.832251009079080e+00,  7.997906455423989e+00,  5.812360761702020e+01
s97         ,  9.864920736579611e+00,  9.013538078678861e+00,  4.118451016294617e+01
s98         ,  8.367716996608189e+00,  8.022536309108295e+00,  5.771282138086404e+01
s99         ,  9.525029255992946e+00,  8.674770740477083e+00,  4.683460299647459e+01
s100        ,  8.304615691286356e+00,  7.230168679234388e+00,  7.092823550795993e+01
s101        ,  8.213920025343791e+00,  8.210306040539027e+00,  5.458112509768095e+01
s102        ,  7.342780294453894e+00,  8.203284865231630e+00,  5.469822697797981e+01
s103        ,  7.620663655973660e+00,  7.373198330322833e+00,  6.854273160759408e+01
s104        ,  7.588412763449981e+00,  8.106021414939288e+00,  5.632042446129705e+01
s105        ,  7.761686981590299e+00,  7.550810868630629e+00,  6.558044092406917e+01
s106        ,  5.765889299917045e+00,  6.830487306172388e+00,  7.759427620013356e+01
s107        ,  9.163218304965826e+00,  8.522668949926762e+00,  4.937141555141849e+01
s108        ,  9.145415223907584e+00,  8.036710892660260e+00,  5.747641218814101e+01
s109        ,  8.907344867310053e+00,  8.071072015984829e+00,  5.690332406908362e+01
s110        ,  7.187712979897188e+00,  7.676421053095615e+00,  6.348546563267588e+01
s111        ,  7.672978409935292e+00,  8.358633017646742e+00,  5.210727034289916e+01
s112        ,  6.603286769071715e+00,  6.697617952887122e+00,  7.981032271978205e+01
s113        ,  8.208139417897124e+00,  7.701085385489142e+00,  6.307410434725754e+01
s114        ,  9.490685045738040e+00,  8.546539717485395e+00,  4.897328964757614e+01
s115        ,  7.464390616571710e+00,  7.492517431364592e+00,  6.655268144137190e+01
s116        ,  7.928727650609704e+00,  8.465192874926796e+00,  5.033002378437400e+01
s117        ,  9.124632999567014e+00,  8.741646764489508e+00,  4.571921877433206e+01
s118        ,  8.021885171121083e+00,  7.577289458042488e+00,  6.513882075763865e+01
s119        ,  8.968830926922529e+00,  8.397346495551893e+00,  5.146159196896288e+01
s120        ,  7.277771579613969e+00,  8.417287261422020e+00,  5.112901215493498e+01
s121        ,  9.490619311909677e+00,  8.568477468998260e+00,  4.860740333378772e+01
s122        ,  8.362283466244515e+00,  8.881219393324844e+00,  4.339137242962470e+01
s123        ,  7.947663967689638e+00,  8.854031872804491e+00,  4.384481642357301e+01
s124        ,  7.500155537108027e+00,  8.220004300374265e+00,  5.441937376508896e+01
s125        ,  7.676721295760406e+00,  8.336858048522576e+00,  5.247044170898132e+01
s126        ,  7.024408552307285e+00,  8.021794057019454e+00,  5.772520094859360e+01
s127        ,  6.799573135407770e+00,  8.584117749855070e+00,  4.834654867391257e+01
s128        ,  7.697800396812369e+00,  7.501821652156966e+00,  6.639750204450442e+01
s129        ,  7.533342927184101e+00,  8.142578151515817e+00,  5.571071705430612e+01
s130        ,  6.124502077904181e+00,  7.532722885216591e+00,  6.588211931491735e+01
s131        ,  6.337033222495729e+00,  8.130573685328383e+00,  5.591093218937783e+01
s132        ,  8.333642239874484e+00,  8.505806979162418e+00,  4.965264602859644e+01
s133        ,  8.579601425612095e+00,  8.318999090730472e+00,  5.276830032183070e+01
s134        ,  6.951515610154178e+00,  7.713992110031475e+00,  6.285884099799829e+01
s135        ,  6.698438838755101e+00,  7.000999831598413e+00,  7.475040228049795e+01
s136        ,  8.281968440787288e+00,  8.432776164651015e+00,  5.087068222974828e+01
s137        ,  5.665057747716694e+00,  7.332752043531851e+00,  6.921731043905288e+01
s138        ,  8.112595100690500e+00,  8.391590910320495e+00,  5.155758584795164e+01
s139        ,  8.715718019493625e+00,  8.337030109769852e+00,  5.246757200487905e+01
s140        ,  8.533707889288090e+00,  8.603122103131428e+00,  4.802958671169223e+01
s141        ,  7.727405448227938e+00,  7.063292603042718e+00,  7.371145931927170e+01
s142        ,  8.389591380956231e+00,  8.164980894086185e+00,  5.533707543962121e+01
s143        ,  6.224884257878246e+00,  6.369107558157640e+00,  8.528934627870345e+01
s144        ,  9.290205280403852e+00,  7.958138512896554e+00,  5.878687276020408e+01
s145        ,  9.792510171143572e+00,  8.103775664781049e+00,  5.635787995196603e+01
s146        ,  6.546579819570549e+00,  6.100411531577397e+00,  8.977076264616429e+01
s147        ,  8.089860798356693e+00,  7.629795691912024e+00,  6.426310145932445e+01
s148        ,  6.908129645938573e+00,  7.288057432364654e+00,  6.996274446936282e+01
s149        ,  6.851404144405834e+00,  6.628883239063692e+00,  8.095670689025681e+01
s150        ,  6.344873152787280e+00,  7.474325759057150e+00,  6.685608919573150e+01
s151        ,  7.969193585505869e+00,  7.846638655992090e+00,  6.064651054517886e+01
s152        ,  8.462080179948535e+00,  8.098120340559676e+00,  5.645220163900962e+01
s153        ,  9.215343905614519e+00,  8.412657290205505e+00,  5.120623260755809e+01
s154        ,  6.679636276886174e+00,  7.551597288031553e+00,  6.556732471680756e+01
s155        ,  9.381766813453464e+00,  8.428818572933860e+00,  5.093668847674314e+01
s156        ,  7.876232974733705e+00,  7.328490556308873e+00,  6.928838517295884e+01
s157        ,  6.539948998671028e+00,  8.118204947856851e+00,  5.611722278196758e+01
s158        ,  6.241825264823305e+00,  6.920688500950950e+00,  7.608986574870303e+01
s159        ,  9.840996596660752e+00,  7.429484677830450e+00,  6.760396611040542e+01
s160        ,  7.842769799352280e+00,  8.233142055164919e+00,  5.420025720389583e+01
s161        ,  7.267264865374984e+00,  7.878425213639177e+00,  6.011636202933413e+01
s162        ,  6.412636071072660e+00,  7.557762791244279e+00,  6.546449406701048e+01
s163        ,  6.832702694222424e+00,  7.330976688333599e+00,  6.924692050044740e+01
s164        ,  8.320800917846281e+00,  7.941261906723048e+00,  5.906834733240270e+01
s165        ,  8.505863207497077e+00,  8.779954882233021e+00,  4.508030115412257e+01
s166        ,  7.956207279171495e+00,  7.630291621021148e+00,  6.425483016162417e+01
s167        ,  5.971986436857214e+00,  6.256973220646705e+00,  8.715956617689687e+01
s168        ,  8.276929850966233e+00,  8.525667290691111e+00,  4.932140806322602e+01
s169        ,  9.188941833158308e+00,  8.365987160317051e+00,  5.198461510400035e+01
s170        ,  7.447677623786754e+00,  7.283603077533184e+00,  7.003703592391943e+01
s171        ,  6.821215751339451e+00,  6.894030249140206e+00,  7.653448239418545e+01
s172        ,  7.646914710507245e+00,  8.431525076254580e+00,  5.089154836643174e+01
s173        ,  6.915614748782852e+00,  8.497557933637150e+00,  4.979022680380683e+01
s174        ,  7.908297007036147e+00,  8.341794339324258e+00,  5.238811233971320e+01
s175        ,  6.640260690888195e+00,  6.820261490451565e+00,  7.776482631404917e+01
s176        ,  9.633522562816404e+00,  7.311800298895158e+00,  6.956675174838946e+01
s177        ,  9.839773629507981e+00,  8.561630306726279e+00,  4.872160295730595e+01
s178        ,  7.876158930078242e+00,  7.514168236053646e+00,  6.619158093781368e+01
s179        ,  8.997948156684945e+00,  6.845536052828579e+00,  7.734328737669189e+01
s180        ,  7.242833359969930e+00,  7.969591707205291e+00,  5.859585195097171e+01
s181        ,  7.466392614394272e+00,  7.725119243604137e+00,  6.267325835596929e+01
s182        ,  7.324806503268224e+00,  6.247853571459813e+00,  8.731166721706404e+01
s183        ,  8.069755768338780e+00,  7.655065883240616e+00,  6.384163542400518e+01
s184        ,  6.325507573825497e+00,  6.476422525644392e+00,  8.349950569978057e+01
s185        ,  7.909151322271386e+00,  7.237296658724172e+00,  7.080935230615380e+01
s186        ,  7.808092794731099e+00,  8.315675258509007e+00,  5.282373648257169e+01
s187        ,  9.362946659947280e+00,  8.818347098406068e+00,  4.443998090774330e+01
s188        ,  7.912560659253920e+00,  8.430066561978933e+00,  5.091587403224174e+01
s189        ,  6.534507077105577e+00,  6.675030050053653e+00,  8.018705250902697e+01
s190        ,  8.187426344359103e+00,  8.156668900712411e+00,  5.547570608342171e+01
s191        ,  8.138895604468880e+00,  8.485676835606938e+00,  4.998838435698563e+01
s192        ,  5.799175375307358e+00,  8.228237244852565e+00,  5.428206152937403e+01
s193        ,  6.378592476872269e+00,  6.716006609348141e+00,  7.950362958743901e+01
s194        ,  7.793716226450307e+00,  8.422559728064762e+00,  5.104107591482607e+01
s195        ,  8.640001599044416e+00,  8.480727984187027e+00,  5.007092321710791e+01
s196        ,  6.720003856388139e+00,  7.055978415651736e+00,  7.383344816855166e+01
s197        ,  8.948887189458219e+00,  7.622429597593352e+00,  6.438595603244222e+01
s198        ,  8.317497627683570e+00,  8.699699880127904e+00,  4.641882515308862e+01
s199        ,  8.441466376370130e+00,  8.544560961882095e+00,  4.900629209968045e+01
s200        ,  8.746260673324942e+00,  7.832934608619389e+00,  6.087507195331767e+01
s201        ,  8.643864467706148e+00,  8.419537636020360e+00,  5.109147953606350e+01
s202        ,  9.520851579129097e+00,  8.819752100558208e+00,  4.441654773784851e+01
s203        ,  6.648117657566600e+00,  6.914735249784050e+00,  7.618915637669818e+01
s204        ,  6.935998042748493e+00,  7.596133115121465e+00,  6.482453894881806e+01
s205        ,  6.614226812951216e+00,  6.546632096491804e+00,  8.232852329281137e+01
s206        ,  6.730248098944498e+00,  7.154059746234764e+00,  7.219760976107206e+01
s207        ,  8.040232641411238e+00,  8.792906286802436e+00,  4.486429261407201e+01
s208        ,  7.373127857461314e+00,  7.794580804882138e+00,  6.151475154221983e+01
s209        ,  7.122440182172941e+00,  7.252811648793002e+00,  7.055058729455180e+01
s210        ,  6.550934933008384e+00,  7.460902294071868e+00,  6.707997094217450e+01
s211        ,  9.277255796315211e+00,  7.449794639838681e+00,  6.726522870023751e+01
s212        ,  6.587840226849048e+00,  7.181211785183541e+00,  7.174475754251257e+01
s213        ,  8.654629935848208e+00,  8.396037370381805e+00,  5.148342606542853e+01
s214        ,  9.152718270182582e+00,  7.316187832102062e+00,  6.949357477075996e+01
s215        ,  7.243549580998940e+00,  7.862838753020052e+00,  6.037631905444655e+01
s216        ,  8.224394868653100e+00,  8.147362036687843e+00,  5.563092956513918e+01
s217        ,  8.433185292995233e+00,  8.719607425708126e+00,  4.608679939991828e+01
s218        ,  6.552665752336344e+00,  7.209072941313282e+00,  7.128007839304655e+01
s219        ,  9.407502378462443e+00,  8.786028992132390e+00,  4.497899479739212e+01
s220        ,  7.925773992369300e+00,  7.540578026646455e+00,  6.575110822472544e+01
s221        ,  8.534475112530037e+00,  8.735766892347648e+00,  4.581728555853604e+01
s222        ,  8.234594865305676e+00,  7.404931405058034e+00,  6.801347510046179e+01
s223        ,  7.880941375775051e+00,  8.198647995148388e+00,  5.477556249257339e+01
s224        ,  6.472435325808795e+00,  6.617715432037102e+00,  8.114296789989872e+01
s225        ,  8.806473631375404e+00,  7.493332567224457e+00,  6.653908628988941e+01
s226        ,  5.250427025852626e+00,  6.170640318529846e+00,  8.859945974555501e+01
s227        ,  7.560609968829537e+00,  7.666538056669929e+00,  6.365029807365131e+01
s228        ,  8.820696960954724e+00,  8.321847163830814e+00,  5.272079905592050e+01
s229        ,  6.713816846144905e+00,  7.686029130805816e+00,  6.332521839248278e+01
s230        ,  6.907125038995977e+00,  7.810278711946719e+00,  6.125293577013925e+01
s231        ,  7.532084138779509e+00,  8.235216444189710e+00,  5.416565974055969e+01
s232        ,  1.084554210451655e+01,  8.768547745724415e+00,  4.527055379353129e+01
s233        ,  1.012653514909763e+01,  8.371920844709521e+00,  5.188565081824518e+01
s234        ,  8.167152545352431e+00,  8.405346467166737e+00,  5.132816534486921e+01
s235        ,  7.905523281283838e+00,  7.829937215297541e+00,  6.092506363969728e+01
s236        ,  6.743515130003162e+00,  6.910558206967497e+00,  7.625882271409782e+01
s237        ,  6.247372820640849e+00,  8.312078478014291e+00,  5.288372498029652e+01
s238        ,  8.393525756868973e+00,  7.952241210014906e+00,  5.888523026103523e+01
s239        ,  6.797832116064431e+00,  6.620666955599035e+00,  8.109374124713523e+01
s240        ,  6.125217604829666e+00,  6.295567695740521e+00,  8.651587257792460e+01
s241        ,  8.437110598657474e+00,  8.127543991002909e+00,  5.596146260440253e+01
s242        ,  9.141191087255164e+00,  8.431880178960920e+00,  5.088562582600354e+01
s243        ,  7.110368496064047e+00,  5.886319483383493e+00,  9.334147272003599e+01
s244        ,  8.960639198071771e+00,  7.359928073616660e+00,  6.876405808703754e+01
s245        ,  9.014600443360804e+00,  8.458180499343587e+00,  5.044697889946569e+01
s246        ,  7.721394778722777e+00,  7.562269467114255e+00,  6.538932998191555e+01
s247        ,  9.279167885286526e+00,  8.349644365247006e+00,  5.225718656792965e+01
s248        ,  8.069714918463729e+00,  8.517547791889909e+00,  4.945682820801339e+01
s249        ,  9.138638847890634e+00,  8.025648524819189e+00,  5.766091464222194e+01
s250        ,  9.177781611997807e+00,  8.552524285807879e+00,  4.887347669993451e+01
s251        ,  7.870394781824755e+00,  7.882023071210192e+00,  6.005635556771374e+01
s252        ,  8.770650867012092e+00,  8.237486434276223e+00,  5.412779996698154e+01
s253        ,  7.771611929623957e+00,  8.293914692897101e+00,  5.318666762129949e+01
s254        ,  6.991295709983373e+00,  7.615235854376362e+00,  6.450593606715370e+01
s255        ,  6.448900498637139e+00,  7.584245022144838e+00,  6.502281316642151e+01
s256        ,  8.136758359683444e+00,  7.589000502219908e+00,  6.494349942845975e+01
s257        ,  8.044163037644523e+00,  8.079346830104029e+00,  5.676531351528632e+01
s258        ,  8.267362262057947e+00,  8.440244086257044e+00,  5.074612934170557e+01
s259        ,  9.530213738450776e+00,  8.896583087779041e+00,  4.313513078486356e+01
s260        ,  6.908393401424430e+00,  7.228706133257282e+00,  7.095262841604787e+01
s261        ,  6.798586307035871e+00,  7.145350761878436e+00,  7.234286157419017e+01
s262        ,  9.288654608145832e+00,  8.695316894139651e+00,  4.649192629044484e+01
s263        ,  7.904613649172425e+00,  7.513087767571609e+00,  6.620960140950262e+01
s264        ,  8.878267557007309e+00,  8.547440346270214e+00,  4.895826861198933e+01
s265        ,  7.781698846322390e+00,  8.411513576996310e+00,  5.122530789929429e+01
s266        ,  6.989431802434295e+00,  7.615749142184086e+00,  6.449737525435705e+01
s267        ,  8.061182480791835e+00,  8.496842941941331e+00,  4.980215171214666e+01
s268        ,  5.673098856155892e+00,  6.580780145284446e+00,  8.175898891329760e+01
s269        ,  7.919308449877067e+00,  8.420678584014999e+00,  5.107245036364636e+01
s270        ,  8.930671440330361e+00,  8.688936219854106e+00,  4.659834564670628e+01
s271        ,  8.202529880757444e+00,  7.588669495607238e+00,  6.494902008490797e+01
s272        ,  1.014280693123203e+01,  8.726680746480435e+00,  4.596882781736548e+01
s273        ,  7.742462231090613e+00,  8.254709410850118e+00,  5.384054849513443e+01
s274        ,  8.718453267484730e+00,  8.121754323297374e+00,  5.605802492409129e+01
s275        ,  6.758060022913812e+00,  6.695295995578019e+00,  7.984904922281969e+01
s276        ,  7.204795404555930e+00,  7.221757270814877e+00,  7.106852423438565e+01
s277        ,  7.240788553920757e+00,  7.451825332404633e+00,  6.723136002336068e+01
s278        ,  7.732713927709626e+00,  8.213479193686481e+00,  5.452820202087759e+01
s279        ,  6.894315859947453e+00,  7.449213595631029e+00,  6.727491958050669e+01
s280        ,  7.251441304396424e+00,  8.001961167364485e+00,  5.805598156133659e+01
s281        ,  9.298944845690915e+00,  8.301376710846032e+00,  5.306221319673566e+01
s282        ,  7.403392232409992e+00,  7.560930767305432e+00,  6.541165733565697e+01
s283        ,  8.591867226752916e+00,  7.372069761517333e+00,  6.856155431510169e+01
s284        ,  7.481045185875820e+00,  7.672554392672011e+00,  6.354995529234925e+01
s285        ,  8.276906745695372e+00,  7.772904854599465e+00,  6.187627143372455e+01
s286        ,  6.816478673847437e+00,  8.549584199885519e+00,  4.892251259131665e+01
s287        ,  8.454699283037474e+00,  8.758843053788311e+00,  4.543241240319195e+01
s288        ,  5.729929539429917e+00,  7.244750548320593e+00,  7.068503344940035e+01
s289        ,  9.176267726033526e+00,  8.369744530134271e+00,  5.192194823537636e+01
s290        ,  7.541092158095853e+00,  7.875783725553928e+00,  6.016041779037512e+01
s291        ,  7.781618694960636e+00,  8.493116325782763e+00,  4.986430565934417e+01
s292        ,  8.886315439570353e+00,  8.531955088889616e+00,  4.921653773030482e+01
s293        ,  7.898795859717912e+00,  6.774703505859182e+00,  7.852466002063308e+01
s294        ,  7.127990963380840e+00,  6.901289633140682e+00,  7.641340757707161e+01
s295        ,  7.357514929176067e+00,  7.541193800406495e+00,  6.574083811153464e+01
s296        ,  8.754680400252976e+00,  8.647252114265818e+00,  4.729356929933638e+01
s297        ,  7.045816821790092e+00,  7.702322445084397e+00,  6.305347218835196e+01
s298        ,  6.748504292664543e+00,  7.199402005866633e+00,  7.144137399890593e+01
s299        ,  8.168229547920401e+00,  8.130160806766373e+00,  5.591781833789711e+01
s300        ,  7.568844809162906e+00,  7.901314602397417e+00,  5.973460394110384e+01
s301        ,  8.722642962546887e+00,  7.458334275535480e+00,  6.712280134963299e+01
s302        ,  9.059415660204463e+00,  8.440667494322275e+00,  5.073906757805468e+01
s303        ,  7.309740236243639e+00,  6.687549369337880e+00,  7.997825045466146e+01
s304        ,  6.656278208297028e+00,  6.771281454376648e+00,  7.858173432023960e+01
s305        ,  6.630881819028101e+00,  6.225841370925174e+00,  8.767879522046346e+01
s306        ,  8.386184599149400e+00,  7.870140026452475e+00,  6.025454558916759e+01
s307        ,  6.444901771340923e+00,  7.274994083661364e+00,  7.018062005702168e+01
s308        ,  7.197390841054173e+00,  8.688322285247576e+00,  4.660858508578272e+01
s309        ,  5.929492224601515e+00,  6.657045008646448e+00,  8.048701399322718e+01
s310        ,  6.940414449799037e+00,  7.610302272106557e+00,  6.458822026247846e+01
s311        ,  6.920999607261285e+00,  6.520389800339555e+00,  8.276620246876793e+01
s312        ,  8.252266885096375e+00,  8.178401381644276e+00,  5.511324335186174e+01
s313        ,  6.372017013205046e+00,  7.121367974936856e+00,  7.274285578067399e+01
s314        ,  7.369033865428129e+00,  6.950385853775377e+00,  7.559456179980782e+01
s315        ,  9.291950472832553e+00,  8.385714437371600e+00,  5.165559593909919e+01
s316        ,  7.005653338045511e+00,  7.833263373346316e+00,  6.086958868790786e+01
s317        ,  1.040890850719324e+01,  8.985044986366049e+00,  4.165972898875218e+01
s318        ,  7.074008304038459e+00,  7.768050020357018e+00,  6.195724223895867e+01
s319        ,  6.552373721340865e+00,  7.673601987180653e+00,  6.353248310551702e+01
s320        ,  7.727734298255436e+00,  8.100042333364932e+00,  5.642014589882899e+01
s321        ,  8.611383655345886e+00,  7.969989591766931e+00,  5.858921587819614e+01
s322        ,  6.042793889490908e+00,  6.798116142893518e+00,  7.813417499505806e+01
s323        ,  9.508743222439017e+00,  8.769573220678033e+00,  4.525345052520218e+01
s324        ,  7.912366987098065e+00,  7.744407923829809e+00,  6.235155427880004e+01
s325        ,  7.877337584761880e+00,  8.403756785743257e+00,  5.135467866715724e+01
s326        ,  8.470634370388495e+00,  7.847874931190467e+00,  6.062589146874813e+01
s327        ,  9.172019619121611e+00,  7.694310914830474e+00,  6.318709159190356e+01
s328        ,  7.596000342098184e+00,  7.752715201218211e+00,  6.221300229002954e+01
s329        ,  8.213068861329081e+00,  8.386851681077005e+00,  5.163662854825216e+01
s330        ,  7.826837741240630e+00,  8.743585367299319e+00,  4.568688600606427e+01
s331        ,  7.527158850146676e+00,  8.021337149505555e+00,  5.773282142901999e+01
s332        ,  7.703333139420747e+00,  8.085625292413090e+00,  5.666059888994403e+01
s333        ,  7.933721737534466e+00,  8.154293389268574e+00,  5.551532578305403e+01
s334        ,  7.188393300762235e+00,  7.118400096337395e+00,  7.279235520908585e+01
s335        ,  6.859933586787644e+00,  7.178491080748582e+00,  7.179013450450574e+01
s336        ,  7.760654861780857e+00,  7.977914931183670e+00,  5.845703399879923e+01
s337        ,  8.475747430421777e+00,  8.040072665860034e+00,  5.742034323307344e+01
s338        ,  7.638070685064786e+00,  8.116168215122203e+00,  5.615119219911664e+01
s339        ,  8.122458246051600e+00,  7.631523316119935e+00,  6.423428747386775e+01
s340        ,  7.717275084186167e+00,  8.225379998354997e+00,  5.432971579275500e+01
s341        ,  8.593537090705233e+00,  8.569171691186149e+00,  4.859582482734286e+01
s342        ,  8.110773733155243e+00,  7.704325821450468e+00,  6.302005910163327e+01
s343        ,  6.079270586999654e+00,  7.035555458341120e+00,  7.417407015812326e+01
s344        ,  8.557782774232033e+00,  8.288373484307179e+00,  5.327908604365739e+01
s345        ,  7.924144160269485e+00,  8.652538697234139e+00,  4.720539762168380e+01
s346        ,  7.248541491515182e+00,  7.245168571319429e+00,  7.067806149997186e+01
s347        ,  6.930818671281991e+00,  6.630039641852401e+00,  8.093741995680023e+01
s348        ,  6.794959143936325e+00,  8.184621817800846e+00,  5.500949650915777e+01
s349        ,  7.284750641045562e+00,  7.645993176978567e+00,  6.399295353189603e+01
s350        ,  6.663519745514736e+00,  7.723127900034044e+00,  6.270647075505771e+01
s351        ,  8.512129981744364e+00,  7.417205618288162e+00,  6.780876101976892e+01
s352        ,  7.721505815810622e+00,  6.910100640748857e+00,  7.626645418065694e+01
s353        ,  8.751736191002196e+00,  8.172053899274562e+00,  5.521910912049940e+01
s354        ,  6.217395845334911e+00,  6.558408691065950e+00,  8.213210868873546e+01
s355        ,  8.323306621275213e+00,  7.715709265651955e+00,  6.283020161169608e+01
s356        ,  9.047137982578803e+00,  8.436281473787623e+00,  5.081221932675067e+01
s357        ,  6.848837355080171e+00,  8.208982537408172e+00,  5.460319899534325e+01
s358        ,  8.119201041558600e+00,  8.135747525081484e+00,  5.582464088672159e+01
s359        ,  6.418265162131758e+00,  6.330120976405060e+00,  8.593957958434999e+01
s360        ,  6.620669306778614e+00,  7.660856500015038e+00,  6.374505727537803e+01
s361        ,  8.778951918428461e+00,  8.049794036095166e+00,  5.725820645628396e+01
s362        ,  5.934472285960198e+00,  7.365074585800520e+00,  6.867822256416204e+01
s363        ,  9.493988803345836e+00,  8.937557560253968e+00,  4.245174266806023e+01
s364        ,  8.161047445680934e+00,  7.972163864278018e+00,  5.855295251940174e+01
s365        ,  5.926861909072736e+00,  6.946918260336154e+00,  7.565239566580135e+01
s366        ,  9.366972015961432e+00,  8.303623828928282e+00,  5.302473489130042e+01
s367        ,  9.372763132225201e+00,  8.685101948965736e+00,  4.666229510117016e+01
s368        ,  7.938991167484299e+00,  8.740282480013009e+00,  4.574197283906709e+01
s369        ,  8.059705699711495e+00,  7.469300009180426e+00,  6.693991059809075e+01
s370        ,  6.068468111134001e+00,  7.531746902425976e+00,  6.589839713378908e+01
s371        ,  5.936007547918428e+00,  6.227505650058619e+00,  8.765103772868522e+01
s372        ,  8.024007697105988e+00,  7.987074116458471e+00,  5.830427356044999e+01
s373        ,  8.221379281247088e+00,  8.540337843618609e+00,  4.907672690122395e+01
s374        ,  9.462123122270452e+00,  8.719566961355666e+00,  4.608747428005599e+01
s375        ,  9.029299524210273e+00,  8.696832209338702e+00,  4.646665327684161e+01
s376        ,  7.409075999391759e+00,  7.793590815614112e+00,  6.153126296654496e+01
s377        ,  7.016808155334940e+00,  7.272421265407408e+00,  7.022353051602819e+01
s378        ,  6.142600229462223e+00,  7.527459122242871e+00,  6.596991039186436e+01
s379        ,  8.573372202849674e+00,  8.219340000191036e+00,  5.443045322075461e+01
s380        ,  8.868996540080058e+00,  8.175483848091009e+00,  5.516190310610011e+01
s381        ,  7.981370253273373e+00,  7.532065448862757e+00,  6.589308429297874e+01
s382        ,  9.487143068480055e+00,  8.657044446884164e+00,  4.713024898444381e+01
s383        ,  7.036183723542369e+00,  7.218880248050523e+00,  7.111650833400121e+01
s384        ,  6.725591355516808e+00,  7.589046642172109e+00,  6.494272988847204e+01
s385        ,  7.069134196012672e+00,  7.878342521813731e+00,  6.011774119561629e+01
s386        ,  6.599616405967378e+00,  7.053204048410640e+00,  7.387972013960322e+01
s387        ,  8.402005322516452e+00,  8.963097144465321e+00,  4.202578359393628e+01
s388        ,  8.831235122137072e+00,  8.423048504848566e+00,  5.103292390637677e+01
s389        ,  8.112710918624135e+00,  8.114430659428352e+00,  5.618017182574119e+01
s390        ,  7.075054899303263e+00,  6.662340518414310e+00,  8.039869343095546e+01
s391        ,  1.083521566714882e+01,  8.634859325160519e+00,  4.750026103438665e+01
s392        ,  8.639284952951368e+00,  7.778668971209340e+00,  6.178013526510231e+01
s393        ,  8.187661597223277e+00,  8.334041539388860e+00,  5.251741653883489e+01
s394        ,  7.533410495508531e+00,  8.437229464356687e+00,  5.079640837298828e+01
s395        ,  8.086186526433648e+00,  7.686434603024010e+00,  6.331845576983336e+01
s396        ,  8.318817628536200e+00,  8.011196150148262e+00,  5.790195694278468e+01
s397        ,  6.053447504961093e+00,  6.958881647230790e+00,  7.545286566708037e+01
s398        ,  8.575793719359542e+00,  8.823282940755433e+00,  4.435765901793658e+01
s399        ,  7.539727431077754e+00,  7.287293329568973e+00,  6.997548847164141e+01
s400        ,  5.713565417985381e+00,  5.923847567639279e+00,  9.271556480035522e+01
s401        ,  8.562067576269989e+00,  8.514313320342922e+00,  4.951077397682594e+01
s402        ,  8.936960046647913e+00,  8.711968261784325e+00,  4.621420833363995e+01
s403        ,  8.231611151560212e+00,  8.185478318548999e+00,  5.499521145805240e+01
s404        ,  7.071407416805357e+00,  7.398764796658586e+00,  6.811632418299095e+01
s405        ,  7.590391965396407e+00,  6.445577593931451e+00,  8.401394941370839e+01
s406        ,  7.881837397415391e+00,  7.846014604300103e+00,  6.065691872092380e+01
s407        ,  8.303250945500546e+00,  8.741950706092400e+00,  4.571414951859617e+01
s408        ,  7.009104660648128e+00,  6.181442462954469e+00,  8.841929739836925e+01
s409        ,  6.147217409173023e+00,  6.420639079145339e+00,  8.442988361923067e+01
s410        ,  7.175955999948192e+00,  7.329104487068490e+00,  6.927814579804270e+01
s411        ,  7.971449259276857e+00,  8.122396907738663e+00,  5.604730765197781e+01
s412        ,  7.083395943222082e+00,  7.175296319736545e+00,  7.184341796564092e+01
s413        ,  8.842278764499476e+00,  7.891519062407362e+00,  5.989797774978366e+01
s414        ,  8.236521274664716e+00,  8.607340019056487e+00,  4.795923867676331e+01
s415        ,  6.711790601695403e+00,  8.186003055378857e+00,  5.498645969403167e+01
s416        ,  8.681343376413128e+00,  8.704711198704333e+00,  4.633524444154334e+01
s417        ,  8.941667701263434e+00,  7.114766614382543e+00,  7.285295582797325e+01
s418        ,  6.695075616501306e+00,  6.302301067304374e+00,  8.640357079989501e+01
s419        ,  9.400885827376655e+00,  8.497922531546148e+00,  4.978414589871227e+01
s420        ,  8.562676553576161e+00,  8.363923575818259e+00,  5.201903236526852e+01
s421        ,  8.185941305386338e+00,  8.414880628834222e+00,  5.116915090505601e+01
s422        ,  8.964835207883675e+00,  8.539481264919681e+00,  4.909101325242255e+01
s423        ,  8.302673349254253e+00,  7.218750342061789e+00,  7.111867495637949e+01
s424        ,  9.814316355347884e+00,  8.272488295720695e+00,  5.354402536947366e+01
s425        ,  7.885793734445041e+00,  8.138803617277880e+00,  5.577367019778472e+01
s426        ,  8.481004457389790e+00,  8.302822926195020e+00,  5.303809265718652e+01
s427        ,  7.795226665384871e+00,  8.639680461899214e+00,  4.741985224916739e+01
s428        ,  8.398797377583982e+00,  8.703006595994800e+00,  4.636367446553638e+01
s429        ,  7.186138927747209e+00,  8.299479649970872e+00,  5.309385311253277e+01
s430        ,  6.833960646636928e+00,  7.202054285835199e+00,  7.139713824665648e+01
s431        ,  7.390457516217788e+00,  7.086032076994964e+00,  7.333220156822114e+01
s432        ,  7.999776892933866e+00,  8.521098081494353e+00,  4.939761510335726e+01
s433        ,  5.862579461554933e+00,  7.129963784517756e+00,  7.259949154028051e+01
s434        ,  8.680187023727038e+00,  8.429527215987026e+00,  5.092486945352362e+01
s435        ,  7.693979014707818e+00,  8.547930976050523e+00,  4.895008569854688e+01
s436        ,  8.446380163371821e+00,  8.750250481669569e+00,  4.557572264793803e+01
s437        ,  6.191980467582499e+00,  7.133038012945355e+00,  7.254821836825748e+01
s438        ,  7.169823420919183e+00,  6.767092966955337e+00,  7.865159153518863e+01
s439        ,  8.135966616832388e+00,  8.186544962007483e+00,  5.497742156545912e+01
s440        ,  8.568954258251059e+00,  8.611745669170489e+00,  4.788575953834257e+01
s441        ,  5.380576461324928e+00,  6.548199914420533e+00,  8.230237461835412e+01
s442        ,  7.578556557170772e+00,  6.814889390631411e+00,  7.785442427486785e+01
s443        ,  8.319986488357083e+00,  8.786828684373486e+00,  4.496565722056309e+01
s444        ,  9.234524663484683e+00,  8.418589116871965e+00,  5.110729930567663e+01
s445        ,  6.336929161014193e+00,  6.703617965534184e+00,  7.971025218571523e+01
s446        ,  8.404289319354383e+00,  8.234363216012607e+00,  5.417989021045799e+01
s447        ,  7.540405188935314e+00,  6.935607704347587e+00,  7.584103749790194e+01
s448        ,  9.517715923311361e+00,  8.610165144597177e+00,  4.791212013913804e+01
s449        ,  9.462405588097198e+00,  8.324895742696471e+00,  5.266995367722276e+01
s450        ,  8.153041674506058e+00,  8.139993206255095e+00,  5.575382977222689e+01
s451        ,  9.329126622336883e+00,  8.599573730087030e+00,  4.808876785121782e+01
s452        ,  9.129486362202154e+00,  7.657628161543854e+00,  6.379890075437771e+01
s453        ,  7.295585150786962e+00,  8.135187167835145e+00,  5.583398674184020e+01
s454        ,  6.858125579919541e+00,  7.100217398555056e+00,  7.309561328284093e+01
s455        ,  7.630145612517150e+00,  6.704131093411896e+00,  7.970169404029326e+01
s456        ,  6.870587408604186e+00,  6.753988374937831e+00,  7.887015499481095e+01
s457        ,  8.709303307601370e+00,  8.023784407762495e+00,  5.769200510825918e+01
s458        ,  9.432110957558056e+00,  8.848590662343137e+00,  4.393556703842452e+01
s459        ,  8.432831779525623e+00,  7.681262115156012e+00,  6.340472452522641e+01
s460        ,  9.814185151987173e+00,  8.839514934318508e+00,  4.408693554444164e+01
s461        ,  1.058622095071324e+01,  8.407024205242553e+00,  5.130018337963897e+01
s462        ,  7.495723317588676e+00,  7.470898941310232e+00,  6.691324298894087e+01
s463        ,  7.609833785681915e+00,  7.719755414584690e+00,  6.276271837317142e+01
s464        ,  7.890785350104045e+00,  7.169538948460350e+00,  7.193944163297635e+01
s465        ,  8.101716901858527e+00,  8.541056313321073e+00,  4.906474398534267e+01
s466        ,  8.503957901050169e+00,  8.104050043000470e+00,  5.635330376578629e+01
s467        ,  8.776872105928950e+00,  7.806822361681670e+00,  6.131058211812066e+01
s468        ,  8.296251474093141e+00,  8.205052636358348e+00,  5.466874340666681e+01
s469        ,  8.135421989210137e+00,  8.471265167374668e+00,  5.022874773980333e+01
s470        ,  5.618320881130678e+00,  6.674661496875077e+00,  8.019319938163900e+01
s471        ,  8.569573447482325e+00,  7.886417777246510e+00,  5.998305895885802e+01
s472        ,  6.072046890032473e+00,  6.629779495245726e+00,  8.094175878263228e+01
s473        ,  7.830447389920017e+00,  7.080024201165648e+00,  7.343240324748612e+01
s474        ,  7.469243490056481e+00,  6.828194056494183e+00,  7.763252390618780e+01
s475        ,  8.318149001458778e+00,  7.225949539405589e+00,  7.099860395562932e+01
s476        ,  6.222922655893930e+00,  7.082297179387313e+00,  7.339449363663294e+01
s477        ,  8.217198961449069e+00,  8.825870494179743e+00,  4.431450280005362e+01
s478        ,  7.878548338253153e+00,  7.647263155512391e+00,  6.397177233818714e+01
s479        ,  8.471117653727315e+00,  8.343601433126047e+00,  5.235797292960006e+01
s480        ,  8.788931933463550e+00,  7.944490014037963e+00,  5.901450770871678e+01
s481        ,  7.201552827553867e+00,  7.637292532598709e+00,  6.413806624765741e+01
s482        ,  9.025684771327004e+00,  8.867269534401331e+00,  4.362403357798348e+01
s483        ,  7.451959091409009e+00,  7.920611061989257e+00,  5.941277011665353e+01
s484        ,  7.406391163480201e+00,  7.194028674299900e+00,  7.153099250327099e+01
s485        ,  8.642506290346587e+00,  8.882459062125186e+00,  4.337069675338644e+01
s486        ,  7.287383935444625e+00,  7.213363972984292e+00,  7.120851090539703e+01
s487        ,  6.549497435575381e+00,  7.042824779582924e+00,  7.405282960385097e+01
s488        ,  8.939559772053034e+00,  8.152240826962299e+00,  5.554955921192771e+01
s489        ,  8.089270018649804e+00,  7.512093432396017e+00,  6.622618531655684e+01
s490        ,  6.103634610389383e+00,  6.869496294796382e+00,  7.694366918400988e+01
s491        ,  6.428459694359200e+00,  7.278590759250651e+00,  7.012063330895019e+01
s492        ,  6.775298853558021e+00,  7.266590658489183e+00,  7.032077563575741e+01
s493        ,  7.161099660211799e+00,  7.933109792409912e+00,  5.920431145132646e+01
s494        ,  7.641040789468175e+00,  8.683080577741054e+00,  4.669600831310818e+01
s495        ,  6.021639983361159e+00,  7.498782494587857e+00,  6.644819029117050e+01
s496        ,  7.479629559152682e+00,  8.083413720512921e+00,  5.669748434239144e+01
s497        ,  9.121008587240629e+00,  8.812838194681815e+00,  4.453186053704354e+01
s498        ,  5.870774786302587e+00,  6.025597762865464e+00,  9.101853564781291e+01
s499        ,  9.939336331759584e+00,  8.805498308786934e+00,  4.465427799592170e+01
s500        ,  6.220668732584718e+00,  6.913465403132294e+00,  7.621033537082685e+01
