# c0 + a0 * ((face-area-count * RBI) / (RBI - SBI))
# Property Label: $E$; Unit of the Property: Unitless
# RMSE: 0.0331422693685744; Max AE: 0.112909938917421
# Coefficients
# Task   a0                      c0
# all , -3.410398590638047e-03,  4.492404809699607e-01, 
# Feature Rung, Units, and Expressions
# 0;  2; Unitless;                                         34|6|mult|6|5|sub|div; ((face-area-count * RBI) / (RBI - SBI)); $\left(\frac{ \left(face-area-count RBI\right) }{ \left(RBI - SBI\right) } \right)$; ((face_sub_area_sub_count .* RBI) ./ (RBI - SBI)); ((newdata$face_sub_area_sub_count * newdata$RBI) / (newdata$RBI - newdata$SBI)); face-area-count,RBI,RBI,SBI
# Number of Samples Per Task
# Task, n_samples               
# all , 1041                  

# Sample ID , Property Value        ,  Property Value (EST) ,  Feature 0 Value      
s1          ,  3.651132093274850e-01,  3.490361704164394e-01,  2.938199389027258e+01
s2          ,  4.250240521814745e-01,  3.438344791301793e-01,  3.090723827095561e+01
s3          ,  2.746380789449931e-01,  3.059064652885913e-01,  4.202852302215887e+01
s4          ,  3.247370215691567e-01,  3.075864784398130e-01,  4.153590812493441e+01
s5          ,  3.450588503436838e-01,  3.244335396232649e-01,  3.659599839423630e+01
s6          ,  3.418868902527870e-01,  3.523106137358615e-01,  2.842185881151350e+01
s7          ,  3.253614410179195e-01,  3.370132015330480e-01,  3.290737913890476e+01
s8          ,  3.920908336338758e-01,  3.157865970080497e-01,  3.913146232474349e+01
s9          ,  3.897447923973993e-01,  3.837155134342842e-01,  1.921328718453917e+01
s10         ,  3.161197563926354e-01,  3.412823737505494e-01,  3.165556879942690e+01
s11         ,  3.431871249187676e-01,  2.966656860755533e-01,  4.473811222924014e+01
s12         ,  2.917324756968375e-01,  2.947144928300083e-01,  4.531024278632555e+01
s13         ,  2.447364458196310e-01,  3.177465350230900e-01,  3.855676761884587e+01
s14         ,  3.105728952400728e-01,  2.997562905737595e-01,  4.383188252732486e+01
s15         ,  3.795908353494076e-01,  3.433404390092446e-01,  3.105210113897665e+01
s16         ,  3.670742293030571e-01,  3.702385629835623e-01,  2.316501015548976e+01
s17         ,  2.954366621683970e-01,  2.926450672469940e-01,  4.591704153081692e+01
s18         ,  3.635454507147386e-01,  3.177716630989730e-01,  3.854939954288199e+01
s19         ,  3.651486704953139e-01,  3.935599929428844e-01,  1.632668045897212e+01
s20         ,  3.399672486499590e-01,  3.002166759297823e-01,  4.369688793833853e+01
s21         ,  3.890225043355258e-01,  3.610354211829728e-01,  2.586356328820957e+01
s22         ,  2.558533901530953e-01,  2.830216459597520e-01,  4.873882937510567e+01
s23         ,  4.117639764254846e-01,  3.849990475980108e-01,  1.883692819610594e+01
s24         ,  3.311791000527954e-01,  3.298831959030279e-01,  3.499804550546754e+01
s25         ,  3.690868050126928e-01,  4.162633613953894e-01,  9.669579287622692e+00
s26         ,  2.979562579207253e-01,  2.785163633619004e-01,  5.005987220283235e+01
s27         ,  3.397813902812787e-01,  3.374173719388494e-01,  3.278886794584044e+01
s28         ,  2.613491376061739e-01,  3.032736570509142e-01,  4.280051731188924e+01
s29         ,  3.947313720925611e-01,  4.184835947140089e-01,  9.018560569542554e+00
s30         ,  2.592589137508671e-01,  3.171463570883035e-01,  3.873275230768373e+01
s31         ,  3.031212395007984e-01,  3.301299625210519e-01,  3.492568838606766e+01
s32         ,  3.857616783620361e-01,  3.399621193920576e-01,  3.204269491486576e+01
s33         ,  4.141193231435004e-01,  3.912513872356314e-01,  1.700361180464839e+01
s34         ,  4.179319881718991e-01,  3.679472024958230e-01,  2.383688484310821e+01
s35         ,  3.612111930609704e-01,  3.855273857801189e-01,  1.868200842116867e+01
s36         ,  3.787074193034875e-01,  3.284082655249638e-01,  3.543052585603800e+01
s37         ,  3.867254135891385e-01,  3.390854311722224e-01,  3.229975818666096e+01
s38         ,  3.446930711358910e-01,  3.912457529307524e-01,  1.700526390035778e+01
s39         ,  2.876898720952064e-01,  3.137985522736094e-01,  3.971439850701195e+01
s40         ,  3.049912944269815e-01,  3.460816405431533e-01,  3.024832367395141e+01
s41         ,  3.032122447573497e-01,  3.171294473481133e-01,  3.873771059620654e+01
s42         ,  3.284012713704346e-01,  3.141117746205221e-01,  3.962255518178523e+01
s43         ,  3.521735822893021e-01,  3.342003462960883e-01,  3.373216696419924e+01
s44         ,  3.330769886831567e-01,  3.362646672122367e-01,  3.312686501450479e+01
s45         ,  3.222694574216643e-01,  3.323175454073169e-01,  3.428424345576826e+01
s46         ,  3.537154217541030e-01,  3.176072269465084e-01,  3.859761565255196e+01
s47         ,  3.064622412169097e-01,  3.245767488411712e-01,  3.655400646452480e+01
s48         ,  2.709027668189650e-01,  2.810071664029645e-01,  4.932951679865714e+01
s49         ,  3.986674224858993e-01,  3.381605481566510e-01,  3.257095317780079e+01
s50         ,  3.630933243380700e-01,  3.180284060316084e-01,  3.847411715995460e+01
s51         ,  3.785261269820064e-01,  3.817175565360668e-01,  1.979912981997248e+01
s52         ,  3.404870415156796e-01,  3.367806669050251e-01,  3.297556314198911e+01
s53         ,  2.464211996641334e-01,  3.189299750326544e-01,  3.820975832415138e+01
s54         ,  4.479825317233843e-01,  4.054863008718570e-01,  1.282963821830507e+01
s55         ,  3.436317929445776e-01,  3.188836596310053e-01,  3.822333896594974e+01
s56         ,  3.917346641556894e-01,  4.110611322063903e-01,  1.119498139260825e+01
s57         ,  3.497750017469617e-01,  3.808460788613788e-01,  2.005466525125031e+01
s58         ,  4.567353100642558e-01,  3.661474656526990e-01,  2.436460522396473e+01
s59         ,  3.347920174849711e-01,  3.322825114917181e-01,  3.429451613055031e+01
s60         ,  2.709373029897972e-01,  3.014299438796587e-01,  4.334113246940097e+01
s61         ,  2.790893938381299e-01,  3.127196332210909e-01,  4.003076007702909e+01
s62         ,  3.360458157463063e-01,  3.348558943305451e-01,  3.353994660724261e+01
s63         ,  4.093736118424267e-01,  3.741344748940536e-01,  2.202264752339567e+01
s64         ,  3.302497794709098e-01,  3.925603806853581e-01,  1.661978762253661e+01
s65         ,  3.637362750415415e-01,  3.653161893228121e-01,  2.460835278243747e+01
s66         ,  3.848471859724885e-01,  3.529718263531251e-01,  2.822797748072750e+01
s67         ,  3.211750777924535e-01,  3.315017368813459e-01,  3.452345553150936e+01
s68         ,  4.095598752010021e-01,  3.863473849831690e-01,  1.844156755149994e+01
s69         ,  3.476279282639844e-01,  3.700349217086322e-01,  2.322472202479711e+01
s70         ,  3.542202710009075e-01,  3.445242863149415e-01,  3.070497241656082e+01
s71         ,  3.324591144603498e-01,  3.180149689526928e-01,  3.847805719175982e+01
s72         ,  3.490784623419291e-01,  3.691614403104591e-01,  2.348084498959394e+01
s73         ,  2.871691931895054e-01,  3.236034346879935e-01,  3.683940247537515e+01
s74         ,  4.049442418517104e-01,  4.146823161620913e-01,  1.013317472706436e+01
s75         ,  3.439829269029567e-01,  3.363931918301528e-01,  3.308917891579807e+01
s76         ,  3.071028154909760e-01,  3.166271142547594e-01,  3.888500513671358e+01
s77         ,  2.780468433194506e-01,  3.097483560572325e-01,  4.090200051561445e+01
s78         ,  2.669617651637353e-01,  3.070961306733206e-01,  4.167968831761875e+01
s79         ,  3.541307689639985e-01,  3.671506662526953e-01,  2.407044588354329e+01
s80         ,  3.629523222745701e-01,  3.477276292427957e-01,  2.976568545560332e+01
s81         ,  2.554152131748840e-01,  3.208656112727553e-01,  3.764218940554625e+01
s82         ,  3.259366268272620e-01,  3.248321633201248e-01,  3.647911361192549e+01
s83         ,  2.722850822770267e-01,  3.073851721748208e-01,  4.159493532062489e+01
s84         ,  3.998438077165619e-01,  3.284511167384329e-01,  3.541796098646917e+01
s85         ,  3.012322773461942e-01,  3.144363889544208e-01,  3.952737148836304e+01
s86         ,  3.200453803456573e-01,  3.115740488389976e-01,  4.036666931216600e+01
s87         ,  3.352140969143458e-01,  3.262707814882890e-01,  3.605728075868851e+01
s88         ,  3.302506455484479e-01,  3.309650276453159e-01,  3.468082987405784e+01
s89         ,  3.471406078486814e-01,  3.469213430092650e-01,  3.000210539658736e+01
s90         ,  3.483351733862548e-01,  3.333155812136775e-01,  3.399159854056675e+01
s91         ,  3.564650130752042e-01,  4.013877577736732e-01,  1.403141654106030e+01
s92         ,  2.923433543076974e-01,  2.900348205985105e-01,  4.668242029201185e+01
s93         ,  3.745472031333225e-01,  3.294918354373454e-01,  3.511280055690253e+01
s94         ,  3.437578785209007e-01,  3.461973353332556e-01,  3.021439954836096e+01
s95         ,  2.980732528469880e-01,  2.952096699354897e-01,  4.516504653072048e+01
s96         ,  3.581539694897533e-01,  3.356890533039447e-01,  3.329564701842427e+01
s97         ,  4.279362669937736e-01,  3.944275300358267e-01,  1.607230048845378e+01
s98         ,  2.896944279808133e-01,  3.114806954435094e-01,  4.039404247486448e+01
s99         ,  2.909528202324455e-01,  2.854066906876534e-01,  4.803948451422971e+01
s100        ,  3.111721139319150e-01,  3.218255684159046e-01,  3.736070994863335e+01
s101        ,  3.241780336567121e-01,  3.451621196904963e-01,  3.051794636708211e+01
s102        ,  3.096847321141750e-01,  2.821307388680506e-01,  4.900006191670566e+01
s103        ,  3.391049191815317e-01,  3.726411971419343e-01,  2.246050770672394e+01
s104        ,  2.515445686944838e-01,  2.806416836418559e-01,  4.943668396736049e+01
s105        ,  3.580226031747242e-01,  3.333720857750749e-01,  3.397503022460729e+01
s106        ,  3.582576851144277e-01,  3.935236898171461e-01,  1.633732529263994e+01
s107        ,  3.406125813060369e-01,  3.079662606680855e-01,  4.142454805420394e+01
s108        ,  3.541195107207772e-01,  3.661990717924083e-01,  2.434947322741423e+01
s109        ,  3.030334722988908e-01,  3.202488633925484e-01,  3.782303274799308e+01
s110        ,  3.844717335443058e-01,  3.349205390404861e-01,  3.352099142994503e+01
s111        ,  3.518414134147780e-01,  3.733883160796500e-01,  2.224143685096926e+01
s112        ,  3.724995886738390e-01,  3.645143372518591e-01,  2.484347253446708e+01
s113        ,  3.276637756053076e-01,  3.431527442375727e-01,  3.110713716092059e+01
s114        ,  3.975727278995340e-01,  3.691014414153752e-01,  2.349843791707421e+01
s115        ,  4.661802026900197e-01,  3.691021938455595e-01,  2.349821728885015e+01
s116        ,  3.149444114213277e-01,  2.926061265445167e-01,  4.592845975699851e+01
s117        ,  2.617905198031230e-01,  3.058420426523391e-01,  4.204741308281896e+01
s118        ,  2.697626524103243e-01,  2.999974238739986e-01,  4.376117721419780e+01
s119        ,  3.390451473349576e-01,  3.133520683558206e-01,  3.984531690435541e+01
s120        ,  3.261908135769222e-01,  3.613236073550920e-01,  2.577906109163047e+01
s121        ,  3.485047140780971e-01,  3.642268128723119e-01,  2.492778067966057e+01
s122        ,  2.626009490674024e-01,  3.172757513861933e-01,  3.869481120066915e+01
s123        ,  2.763746480585029e-01,  2.908830033768978e-01,  4.643371541020841e+01
s124        ,  3.084637495449347e-01,  3.221646273490234e-01,  3.726129079743807e+01
s125        ,  3.788458996149217e-01,  3.134585109954630e-01,  3.981410570225880e+01
s126        ,  3.251157603452653e-01,  3.126343603766538e-01,  4.005576385361730e+01
s127        ,  2.834263508079372e-01,  2.811788935413584e-01,  4.927916281983915e+01
s128        ,  3.547356336228297e-01,  3.847449566759800e-01,  1.891143295420911e+01
s129        ,  2.905669611170635e-01,  3.089423352691856e-01,  4.113834262244604e+01
s130        ,  3.001710267623137e-01,  3.112411612924911e-01,  4.046427888408533e+01
s131        ,  3.234187238329760e-01,  3.333386606827640e-01,  3.398483115884491e+01
s132        ,  2.761295727416017e-01,  3.145475026741109e-01,  3.949479062816827e+01
s133        ,  3.187185284669714e-01,  3.094744774152504e-01,  4.098230744593454e+01
s134        ,  2.870198930068550e-01,  2.915804433104748e-01,  4.622921147465915e+01
s135        ,  3.783093309701865e-01,  3.353217139683471e-01,  3.340335857349173e+01
s136        ,  3.883241345589045e-01,  3.765002464661024e-01,  2.132895395381024e+01
s137        ,  2.784112215023900e-01,  3.091192634667587e-01,  4.108646358459433e+01
s138        ,  3.453346818049723e-01,  3.275699682065506e-01,  3.567633211478863e+01
s139        ,  3.244324492872825e-01,  3.383042798165470e-01,  3.252880805720096e+01
s140        ,  3.327862834846864e-01,  3.218452376233472e-01,  3.735494252675587e+01
s141        ,  3.557762179436731e-01,  3.632247439277835e-01,  2.522160819509504e+01
s142        ,  2.749368728938547e-01,  2.946636510989885e-01,  4.532515064230444e+01
s143        ,  3.361413138168960e-01,  3.879072527320245e-01,  1.798418179221139e+01
s144        ,  3.409974995595333e-01,  3.470538715694262e-01,  2.996324525850113e+01
s145        ,  3.763216171571199e-01,  3.566340663276387e-01,  2.715413233413177e+01
s146        ,  3.752831948694745e-01,  3.735301743752218e-01,  2.219984103986341e+01
s147        ,  3.654575252194441e-01,  3.561658061308386e-01,  2.729143599068543e+01
s148        ,  3.473385960617674e-01,  3.314901911261410e-01,  3.452684098775385e+01
s149        ,  2.849292163595314e-01,  3.221161568553365e-01,  3.727550335717230e+01
s150        ,  3.503331909216502e-01,  3.675771349313024e-01,  2.394539637180062e+01
s151        ,  3.330423635366063e-01,  3.414741288080624e-01,  3.159934221698596e+01
s152        ,  3.630680102987860e-01,  3.191593567235035e-01,  3.814249882800956e+01
s153        ,  3.816822758848153e-01,  3.483807047592966e-01,  2.957419009248254e+01
s154        ,  3.320898103001320e-01,  3.293001184951469e-01,  3.516901596313829e+01
s155        ,  3.864039977120127e-01,  3.228807349380119e-01,  3.705131311595699e+01
s156        ,  2.690214273922155e-01,  3.005548779984945e-01,  4.359772003765951e+01
s157        ,  3.092688252015169e-01,  3.314267341781540e-01,  3.454544788847249e+01
s158        ,  3.521824739407696e-01,  3.619889129445483e-01,  2.558397961602740e+01
s159        ,  3.604301286467682e-01,  3.481387708824978e-01,  2.964513015135508e+01
s160        ,  2.959798492012398e-01,  3.012149344049310e-01,  4.340417773200399e+01
s161        ,  3.194137955766546e-01,  3.384479576916835e-01,  3.248667870741443e+01
s162        ,  3.677213080484411e-01,  3.057239552614596e-01,  4.208203876886154e+01
s163        ,  3.585762742017419e-01,  3.279253759201086e-01,  3.557211916016990e+01
s164        ,  4.006335057182285e-01,  4.036574051573120e-01,  1.336590858845054e+01
s165        ,  3.287266930084647e-01,  3.563196914743276e-01,  2.724631359827318e+01
s166        ,  2.950048096243486e-01,  3.425733789483173e-01,  3.127701914798386e+01
s167        ,  3.519819712307287e-01,  3.180666786135004e-01,  3.846289484066411e+01
s168        ,  4.374575067359432e-01,  4.005348098748361e-01,  1.428151865556933e+01
s169        ,  4.091080766385897e-01,  3.900459043587826e-01,  1.735708452779518e+01
s170        ,  3.398244019971832e-01,  3.165716971708326e-01,  3.890125458159638e+01
s171        ,  3.613080720154525e-01,  3.529141568118784e-01,  2.824488739307760e+01
s172        ,  3.578018153328690e-01,  3.295192232220910e-01,  3.510476988716770e+01
s173        ,  3.625516481683081e-01,  3.655523226917977e-01,  2.453911355344124e+01
s174        ,  3.825999337737049e-01,  3.514992178715003e-01,  2.865977700283242e+01
s175        ,  3.092599387015685e-01,  3.358445838028317e-01,  3.325004223213507e+01
s176        ,  3.793890053910741e-01,  3.850037975742302e-01,  1.883553540400464e+01
s177        ,  3.131265826402478e-01,  3.302592340085681e-01,  3.488778328961616e+01
s178        ,  3.054696856864712e-01,  3.141340294029608e-01,  3.961602961538961e+01
s179        ,  3.928374269136042e-01,  3.767066617558575e-01,  2.126842868549651e+01
s180        ,  2.641551140722125e-01,  2.910210639492178e-01,  4.639323317077192e+01
s181        ,  2.369318989685527e-01,  2.948966267077353e-01,  4.525683733447397e+01
s182        ,  4.189138162610332e-01,  3.682930840329937e-01,  2.373546516210078e+01
s183        ,  3.759767293543443e-01,  3.537908772272806e-01,  2.798781468087062e+01
s184        ,  4.039791445798378e-01,  3.482218328263572e-01,  2.962077465693065e+01
s185        ,  4.187778012666042e-01,  4.068610382516893e-01,  1.242653654461624e+01
s186        ,  3.450522704714396e-01,  3.616113149380499e-01,  2.569469922737575e+01
s187        ,  3.509325305204691e-01,  3.232217817878786e-01,  3.695131106610779e+01
s188        ,  3.868910592801009e-01,  3.892245592097473e-01,  1.759792005690016e+01
s189        ,  3.427300778100211e-01,  3.308506655436408e-01,  3.471436322760456e+01
s190        ,  3.213421258380463e-01,  3.134849940982776e-01,  3.980634030413576e+01
s191        ,  2.531455052956056e-01,  2.752584162301406e-01,  5.101517025529558e+01
s192        ,  2.695706078724207e-01,  2.986882354190231e-01,  4.414505857591587e+01
s193        ,  3.954601105184181e-01,  3.981992235294632e-01,  1.496636128709760e+01
s194        ,  3.572926210703052e-01,  3.383345657225955e-01,  3.251992759785182e+01
s195        ,  3.290528752571006e-01,  3.066884180485571e-01,  4.179923816316548e+01
s196        ,  3.068286090334552e-01,  3.150258418061223e-01,  3.935453161758677e+01
s197        ,  3.451887575536944e-01,  3.515513892353388e-01,  2.864447927077795e+01
s198        ,  3.094894638678110e-01,  3.586823058969256e-01,  2.655354577075772e+01
s199        ,  3.060674258319923e-01,  3.154291380763068e-01,  3.923627673931782e+01
s200        ,  2.862300564486437e-01,  3.036031450909958e-01,  4.270390454615972e+01
s201        ,  3.249313766746611e-01,  3.327181902377387e-01,  3.416676603494077e+01
s202        ,  3.753266605464363e-01,  3.469268485783202e-01,  3.000049104890660e+01
s203        ,  4.029232548104287e-01,  3.376315541434462e-01,  3.272606525609480e+01
s204        ,  3.599997628653644e-01,  3.527965208069267e-01,  2.827938072335128e+01
s205        ,  3.369349724991222e-01,  3.466179014642832e-01,  3.009108078668246e+01
s206        ,  3.550773861568109e-01,  3.060563949982994e-01,  4.198456050407678e+01
s207        ,  3.248842560910169e-01,  3.107861251358015e-01,  4.059770497625497e+01
s208        ,  3.892178112013847e-01,  3.580514861211005e-01,  2.673851528650783e+01
s209        ,  3.394721823707363e-01,  3.184932377594640e-01,  3.833781880200559e+01
s210        ,  3.535123221804505e-01,  3.378487327029891e-01,  3.266238397258175e+01
s211        ,  3.581883484115880e-01,  3.383747259324772e-01,  3.250815178666306e+01
s212        ,  3.095468400739283e-01,  3.130068074626859e-01,  3.994655459958624e+01
s213        ,  2.970030695897441e-01,  3.062854642760108e-01,  4.191739261398317e+01
s214        ,  2.952505712043380e-01,  2.928524555933540e-01,  4.585623094201085e+01
s215        ,  3.666112826899128e-01,  3.213774498692872e-01,  3.749210765324405e+01
s216        ,  3.146096144721102e-01,  3.260737301996851e-01,  3.611506030655274e+01
s217        ,  3.572631712917447e-01,  2.677959973085319e-01,  5.320330713234389e+01
s218        ,  3.906530675883989e-01,  3.645910294966279e-01,  2.482098476867356e+01
s219        ,  3.533175328188169e-01,  3.275321158629435e-01,  3.568743121144878e+01
s220        ,  3.292958184485441e-01,  3.760146766192348e-01,  2.147133316080398e+01
s221        ,  3.922937304178105e-01,  3.396556400041082e-01,  3.213256106388150e+01
s222        ,  2.956043726879932e-01,  3.027982618825443e-01,  4.293991309092660e+01
s223        ,  3.522928979206140e-01,  3.140708058537679e-01,  3.963456807871365e+01
s224        ,  3.671890264330231e-01,  3.407488390290088e-01,  3.181201230811391e+01
s225        ,  3.692182726300033e-01,  3.572870679512165e-01,  2.696265863795727e+01
s226        ,  3.810944919303408e-01,  3.552098211610205e-01,  2.757175072352704e+01
s227        ,  3.257040093262658e-01,  3.511980555535400e-01,  2.874808407602526e+01
s228        ,  3.395769394444231e-01,  3.211751979166912e-01,  3.755141214426488e+01
s229        ,  3.431399804548451e-01,  3.283853726910766e-01,  3.543723851242662e+01
s230        ,  2.512227189184055e-01,  3.124821351155044e-01,  4.010039947526201e+01
s231        ,  3.201687391567147e-01,  3.159182631351481e-01,  3.909285507001969e+01
s232        ,  3.668712051047079e-01,  3.872473164471057e-01,  1.817768887573246e+01
s233        ,  3.159372860524723e-01,  3.450446283006993e-01,  3.055239729317606e+01
s234        ,  3.288074742025223e-01,  4.018040454623450e-01,  1.390935230791918e+01
s235        ,  2.404535459782499e-01,  2.725392904016150e-01,  5.181247466305308e+01
s236        ,  3.942112592274354e-01,  3.183560770953162e-01,  3.837803716959589e+01
s237        ,  3.207425992509765e-01,  3.258436095674194e-01,  3.618253647573058e+01
s238        ,  3.228783696280719e-01,  3.358806740650202e-01,  3.323945981449990e+01
s239        ,  3.173309981533126e-01,  3.040835563771379e-01,  4.256303793676665e+01
s240        ,  2.944515915275119e-01,  2.996015504796639e-01,  4.387725555044315e+01
s241        ,  2.623340223598457e-01,  2.889618593283935e-01,  4.699703491596296e+01
s242        ,  3.472905412885691e-01,  3.396798673117731e-01,  3.212545711194715e+01
s243        ,  3.411668088660135e-01,  3.392742157050082e-01,  3.224440262402848e+01
s244        ,  3.345490802910559e-01,  3.647515383928854e-01,  2.477392021243721e+01
s245        ,  3.806037450466579e-01,  3.448578710068115e-01,  3.060715842708002e+01
s246        ,  2.822738655802098e-01,  3.073481403029387e-01,  4.160579383786207e+01
s247        ,  2.412572311651046e-01,  2.990919769604954e-01,  4.402667313481801e+01
s248        ,  3.291723893390957e-01,  3.357565934840750e-01,  3.327584282887418e+01
s249        ,  3.335036159019719e-01,  2.982929214454075e-01,  4.426097287833813e+01
s250        ,  2.841334766149551e-01,  3.037044224457779e-01,  4.267420791332035e+01
s251        ,  3.897160933411575e-01,  3.574312761468194e-01,  2.692037378714868e+01
s252        ,  2.974172959235764e-01,  3.121026470489187e-01,  4.021167329165037e+01
s253        ,  3.402798874706645e-01,  3.254197058466496e-01,  3.630683388833609e+01
s254        ,  3.453557066513905e-01,  3.268367740209934e-01,  3.589131994277152e+01
s255        ,  3.473897848646884e-01,  3.346003266463201e-01,  3.361488438282303e+01
s256        ,  2.775650936098157e-01,  2.928079273670996e-01,  4.586928754670706e+01
s257        ,  3.769007346358472e-01,  3.336029207126247e-01,  3.390734460622139e+01
s258        ,  3.031826235523933e-01,  3.203701445981072e-01,  3.778747056887074e+01
s259        ,  3.649101163154662e-01,  3.751312001948834e-01,  2.173038687574997e+01
s260        ,  2.836985211263404e-01,  2.751855377455024e-01,  5.103653974707237e+01
s261        ,  3.568114035371502e-01,  3.298620873184611e-01,  3.500423498274002e+01
s262        ,  2.969774967310232e-01,  3.005252434017129e-01,  4.360640951954676e+01
s263        ,  2.618717119564857e-01,  2.800481835396719e-01,  4.961071057639476e+01
s264        ,  3.079903383698472e-01,  3.423212351285843e-01,  3.135095297508114e+01
s265        ,  3.131364053370843e-01,  3.535820502249624e-01,  2.804904711361075e+01
s266        ,  3.412850318464396e-01,  3.781275866607433e-01,  2.085178386609435e+01
s267        ,  3.070004173759213e-01,  3.174267942222437e-01,  3.865052229072618e+01
s268        ,  2.824464522612543e-01,  3.014606673462734e-01,  4.333212370816732e+01
s269        ,  3.706172452100595e-01,  3.730866132063314e-01,  2.232990242626794e+01
s270        ,  3.137711424042234e-01,  3.408031045049570e-01,  3.179610053871042e+01
s271        ,  3.438724170458776e-01,  3.311780722601638e-01,  3.461836074935416e+01
s272        ,  3.563763221903465e-01,  3.774640188879727e-01,  2.104635577759825e+01
s273        ,  2.992755087965905e-01,  3.136199634681505e-01,  3.976676446973231e+01
s274        ,  3.418910691999477e-01,  3.685825423115890e-01,  2.365058995736961e+01
s275        ,  3.459340138648980e-01,  3.259314090286550e-01,  3.615679184239750e+01
s276        ,  3.066542538287166e-01,  3.162050086504108e-01,  3.900877530407976e+01
s277        ,  2.599265281449482e-01,  3.287762463203892e-01,  3.532262621156960e+01
s278        ,  4.231065788037446e-01,  3.274843240868818e-01,  3.570144475701876e+01
s279        ,  4.085890984502099e-01,  3.767804703908856e-01,  2.124678645422457e+01
s280        ,  2.589465412373284e-01,  2.932008891693946e-01,  4.575406294997700e+01
s281        ,  2.711461992950798e-01,  3.514868043617184e-01,  2.866341690281829e+01
s282        ,  2.707729542437380e-01,  3.182055117282855e-01,  3.842218607566337e+01
s283        ,  3.542954078937219e-01,  3.077360177476705e-01,  4.149206008081781e+01
s284        ,  4.444266515123610e-01,  3.512856417880791e-01,  2.872240196520703e+01
s285        ,  3.522417187169772e-01,  3.492144640600104e-01,  2.932971447517414e+01
s286        ,  4.242568175749523e-01,  4.200284674632725e-01,  8.565571656896227e+00
s287        ,  2.982263198938339e-01,  2.876443599133927e-01,  4.738335322450833e+01
s288        ,  3.665857814303198e-01,  3.195878848037045e-01,  3.801684545676513e+01
s289        ,  4.410941970239712e-01,  4.029421299022937e-01,  1.357564221225094e+01
s290        ,  3.692001655720752e-01,  3.582425454652690e-01,  2.668249270173051e+01
s291        ,  2.847619118274958e-01,  2.993096453853484e-01,  4.396284821257856e+01
s292        ,  2.619380900493295e-01,  3.122244823343440e-01,  4.017594864475431e+01
s293        ,  2.551793459709563e-01,  2.806886838547099e-01,  4.942290252463324e+01
s294        ,  3.996439882026235e-01,  4.026451423928061e-01,  1.366272514452251e+01
s295        ,  2.544891884610722e-01,  2.982028305818416e-01,  4.428738939862794e+01
s296        ,  2.982485995455294e-01,  3.416766986131582e-01,  3.153994452498249e+01
s297        ,  3.481137343622313e-01,  3.657536614884643e-01,  2.448007681878525e+01
s298        ,  3.526397833241731e-01,  3.517366936284466e-01,  2.859014415768693e+01
s299        ,  3.179989852712529e-01,  3.165495618798921e-01,  3.890774511059237e+01
s300        ,  2.757636809786050e-01,  2.800465232864417e-01,  4.961119739727100e+01
s301        ,  3.892773998715768e-01,  3.940237364784859e-01,  1.619070118168926e+01
s302        ,  2.647069109525357e-01,  3.145761842532297e-01,  3.948638059093756e+01
s303        ,  2.939670826111614e-01,  3.519335603087144e-01,  2.853241874083735e+01
s304        ,  4.210831624843967e-01,  3.485110915240501e-01,  2.953595797348287e+01
s305        ,  3.096791680687918e-01,  3.139745108620092e-01,  3.966280377879370e+01
s306        ,  3.818026842917582e-01,  3.461580979095852e-01,  3.022590477938529e+01
s307        ,  3.609095150813969e-01,  3.232454057031120e-01,  3.694438404141976e+01
s308        ,  2.411597646293700e-01,  3.354156107225345e-01,  3.337582608668942e+01
s309        ,  3.878963941441608e-01,  3.415122271077751e-01,  3.158817100086556e+01
s310        ,  3.258173656529080e-01,  3.061244061984542e-01,  4.196461820163112e+01
s311        ,  3.530293427363137e-01,  3.244391166988300e-01,  3.659436307935540e+01
s312        ,  3.018528617684650e-01,  3.206489630896637e-01,  3.770571517162132e+01
s313        ,  3.165147624134501e-01,  3.161650690855546e-01,  3.902048641754485e+01
s314        ,  3.254223568814984e-01,  3.325431653393999e-01,  3.421808698575846e+01
s315        ,  3.159450503141960e-01,  3.194016406502184e-01,  3.807145612720036e+01
s316        ,  3.632560519463020e-01,  3.756651977034118e-01,  2.157380766826549e+01
s317        ,  2.393880636932959e-01,  2.822185888720573e-01,  4.897430246317791e+01
s318        ,  3.299331681777578e-01,  3.274915104047961e-01,  3.569933757871591e+01
s319        ,  3.061104934871230e-01,  3.521109498567080e-01,  2.848040442541961e+01
s320        ,  4.632011214667016e-01,  3.622217353268328e-01,  2.551571123739164e+01
s321        ,  2.843417672327688e-01,  3.088568969245388e-01,  4.116339492714770e+01
s322        ,  3.371500722398251e-01,  3.587645736339505e-01,  2.652942315434252e+01
s323        ,  3.686039319423406e-01,  3.693104565753997e-01,  2.343715031257005e+01
s324        ,  3.213492322200285e-01,  3.074516978807745e-01,  4.157542859606303e+01
s325        ,  3.351760333142303e-01,  3.604324611484606e-01,  2.604036374671534e+01
s326        ,  2.931935066565518e-01,  3.597898780393733e-01,  2.622878251713450e+01
s327        ,  3.259018731198677e-01,  3.162476843053403e-01,  3.899626191193649e+01
s328        ,  3.298407520206893e-01,  3.700746688413117e-01,  2.321306733645991e+01
s329        ,  3.194938209283936e-01,  3.399729475066672e-01,  3.203951988581217e+01
s330        ,  3.459676070956239e-01,  3.456788060449042e-01,  3.036644315105737e+01
s331        ,  3.272723758742512e-01,  3.332490537975024e-01,  3.401110576660120e+01
s332        ,  3.326108287350491e-01,  3.362965941147652e-01,  3.311750338076023e+01
s333        ,  3.950926495884596e-01,  4.193434265683482e-01,  8.766439935696505e+00
s334        ,  2.949640786288477e-01,  3.011027070878687e-01,  4.343708512217544e+01
s335        ,  3.029422036334947e-01,  3.063687320956645e-01,  4.189297675248174e+01
s336        ,  3.680290352655777e-01,  3.421021961866942e-01,  3.141517976150175e+01
s337        ,  2.095842824931815e-01,  2.973460398420464e-01,  4.453861831425885e+01
s338        ,  3.574290889155288e-01,  3.393987338998729e-01,  3.220789129212537e+01
s339        ,  3.094934113876675e-01,  3.130837536175656e-01,  3.992399238205224e+01
s340        ,  3.096006184895485e-01,  3.071559007378764e-01,  4.166216248802223e+01
s341        ,  4.251368861065753e-01,  3.881566711969224e-01,  1.791104709599654e+01
s342        ,  3.304603020052027e-01,  3.095975582150243e-01,  4.094621758825284e+01
s343        ,  2.900651984072795e-01,  2.943471713983303e-01,  4.541794909159038e+01
s344        ,  3.829642871784757e-01,  3.649379094532321e-01,  2.471927233026346e+01
s345        ,  2.978036844690807e-01,  3.188368440607975e-01,  3.823706626760190e+01
s346        ,  3.520522767736792e-01,  3.681869737490064e-01,  2.376657891058711e+01
s347        ,  2.542874130214282e-01,  2.943452294769752e-01,  4.541851850343578e+01
s348        ,  3.478444540314312e-01,  3.358130665719140e-01,  3.325928374161850e+01
s349        ,  3.234544796335823e-01,  3.092064817131179e-01,  4.106088937558587e+01
s350        ,  3.541125597145412e-01,  3.453672572517441e-01,  3.045779575541727e+01
s351        ,  3.738587852283149e-01,  3.871184536557017e-01,  1.821547413395941e+01
s352        ,  3.787169596864594e-01,  3.177485060254537e-01,  3.855618967984216e+01
s353        ,  3.307364261694613e-01,  3.319320805135849e-01,  3.439726980253902e+01
s354        ,  3.099376231199831e-01,  3.533997521291043e-01,  2.810250071764358e+01
s355        ,  2.640936694175295e-01,  3.206057274166133e-01,  3.771839277275834e+01
s356        ,  3.404723749290282e-01,  3.533251647169724e-01,  2.812437130260589e+01
s357        ,  3.291365235802792e-01,  3.111608561298730e-01,  4.048782603274960e+01
s358        ,  3.293936994127192e-01,  3.511406375795805e-01,  2.876492022359968e+01
s359        ,  3.541003310386388e-01,  3.641293571553593e-01,  2.495635672857760e+01
s360        ,  2.930045091334991e-01,  3.133195974541616e-01,  3.985483804999164e+01
s361        ,  3.254402877492827e-01,  3.585024152675938e-01,  2.660629345539073e+01
s362        ,  3.740728450255384e-01,  3.542414162129924e-01,  2.785570725303257e+01
s363        ,  2.839989278051633e-01,  3.259670121846709e-01,  3.614635225445208e+01
s364        ,  2.872844795965752e-01,  2.875584240114198e-01,  4.740855142339592e+01
s365        ,  3.424949250288197e-01,  3.315211039345355e-01,  3.451777670756109e+01
s366        ,  3.910819753821045e-01,  3.546614239163555e-01,  2.773255223399282e+01
s367        ,  3.763017987949026e-01,  3.568402725684331e-01,  2.709366836333361e+01
s368        ,  3.411954836427898e-01,  3.247531105729320e-01,  3.650229352626448e+01
s369        ,  3.788441935901406e-01,  3.697843603207483e-01,  2.329819184987026e+01
s370        ,  2.943092935652329e-01,  3.091188401466375e-01,  4.108658771088337e+01
s371        ,  3.611288930230376e-01,  3.673197142126549e-01,  2.402087749572384e+01
s372        ,  3.689311052207762e-01,  3.785534049635985e-01,  2.072692505808756e+01
s373        ,  2.432926146526648e-01,  2.870983463289964e-01,  4.754345579606556e+01
s374        ,  2.892573275378368e-01,  3.034065484840207e-01,  4.276155077188678e+01
s375        ,  3.674807278757085e-01,  3.571809901612902e-01,  2.699376285850715e+01
s376        ,  4.282440806387797e-01,  4.072979914608614e-01,  1.229841274982824e+01
s377        ,  3.691206426424970e-01,  3.773449739904693e-01,  2.108126222455437e+01
s378        ,  3.798602051076750e-01,  3.415546151898446e-01,  3.157574193108298e+01
s379        ,  2.957579509529457e-01,  2.994117233480351e-01,  4.393291682480266e+01
s380        ,  2.910202807204411e-01,  2.981530140195586e-01,  4.430199665375048e+01
s381        ,  3.407216064168898e-01,  3.547034263053047e-01,  2.772023625747779e+01
s382        ,  2.968841887389642e-01,  2.994073958943559e-01,  4.393418572448232e+01
s383        ,  3.646408838761149e-01,  3.370358552670262e-01,  3.290073659159653e+01
s384        ,  2.932506021659876e-01,  2.854937725495702e-01,  4.801395029598440e+01
s385        ,  3.747511312527886e-01,  3.653133200123184e-01,  2.460919412412156e+01
s386        ,  3.757314223013586e-01,  3.746367126512187e-01,  2.187538093744767e+01
s387        ,  2.822798018360685e-01,  2.909510424537028e-01,  4.641376493374742e+01
s388        ,  4.290603261943512e-01,  4.030433603899172e-01,  1.354595932184000e+01
s389        ,  3.607283139092911e-01,  3.693909226927480e-01,  2.341355596862174e+01
s390        ,  3.355447048186090e-01,  3.520934770814428e-01,  2.848552780757008e+01
s391        ,  3.170728848178653e-01,  3.221645930976489e-01,  3.726130084065548e+01
s392        ,  3.301070274496518e-01,  3.351372602422266e-01,  3.345744425327909e+01
s393        ,  3.507773516014346e-01,  3.231621753368019e-01,  3.696878892081964e+01
s394        ,  3.243042000156651e-01,  2.772630059247005e-01,  5.042738274562947e+01
s395        ,  3.022367426115909e-01,  3.334020300038472e-01,  3.396624995216218e+01
s396        ,  2.606776363619531e-01,  3.152105488682787e-01,  3.930037165438968e+01
s397        ,  3.106623095651243e-01,  3.081275116492330e-01,  4.137726590319961e+01
s398        ,  3.408812441883181e-01,  3.889184324520033e-01,  1.768768280738463e+01
s399        ,  2.471327792540375e-01,  3.016566465493451e-01,  4.327465851814240e+01
s400        ,  2.602627988296087e-01,  3.027267011627361e-01,  4.296089618656963e+01
s401        ,  2.526229840954008e-01,  3.060888446218008e-01,  4.197504559764019e+01
s402        ,  3.012505607845273e-01,  3.033297529578633e-01,  4.278406882193765e+01
s403        ,  3.441124722642947e-01,  3.746469283455505e-01,  2.187238548279324e+01
s404        ,  3.663456624686381e-01,  3.668881251726572e-01,  2.414742840422539e+01
s405        ,  3.699249649078094e-01,  3.508930384449849e-01,  2.883752145422278e+01
s406        ,  2.989025550014489e-01,  3.343943794580044e-01,  3.367527239403119e+01
s407        ,  3.062746086891894e-01,  2.752658370541314e-01,  5.101299431491980e+01
s408        ,  2.568960282350025e-01,  3.005866150097385e-01,  4.358841408400029e+01
s409        ,  3.504460771064962e-01,  3.220200085601134e-01,  3.730369604276834e+01
s410        ,  2.441820219030917e-01,  3.201647032318576e-01,  3.784771026249881e+01
s411        ,  2.985656670308606e-01,  2.966485210830810e-01,  4.474314536305604e+01
s412        ,  4.206602671899846e-01,  3.759761130982874e-01,  2.148264078949386e+01
s413        ,  3.297200192703431e-01,  3.103941005240411e-01,  4.071265476917259e+01
s414        ,  3.299537174094920e-01,  3.297713632992722e-01,  3.503083715746467e+01
s415        ,  3.514142357715472e-01,  3.155288663177093e-01,  3.920703433883234e+01
s416        ,  2.880693148677096e-01,  3.098338833987522e-01,  4.087692211517336e+01
s417        ,  2.648160251035137e-01,  2.817567595238868e-01,  4.910972046078039e+01
s418        ,  3.361158265966862e-01,  3.491081906418198e-01,  2.936087605801152e+01
s419        ,  2.843313817309785e-01,  3.002257902969260e-01,  4.369421541578684e+01
s420        ,  4.086653318866107e-01,  3.925561680799297e-01,  1.662102284631370e+01
s421        ,  2.945648749258037e-01,  3.420741326501728e-01,  3.142340857575193e+01
s422        ,  3.198415121648245e-01,  3.130149453821376e-01,  3.994416839186438e+01
s423        ,  3.457431819287231e-01,  3.298501318135211e-01,  3.500774058615331e+01
s424        ,  3.329184378144718e-01,  3.607029489816119e-01,  2.596105107226908e+01
s425        ,  3.017490009466554e-01,  3.154268069176551e-01,  3.923696028365720e+01
s426        ,  3.516200438115945e-01,  3.747330428768077e-01,  2.184713490607368e+01
s427        ,  3.134603833942083e-01,  3.183632079126042e-01,  3.837594626523429e+01
s428        ,  4.002386469560284e-01,  3.571879729378861e-01,  2.699171536276427e+01
s429        ,  3.271139391322421e-01,  3.361252168089321e-01,  3.316775478137466e+01
s430        ,  3.336468674117929e-01,  3.371468327462401e-01,  3.286819567995103e+01
s431        ,  3.524054973028489e-01,  3.363358069926297e-01,  3.310600534707816e+01
s432        ,  2.841555127790880e-01,  3.456267239139182e-01,  3.038171471817829e+01
s433        ,  3.404658463759219e-01,  3.166412553219127e-01,  3.888085868087347e+01
s434        ,  3.538819482511877e-01,  3.571071587312869e-01,  2.701541177374128e+01
s435        ,  3.399757763932839e-01,  3.222890161834908e-01,  3.722481739670162e+01
s436        ,  2.790232036656270e-01,  3.097576393542266e-01,  4.089927845930711e+01
s437        ,  3.534179964046834e-01,  3.224348843848255e-01,  3.718204579758852e+01
s438        ,  3.557570008105000e-01,  3.396712963599371e-01,  3.212797029379619e+01
s439        ,  2.721980488553641e-01,  2.923839799674371e-01,  4.599359776687495e+01
s440        ,  4.224009004310128e-01,  3.460347886790076e-01,  3.026206161774317e+01
s441        ,  3.059499862195538e-01,  3.107035309467876e-01,  4.062192331520239e+01
s442        ,  4.080702663829111e-01,  3.710848813812596e-01,  2.291685194899141e+01
s443        ,  3.177907970187364e-01,  2.872261889751424e-01,  4.750596966570622e+01
s444        ,  3.372064727277352e-01,  3.236860839734720e-01,  3.681516798099511e+01
s445        ,  3.808845894775907e-01,  3.474352087955271e-01,  2.985142922997364e+01
s446        ,  3.398124643479998e-01,  3.256515079589816e-01,  3.623886467413093e+01
s447        ,  3.331015042174243e-01,  3.367383801905163e-01,  3.298796248868859e+01
s448        ,  3.427401650526040e-01,  3.245921857673018e-01,  3.654948003580385e+01
s449        ,  3.811785384687535e-01,  3.365766089079582e-01,  3.303539720291885e+01
s450        ,  3.936724858760076e-01,  3.585326018413841e-01,  2.659744212233154e+01
s451        ,  2.836792607536900e-01,  2.880977979213258e-01,  4.725039574288790e+01
s452        ,  3.820067487524758e-01,  3.220726238484038e-01,  3.728826814280533e+01
s453        ,  3.197971848634002e-01,  3.178998916737520e-01,  3.851180025019783e+01
s454        ,  2.840492207731964e-01,  2.944949904833153e-01,  4.537460545269997e+01
s455        ,  3.289295380996844e-01,  3.149606719960539e-01,  3.937364076519412e+01
s456        ,  2.744141413404179e-01,  3.005366217054121e-01,  4.360307316357640e+01
s457        ,  2.611105769806453e-01,  2.999244287629456e-01,  4.378258090327199e+01
s458        ,  3.263658474620744e-01,  3.298541652067493e-01,  3.500655791113131e+01
s459        ,  2.969415277363106e-01,  2.822586467881338e-01,  4.896255664666645e+01
s460        ,  3.921319705097926e-01,  3.536230575707322e-01,  2.803702290451027e+01
s461        ,  2.326428979555135e-01,  2.909669121123207e-01,  4.640911161883535e+01
s462        ,  3.826962200360596e-01,  3.887123171968938e-01,  1.774812009928221e+01
s463        ,  3.693280157843884e-01,  3.146375322946389e-01,  3.946839206561457e+01
s464        ,  2.560977909662989e-01,  2.947247230371334e-01,  4.530724307621740e+01
s465        ,  3.502461683327402e-01,  3.395734548461428e-01,  3.215665946639406e+01
s466        ,  2.778157526053289e-01,  3.058210247226587e-01,  4.205357597818789e+01
s467        ,  2.872380924003551e-01,  2.960658760092250e-01,  4.491398905137316e+01
s468        ,  2.914774800332743e-01,  3.084088301066698e-01,  4.129477746381044e+01
s469        ,  3.971790599696770e-01,  3.619911116386885e-01,  2.558333491304569e+01
s470        ,  3.627719177198918e-01,  3.327775197448466e-01,  3.414936938597702e+01
s471        ,  3.324323933331337e-01,  3.336943706321460e-01,  3.388052958237861e+01
s472        ,  2.877997515332106e-01,  2.998893942490224e-01,  4.379285375349525e+01
s473        ,  3.757374999337151e-01,  3.399499801712921e-01,  3.204625438759096e+01
s474        ,  2.568357370086547e-01,  2.874218933307571e-01,  4.744858506668840e+01
s475        ,  4.085603576077300e-01,  3.929422074852587e-01,  1.650782804075968e+01
s476        ,  3.620562286483349e-01,  3.382291117215551e-01,  3.255084891048955e+01
s477        ,  3.607757962020898e-01,  3.080914056699620e-01,  4.138785292941120e+01
s478        ,  2.801658826101431e-01,  2.726740742951940e-01,  5.177295321416757e+01
s479        ,  3.100069640052550e-01,  3.189115851482959e-01,  3.821515062181682e+01
s480        ,  3.474642750814730e-01,  4.059346702150610e-01,  1.269816697490415e+01
s481        ,  2.558881068491226e-01,  3.343188069893444e-01,  3.369743181811360e+01
s482        ,  3.573635956988882e-01,  3.526240348037422e-01,  2.832995721715410e+01
s483        ,  3.634319087840275e-01,  3.405055563277213e-01,  3.188334787045999e+01
s484        ,  4.385711512863196e-01,  4.104092601443453e-01,  1.138612387778125e+01
s485        ,  3.308128664574001e-01,  2.953833220822716e-01,  4.511412809929180e+01
s486        ,  4.128201781867112e-01,  3.707832551887219e-01,  2.300529503988574e+01
s487        ,  2.921123229720385e-01,  3.255730166839351e-01,  3.626187995312560e+01
s488        ,  3.541551995743547e-01,  3.382634207659126e-01,  3.254078878307461e+01
s489        ,  3.860436533530173e-01,  3.263603962457069e-01,  3.603100384265180e+01
s490        ,  4.034893081854423e-01,  3.971005821861701e-01,  1.528850584413236e+01
s491        ,  3.095260644743733e-01,  3.036463736995941e-01,  4.269122901646740e+01
s492        ,  3.871277061112895e-01,  3.429602262494829e-01,  3.116358745051965e+01
s493        ,  2.960652162202438e-01,  3.678988972657588e-01,  2.385104894410124e+01
s494        ,  3.660452085605971e-01,  3.136480986766673e-01,  3.975851463975817e+01
s495        ,  3.363338429676201e-01,  3.262711857950343e-01,  3.605716220751785e+01
s496        ,  3.422159497617455e-01,  3.866165394925866e-01,  1.836264583538248e+01
s497        ,  3.159902657033893e-01,  3.110477144894847e-01,  4.052100152159096e+01
s498        ,  3.472376449689170e-01,  3.640006179304436e-01,  2.499410575453284e+01
s499        ,  2.973835508359319e-01,  3.050550600029914e-01,  4.227817281029132e+01
s500        ,  3.418229122033170e-01,  3.288713212817959e-01,  3.529474824983583e+01
s501        ,  3.581213543775074e-01,  3.285301758912302e-01,  3.539477919387331e+01
s502        ,  2.614321344450545e-01,  3.250932998064285e-01,  3.640254294742294e+01
s503        ,  3.881007690304034e-01,  3.917968059783848e-01,  1.684368365306791e+01
s504        ,  3.473738986326554e-01,  3.228836426959836e-01,  3.705046050067043e+01
s505        ,  3.823408435418969e-01,  3.897359002671300e-01,  1.744798419345406e+01
s506        ,  3.506593382360281e-01,  3.239702431787842e-01,  3.673184657507726e+01
s507        ,  3.661650958853160e-01,  3.416686889837002e-01,  3.154229311540238e+01
s508        ,  3.590313513939754e-01,  3.377594865996316e-01,  3.268855279155866e+01
s509        ,  3.473410711565950e-01,  3.241194000071839e-01,  3.668811068191536e+01
s510        ,  2.823312585344063e-01,  3.118931164489943e-01,  4.027311203388408e+01
s511        ,  3.944434654069573e-01,  3.596648024102759e-01,  2.626545730038146e+01
s512        ,  3.702712531526244e-01,  3.212359392419513e-01,  3.753360152077155e+01
s513        ,  3.067345842508110e-01,  3.214959038579899e-01,  3.745737447307332e+01
s514        ,  4.152315745840311e-01,  4.011130448670982e-01,  1.411196809515992e+01
s515        ,  3.940850334472998e-01,  3.067529358641116e-01,  4.178032019394874e+01
s516        ,  4.097596484681705e-01,  3.733613462551761e-01,  2.224934496603471e+01
s517        ,  3.924178649597482e-01,  3.962927442206191e-01,  1.552538078531040e+01
s518        ,  4.006045868102542e-01,  3.160700425389553e-01,  3.904835018304727e+01
s519        ,  3.177429089345927e-01,  3.320910443376405e-01,  3.435065829369898e+01
s520        ,  2.992249414239895e-01,  3.483684784945665e-01,  2.957777508831369e+01
s521        ,  3.196768127285200e-01,  3.064057370211309e-01,  4.188212613649566e+01
s522        ,  3.054834021600709e-01,  3.184774275833748e-01,  3.834245467539957e+01
s523        ,  3.919804173628093e-01,  3.646755654178866e-01,  2.479619707333179e+01
s524        ,  3.373041318694542e-01,  3.517117618331155e-01,  2.859745468009905e+01
s525        ,  3.686696993352180e-01,  3.191442708094105e-01,  3.814692233267979e+01
s526        ,  3.656157006335905e-01,  3.769325761294257e-01,  2.120218587910189e+01
s527        ,  3.181191492460722e-01,  3.226732215960780e-01,  3.711216035607244e+01
s528        ,  2.924289616161080e-01,  2.723234131591908e-01,  5.187577437324434e+01
s529        ,  3.764315778427560e-01,  4.113547463071265e-01,  1.110888761414429e+01
s530        ,  4.069348635396722e-01,  3.765366863420034e-01,  2.131826902214241e+01
s531        ,  2.746836017334675e-01,  3.114766559723020e-01,  4.039522693207676e+01
s532        ,  3.277893342024278e-01,  3.219998472859782e-01,  3.730960774886349e+01
s533        ,  3.719047035373527e-01,  3.655539982625772e-01,  2.453862224114005e+01
s534        ,  4.012806479402614e-01,  3.589112423124714e-01,  2.648641683862229e+01
s535        ,  2.854504042694033e-01,  3.234144663326037e-01,  3.689481193862923e+01
s536        ,  3.360450970551518e-01,  3.251969818874101e-01,  3.637214119870470e+01
s537        ,  3.297420264022976e-01,  3.451039365436508e-01,  3.053500687930648e+01
s538        ,  2.724861013757831e-01,  3.201123735282161e-01,  3.786305442308611e+01
s539        ,  3.471305126426427e-01,  3.256084763698259e-01,  3.625148243361333e+01
s540        ,  3.290991657411811e-01,  3.523244772818336e-01,  2.841779373067216e+01
s541        ,  2.326620745596658e-01,  3.067034133543260e-01,  4.179484122674575e+01
s542        ,  3.456910270356876e-01,  3.079683498433482e-01,  4.142393546444144e+01
s543        ,  2.845400261615328e-01,  2.672645409131299e-01,  5.335914123245784e+01
s544        ,  3.495152260396833e-01,  3.430325797130248e-01,  3.114237190587905e+01
s545        ,  3.154656949900153e-01,  3.344820035017659e-01,  3.364957919676033e+01
s546        ,  3.597382183698820e-01,  3.640631532494320e-01,  2.497576909465968e+01
s547        ,  2.730286710892002e-01,  2.842444369182071e-01,  4.838028156142436e+01
s548        ,  3.194966907439210e-01,  3.255164144954659e-01,  3.627847689537878e+01
s549        ,  3.819439317227558e-01,  4.039810995874846e-01,  1.327099462998796e+01
s550        ,  4.309276596653012e-01,  4.036839477645701e-01,  1.335812574238352e+01
s551        ,  2.731326038711657e-01,  2.982577937192018e-01,  4.427127306034680e+01
s552        ,  3.494519360539466e-01,  3.655283537236794e-01,  2.454614175483216e+01
s553        ,  3.310384344676721e-01,  3.278485218782538e-01,  3.559465436824375e+01
s554        ,  2.857682476071176e-01,  3.018956127852227e-01,  4.320458863348622e+01
s555        ,  2.942434306995658e-01,  3.451646290636607e-01,  3.051721056653045e+01
s556        ,  2.969278407515290e-01,  3.233240117991402e-01,  3.692133509451835e+01
s557        ,  3.451470710358436e-01,  3.624277069027958e-01,  2.545531607521665e+01
s558        ,  3.104132740256662e-01,  3.123310055138923e-01,  4.014471382667742e+01
s559        ,  3.434977869144114e-01,  3.372368523154425e-01,  3.284180006465564e+01
s560        ,  3.938831456017408e-01,  3.244083418092376e-01,  3.660338691887872e+01
s561        ,  3.091091411023093e-01,  3.679119016650138e-01,  2.384723578299722e+01
s562        ,  2.967807829232105e-01,  3.071697202665226e-01,  4.165811031397895e+01
s563        ,  2.549558047926404e-01,  3.209412858641022e-01,  3.762000003696199e+01
s564        ,  2.954235220552698e-01,  3.030287965818816e-01,  4.287231550864689e+01
s565        ,  3.605274781312461e-01,  3.239371394780027e-01,  3.674155327061496e+01
s566        ,  2.951155514842215e-01,  3.057329625506631e-01,  4.207939764379534e+01
s567        ,  3.587015054599469e-01,  3.641591075078416e-01,  2.494763330470449e+01
s568        ,  3.617082896247803e-01,  3.324188448093146e-01,  3.425454035822543e+01
s569        ,  3.597286858283731e-01,  3.426032777374450e-01,  3.126825219939030e+01
s570        ,  3.556392104407323e-01,  3.324218671468533e-01,  3.425365414581993e+01
s571        ,  3.602639004489001e-01,  3.218655134072710e-01,  3.734899724400227e+01
s572        ,  4.312153604367349e-01,  3.992686152384915e-01,  1.465279333291068e+01
s573        ,  3.159649497023310e-01,  2.937641226403869e-01,  4.558891114850183e+01
s574        ,  3.656105773123843e-01,  3.452083628838914e-01,  3.050438689824993e+01
s575        ,  3.488062297918545e-01,  3.375244095452090e-01,  3.275748228709267e+01
s576        ,  2.907677097183701e-01,  2.997189855148092e-01,  4.384282114870850e+01
s577        ,  3.031774726480594e-01,  3.268924833867750e-01,  3.587498479475261e+01
s578        ,  3.648245315625233e-01,  3.218451204613069e-01,  3.735497688110983e+01
s579        ,  3.607701561674609e-01,  3.256572064842809e-01,  3.623719374765480e+01
s580        ,  3.751229452249493e-01,  3.842583013234263e-01,  1.905413045411121e+01
s581        ,  3.471471301437816e-01,  3.476956619110363e-01,  2.977505894404164e+01
s582        ,  3.953183225328266e-01,  3.697712340179049e-01,  2.330204075564903e+01
s583        ,  3.276280334765511e-01,  3.223036577627611e-01,  3.722052418026924e+01
s584        ,  3.483274696967313e-01,  3.721098287606928e-01,  2.261631599925029e+01
s585        ,  3.636795644109545e-01,  4.098844708101080e-01,  1.154000305650185e+01
s586        ,  2.481423102922533e-01,  2.868765688812943e-01,  4.760848556950931e+01
s587        ,  2.631345411637266e-01,  2.800996284428627e-01,  4.959562585775455e+01
s588        ,  3.772462787558727e-01,  3.461412146220356e-01,  3.023085531144216e+01
s589        ,  3.699506978557163e-01,  3.367692261611575e-01,  3.297891780671922e+01
s590        ,  4.080798919774394e-01,  3.563081077248282e-01,  2.724971019523730e+01
s591        ,  3.627233198284863e-01,  3.311797843046572e-01,  3.461785874219928e+01
s592        ,  2.470016891971875e-01,  2.732640393733293e-01,  5.159996314791702e+01
s593        ,  2.685008647552398e-01,  3.072408337824625e-01,  4.163725834783775e+01
s594        ,  2.571819135876586e-01,  3.082456953657344e-01,  4.134261197247554e+01
s595        ,  3.046096741945610e-01,  3.983337371967849e-01,  1.492691907418705e+01
s596        ,  2.932962564895931e-01,  2.999655239944801e-01,  4.377053092423220e+01
s597        ,  4.190454465320334e-01,  3.736961839806390e-01,  2.215116356096903e+01
s598        ,  2.914532118252061e-01,  3.307630479738956e-01,  3.474005452655881e+01
s599        ,  4.062752781026900e-01,  3.996861992492828e-01,  1.453034899108575e+01
s600        ,  3.471511685824152e-01,  2.845699596913707e-01,  4.828483149466175e+01
s601        ,  3.515795377320121e-01,  3.310000408611400e-01,  3.467056326888147e+01
s602        ,  2.668016715085176e-01,  3.006607493441786e-01,  4.356667635086739e+01
s603        ,  2.686426181986058e-01,  3.056825074106935e-01,  4.209419214321487e+01
s604        ,  2.681701385508832e-01,  3.000296993468001e-01,  4.375171337237884e+01
s605        ,  3.261329152258360e-01,  2.792285454995443e-01,  4.985104554556158e+01
s606        ,  2.873274140704322e-01,  3.276794228631333e-01,  3.564423772650123e+01
s607        ,  3.712803163791649e-01,  3.655367480725573e-01,  2.454368035665397e+01
s608        ,  3.639112831354855e-01,  3.338789861056036e-01,  3.382639647489832e+01
s609        ,  3.343046893439320e-01,  3.176779789416960e-01,  3.857686969183588e+01
s610        ,  3.343797244850589e-01,  3.302905490133328e-01,  3.487860107705876e+01
s611        ,  3.423638113371397e-01,  3.389949809980775e-01,  3.232628006430695e+01
s612        ,  3.029297110362906e-01,  3.254479125333460e-01,  3.629856309946880e+01
s613        ,  4.196989461871391e-01,  4.102146713276517e-01,  1.144318137751979e+01
s614        ,  3.188431641765255e-01,  3.241983110445139e-01,  3.666497231986389e+01
s615        ,  3.288426580697588e-01,  3.221637088087044e-01,  3.726156013261831e+01
s616        ,  2.928050790423800e-01,  2.963381040867650e-01,  4.483416610097456e+01
s617        ,  2.786977690996270e-01,  2.889903913974645e-01,  4.698866871819673e+01
s618        ,  2.814924003544382e-01,  2.866198760195049e-01,  4.768375327062029e+01
s619        ,  3.762654840393755e-01,  3.665605862489585e-01,  2.424346964837728e+01
s620        ,  4.077195830571920e-01,  3.954420051638641e-01,  1.577483522124944e+01
s621        ,  3.862795794656866e-01,  3.462704529192814e-01,  3.019295994707023e+01
s622        ,  2.871208436766453e-01,  3.296086994325323e-01,  3.507853359599429e+01
s623        ,  3.384633901935590e-01,  3.220400552226058e-01,  3.729781794319740e+01
s624        ,  4.097704013612976e-01,  3.644889203524938e-01,  2.485092529950020e+01
s625        ,  3.105738368792781e-01,  3.526607902333941e-01,  2.831917975854477e+01
s626        ,  3.514279969117633e-01,  3.267609774788397e-01,  3.591354506987597e+01
s627        ,  3.507814050135403e-01,  3.210032869652010e-01,  3.760182002091666e+01
s628        ,  3.323749384435841e-01,  3.918955760154195e-01,  1.681472221808906e+01
s629        ,  3.054129561964547e-01,  2.867152746793487e-01,  4.765578039375313e+01
s630        ,  3.456187416237006e-01,  3.285746445873904e-01,  3.538174004464243e+01
s631        ,  3.427911311385674e-01,  3.358283142419362e-01,  3.325481280673599e+01
s632        ,  3.245171668015616e-01,  3.591889340178918e-01,  2.640499183857018e+01
s633        ,  4.575225281517705e-01,  4.046144169976089e-01,  1.308529275576633e+01
s634        ,  3.617034399777208e-01,  3.315653516314536e-01,  3.450480235991753e+01
s635        ,  4.224249026405583e-01,  4.064923869411399e-01,  1.253463279810444e+01
s636        ,  3.240434718187445e-01,  2.993502305400281e-01,  4.395094779871164e+01
s637        ,  3.164888547405136e-01,  3.171205913384298e-01,  3.874030736296213e+01
s638        ,  3.404861588298857e-01,  3.770074728326202e-01,  2.118022460354890e+01
s639        ,  3.384903784504644e-01,  3.113237055925828e-01,  4.044007517361047e+01
s640        ,  3.301025015382980e-01,  3.235846373781019e-01,  3.684491423870485e+01
s641        ,  3.985098556532290e-01,  3.705828466898081e-01,  2.306405899183668e+01
s642        ,  3.864695791517571e-01,  3.694003955335051e-01,  2.341077833412968e+01
s643        ,  3.365329052485860e-01,  3.181160890385953e-01,  3.844840667343622e+01
s644        ,  2.792559572339619e-01,  2.969794712207803e-01,  4.464610387980896e+01
s645        ,  3.560560712068223e-01,  3.240605487278595e-01,  3.670536710451825e+01
s646        ,  3.717550173837612e-01,  3.994126330714012e-01,  1.461056430041429e+01
s647        ,  3.499961289371213e-01,  3.463073771781422e-01,  3.018213298421545e+01
s648        ,  3.356155045608213e-01,  3.836255748783299e-01,  1.923965904506045e+01
s649        ,  3.609151245573065e-01,  3.967173341543665e-01,  1.540088216074698e+01
s650        ,  2.967930004646972e-01,  2.808515408920385e-01,  4.937514944445790e+01
s651        ,  4.101788875021543e-01,  3.942287900456346e-01,  1.613057519884618e+01
s652        ,  4.728892349883318e-01,  3.950414566903516e-01,  1.589228438822135e+01
s653        ,  3.545214117288215e-01,  3.527567885654578e-01,  2.829103104527494e+01
s654        ,  3.750141928233718e-01,  3.507666293582403e-01,  2.887458723506480e+01
s655        ,  3.521708766514586e-01,  3.474551623597911e-01,  2.984557842874510e+01
s656        ,  3.717335421883214e-01,  3.507725809755362e-01,  2.887284209673635e+01
s657        ,  3.441208254455855e-01,  3.304621911530607e-01,  3.482827202162252e+01
s658        ,  2.368548105888935e-01,  2.742107941634383e-01,  5.132235489628685e+01
s659        ,  3.171090932690834e-01,  3.168914098067632e-01,  3.880750816825680e+01
s660        ,  3.790200851348591e-01,  3.606002429278278e-01,  2.599116662945528e+01
s661        ,  3.687095274880343e-01,  3.999169040589999e-01,  1.446270152889456e+01
s662        ,  2.315298985659086e-01,  2.695689000030979e-01,  5.268345508354442e+01
s663        ,  3.640119387395722e-01,  3.692010671534728e-01,  2.346922557269571e+01
s664        ,  2.857188063426898e-01,  2.926199074545833e-01,  4.592441890672825e+01
s665        ,  3.256509504333960e-01,  3.322913451081382e-01,  3.429192592996663e+01
s666        ,  2.892912646809653e-01,  3.139367970643981e-01,  3.967386225087805e+01
s667        ,  2.837552795280425e-01,  3.195640546477326e-01,  3.802383295553938e+01
s668        ,  3.715335614278034e-01,  3.771122911538182e-01,  2.114948968549980e+01
s669        ,  3.717358113150651e-01,  3.615323488651550e-01,  2.571785372700277e+01
s670        ,  2.947655724762283e-01,  2.923030556425307e-01,  4.601732646683646e+01
s671        ,  3.071959891293752e-01,  3.394010456724763e-01,  3.220721343217969e+01
s672        ,  2.993479615742132e-01,  3.207519711330076e-01,  3.767551106479736e+01
s673        ,  3.593225247107919e-01,  3.368753006866474e-01,  3.294781454337014e+01
s674        ,  3.266518921019476e-01,  3.177822885402689e-01,  3.854628394187127e+01
s675        ,  2.996384996836147e-01,  3.013806055811220e-01,  4.335559948761760e+01
s676        ,  3.451796209978898e-01,  3.272298159058966e-01,  3.577607186415042e+01
s677        ,  2.641222815503110e-01,  2.870559787888369e-01,  4.755587884253169e+01
s678        ,  3.304311167670392e-01,  3.367108193143507e-01,  3.299604391243808e+01
s679        ,  3.628879844265776e-01,  3.331940145355857e-01,  3.402724442619009e+01
s680        ,  3.098867977998412e-01,  3.026136600712814e-01,  4.299404219236646e+01
s681        ,  3.124078424434578e-01,  3.071889675377499e-01,  4.165246661260042e+01
s682        ,  3.998283578521670e-01,  3.297846679661044e-01,  3.502693595164412e+01
s683        ,  2.934835296170684e-01,  3.314686531495901e-01,  3.453315637171219e+01
s684        ,  3.622134383455983e-01,  3.970571518961467e-01,  1.530124051102517e+01
s685        ,  4.144136208759349e-01,  3.375807897804137e-01,  3.274095042616607e+01
s686        ,  3.781881014682912e-01,  3.285661552707193e-01,  3.538422928935841e+01
s687        ,  3.587899423142989e-01,  3.748988686427524e-01,  2.179851133274711e+01
s688        ,  2.684144109503693e-01,  3.153324604475706e-01,  3.926462463654064e+01
s689        ,  3.492326363550046e-01,  3.492030551886435e-01,  2.933305979422228e+01
s690        ,  3.053784197635313e-01,  2.495194146314717e-01,  5.856238238156304e+01
s691        ,  3.056418685854862e-01,  2.853587982436078e-01,  4.805352757775228e+01
s692        ,  2.913142578793697e-01,  3.076728364408557e-01,  4.151058615779547e+01
s693        ,  3.147770284800075e-01,  3.184217020018527e-01,  3.835879457821181e+01
s694        ,  2.984705041084280e-01,  3.792473506599748e-01,  2.052344570576748e+01
s695        ,  4.012577384470942e-01,  3.778276483500955e-01,  2.093973203481314e+01
s696        ,  3.034072848090301e-01,  3.331347564033076e-01,  3.404462014656505e+01
s697        ,  3.672668652018035e-01,  3.306175697207749e-01,  3.478271178472214e+01
s698        ,  4.108239364695501e-01,  3.729849141625342e-01,  2.235972270712203e+01
s699        ,  2.757255541231750e-01,  2.974461450096096e-01,  4.450926539116124e+01
s700        ,  2.819198034544880e-01,  2.960482197759048e-01,  4.491916622725185e+01
s701        ,  3.140786847731655e-01,  2.893169731348768e-01,  4.689290814102874e+01
s702        ,  2.942837007980383e-01,  3.196738574075227e-01,  3.799163649613095e+01
s703        ,  2.899424986900252e-01,  3.271041021444707e-01,  3.581293376110609e+01
s704        ,  3.777084012576264e-01,  3.351324640182102e-01,  3.345885060619914e+01
s705        ,  3.226798684887092e-01,  3.227510415512801e-01,  3.708934192205837e+01
s706        ,  3.595823462134068e-01,  3.633222195175784e-01,  2.519302631904617e+01
s707        ,  3.763974771864712e-01,  3.225364774572611e-01,  3.715225658974797e+01
s708        ,  3.829175719132407e-01,  3.271750224425186e-01,  3.579213845048096e+01
s709        ,  3.954604723130689e-01,  3.333831486333504e-01,  3.397178636381465e+01
s710        ,  3.425489866820026e-01,  3.667790190259897e-01,  2.417942060213652e+01
s711        ,  3.300759218022618e-01,  3.750745119300239e-01,  2.174700905739616e+01
s712        ,  2.679964023023045e-01,  2.955324359244589e-01,  4.507040481058394e+01
s713        ,  3.595425435144403e-01,  3.416483893614305e-01,  3.154824538805620e+01
s714        ,  2.553853569183208e-01,  2.769206489880046e-01,  5.052776894026248e+01
s715        ,  3.219609547804439e-01,  3.193076646707407e-01,  3.809901184451024e+01
s716        ,  2.739206771298864e-01,  2.984159392023357e-01,  4.422490150613375e+01
s717        ,  3.496918866396705e-01,  3.263380193494784e-01,  3.603756521535759e+01
s718        ,  3.858037501617538e-01,  3.737862284905538e-01,  2.212476063253658e+01
s719        ,  3.656444373151383e-01,  3.722697018412765e-01,  2.256943787743116e+01
s720        ,  3.665945804148918e-01,  3.830402097261157e-01,  1.941130031708686e+01
s721        ,  2.976921642219451e-01,  2.996374752654144e-01,  4.386672165395107e+01
s722        ,  3.352058024081789e-01,  3.587081130451523e-01,  2.654597857661875e+01
s723        ,  3.380057040186947e-01,  3.401860781757292e-01,  3.197702552821798e+01
s724        ,  3.242387501915022e-01,  3.703028847079775e-01,  2.314614968428509e+01
s725        ,  3.221826279978117e-01,  2.948044039572265e-01,  4.528387896848179e+01
s726        ,  2.738917222766719e-01,  2.860138322520572e-01,  4.786145794394245e+01
s727        ,  3.810548900214357e-01,  3.281161819119139e-01,  3.551617086358980e+01
s728        ,  3.412893897345711e-01,  3.606956975311080e-01,  2.596317734880571e+01
s729        ,  2.868947364315128e-01,  3.143142329636206e-01,  3.956319017276419e+01
s730        ,  3.314426660264801e-01,  3.205058230043500e-01,  3.774768683021473e+01
s731        ,  2.684622004709819e-01,  2.986706659695832e-01,  4.415021030495075e+01
s732        ,  2.921055314645209e-01,  3.126459087617059e-01,  4.005237762624675e+01
s733        ,  3.698853057667421e-01,  3.496554183887938e-01,  2.920041746866181e+01
s734        ,  3.153497109258767e-01,  3.060216158356603e-01,  4.199475847997748e+01
s735        ,  3.434171840499868e-01,  3.621090016549430e-01,  2.554876710135995e+01
s736        ,  2.883239765709396e-01,  3.058075987468700e-01,  4.205751275432470e+01
s737        ,  3.404312799986701e-01,  3.479114313200772e-01,  2.971179085284749e+01
s738        ,  3.018129210281842e-01,  2.911953338184273e-01,  4.634213361024317e+01
s739        ,  3.135817291557892e-01,  3.220551601321688e-01,  3.729338886865915e+01
s740        ,  2.943637803121305e-01,  3.119989251960222e-01,  4.024208670232360e+01
s741        ,  3.699984862318467e-01,  3.428730967662953e-01,  3.118913563231482e+01
s742        ,  2.836716313827631e-01,  3.113325031127295e-01,  4.043749555720704e+01
s743        ,  3.859455126663645e-01,  2.908540638494466e-01,  4.644220108327038e+01
s744        ,  3.549022051232796e-01,  3.459574854514270e-01,  3.028472853644083e+01
s745        ,  3.365021664800502e-01,  3.895339311664107e-01,  1.750720574640502e+01
s746        ,  2.996679021289546e-01,  3.091338916608281e-01,  4.108217429298205e+01
s747        ,  3.496033235622116e-01,  3.508930671795485e-01,  2.883751302864938e+01
s748        ,  3.833413178741681e-01,  3.466458700827560e-01,  3.008287980438390e+01
s749        ,  3.194276290097619e-01,  3.549443945940862e-01,  2.764957932915189e+01
s750        ,  3.607086425829715e-01,  3.216439694286864e-01,  3.741395855943112e+01
s751        ,  3.933327188318541e-01,  3.300887626298751e-01,  3.493776905349753e+01
s752        ,  2.711413176352050e-01,  2.999204885178481e-01,  4.378373626531921e+01
s753        ,  3.829161641718021e-01,  3.667421772866042e-01,  2.419022336855997e+01
s754        ,  3.197877473206903e-01,  3.053982484360109e-01,  4.217754280359308e+01
s755        ,  3.496617569418546e-01,  3.669798216762272e-01,  2.412054107679637e+01
s756        ,  3.699460983440985e-01,  3.162582493625842e-01,  3.899316401678932e+01
s757        ,  3.280911972855501e-01,  3.150631296781407e-01,  3.934359803577005e+01
s758        ,  3.125936661497958e-01,  3.212132157986175e-01,  3.754026450831682e+01
s759        ,  3.749231601912195e-01,  3.453260988049919e-01,  3.046986427047743e+01
s760        ,  3.202174624481622e-01,  3.409722739919504e-01,  3.174649651662989e+01
s761        ,  4.037004208658205e-01,  3.607080037733771e-01,  2.595956890189196e+01
s762        ,  2.705693545058654e-01,  2.792535212474055e-01,  4.984372213535091e+01
s763        ,  3.632076138151025e-01,  3.199549779844768e-01,  3.790920607942664e+01
s764        ,  2.904214123983059e-01,  3.157523524706521e-01,  3.914150353737228e+01
s765        ,  3.401053585508043e-01,  3.357830841812683e-01,  3.326807520392090e+01
s766        ,  3.084050561945721e-01,  3.242391438020181e-01,  3.665299930368440e+01
s767        ,  3.291785188280746e-01,  2.908601938047908e-01,  4.644040365250640e+01
s768        ,  3.362959726167617e-01,  3.658023252890835e-01,  2.446580757742655e+01
s769        ,  4.447436541042360e-01,  3.991117257668108e-01,  1.469879659836810e+01
s770        ,  4.366827959781677e-01,  3.357732738482880e-01,  3.327095179817214e+01
s771        ,  2.732263690999292e-01,  2.945001538793349e-01,  4.537309143729022e+01
s772        ,  3.586463705210161e-01,  3.331068585658451e-01,  3.405280037439503e+01
s773        ,  3.494536072487898e-01,  3.833066724464567e-01,  1.933316788967136e+01
s774        ,  4.247318519587049e-01,  3.755196810201569e-01,  2.161647619494570e+01
s775        ,  3.400241339719085e-01,  3.097189402380041e-01,  4.091062584735987e+01
s776        ,  2.703825454286858e-01,  3.188823135954911e-01,  3.822373365163777e+01
s777        ,  3.180965813552759e-01,  3.224394624121302e-01,  3.718070342449546e+01
s778        ,  3.344616171325667e-01,  3.279529057007147e-01,  3.556404685428705e+01
s779        ,  4.009566962610436e-01,  3.343705413471980e-01,  3.368226222532886e+01
s780        ,  3.563640868327244e-01,  3.244360454117593e-01,  3.659526364478467e+01
s781        ,  2.649329396139021e-01,  3.017994517966188e-01,  4.323278504104627e+01
s782        ,  3.338551315946975e-01,  3.427474875821732e-01,  3.122596686502377e+01
s783        ,  3.045407149746746e-01,  3.462432484331657e-01,  3.020093686982358e+01
s784        ,  2.985260989809689e-01,  3.284889769993417e-01,  3.540685956829102e+01
s785        ,  3.071820525176505e-01,  3.200379479760994e-01,  3.788487754731594e+01
s786        ,  3.296681543954699e-01,  3.308906238256629e-01,  3.470264662587601e+01
s787        ,  3.465928111087382e-01,  3.227607543485989e-01,  3.708649392729749e+01
s788        ,  3.238375537313586e-01,  3.328246674648121e-01,  3.413554469108800e+01
s789        ,  3.578303916562611e-01,  4.192119699136558e-01,  8.804985768741730e+00
s790        ,  3.446858102804674e-01,  4.046807551813748e-01,  1.306584101662125e+01
s791        ,  3.249752459595651e-01,  3.128136150361017e-01,  4.000320264861914e+01
s792        ,  3.476053048360684e-01,  3.530189061378646e-01,  2.821417270586371e+01
s793        ,  3.097825366365258e-01,  2.898286709842463e-01,  4.674286765873024e+01
s794        ,  2.867393516849774e-01,  3.221730503823976e-01,  3.725882098836727e+01
s795        ,  3.702845088002308e-01,  3.418452903122865e-01,  3.149050992235537e+01
s796        ,  3.082874914963972e-01,  3.160181368127536e-01,  3.906357002460602e+01
s797        ,  2.782785712367717e-01,  3.294894263133022e-01,  3.511350696232091e+01
s798        ,  3.082196621533786e-01,  3.067133176963775e-01,  4.179193706707401e+01
s799        ,  2.516166876808906e-01,  3.357460605439456e-01,  3.327893130661352e+01
s800        ,  3.752754365991258e-01,  3.941746694492409e-01,  1.614644448654244e+01
s801        ,  3.246209635059766e-01,  3.748975687826531e-01,  2.179889247884038e+01
s802        ,  4.079792643019313e-01,  3.775199619414499e-01,  2.102995210747278e+01
s803        ,  3.649553570094187e-01,  3.815895713119719e-01,  1.983665775716031e+01
s804        ,  2.441452079849671e-01,  2.854787499378033e-01,  4.801835523909229e+01
s805        ,  3.164419790049513e-01,  2.994123001293530e-01,  4.393274770048990e+01
s806        ,  3.693024905987883e-01,  3.486174337201225e-01,  2.950477622353602e+01
s807        ,  3.191228175525491e-01,  3.498160735934328e-01,  2.915331001175634e+01
s808        ,  3.793158450067193e-01,  3.216821413271052e-01,  3.740276576263502e+01
s809        ,  3.605465652216310e-01,  3.268344782398963e-01,  3.589199311367403e+01
s810        ,  3.824385024147211e-01,  3.499672723459529e-01,  2.910897538385237e+01
s811        ,  3.580309026561524e-01,  3.749469624457366e-01,  2.178440922658388e+01
s812        ,  4.082198971938309e-01,  3.768443401183679e-01,  2.122805851794827e+01
s813        ,  3.777542847031886e-01,  3.587776314753365e-01,  2.652559432289105e+01
s814        ,  2.971435305207454e-01,  3.291347107185826e-01,  3.521751697326020e+01
s815        ,  3.213071390383087e-01,  3.382733319084595e-01,  3.253788262935577e+01
s816        ,  2.887445984618123e-01,  2.835768070503799e-01,  4.857604456392498e+01
s817        ,  3.674177460167670e-01,  3.436516502971478e-01,  3.096084749819767e+01
s818        ,  3.639907411341862e-01,  3.544129899041460e-01,  2.780539826814599e+01
s819        ,  3.711799756445687e-01,  4.185379672008438e-01,  9.002617422315073e+00
s820        ,  3.982124713714961e-01,  3.190915728907721e-01,  3.816237446158434e+01
s821        ,  4.040900310131655e-01,  3.703699665235019e-01,  2.312647989679792e+01
s822        ,  3.477446523405509e-01,  3.151277070493254e-01,  3.932466260360032e+01
s823        ,  2.954095158407338e-01,  3.175977731731723e-01,  3.860038769607850e+01
s824        ,  4.283252901174056e-01,  4.171423557864187e-01,  9.411839798331846e+00
s825        ,  3.397919403129021e-01,  3.454106574771449e-01,  3.044506990409892e+01
s826        ,  3.778871682303130e-01,  3.925178563240135e-01,  1.663225665224514e+01
s827        ,  2.337787130599568e-01,  3.312066473783945e-01,  3.460998192867637e+01
s828        ,  3.728406611540748e-01,  3.352108838190369e-01,  3.343585628493653e+01
s829        ,  2.607144883285425e-01,  2.968739545751102e-01,  4.467704356115876e+01
s830        ,  3.482088414946918e-01,  3.315845851201187e-01,  3.449916269987371e+01
s831        ,  2.919464512532615e-01,  3.524811606763800e-01,  2.837185089132882e+01
s832        ,  2.475208749435529e-01,  3.235612169186038e-01,  3.685178160592768e+01
s833        ,  3.566347081859653e-01,  3.642741511953856e-01,  2.491390009596467e+01
s834        ,  3.856874669956564e-01,  3.314152016510199e-01,  3.454882946597072e+01
s835        ,  2.944982044493083e-01,  2.996933581482096e-01,  4.385033562712458e+01
s836        ,  3.860699495992029e-01,  3.016444300687919e-01,  4.327824064504881e+01
s837        ,  2.443036554913805e-01,  2.967934678564262e-01,  4.470064394584836e+01
s838        ,  2.837466788193044e-01,  2.726293544971253e-01,  5.178606599171549e+01
s839        ,  3.354549725730311e-01,  3.640468276477857e-01,  2.498055610157762e+01
s840        ,  2.763733904068356e-01,  3.316257191223513e-01,  3.448710135245658e+01
s841        ,  3.643875992509446e-01,  3.193458382943880e-01,  3.808781854184112e+01
s842        ,  2.695598883230792e-01,  3.072365025549005e-01,  4.163852835409857e+01
s843        ,  3.362322734626774e-01,  3.251336068513294e-01,  3.639072408114392e+01
s844        ,  2.356440744998030e-01,  2.807461619257105e-01,  4.940604875535290e+01
s845        ,  3.414509738024666e-01,  3.249192730420893e-01,  3.645357122453311e+01
s846        ,  3.284946295569345e-01,  3.404023878880816e-01,  3.191359900882339e+01
s847        ,  3.382786868662267e-01,  3.301215885505712e-01,  3.492814380887475e+01
s848        ,  2.603543239280899e-01,  2.976575503074455e-01,  4.444727694839792e+01
s849        ,  3.563475623622980e-01,  3.775242949055758e-01,  2.102868159201520e+01
s850        ,  2.533481965641474e-01,  2.724597575467149e-01,  5.183579535498581e+01
s851        ,  3.334865218614329e-01,  3.276142372676084e-01,  3.566335150273369e+01
s852        ,  3.251989652472498e-01,  3.285758722729276e-01,  3.538138006163616e+01
s853        ,  3.303981460032966e-01,  3.609075157738275e-01,  2.590106782198940e+01
s854        ,  3.550119141417548e-01,  3.555548936116782e-01,  2.747056828356094e+01
s855        ,  3.394520045520492e-01,  3.417036028631313e-01,  3.153205563772840e+01
s856        ,  2.968888541973028e-01,  3.039118095489572e-01,  4.261339768904082e+01
s857        ,  4.242626628749120e-01,  3.765667352007118e-01,  2.130945807001768e+01
s858        ,  3.574550615491790e-01,  3.489200642010158e-01,  2.941603865434861e+01
s859        ,  3.027110711545371e-01,  3.074980668581285e-01,  4.156183224475053e+01
s860        ,  3.368229604072003e-01,  3.408250380312086e-01,  3.178966917132956e+01
s861        ,  3.394582604410895e-01,  3.493362055251882e-01,  2.929401733833157e+01
s862        ,  3.118273414218689e-01,  3.390238013974194e-01,  3.231782932209136e+01
s863        ,  3.561627842648784e-01,  3.342482401860701e-01,  3.371812347669801e+01
s864        ,  3.589362653848208e-01,  3.207709050727793e-01,  3.766995923873701e+01
s865        ,  3.632125925214965e-01,  3.512299722433653e-01,  2.873872543685831e+01
s866        ,  3.538675215168127e-01,  3.799897722892952e-01,  2.030575219880953e+01
s867        ,  3.310372811448682e-01,  3.250159281255608e-01,  3.642522993805215e+01
s868        ,  2.250930966754193e-01,  2.700118741886577e-01,  5.255356581289559e+01
s869        ,  3.227632236826757e-01,  3.166992040964954e-01,  3.886386689148504e+01
s870        ,  2.955305789890147e-01,  3.299222743509226e-01,  3.498658688945653e+01
s871        ,  3.263687380400568e-01,  2.933075791083216e-01,  4.572277923457205e+01
s872        ,  3.581942854285155e-01,  3.549689063817197e-01,  2.764239196175711e+01
s873        ,  3.780199537649536e-01,  3.680722659525892e-01,  2.380021362904263e+01
s874        ,  4.051572712863296e-01,  3.875662805518156e-01,  1.808416194735949e+01
s875        ,  3.637115898742233e-01,  3.815496681992041e-01,  1.984835818211278e+01
s876        ,  3.707605657787341e-01,  3.931266721409425e-01,  1.645373915619637e+01
s877        ,  3.448717819571157e-01,  3.790510557569349e-01,  2.058100346560785e+01
s878        ,  3.077154378074489e-01,  2.997009841934973e-01,  4.384809951158413e+01
s879        ,  2.822144565235117e-01,  2.914206524776188e-01,  4.627606547972903e+01
s880        ,  2.990707743641133e-01,  3.165842473498167e-01,  3.889757460734979e+01
s881        ,  2.519924028225227e-01,  3.242994001772536e-01,  3.663533087765323e+01
s882        ,  3.029935117041472e-01,  3.001522672651357e-01,  4.371577390223243e+01
s883        ,  3.513753591077723e-01,  3.253869706341709e-01,  3.631643253541757e+01
s884        ,  3.148487123515269e-01,  3.191685156527237e-01,  3.813981323892757e+01
s885        ,  3.349797306381302e-01,  3.364220206878613e-01,  3.308072569341297e+01
s886        ,  2.645821893421532e-01,  2.929945259784872e-01,  4.581457294182192e+01
s887        ,  3.560393157185437e-01,  3.238191477019661e-01,  3.677615092039129e+01
s888        ,  3.665363028937624e-01,  3.535088867285293e-01,  2.807050017679050e+01
s889        ,  2.882985069243872e-01,  2.882526058664788e-01,  4.720500282442435e+01
s890        ,  3.314401632007343e-01,  3.917023425665271e-01,  1.687138229571835e+01
s891        ,  3.187054663095563e-01,  3.019441762858153e-01,  4.319034880218735e+01
s892        ,  2.885378548431122e-01,  3.246337494070715e-01,  3.653729270969956e+01
s893        ,  4.341641481228710e-01,  3.212542092054500e-01,  3.752824438640350e+01
s894        ,  3.434520439383409e-01,  3.315632938313174e-01,  3.450540574983853e+01
s895        ,  2.977872538643522e-01,  3.038947160444827e-01,  4.261840986108472e+01
s896        ,  4.395276693832269e-01,  3.394679501670718e-01,  3.218759563888739e+01
s897        ,  4.141074145418121e-01,  3.259203737473612e-01,  3.616002761704392e+01
s898        ,  3.245936699741395e-01,  3.010201297653927e-01,  4.346129851550214e+01
s899        ,  2.759455078310450e-01,  3.034358601127564e-01,  4.275295599096700e+01
s900        ,  2.812910468510978e-01,  2.937691346959321e-01,  4.558744150927578e+01
s901        ,  4.368412206448667e-01,  3.862223032110124e-01,  1.847824413601997e+01
s902        ,  2.476616888757790e-01,  2.919633842501229e-01,  4.611692520386979e+01
s903        ,  4.064063930352827e-01,  3.775706898373353e-01,  2.101507763032963e+01
s904        ,  2.692313868191551e-01,  3.416092334376215e-01,  3.155972672162128e+01
s905        ,  3.857159716978104e-01,  3.454314554122278e-01,  3.043897151573459e+01
s906        ,  2.875408284403677e-01,  2.855571234312786e-01,  4.799537449611095e+01
s907        ,  3.309853692311254e-01,  3.138280860567897e-01,  3.970573858577534e+01
s908        ,  3.448811689194689e-01,  3.149754570991616e-01,  3.936930546457903e+01
s909        ,  3.108819018906574e-01,  3.218228159384790e-01,  3.736151703242501e+01
s910        ,  2.601667533352491e-01,  2.762306598398715e-01,  5.073008815011296e+01
s911        ,  2.987315837360676e-01,  3.048585372634299e-01,  4.233579737655197e+01
s912        ,  3.440343127256966e-01,  3.347463951822281e-01,  3.357205404143451e+01
s913        ,  2.676759227439509e-01,  2.986149976632012e-01,  4.416653341349733e+01
s914        ,  3.362930685924894e-01,  3.483750677422771e-01,  2.957584298344810e+01
s915        ,  3.076052608078511e-01,  3.280693176604451e-01,  3.552991243960309e+01
s916        ,  3.754348103699239e-01,  3.434508193102906e-01,  3.101973533242575e+01
s917        ,  2.590598828517826e-01,  3.045076988283276e-01,  4.243867052342265e+01
s918        ,  4.961505633465160e-01,  3.949519171384924e-01,  1.591853925241962e+01
s919        ,  2.931955880287684e-01,  3.513531177271364e-01,  2.870261661247950e+01
s920        ,  2.474840765757152e-01,  2.795061459298316e-01,  4.976964730928230e+01
s921        ,  3.442280024555943e-01,  4.126822680158929e-01,  1.071963056002442e+01
s922        ,  3.930300610882673e-01,  3.984522568398270e-01,  1.489216664279461e+01
s923        ,  3.214733830150857e-01,  3.021181140098809e-01,  4.313934663354259e+01
s924        ,  2.534416607722896e-01,  2.847670565127386e-01,  4.822703859564137e+01
s925        ,  4.195798862194213e-01,  3.905568669881129e-01,  1.720725962734718e+01
s926        ,  2.890808494142250e-01,  2.952076596715623e-01,  4.516563598203357e+01
s927        ,  2.735614386165569e-01,  2.874678426051472e-01,  4.743511178103893e+01
s928        ,  2.920421471112219e-01,  2.961250370005665e-01,  4.489664181474694e+01
s929        ,  3.493227439756055e-01,  3.534670464715551e-01,  2.808276861282874e+01
s930        ,  3.134104047515290e-01,  3.500689849273376e-01,  2.907915113349528e+01
s931        ,  3.884821591695420e-01,  3.582643349705616e-01,  2.667610356429874e+01
s932        ,  3.555147722726067e-01,  3.243615824051612e-01,  3.661709775144963e+01
s933        ,  4.127638757436791e-01,  3.320777165579185e-01,  3.435456627670091e+01
s934        ,  2.485124345085235e-01,  2.804577404593981e-01,  4.949061994509717e+01
s935        ,  2.511088031672664e-01,  2.707925695320273e-01,  5.232464965467504e+01
s936        ,  2.604780194318803e-01,  3.069704869677710e-01,  4.171652967273032e+01
s937        ,  3.411489425468267e-01,  3.974423958766521e-01,  1.518827894062017e+01
s938        ,  3.511005950375960e-01,  3.092585566092537e-01,  4.104561992987392e+01
s939        ,  2.747398030122069e-01,  3.003797908758686e-01,  4.364905923393602e+01
s940        ,  3.417465604863621e-01,  3.891803652712041e-01,  1.761087864146694e+01
s941        ,  2.992769914824235e-01,  3.157622453881855e-01,  3.913860272760752e+01
s942        ,  2.877311772316790e-01,  2.990771434642571e-01,  4.403102262530835e+01
s943        ,  3.224976287094988e-01,  3.402610239380423e-01,  3.195504986750818e+01
s944        ,  2.872161365477828e-01,  3.125113673829699e-01,  4.009182796472193e+01
s945        ,  3.039291705890396e-01,  3.212119838617039e-01,  3.754062573791531e+01
s946        ,  3.820695206088657e-01,  3.701964558804388e-01,  2.317735683638480e+01
s947        ,  3.338965049246589e-01,  2.701559577093692e-01,  5.251131751936561e+01
s948        ,  2.895186753893665e-01,  3.132375650587919e-01,  3.987889165932483e+01
s949        ,  3.285081864326909e-01,  3.088242360632006e-01,  4.117297177292399e+01
s950        ,  3.631800436830665e-01,  3.732305719746505e-01,  2.228769071274147e+01
s951        ,  2.321785877905577e-01,  2.963626364794941e-01,  4.482697269173597e+01
s952        ,  3.942514198985953e-01,  4.035656233800861e-01,  1.339282091989409e+01
s953        ,  4.109179543283764e-01,  3.949002880261719e-01,  1.593367798501885e+01
s954        ,  3.824721552405599e-01,  3.779068920503637e-01,  2.091649612904964e+01
s955        ,  2.687072927169935e-01,  3.212596289106183e-01,  3.752665521580533e+01
s956        ,  3.979821694304178e-01,  3.567243015006535e-01,  2.712767349930158e+01
s957        ,  2.899775316226321e-01,  3.159902292872356e-01,  3.907175309317596e+01
s958        ,  3.788440459260153e-01,  3.381045521626412e-01,  3.258737237119463e+01
s959        ,  3.097885661746670e-01,  3.127229627135297e-01,  4.002978380040032e+01
s960        ,  2.673850340403868e-01,  3.120767753532157e-01,  4.021925941245571e+01
s961        ,  3.243475522827328e-01,  3.194046982360785e-01,  3.807055957925181e+01
s962        ,  2.853383177579654e-01,  3.020066056302093e-01,  4.317204321627566e+01
s963        ,  3.492156404114884e-01,  3.184280322375489e-01,  3.835693842107126e+01
s964        ,  2.774300864992933e-01,  3.007564617530585e-01,  4.353861147623876e+01
s965        ,  3.171942496841062e-01,  2.969890594734871e-01,  4.464329240412601e+01
s966        ,  2.734218027896025e-01,  2.912794792458560e-01,  4.631746041583719e+01
s967        ,  3.303895856524011e-01,  3.483898016566677e-01,  2.957152269243253e+01
s968        ,  3.379779199025550e-01,  3.544561965786389e-01,  2.779272916999087e+01
s969        ,  3.659302513196352e-01,  3.349383989173502e-01,  3.351575454153170e+01
s970        ,  3.452495236560603e-01,  3.275394622553658e-01,  3.568527709596137e+01
s971        ,  2.851883014226236e-01,  3.122096994773206e-01,  4.018028328677065e+01
s972        ,  3.257825344175761e-01,  3.305424039913165e-01,  3.480475194438696e+01
s973        ,  3.559590726598347e-01,  3.250171709368047e-01,  3.642486551987322e+01
s974        ,  3.244218696610479e-01,  3.291002062198688e-01,  3.522763441196913e+01
s975        ,  3.575434229776818e-01,  3.131107191045001e-01,  3.991608553884380e+01
s976        ,  3.508196626692490e-01,  3.845071014517616e-01,  1.898117706707362e+01
s977        ,  3.094780913347707e-01,  3.086156448884574e-01,  4.123413505610026e+01
s978        ,  2.679411357443860e-01,  3.215917472715688e-01,  3.742927118513446e+01
s979        ,  3.294468669232396e-01,  4.004103808782472e-01,  1.431800383267750e+01
s980        ,  2.682884487390532e-01,  2.804150788130237e-01,  4.950312922963989e+01
s981        ,  3.690259273299634e-01,  3.347844408032852e-01,  3.356089827179469e+01
s982        ,  3.599308410073728e-01,  3.447368063403518e-01,  3.064265711242199e+01
s983        ,  3.033741189947783e-01,  3.032130592861887e-01,  4.281828584043953e+01
s984        ,  3.990606361986817e-01,  3.257728789037128e-01,  3.620327618161151e+01
s985        ,  2.458061579719099e-01,  2.639050475682656e-01,  5.434421475262835e+01
s986        ,  3.674574317411205e-01,  3.390557120026962e-01,  3.230847246704089e+01
s987        ,  3.618389636623023e-01,  3.191171376531216e-01,  3.815487834004016e+01
s988        ,  3.706023012861709e-01,  3.402060452756968e-01,  3.197117075803882e+01
s989        ,  3.267317558382980e-01,  3.357153024928754e-01,  3.328795020873088e+01
s990        ,  3.568657105740528e-01,  3.811716152660469e-01,  1.995921118744624e+01
s991        ,  2.691831861033237e-01,  2.763240988291620e-01,  5.070268988952636e+01
s992        ,  3.535454705333178e-01,  3.004999566537022e-01,  4.361382412148804e+01
s993        ,  3.585598735365578e-01,  3.479624332935469e-01,  2.969683601043999e+01
s994        ,  3.020201873530365e-01,  3.421321341019024e-01,  3.140640134032531e+01
s995        ,  2.226508985115376e-01,  2.707374453172579e-01,  5.234081322421229e+01
s996        ,  3.542347072493316e-01,  3.339036637524541e-01,  3.381916047412171e+01
s997        ,  3.018965630826722e-01,  2.721356067967927e-01,  5.193084311591675e+01
s998        ,  3.248834775025297e-01,  3.179232192614127e-01,  3.850496011493483e+01
s999        ,  3.245798973395961e-01,  3.109525759483384e-01,  4.054889812623051e+01
s1000       ,  4.229046884097925e-01,  3.907274443756101e-01,  1.715724277947331e+01
s1001       ,  3.687810356407749e-01,  3.407669761714642e-01,  3.180669411964609e+01
s1002       ,  2.771840194067590e-01,  3.155933676678935e-01,  3.918812119760561e+01
s1003       ,  3.773312531679570e-01,  3.850939608484812e-01,  1.880909765139164e+01
s1004       ,  3.054117424504427e-01,  3.123949248365760e-01,  4.012597134805358e+01
s1005       ,  3.385236329700146e-01,  3.503507905838246e-01,  2.899651983718270e+01
s1006       ,  4.167296916398009e-01,  3.045837703821241e-01,  4.241636475716842e+01
s1007       ,  3.320487440508861e-01,  3.187130775367893e-01,  3.827335719393172e+01
s1008       ,  3.136740188462037e-01,  3.628292008564288e-01,  2.533758967375287e+01
s1009       ,  3.593194801918262e-01,  3.576996546090240e-01,  2.684167962426069e+01
s1010       ,  3.386964235398171e-01,  3.642476561922008e-01,  2.492166898352448e+01
s1011       ,  3.250388323362358e-01,  3.279251973384543e-01,  3.557217152403573e+01
s1012       ,  2.909569628391213e-01,  2.820920137774679e-01,  4.901141692098260e+01
s1013       ,  3.150008570990088e-01,  3.081836280186623e-01,  4.136081141322200e+01
s1014       ,  2.705688582831416e-01,  2.703516560752852e-01,  5.245393467665239e+01
s1015       ,  2.627454581345986e-01,  2.899201286914442e-01,  4.671605035137825e+01
s1016       ,  4.030578873542974e-01,  3.575539447115506e-01,  2.688440480537983e+01
s1017       ,  3.593872438775090e-01,  3.371929711370014e-01,  3.285466694143702e+01
s1018       ,  2.427981414978236e-01,  2.809602116367628e-01,  4.934328491547803e+01
s1019       ,  3.667702659774850e-01,  3.750771621655179e-01,  2.174623195307139e+01
s1020       ,  2.443455242532603e-01,  3.134036905771155e-01,  3.983018019234861e+01
s1021       ,  3.517001221268577e-01,  3.844624828046753e-01,  1.899426018504369e+01
s1022       ,  2.465884136726172e-01,  2.867410337835782e-01,  4.764822728711621e+01
s1023       ,  3.973866202773900e-01,  3.257102470317110e-01,  3.622164115284205e+01
s1024       ,  2.954254385322262e-01,  2.982939540625502e-01,  4.426067009345383e+01
s1025       ,  3.194737803651596e-01,  3.593117161533620e-01,  2.636898955549180e+01
s1026       ,  2.845215502906833e-01,  3.067535971390366e-01,  4.178012629434801e+01
s1027       ,  3.801444592417467e-01,  3.966767172549110e-01,  1.541279188284426e+01
s1028       ,  3.280565754548467e-01,  3.183746073405475e-01,  3.837260371519498e+01
s1029       ,  3.320425958711730e-01,  3.490747610213272e-01,  2.937067832000645e+01
s1030       ,  3.688103106871887e-01,  3.581661642694914e-01,  2.670488926147200e+01
s1031       ,  3.177581036079268e-01,  3.114827581042967e-01,  4.039343765969920e+01
s1032       ,  2.886686636822086e-01,  3.182397622930286e-01,  3.841214309569113e+01
s1033       ,  3.502857082190677e-01,  3.472309246787225e-01,  2.991132959392683e+01
s1034       ,  2.612720878184224e-01,  3.049063521918358e-01,  4.232177704223175e+01
s1035       ,  3.090655311957510e-01,  3.054795738022408e-01,  4.215369650995073e+01
s1036       ,  2.315433826576645e-01,  2.842430308043467e-01,  4.838069386333662e+01
s1037       ,  3.217591519820785e-01,  3.186540868038192e-01,  3.829065450725226e+01
s1038       ,  3.897883572896937e-01,  3.882082740828102e-01,  1.789591605353438e+01
s1039       ,  3.933052255643392e-01,  3.866129745923338e-01,  1.836369113849238e+01
s1040       ,  3.351679701489885e-01,  3.307449119184787e-01,  3.474537239628429e+01
s1041       ,  4.495450075554298e-01,  3.884155253633283e-01,  1.783514565529207e+01
