# c0 + a0 * ((SBI / NBI) + (face-area-avg + B))
# Property Label: $E$; Unit of the Property: Unitless
# RMSE: 0.0328482410723998; Max AE: 0.12702546110062
# Coefficients
# Task   a0                      c0
# all , -6.968002228041824e-02,  5.645285472347726e-01, 
# Feature Rung, Units, and Expressions
# 0;  2; Unitless;                                         5|4|div|32|8|add|add; ((SBI / NBI) + (face-area-avg + B)); $\left(\left(\frac{ SBI }{ NBI } \right) + \left(face-area-avg + B\right)\right)$; ((SBI ./ NBI) + (face_sub_area_sub_avg + B)); ((newdata$SBI / newdata$NBI) + (newdata$face_sub_area_sub_avg + newdata$B)); SBI,NBI,face-area-avg,B
# Number of Samples Per Task
# Task, n_samples               
# all , 1041                  

# Sample ID , Property Value        ,  Property Value (EST) ,  Feature 0 Value      
s1          ,  3.651132093274850e-01,  3.548718028248122e-01,  3.008850134493700e+00
s2          ,  4.250240521814745e-01,  3.453700533188249e-01,  3.145212741666079e+00
s3          ,  2.746380789449931e-01,  2.961310510889885e-01,  3.851857209024031e+00
s4          ,  3.247370215691567e-01,  3.080954536421733e-01,  3.680152290431502e+00
s5          ,  3.450588503436838e-01,  3.263494825260925e-01,  3.418182958526610e+00
s6          ,  3.418868902527870e-01,  3.597431051539872e-01,  2.938940536738821e+00
s7          ,  3.253614410179195e-01,  3.608852042067877e-01,  2.922549912634193e+00
s8          ,  3.920908336338758e-01,  3.201928510206260e-01,  3.506538721110755e+00
s9          ,  3.897447923973993e-01,  3.911962945870979e-01,  2.487545884387372e+00
s10         ,  3.161197563926354e-01,  3.469392363224394e-01,  3.122692900938998e+00
s11         ,  3.431871249187676e-01,  2.839668795917930e-01,  4.026429074805623e+00
s12         ,  2.917324756968375e-01,  3.053210296924023e-01,  3.719968924510719e+00
s13         ,  2.447364458196310e-01,  2.984795762206472e-01,  3.818152783353682e+00
s14         ,  3.105728952400728e-01,  2.904444090294351e-01,  3.933468004678894e+00
s15         ,  3.795908353494076e-01,  3.397666915718667e-01,  3.225628355260579e+00
s16         ,  3.670742293030571e-01,  3.845206384307854e-01,  2.583350333608803e+00
s17         ,  2.954366621683970e-01,  3.015451368822882e-01,  3.774157954401073e+00
s18         ,  3.635454507147386e-01,  3.350717480233585e-01,  3.293006972471893e+00
s19         ,  3.651486704953139e-01,  3.799411670882975e-01,  2.649071772733182e+00
s20         ,  3.399672486499590e-01,  2.986489602311261e-01,  3.815721899939247e+00
s21         ,  3.890225043355258e-01,  3.512923975428462e-01,  3.060219309830084e+00
s22         ,  2.558533901530953e-01,  2.732140908478446e-01,  4.180745741075838e+00
s23         ,  4.117639764254846e-01,  3.837847863842381e-01,  2.593910778661274e+00
s24         ,  3.311791000527954e-01,  3.393984510656000e-01,  3.230913091031541e+00
s25         ,  3.690868050126928e-01,  3.795829923563443e-01,  2.654212051398877e+00
s26         ,  2.979562579207253e-01,  2.600710382599279e-01,  4.369365838455028e+00
s27         ,  3.397813902812787e-01,  3.500705987965161e-01,  3.077753729400346e+00
s28         ,  2.613491376061739e-01,  2.932412519348322e-01,  3.893329629089092e+00
s29         ,  3.947313720925611e-01,  3.890397033041202e-01,  2.518495806795531e+00
s30         ,  2.592589137508671e-01,  3.013394049858099e-01,  3.777110477803696e+00
s31         ,  3.031212395007984e-01,  3.272070485145856e-01,  3.405875758264218e+00
s32         ,  3.857616783620361e-01,  3.407152473304808e-01,  3.212015332078744e+00
s33         ,  4.141193231435004e-01,  3.741326409331868e-01,  2.732431765526167e+00
s34         ,  4.179319881718991e-01,  3.468839431583811e-01,  3.123486430594253e+00
s35         ,  3.612111930609704e-01,  3.883405156066569e-01,  2.528530070198167e+00
s36         ,  3.787074193034875e-01,  3.189464080720543e-01,  3.524426817408363e+00
s37         ,  3.867254135891385e-01,  3.336886792475212e-01,  3.312855829153818e+00
s38         ,  3.446930711358910e-01,  3.501025982912526e-01,  3.077294494548100e+00
s39         ,  2.876898720952064e-01,  3.481278534552106e-01,  3.105634681181436e+00
s40         ,  3.049912944269815e-01,  3.327726302420215e-01,  3.326002337658267e+00
s41         ,  3.032122447573497e-01,  3.163309071674114e-01,  3.561962696689761e+00
s42         ,  3.284012713704346e-01,  3.228478098126334e-01,  3.468436569229648e+00
s43         ,  3.521735822893021e-01,  3.636812339984493e-01,  2.882423206296338e+00
s44         ,  3.330769886831567e-01,  3.380187834437764e-01,  3.250713136678357e+00
s45         ,  3.222694574216643e-01,  3.314209739992993e-01,  3.345400383159496e+00
s46         ,  3.537154217541030e-01,  3.238754116756551e-01,  3.453689130446028e+00
s47         ,  3.064622412169097e-01,  3.121362830204286e-01,  3.622161072202648e+00
s48         ,  2.709027668189650e-01,  2.624698102901072e-01,  4.334940303679427e+00
s49         ,  3.986674224858993e-01,  3.461726466927963e-01,  3.133694470751332e+00
s50         ,  3.630933243380700e-01,  3.234676245262373e-01,  3.459541412579015e+00
s51         ,  3.785261269820064e-01,  3.743136102725521e-01,  2.729834617399018e+00
s52         ,  3.404870415156796e-01,  3.055942795444475e-01,  3.716047429610135e+00
s53         ,  2.464211996641334e-01,  3.394400266866586e-01,  3.230316426166949e+00
s54         ,  4.479825317233843e-01,  3.927583410282415e-01,  2.465128462721556e+00
s55         ,  3.436317929445776e-01,  3.208404329631961e-01,  3.497245068190208e+00
s56         ,  3.917346641556894e-01,  3.875220604986791e-01,  2.540275977865705e+00
s57         ,  3.497750017469617e-01,  3.622086189152182e-01,  2.903557170308356e+00
s58         ,  4.567353100642558e-01,  3.762454484797333e-01,  2.702110197343485e+00
s59         ,  3.347920174849711e-01,  3.425490083702424e-01,  3.185698448419008e+00
s60         ,  2.709373029897972e-01,  2.921618314532451e-01,  3.908820733228570e+00
s61         ,  2.790893938381299e-01,  3.103416316440178e-01,  3.647916680735440e+00
s62         ,  3.360458157463063e-01,  3.397322988046427e-01,  3.226121936721927e+00
s63         ,  4.093736118424267e-01,  3.866334415550994e-01,  2.553028828890976e+00
s64         ,  3.302497794709098e-01,  3.841276402361117e-01,  2.588990374782902e+00
s65         ,  3.637362750415415e-01,  3.784256928485218e-01,  2.670820822032805e+00
s66         ,  3.848471859724885e-01,  3.569118483168989e-01,  2.979572797527922e+00
s67         ,  3.211750777924535e-01,  3.466436348566559e-01,  3.126935170905472e+00
s68         ,  4.095598752010021e-01,  3.788274791216837e-01,  2.665054660369639e+00
s69         ,  3.476279282639844e-01,  3.702957775645822e-01,  2.787495803151811e+00
s70         ,  3.542202710009075e-01,  3.573579543270516e-01,  2.973170589326017e+00
s71         ,  3.324591144603498e-01,  3.205220003712609e-01,  3.501814994856617e+00
s72         ,  3.490784623419291e-01,  3.771468245902487e-01,  2.689174264187667e+00
s73         ,  2.871691931895054e-01,  3.071679706748180e-01,  3.693462891332616e+00
s74         ,  4.049442418517104e-01,  3.834092083950660e-01,  2.599300816966093e+00
s75         ,  3.439829269029567e-01,  3.438429263708689e-01,  3.167129022659938e+00
s76         ,  3.071028154909760e-01,  3.224894099791340e-01,  3.473580078398704e+00
s77         ,  2.780468433194506e-01,  3.140615197663847e-01,  3.594531391801452e+00
s78         ,  2.669617651637353e-01,  3.011217332729033e-01,  3.780234353281672e+00
s79         ,  3.541307689639985e-01,  3.542778886063751e-01,  3.017373584960564e+00
s80         ,  3.629523222745701e-01,  3.357069832953721e-01,  3.283890510518750e+00
s81         ,  2.554152131748840e-01,  3.080296321863448e-01,  3.681096914926076e+00
s82         ,  3.259366268272620e-01,  3.319054745915958e-01,  3.338447162186823e+00
s83         ,  2.722850822770267e-01,  3.157046849075477e-01,  3.570949810059841e+00
s84         ,  3.998438077165619e-01,  3.293449150477283e-01,  3.375194560652955e+00
s85         ,  3.012322773461942e-01,  3.289444532244841e-01,  3.380941714717181e+00
s86         ,  3.200453803456573e-01,  3.318594506991907e-01,  3.339107665597971e+00
s87         ,  3.352140969143458e-01,  3.310597133938468e-01,  3.350584948170090e+00
s88         ,  3.302506455484479e-01,  3.299469850891715e-01,  3.366554063395072e+00
s89         ,  3.471406078486814e-01,  3.587008237211306e-01,  2.953898646663960e+00
s90         ,  3.483351733862548e-01,  3.398568368225161e-01,  3.224334652306716e+00
s91         ,  3.564650130752042e-01,  3.936692379905333e-01,  2.452055892815850e+00
s92         ,  2.923433543076974e-01,  2.894341520105028e-01,  3.947966522128654e+00
s93         ,  3.745472031333225e-01,  3.483140091043195e-01,  3.102963102685669e+00
s94         ,  3.437578785209007e-01,  3.552696828353420e-01,  3.003140032838902e+00
s95         ,  2.980732528469880e-01,  2.869787427297005e-01,  3.983204875970172e+00
s96         ,  3.581539694897533e-01,  3.400851593005424e-01,  3.221057924335714e+00
s97         ,  4.279362669937736e-01,  3.962463357900015e-01,  2.415071148621927e+00
s98         ,  2.896944279808133e-01,  3.166851427162422e-01,  3.556878950484786e+00
s99         ,  2.909528202324455e-01,  2.640263471909096e-01,  4.312601951166588e+00
s100        ,  3.111721139319150e-01,  3.237502868333587e-01,  3.455484836563814e+00
s101        ,  3.241780336567121e-01,  3.349212040708881e-01,  3.295167476265428e+00
s102        ,  3.096847321141750e-01,  2.599141813233702e-01,  4.371616941876415e+00
s103        ,  3.391049191815317e-01,  3.612120393593897e-01,  2.917859398166694e+00
s104        ,  2.515445686944838e-01,  2.743020325452569e-01,  4.165132346277628e+00
s105        ,  3.580226031747242e-01,  3.414649480316105e-01,  3.201256140611889e+00
s106        ,  3.582576851144277e-01,  3.870391551890667e-01,  2.547206304432895e+00
s107        ,  3.406125813060369e-01,  3.073652580124626e-01,  3.690631558460038e+00
s108        ,  3.541195107207772e-01,  3.735580901984143e-01,  2.740677324525277e+00
s109        ,  3.030334722988908e-01,  3.138496715011849e-01,  3.597571693142735e+00
s110        ,  3.844717335443058e-01,  3.168943135369534e-01,  3.553877073994714e+00
s111        ,  3.518414134147780e-01,  3.783257137856014e-01,  2.672255653131425e+00
s112        ,  3.724995886738390e-01,  3.700174784236953e-01,  2.791489761990786e+00
s113        ,  3.276637756053076e-01,  3.418910525742769e-01,  3.195140979784994e+00
s114        ,  3.975727278995340e-01,  3.777197059063965e-01,  2.680952663542329e+00
s115        ,  4.661802026900197e-01,  3.703371799709031e-01,  2.786901624146609e+00
s116        ,  3.149444114213277e-01,  3.363632067834292e-01,  3.274472840050502e+00
s117        ,  2.617905198031230e-01,  2.832821064836507e-01,  4.036256469885759e+00
s118        ,  2.697626524103243e-01,  2.959426116335175e-01,  3.854561563145972e+00
s119        ,  3.390451473349576e-01,  3.195880856096995e-01,  3.515217900467109e+00
s120        ,  3.261908135769222e-01,  3.446347664740049e-01,  3.155765075330109e+00
s121        ,  3.485047140780971e-01,  3.684910390508768e-01,  2.813396175376757e+00
s122        ,  2.626009490674024e-01,  3.131607517152686e-01,  3.607458598504847e+00
s123        ,  2.763746480585029e-01,  2.734221666433136e-01,  4.177759579638752e+00
s124        ,  3.084637495449347e-01,  3.254925218172628e-01,  3.430481472229447e+00
s125        ,  3.788458996149217e-01,  3.259735363214191e-01,  3.423578281208346e+00
s126        ,  3.251157603452653e-01,  3.175998719748064e-01,  3.543751382085294e+00
s127        ,  2.834263508079372e-01,  2.695726434280543e-01,  4.233005302720864e+00
s128        ,  3.547356336228297e-01,  3.836537689790906e-01,  2.595791050809008e+00
s129        ,  2.905669611170635e-01,  3.073021656478781e-01,  3.691537016904504e+00
s130        ,  3.001710267623137e-01,  3.575589247856124e-01,  2.970286398822288e+00
s131        ,  3.234187238329760e-01,  3.315877688447729e-01,  3.343006657669536e+00
s132        ,  2.761295727416017e-01,  3.025962592124312e-01,  3.759072965967618e+00
s133        ,  3.187185284669714e-01,  3.089093658075691e-01,  3.668471579967314e+00
s134        ,  2.870198930068550e-01,  2.987472157690380e-01,  3.814311803692199e+00
s135        ,  3.783093309701865e-01,  3.415406028495208e-01,  3.200170394433368e+00
s136        ,  3.883241345589045e-01,  3.721783420210761e-01,  2.760478526249719e+00
s137        ,  2.784112215023900e-01,  3.164294477456374e-01,  3.560548509739169e+00
s138        ,  3.453346818049723e-01,  3.388112360651763e-01,  3.239340398905532e+00
s139        ,  3.244324492872825e-01,  3.445695327078050e-01,  3.156701265705270e+00
s140        ,  3.327862834846864e-01,  3.102603802390647e-01,  3.649082745301639e+00
s141        ,  3.557762179436731e-01,  3.511801674349296e-01,  3.061829959543499e+00
s142        ,  2.749368728938547e-01,  2.795218561507447e-01,  4.090221009646859e+00
s143        ,  3.361413138168960e-01,  3.761699203743020e-01,  2.703194125031213e+00
s144        ,  3.409974995595333e-01,  3.608848424474982e-01,  2.922555104355976e+00
s145        ,  3.763216171571199e-01,  3.631673787242385e-01,  2.889797705577391e+00
s146        ,  3.752831948694745e-01,  3.763167313730271e-01,  2.701087194035494e+00
s147        ,  3.654575252194441e-01,  3.643671147755159e-01,  2.872579914709742e+00
s148        ,  3.473385960617674e-01,  3.469671508905837e-01,  3.122292290158020e+00
s149        ,  2.849292163595314e-01,  3.227967169807505e-01,  3.469169818591671e+00
s150        ,  3.503331909216502e-01,  3.775218429186449e-01,  2.683792257751346e+00
s151        ,  3.330423635366063e-01,  3.425916404004427e-01,  3.185086622693282e+00
s152        ,  3.630680102987860e-01,  3.324807164579170e-01,  3.330191684540644e+00
s153        ,  3.816822758848153e-01,  3.637474521820495e-01,  2.881472888236252e+00
s154        ,  3.320898103001320e-01,  3.406938842420575e-01,  3.212321920505729e+00
s155        ,  3.864039977120127e-01,  3.246987638755169e-01,  3.441872943066692e+00
s156        ,  2.690214273922155e-01,  2.971957739905434e-01,  3.836577034496100e+00
s157        ,  3.092688252015169e-01,  3.298811894991306e-01,  3.367498316681560e+00
s158        ,  3.521824739407696e-01,  3.598732452191962e-01,  2.937072855573548e+00
s159        ,  3.604301286467682e-01,  3.610357808860638e-01,  2.920388939167937e+00
s160        ,  2.959798492012398e-01,  2.989988683506334e-01,  3.810700258038801e+00
s161        ,  3.194137955766546e-01,  2.907425400956929e-01,  3.929189431617335e+00
s162        ,  3.677213080484411e-01,  3.138984104157866e-01,  3.596872225590822e+00
s163        ,  3.585762742017419e-01,  3.401777190321957e-01,  3.219729570402633e+00
s164        ,  4.006335057182285e-01,  3.771680127088794e-01,  2.688870186807418e+00
s165        ,  3.287266930084647e-01,  3.646036054027734e-01,  2.869185963050171e+00
s166        ,  2.950048096243486e-01,  3.351797383636443e-01,  3.291457169002381e+00
s167        ,  3.519819712307287e-01,  3.155499808893966e-01,  3.573170016269427e+00
s168        ,  4.374575067359432e-01,  3.865584443838912e-01,  2.554105136974035e+00
s169        ,  4.091080766385897e-01,  3.645358636546381e-01,  2.870158146265940e+00
s170        ,  3.398244019971832e-01,  3.229084017215691e-01,  3.467566995613670e+00
s171        ,  3.613080720154525e-01,  3.675479952325622e-01,  2.826930094963053e+00
s172        ,  3.578018153328690e-01,  3.289881559782763e-01,  3.380314522699125e+00
s173        ,  3.625516481683081e-01,  3.645514365560589e-01,  2.869934654640776e+00
s174        ,  3.825999337737049e-01,  3.634312994007607e-01,  2.886010096620264e+00
s175        ,  3.092599387015685e-01,  3.239458868903526e-01,  3.452677718388583e+00
s176        ,  3.793890053910741e-01,  3.813373365595737e-01,  2.629034903834698e+00
s177        ,  3.131265826402478e-01,  3.518953325190562e-01,  3.051566399620275e+00
s178        ,  3.054696856864712e-01,  3.219016034492514e-01,  3.482015875498726e+00
s179        ,  3.928374269136042e-01,  3.645773909183537e-01,  2.869562175392845e+00
s180        ,  2.641551140722125e-01,  2.702964408880787e-01,  4.222617856845609e+00
s181        ,  2.369318989685527e-01,  2.818912564983390e-01,  4.056216997161632e+00
s182        ,  4.189138162610332e-01,  3.655421351916309e-01,  2.855716825725839e+00
s183        ,  3.759767293543443e-01,  3.539132463838409e-01,  3.022606680625584e+00
s184        ,  4.039791445798378e-01,  3.571554037257131e-01,  2.976077456957650e+00
s185        ,  4.187778012666042e-01,  3.869714147379213e-01,  2.548178469035150e+00
s186        ,  3.450522704714396e-01,  3.554470156757780e-01,  3.000595073256049e+00
s187        ,  3.509325305204691e-01,  3.362720053908141e-01,  3.275781700031174e+00
s188        ,  3.868910592801009e-01,  3.683484831102174e-01,  2.815442040690716e+00
s189        ,  3.427300778100211e-01,  3.337223672056431e-01,  3.312372362630425e+00
s190        ,  3.213421258380463e-01,  3.216987040467247e-01,  3.484927748886340e+00
s191        ,  2.531455052956056e-01,  2.645601323579302e-01,  4.304941431701304e+00
s192        ,  2.695706078724207e-01,  2.853464573138682e-01,  4.006630319338479e+00
s193        ,  3.954601105184181e-01,  3.751948800161247e-01,  2.717187237063431e+00
s194        ,  3.572926210703052e-01,  3.462949633626800e-01,  3.131939065602473e+00
s195        ,  3.290528752571006e-01,  3.094780178934851e-01,  3.660310674340339e+00
s196        ,  3.068286090334552e-01,  3.226623659690331e-01,  3.471097932379820e+00
s197        ,  3.451887575536944e-01,  3.469328788183691e-01,  3.122784139487182e+00
s198        ,  3.094894638678110e-01,  3.651856586121240e-01,  2.860832733669615e+00
s199        ,  3.060674258319923e-01,  3.337416755820275e-01,  3.312095262024648e+00
s200        ,  2.862300564486437e-01,  2.987830965716846e-01,  3.813796866964678e+00
s201        ,  3.249313766746611e-01,  2.992261563620094e-01,  3.807438376025313e+00
s202        ,  3.753266605464363e-01,  3.566938600678565e-01,  2.982701215715923e+00
s203        ,  4.029232548104287e-01,  3.500154604049857e-01,  3.078545037866188e+00
s204        ,  3.599997628653644e-01,  3.454062693561981e-01,  3.144692993879153e+00
s205        ,  3.369349724991222e-01,  3.386293139481729e-01,  3.241951220645388e+00
s206        ,  3.550773861568109e-01,  3.313631907283624e-01,  3.346229649124772e+00
s207        ,  3.248842560910169e-01,  2.938277677171061e-01,  3.884912355915534e+00
s208        ,  3.892178112013847e-01,  3.547009740895929e-01,  3.011301751609031e+00
s209        ,  3.394721823707363e-01,  3.264562869919746e-01,  3.416650173915087e+00
s210        ,  3.535123221804505e-01,  3.445470453289462e-01,  3.157023989179270e+00
s211        ,  3.581883484115880e-01,  3.471707184347235e-01,  3.119370828059163e+00
s212        ,  3.095468400739283e-01,  3.179728572825457e-01,  3.538398552170312e+00
s213        ,  2.970030695897441e-01,  3.061196890287883e-01,  3.708507112211465e+00
s214        ,  2.952505712043380e-01,  2.739878867657805e-01,  4.169640751544953e+00
s215        ,  3.666112826899128e-01,  3.258648511853312e-01,  3.425138055911783e+00
s216        ,  3.146096144721102e-01,  3.371770671871069e-01,  3.262792872435072e+00
s217        ,  3.572631712917447e-01,  2.920050272493185e-01,  3.911071079867317e+00
s218        ,  3.906530675883989e-01,  3.762246668240868e-01,  2.702408441445114e+00
s219        ,  3.533175328188169e-01,  3.279624763736998e-01,  3.395034374544878e+00
s220        ,  3.292958184485441e-01,  3.658160383655912e-01,  2.851785954796177e+00
s221        ,  3.922937304178105e-01,  3.467095391968195e-01,  3.125989356911637e+00
s222        ,  2.956043726879932e-01,  3.088446245765526e-01,  3.669400701814548e+00
s223        ,  3.522928979206140e-01,  3.232363832897543e-01,  3.462860028574176e+00
s224        ,  3.671890264330231e-01,  3.333633774774408e-01,  3.317524337564611e+00
s225        ,  3.692182726300033e-01,  3.702415636502163e-01,  2.788273844153975e+00
s226        ,  3.810944919303408e-01,  3.730287809697088e-01,  2.748273608386602e+00
s227        ,  3.257040093262658e-01,  3.429233832294841e-01,  3.180325676611687e+00
s228        ,  3.395769394444231e-01,  3.301206230796924e-01,  3.364062129769934e+00
s229        ,  3.431399804548451e-01,  3.095586658413529e-01,  3.659153270177304e+00
s230        ,  2.512227189184055e-01,  2.956469182117361e-01,  3.858805152802008e+00
s231        ,  3.201687391567147e-01,  3.238820797296330e-01,  3.453593435098069e+00
s232        ,  3.668712051047079e-01,  3.905612644174842e-01,  2.496659402851216e+00
s233        ,  3.159372860524723e-01,  3.591950500334831e-01,  2.946805848812038e+00
s234        ,  3.288074742025223e-01,  3.777246642740186e-01,  2.680881504443066e+00
s235        ,  2.404535459782499e-01,  2.532450446743826e-01,  4.467327827589806e+00
s236        ,  3.942112592274354e-01,  3.232270005195126e-01,  3.462994683672361e+00
s237        ,  3.207425992509765e-01,  3.351809584953801e-01,  3.291439658506607e+00
s238        ,  3.228783696280719e-01,  3.546285658001835e-01,  3.012340905832001e+00
s239        ,  3.173309981533126e-01,  3.005215170838307e-01,  3.788848245318863e+00
s240        ,  2.944515915275119e-01,  3.027304949348760e-01,  3.757146506732220e+00
s241        ,  2.623340223598457e-01,  2.806047196633540e-01,  4.074680493482104e+00
s242        ,  3.472905412885691e-01,  3.520525314907735e-01,  3.049310387544322e+00
s243        ,  3.411668088660135e-01,  3.336137325825577e-01,  3.313931412405814e+00
s244        ,  3.345490802910559e-01,  3.754725278097967e-01,  2.713202625913989e+00
s245        ,  3.806037450466579e-01,  3.486548751206069e-01,  3.098071226863420e+00
s246        ,  2.822738655802098e-01,  3.101977452986245e-01,  3.649981639107788e+00
s247        ,  2.412572311651046e-01,  2.763742541624614e-01,  4.135393239581233e+00
s248        ,  3.291723893390957e-01,  3.580026291460983e-01,  2.963918657453029e+00
s249        ,  3.335036159019719e-01,  3.063423607372323e-01,  3.705311480218870e+00
s250        ,  2.841334766149551e-01,  2.995284414775216e-01,  3.803100186891336e+00
s251        ,  3.897160933411575e-01,  3.542498497373526e-01,  3.017775979622690e+00
s252        ,  2.974172959235764e-01,  3.192014318127175e-01,  3.520766891186801e+00
s253        ,  3.402798874706645e-01,  3.222401782182487e-01,  3.477156882089758e+00
s254        ,  3.453557066513905e-01,  3.302792708790815e-01,  3.361785325110621e+00
s255        ,  3.473897848646884e-01,  3.425241980197620e-01,  3.186054509592188e+00
s256        ,  2.775650936098157e-01,  2.922113309740215e-01,  3.908110349977297e+00
s257        ,  3.769007346358472e-01,  3.509345789796411e-01,  3.065354477005622e+00
s258        ,  3.031826235523933e-01,  3.271054867767714e-01,  3.407333302829940e+00
s259        ,  3.649101163154662e-01,  3.590205195201727e-01,  2.949310591313525e+00
s260        ,  2.836985211263404e-01,  2.505880949044001e-01,  4.505458552624448e+00
s261        ,  3.568114035371502e-01,  3.429700490895417e-01,  3.179655960120068e+00
s262        ,  2.969774967310232e-01,  3.185858505454883e-01,  3.529601292311873e+00
s263        ,  2.618717119564857e-01,  2.727661288595736e-01,  4.187174585005712e+00
s264        ,  3.079903383698472e-01,  3.593396175289256e-01,  2.944731115040272e+00
s265        ,  3.131364053370843e-01,  3.703948042670282e-01,  2.786074639679051e+00
s266        ,  3.412850318464396e-01,  3.856430649481205e-01,  2.567242036271898e+00
s267        ,  3.070004173759213e-01,  3.255712486717821e-01,  3.429351638283607e+00
s268        ,  2.824464522612543e-01,  3.042303638222127e-01,  3.735621414772567e+00
s269        ,  3.706172452100595e-01,  3.539347820481313e-01,  3.022297615507842e+00
s270        ,  3.137711424042234e-01,  3.303890120194529e-01,  3.360210395356297e+00
s271        ,  3.438724170458776e-01,  3.298189018061823e-01,  3.368392227029315e+00
s272        ,  3.563763221903465e-01,  3.511095403669903e-01,  3.062843550894763e+00
s273        ,  2.992755087965905e-01,  3.315019701213293e-01,  3.344237982239127e+00
s274        ,  3.418910691999477e-01,  3.669130646721932e-01,  2.836042183903178e+00
s275        ,  3.459340138648980e-01,  3.388235326186664e-01,  3.239163927183973e+00
s276        ,  3.066542538287166e-01,  3.215997643150562e-01,  3.486347664214011e+00
s277        ,  2.599265281449482e-01,  3.615241680860360e-01,  2.913379940261382e+00
s278        ,  4.231065788037446e-01,  3.344014637646263e-01,  3.302626433499543e+00
s279        ,  4.085890984502099e-01,  3.799263838699981e-01,  2.649283931366540e+00
s280        ,  2.589465412373284e-01,  2.783575508702066e-01,  4.106930322336980e+00
s281        ,  2.711461992950798e-01,  3.604766982781689e-01,  2.928412510194436e+00
s282        ,  2.707729542437380e-01,  3.362359567654003e-01,  3.276299045236214e+00
s283        ,  3.542954078937219e-01,  3.032570326037264e-01,  3.749589998401447e+00
s284        ,  4.444266515123610e-01,  3.570960069821875e-01,  2.976929878377474e+00
s285        ,  3.522417187169772e-01,  3.638355807689957e-01,  2.880208127059920e+00
s286        ,  4.242568175749523e-01,  3.945980319409624e-01,  2.438726477582726e+00
s287        ,  2.982263198938339e-01,  2.847525485078268e-01,  4.015153692130342e+00
s288        ,  3.665857814303198e-01,  3.183248744955952e-01,  3.533346642002532e+00
s289        ,  4.410941970239712e-01,  3.870160508167517e-01,  2.547537882574791e+00
s290        ,  3.692001655720752e-01,  3.448432656788663e-01,  3.152772837411151e+00
s291        ,  2.847619118274958e-01,  3.614548477406142e-01,  2.914374778425222e+00
s292        ,  2.619380900493295e-01,  3.287728957867751e-01,  3.383403789672015e+00
s293        ,  2.551793459709563e-01,  2.731207553183711e-01,  4.182085228728380e+00
s294        ,  3.996439882026235e-01,  3.799133190095143e-01,  2.649471429304345e+00
s295        ,  2.544891884610722e-01,  2.816203017671852e-01,  4.060105554057658e+00
s296        ,  2.982485995455294e-01,  3.599012442874144e-01,  2.936671032105330e+00
s297        ,  3.481137343622313e-01,  3.419758373603771e-01,  3.193924206550351e+00
s298        ,  3.526397833241731e-01,  3.548180838738803e-01,  3.009621072119347e+00
s299        ,  3.179989852712529e-01,  3.162326095889425e-01,  3.563373396274118e+00
s300        ,  2.757636809786050e-01,  2.669846128255274e-01,  4.270146947023325e+00
s301        ,  3.892773998715768e-01,  3.953206759024380e-01,  2.428355585929341e+00
s302        ,  2.647069109525357e-01,  3.030803123978529e-01,  3.752126165872265e+00
s303        ,  2.939670826111614e-01,  3.645245597966332e-01,  2.870320371501163e+00
s304        ,  4.210831624843967e-01,  3.635647262796367e-01,  2.884095245354301e+00
s305        ,  3.096791680687918e-01,  3.220499887327947e-01,  3.479886351444527e+00
s306        ,  3.818026842917582e-01,  3.591365507043920e-01,  2.947645391153968e+00
s307        ,  3.609095150813969e-01,  3.276415574224996e-01,  3.399639983738123e+00
s308        ,  2.411597646293700e-01,  3.681852257299897e-01,  2.817784998900038e+00
s309        ,  3.878963941441608e-01,  3.195043466829340e-01,  3.516419664244227e+00
s310        ,  3.258173656529080e-01,  3.081823411595256e-01,  3.678905340236759e+00
s311        ,  3.530293427363137e-01,  3.240383826848316e-01,  3.451350282038077e+00
s312        ,  3.018528617684650e-01,  3.236922953223040e-01,  3.456317091048770e+00
s313        ,  3.165147624134501e-01,  3.223227588536575e-01,  3.475971741317609e+00
s314        ,  3.254223568814984e-01,  3.418689456606237e-01,  3.195458243082704e+00
s315        ,  3.159450503141960e-01,  3.164612674714590e-01,  3.560091854807379e+00
s316        ,  3.632560519463020e-01,  3.876585376959840e-01,  2.538317350516884e+00
s317        ,  2.393880636932959e-01,  2.714538710212868e-01,  4.206007211565529e+00
s318        ,  3.299331681777578e-01,  3.295288117759665e-01,  3.372555400643819e+00
s319        ,  3.061104934871230e-01,  3.564744509210199e-01,  2.985850025656794e+00
s320        ,  4.632011214667016e-01,  3.639974592233994e-01,  2.877884958250470e+00
s321        ,  2.843417672327688e-01,  3.023780099660542e-01,  3.762205129810773e+00
s322        ,  3.371500722398251e-01,  3.468205075954892e-01,  3.124396814385989e+00
s323        ,  3.686039319423406e-01,  3.598904969111280e-01,  2.936825271095715e+00
s324        ,  3.213492322200285e-01,  3.024551692200095e-01,  3.761097792995569e+00
s325        ,  3.351760333142303e-01,  3.544342454761238e-01,  3.015129658155842e+00
s326        ,  2.931935066565518e-01,  3.677431437339883e-01,  2.824129457204346e+00
s327        ,  3.259018731198677e-01,  3.240386083723424e-01,  3.451347043125353e+00
s328        ,  3.298407520206893e-01,  3.487986425917349e-01,  3.096007974493187e+00
s329        ,  3.194938209283936e-01,  3.455299419666478e-01,  3.142918129199117e+00
s330        ,  3.459676070956239e-01,  3.460240961420669e-01,  3.135826366607101e+00
s331        ,  3.272723758742512e-01,  3.368611379886528e-01,  3.267326872111232e+00
s332        ,  3.326108287350491e-01,  3.477348159694220e-01,  3.111275286234730e+00
s333        ,  3.950926495884596e-01,  3.923780775084831e-01,  2.470585744555192e+00
s334        ,  2.949640786288477e-01,  3.005569035259424e-01,  3.788340403315466e+00
s335        ,  3.029422036334947e-01,  3.055066277845791e-01,  3.717305347690523e+00
s336        ,  3.680290352655777e-01,  3.504475575850815e-01,  3.072343874807472e+00
s337        ,  2.095842824931815e-01,  2.892477806373716e-01,  3.950641196547974e+00
s338        ,  3.574290889155288e-01,  3.503116288048652e-01,  3.074294631649501e+00
s339        ,  3.094934113876675e-01,  3.171803639685641e-01,  3.549771873935225e+00
s340        ,  3.096006184895485e-01,  3.143819696605823e-01,  3.589932514193348e+00
s341        ,  4.251368861065753e-01,  3.903614354864174e-01,  2.499527210933461e+00
s342        ,  3.304603020052027e-01,  3.110438980285853e-01,  3.637838234122130e+00
s343        ,  2.900651984072795e-01,  3.027164220383122e-01,  3.757348471314079e+00
s344        ,  3.829642871784757e-01,  3.591315333697732e-01,  2.947717396507219e+00
s345        ,  2.978036844690807e-01,  3.282387256087775e-01,  3.391069834551391e+00
s346        ,  3.520522767736792e-01,  3.764393500080785e-01,  2.699327455289171e+00
s347        ,  2.542874130214282e-01,  2.756985811403731e-01,  4.145090036453214e+00
s348        ,  3.478444540314312e-01,  3.466320936787974e-01,  3.127100801992845e+00
s349        ,  3.234544796335823e-01,  3.112763780720298e-01,  3.634501839617132e+00
s350        ,  3.541125597145412e-01,  3.583933062308187e-01,  2.958311927260719e+00
s351        ,  3.738587852283149e-01,  3.671871265726961e-01,  2.832109035038788e+00
s352        ,  3.787169596864594e-01,  3.259551068089893e-01,  3.423842768960025e+00
s353        ,  3.307364261694613e-01,  3.124390046379602e-01,  3.617816618690371e+00
s354        ,  3.099376231199831e-01,  3.589857084636517e-01,  2.949810175776643e+00
s355        ,  2.640936694175295e-01,  3.061543914499548e-01,  3.708009086808618e+00
s356        ,  3.404723749290282e-01,  3.494281492862541e-01,  3.086973725164364e+00
s357        ,  3.291365235802792e-01,  3.110699878792324e-01,  3.637463810438077e+00
s358        ,  3.293936994127192e-01,  3.503877292857160e-01,  3.073202489621409e+00
s359        ,  3.541003310386388e-01,  3.744651032843568e-01,  2.727660493355328e+00
s360        ,  2.930045091334991e-01,  3.103024310132722e-01,  3.648479261364187e+00
s361        ,  3.254402877492827e-01,  3.761171009659754e-01,  2.703952153036917e+00
s362        ,  3.740728450255384e-01,  3.502686498610967e-01,  3.074911436041376e+00
s363        ,  2.839989278051633e-01,  3.110127685380165e-01,  3.638284983269878e+00
s364        ,  2.872844795965752e-01,  2.792004840330239e-01,  4.094833122375920e+00
s365        ,  3.424949250288197e-01,  3.279266324867921e-01,  3.395548781482973e+00
s366        ,  3.910819753821045e-01,  3.696255804444472e-01,  2.797114013625938e+00
s367        ,  3.763017987949026e-01,  3.747357229127475e-01,  2.723776745624857e+00
s368        ,  3.411954836427898e-01,  3.089410629120282e-01,  3.668016684813413e+00
s369        ,  3.788441935901406e-01,  3.757062785902343e-01,  2.709847994661190e+00
s370        ,  2.943092935652329e-01,  3.129807122269198e-01,  3.610042402046473e+00
s371        ,  3.611288930230376e-01,  3.489156324256650e-01,  3.094329016448952e+00
s372        ,  3.689311052207762e-01,  3.813770821340492e-01,  2.628464502546427e+00
s373        ,  2.432926146526648e-01,  2.694463776058680e-01,  4.234817383401293e+00
s374        ,  2.892573275378368e-01,  3.020819161386547e-01,  3.766454465814253e+00
s375        ,  3.674807278757085e-01,  3.485438100742013e-01,  3.099665156411240e+00
s376        ,  4.282440806387797e-01,  3.864237726771442e-01,  2.556037853157807e+00
s377        ,  3.691206426424970e-01,  3.725933490657709e-01,  2.754522629120057e+00
s378        ,  3.798602051076750e-01,  3.438323584531952e-01,  3.167280686183109e+00
s379        ,  2.957579509529457e-01,  2.982414147841033e-01,  3.821570713324849e+00
s380        ,  2.910202807204411e-01,  2.923221610135502e-01,  3.906519793087365e+00
s381        ,  3.407216064168898e-01,  3.407752401344587e-01,  3.211154356407174e+00
s382        ,  2.968841887389642e-01,  2.979266420261624e-01,  3.826088116558076e+00
s383        ,  3.646408838761149e-01,  3.455718364999176e-01,  3.142316887524691e+00
s384        ,  2.932506021659876e-01,  2.871467495383441e-01,  3.980793757214103e+00
s385        ,  3.747511312527886e-01,  3.387148696168684e-01,  3.240723384231227e+00
s386        ,  3.757314223013586e-01,  3.745916209481886e-01,  2.725844798415928e+00
s387        ,  2.822798018360685e-01,  2.915468579630298e-01,  3.917646411953822e+00
s388        ,  4.290603261943512e-01,  3.873753295970815e-01,  2.542381759362259e+00
s389        ,  3.607283139092911e-01,  3.497902616380428e-01,  3.081776936473174e+00
s390        ,  3.355447048186090e-01,  3.597748757862191e-01,  2.938484586364637e+00
s391        ,  3.170728848178653e-01,  3.314484576330332e-01,  3.345005956854301e+00
s392        ,  3.301070274496518e-01,  3.420838804537076e-01,  3.192373646005238e+00
s393        ,  3.507773516014346e-01,  3.408949695243288e-01,  3.209436082130678e+00
s394        ,  3.243042000156651e-01,  2.747329459311316e-01,  4.158948172223542e+00
s395        ,  3.022367426115909e-01,  3.630893949260831e-01,  2.890916875686747e+00
s396        ,  2.606776363619531e-01,  3.400957036364026e-01,  3.220906599242593e+00
s397        ,  3.106623095651243e-01,  3.137484259896314e-01,  3.599024699445547e+00
s398        ,  3.408812441883181e-01,  3.663240278580361e-01,  2.844495637201264e+00
s399        ,  2.471327792540375e-01,  2.872463195101488e-01,  3.979364797111249e+00
s400        ,  2.602627988296087e-01,  3.023147944570321e-01,  3.763112355539945e+00
s401        ,  2.526229840954008e-01,  2.912033930521195e-01,  3.922575585333360e+00
s402        ,  3.012505607845273e-01,  3.034646743110374e-01,  3.746610066700574e+00
s403        ,  3.441124722642947e-01,  3.634177906492319e-01,  2.886203964978607e+00
s404        ,  3.663456624686381e-01,  3.418511611228143e-01,  3.195713474599964e+00
s405        ,  3.699249649078094e-01,  3.680180009665233e-01,  2.820184894278851e+00
s406        ,  2.989025550014489e-01,  3.296298411947174e-01,  3.371105495557044e+00
s407        ,  3.062746086891894e-01,  2.499873724351254e-01,  4.514079710448670e+00
s408        ,  2.568960282350025e-01,  3.019558443038278e-01,  3.768263762520841e+00
s409        ,  3.504460771064962e-01,  3.253601998882184e-01,  3.432380466011508e+00
s410        ,  2.441820219030917e-01,  2.994917747969905e-01,  3.803626402000503e+00
s411        ,  2.985656670308606e-01,  2.900185872247396e-01,  3.939579107843898e+00
s412        ,  4.206602671899846e-01,  3.442779911864472e-01,  3.160885270127434e+00
s413        ,  3.297200192703431e-01,  3.055647965134689e-01,  3.716470549896462e+00
s414        ,  3.299537174094920e-01,  3.303356427741055e-01,  3.360976314246687e+00
s415        ,  3.514142357715472e-01,  3.208261992244524e-01,  3.497449341068974e+00
s416        ,  2.880693148677096e-01,  3.111154380648567e-01,  3.636811540474078e+00
s417        ,  2.648160251035137e-01,  2.801416917185657e-01,  4.081325553710773e+00
s418        ,  3.361158265966862e-01,  3.651883186119179e-01,  2.860794559172725e+00
s419        ,  2.843313817309785e-01,  2.982731826247935e-01,  3.821114803012962e+00
s420        ,  4.086653318866107e-01,  3.908217476909842e-01,  2.492921125150159e+00
s421        ,  2.945648749258037e-01,  3.577532352363439e-01,  2.967497788193698e+00
s422        ,  3.198415121648245e-01,  3.190947293562572e-01,  3.522298211828905e+00
s423        ,  3.457431819287231e-01,  3.197286143682155e-01,  3.513201127884137e+00
s424        ,  3.329184378144718e-01,  3.755204333019329e-01,  2.712515119071016e+00
s425        ,  3.017490009466554e-01,  2.939143398142706e-01,  3.883669932415494e+00
s426        ,  3.516200438115945e-01,  3.775767306189434e-01,  2.683004547034527e+00
s427        ,  3.134603833942083e-01,  3.161917051003783e-01,  3.563960429504382e+00
s428        ,  4.002386469560284e-01,  3.573362652099835e-01,  2.973481856693022e+00
s429        ,  3.271139391322421e-01,  3.421357447784115e-01,  3.191629324706155e+00
s430        ,  3.336468674117929e-01,  3.589266387139493e-01,  2.950657904404867e+00
s431        ,  3.524054973028489e-01,  3.441591118411195e-01,  3.162591345146316e+00
s432        ,  2.841555127790880e-01,  3.546918541712819e-01,  3.011432634436167e+00
s433        ,  3.404658463759219e-01,  3.014811047078405e-01,  3.775076900353615e+00
s434        ,  3.538819482511877e-01,  3.675395535434360e-01,  2.827051244309020e+00
s435        ,  3.399757763932839e-01,  3.368871335510770e-01,  3.266953801587236e+00
s436        ,  2.790232036656270e-01,  3.148077211434250e-01,  3.583822420239454e+00
s437        ,  3.534179964046834e-01,  2.960727875175690e-01,  3.852693367933181e+00
s438        ,  3.557570008105000e-01,  3.538297723011008e-01,  3.023804643542475e+00
s439        ,  2.721980488553641e-01,  2.946420852303694e-01,  3.873225828176117e+00
s440        ,  4.224009004310128e-01,  3.601915079455559e-01,  2.932505366701646e+00
s441        ,  3.059499862195538e-01,  3.148020474693488e-01,  3.583903844927486e+00
s442        ,  4.080702663829111e-01,  3.628221836156093e-01,  2.894751709570674e+00
s443        ,  3.177907970187364e-01,  2.905813639450079e-01,  3.931502521444378e+00
s444        ,  3.372064727277352e-01,  3.402804752892272e-01,  3.218254882914475e+00
s445        ,  3.808845894775907e-01,  3.588416345774277e-01,  2.951877825606664e+00
s446        ,  3.398124643479998e-01,  3.277814859040140e-01,  3.397631825919928e+00
s447        ,  3.331015042174243e-01,  3.470041473124202e-01,  3.121761342827269e+00
s448        ,  3.427401650526040e-01,  3.321105306412743e-01,  3.335504338075010e+00
s449        ,  3.811785384687535e-01,  3.484972605033059e-01,  3.100333204000377e+00
s450        ,  3.936724858760076e-01,  3.712917821049463e-01,  2.773201827521955e+00
s451        ,  2.836792607536900e-01,  2.853224246036797e-01,  4.006975220350304e+00
s452        ,  3.820067487524758e-01,  3.352592063001859e-01,  3.290316699554457e+00
s453        ,  3.197971848634002e-01,  3.226183946374425e-01,  3.471728978842659e+00
s454        ,  2.840492207731964e-01,  2.896621290407642e-01,  3.944694751787595e+00
s455        ,  3.289295380996844e-01,  3.201338294445997e-01,  3.507385758383342e+00
s456        ,  2.744141413404179e-01,  2.898187923900580e-01,  3.942446426598154e+00
s457        ,  2.611105769806453e-01,  3.054427962734771e-01,  3.718221413860035e+00
s458        ,  3.263658474620744e-01,  3.429308095777226e-01,  3.180219098743375e+00
s459        ,  2.969415277363106e-01,  2.921541034765438e-01,  3.908931639862185e+00
s460        ,  3.921319705097926e-01,  3.673524724284282e-01,  2.829736104458102e+00
s461        ,  2.326428979555135e-01,  2.774306864131801e-01,  4.120232046801080e+00
s462        ,  3.826962200360596e-01,  3.872451876262687e-01,  2.544249467875455e+00
s463        ,  3.693280157843884e-01,  3.216034239309437e-01,  3.486295143910951e+00
s464        ,  2.560977909662989e-01,  2.745395165685721e-01,  4.161724138077586e+00
s465        ,  3.502461683327402e-01,  3.411483190106626e-01,  3.205800183661612e+00
s466        ,  2.778157526053289e-01,  3.150370584794334e-01,  3.580531127721128e+00
s467        ,  2.872380924003551e-01,  2.875793283443077e-01,  3.974585682190495e+00
s468        ,  2.914774800332743e-01,  3.103419291634123e-01,  3.647912410940674e+00
s469        ,  3.971790599696770e-01,  3.708386925266173e-01,  2.779704259115698e+00
s470        ,  3.627719177198918e-01,  3.485214208068218e-01,  3.099986471856425e+00
s471        ,  3.324323933331337e-01,  3.446720946542364e-01,  3.155229366829884e+00
s472        ,  2.877997515332106e-01,  2.958191218230116e-01,  3.856333804406300e+00
s473        ,  3.757374999337151e-01,  3.528188228119795e-01,  3.038313098850554e+00
s474        ,  2.568357370086547e-01,  2.612517497630605e-01,  4.352421074884475e+00
s475        ,  4.085603576077300e-01,  3.829724169063667e-01,  2.605569349529722e+00
s476        ,  3.620562286483349e-01,  3.593035310710491e-01,  2.945249003190930e+00
s477        ,  3.607757962020898e-01,  3.046777826226050e-01,  3.729200366303441e+00
s478        ,  2.801658826101431e-01,  2.726836028292557e-01,  4.188358942122962e+00
s479        ,  3.100069640052550e-01,  3.289224525242684e-01,  3.381257453712313e+00
s480        ,  3.474642750814730e-01,  3.886123714312206e-01,  2.524628581426110e+00
s481        ,  2.558881068491226e-01,  2.921228456062012e-01,  3.909380231428599e+00
s482        ,  3.573635956988882e-01,  3.656431523259490e-01,  2.854267096936839e+00
s483        ,  3.634319087840275e-01,  3.602198162222445e-01,  2.932099105685042e+00
s484        ,  4.385711512863196e-01,  3.812426660292260e-01,  2.630393550506288e+00
s485        ,  3.308128664574001e-01,  2.725959769077575e-01,  4.189616489388741e+00
s486        ,  4.128201781867112e-01,  3.753230898616211e-01,  2.715347257090685e+00
s487        ,  2.921123229720385e-01,  3.485863769171886e-01,  3.099054266207790e+00
s488        ,  3.541551995743547e-01,  3.443141899247625e-01,  3.160365770604749e+00
s489        ,  3.860436533530173e-01,  3.382383868524084e-01,  3.247561538825129e+00
s490        ,  4.034893081854423e-01,  3.982277412554646e-01,  2.386635373192792e+00
s491        ,  3.095260644743733e-01,  3.132353774634044e-01,  3.606387620831569e+00
s492        ,  3.871277061112895e-01,  3.510500416950666e-01,  3.063697435121209e+00
s493        ,  2.960652162202438e-01,  3.652060736646824e-01,  2.860539750804653e+00
s494        ,  3.660452085605971e-01,  3.146379872669469e-01,  3.586258324691308e+00
s495        ,  3.363338429676201e-01,  3.406266806602583e-01,  3.213286380326491e+00
s496        ,  3.422159497617455e-01,  3.886749133893064e-01,  2.523731022039086e+00
s497        ,  3.159902657033893e-01,  3.215464561026521e-01,  3.487112707201363e+00
s498        ,  3.472376449689170e-01,  3.594313487573657e-01,  2.943414651218391e+00
s499        ,  2.973835508359319e-01,  3.092149986960415e-01,  3.664085345886584e+00
s500        ,  3.418229122033170e-01,  3.256952560310157e-01,  3.427571969518082e+00
s501        ,  3.581213543775074e-01,  3.340380724216542e-01,  3.307841577397024e+00
s502        ,  2.614321344450545e-01,  3.208012475681651e-01,  3.497807430166405e+00
s503        ,  3.881007690304034e-01,  3.834864688941709e-01,  2.598192027149780e+00
s504        ,  3.473738986326554e-01,  3.401800118581343e-01,  3.219696665333668e+00
s505        ,  3.823408435418969e-01,  3.813912191596746e-01,  2.628261617628157e+00
s506        ,  3.506593382360281e-01,  3.351847336912478e-01,  3.291385479478757e+00
s507        ,  3.661650958853160e-01,  3.396390426803134e-01,  3.227460284806174e+00
s508        ,  3.590313513939754e-01,  3.380488124154047e-01,  3.250282181425395e+00
s509        ,  3.473410711565950e-01,  3.362646188868536e-01,  3.275887706081671e+00
s510        ,  2.823312585344063e-01,  3.342116063825901e-01,  3.305351136733307e+00
s511        ,  3.944434654069573e-01,  3.631301674851175e-01,  2.890331735818818e+00
s512        ,  3.702712531526244e-01,  3.325116659424147e-01,  3.329747518716857e+00
s513        ,  3.067345842508110e-01,  3.283447001415516e-01,  3.389548960571937e+00
s514        ,  4.152315745840311e-01,  3.776959098876570e-01,  2.681294167720438e+00
s515        ,  3.940850334472998e-01,  3.092007605859496e-01,  3.664289681499947e+00
s516        ,  4.097596484681705e-01,  3.727569764906745e-01,  2.752174360282754e+00
s517        ,  3.924178649597482e-01,  3.775721554726319e-01,  2.683070206403765e+00
s518        ,  4.006045868102542e-01,  3.167238162602719e-01,  3.556323934243916e+00
s519        ,  3.177429089345927e-01,  3.550112030546805e-01,  3.006849557781664e+00
s520        ,  2.992249414239895e-01,  3.434858307300663e-01,  3.172253814947827e+00
s521        ,  3.196768127285200e-01,  3.109438476508987e-01,  3.639274088681475e+00
s522        ,  3.054834021600709e-01,  3.111287929934446e-01,  3.636619879677327e+00
s523        ,  3.919804173628093e-01,  3.700644245390649e-01,  2.790816023466698e+00
s524        ,  3.373041318694542e-01,  3.668729998921682e-01,  2.836617166211073e+00
s525        ,  3.686696993352180e-01,  3.262088019717257e-01,  3.420201909579763e+00
s526        ,  3.656157006335905e-01,  3.628703955523893e-01,  2.894059804843864e+00
s527        ,  3.181191492460722e-01,  3.417251880088019e-01,  3.197521354532974e+00
s528        ,  2.924289616161080e-01,  2.491773282406723e-01,  4.525704910440616e+00
s529        ,  3.764315778427560e-01,  3.893563186251907e-01,  2.513951960357073e+00
s530        ,  4.069348635396722e-01,  3.889230367538904e-01,  2.520170125293310e+00
s531        ,  2.746836017334675e-01,  3.160958304665997e-01,  3.565336356644485e+00
s532        ,  3.277893342024278e-01,  3.301453449464866e-01,  3.363707338454072e+00
s533        ,  3.719047035373527e-01,  3.570448559330806e-01,  2.977663963233260e+00
s534        ,  4.012806479402614e-01,  3.706281180867178e-01,  2.782726279387910e+00
s535        ,  2.854504042694033e-01,  3.089035958461144e-01,  3.668554386505916e+00
s536        ,  3.360450970551518e-01,  3.355645351116729e-01,  3.285934829378551e+00
s537        ,  3.297420264022976e-01,  3.458679294069818e-01,  3.138067564729234e+00
s538        ,  2.724861013757831e-01,  3.106598942919827e-01,  3.643349192988607e+00
s539        ,  3.471305126426427e-01,  3.284761004779629e-01,  3.387663192856730e+00
s540        ,  3.290991657411811e-01,  3.620769732006135e-01,  2.905446459523491e+00
s541        ,  2.326620745596658e-01,  2.907508365639294e-01,  3.929070366382208e+00
s542        ,  3.456910270356876e-01,  3.152501393710128e-01,  3.577473136569491e+00
s543        ,  2.845400261615328e-01,  2.940613692165985e-01,  3.881559867040712e+00
s544        ,  3.495152260396833e-01,  3.631983573410200e-01,  2.889353121667002e+00
s545        ,  3.154656949900153e-01,  3.405097610090249e-01,  3.214964331156686e+00
s546        ,  3.597382183698820e-01,  3.532810771682516e-01,  3.031679140634928e+00
s547        ,  2.730286710892002e-01,  2.668160588479172e-01,  4.272565918373993e+00
s548        ,  3.194966907439210e-01,  3.274829968315239e-01,  3.401915536841960e+00
s549        ,  3.819439317227558e-01,  3.662038871707056e-01,  2.846219814137473e+00
s550        ,  4.309276596653012e-01,  3.888664364025171e-01,  2.520982414806443e+00
s551        ,  2.731326038711657e-01,  2.893354128117628e-01,  3.949383559544954e+00
s552        ,  3.494519360539466e-01,  3.531892541061483e-01,  3.032996922390706e+00
s553        ,  3.310384344676721e-01,  3.420007285152470e-01,  3.193566985727864e+00
s554        ,  2.857682476071176e-01,  3.045651825152668e-01,  3.730816325995375e+00
s555        ,  2.942434306995658e-01,  3.518561359497061e-01,  3.052128921962652e+00
s556        ,  2.969278407515290e-01,  3.357105561560157e-01,  3.283839235267585e+00
s557        ,  3.451470710358436e-01,  3.707640254625438e-01,  2.780775829727043e+00
s558        ,  3.104132740256662e-01,  3.220768265775870e-01,  3.479501193060331e+00
s559        ,  3.434977869144114e-01,  3.377665302211674e-01,  3.254333302320581e+00
s560        ,  3.938831456017408e-01,  3.392559691372031e-01,  3.232957894172152e+00
s561        ,  3.091091411023093e-01,  3.673665050349720e-01,  2.829534718091041e+00
s562        ,  2.967807829232105e-01,  3.062107972254440e-01,  3.707199589715432e+00
s563        ,  2.549558047926404e-01,  2.993641598168688e-01,  3.805457844872437e+00
s564        ,  2.954235220552698e-01,  3.035782127973543e-01,  3.744980640035640e+00
s565        ,  3.605274781312461e-01,  3.321210941579867e-01,  3.335352737711422e+00
s566        ,  2.951155514842215e-01,  3.114246366356406e-01,  3.632374134160693e+00
s567        ,  3.587015054599469e-01,  3.545323285303746e-01,  3.013722037276271e+00
s568        ,  3.617082896247803e-01,  3.451404632794273e-01,  3.148507660810531e+00
s569        ,  3.597286858283731e-01,  3.501683922854834e-01,  3.076350264163587e+00
s570        ,  3.556392104407323e-01,  3.282026574678948e-01,  3.391587459829087e+00
s571        ,  3.602639004489001e-01,  3.331195588568273e-01,  3.321023455570519e+00
s572        ,  4.312153604367349e-01,  4.034740225616644e-01,  2.311344333745547e+00
s573        ,  3.159649497023310e-01,  2.891738966362607e-01,  3.951701529175504e+00
s574        ,  3.656105773123843e-01,  3.445954395668487e-01,  3.156329468191494e+00
s575        ,  3.488062297918545e-01,  3.274793638042495e-01,  3.401967675563439e+00
s576        ,  2.907677097183701e-01,  3.015483537611714e-01,  3.774111787956546e+00
s577        ,  3.031774726480594e-01,  3.355673824525877e-01,  3.285893966290085e+00
s578        ,  3.648245315625233e-01,  3.334857327594266e-01,  3.315768378281282e+00
s579        ,  3.607701561674609e-01,  3.352780091155785e-01,  3.290046854414095e+00
s580        ,  3.751229452249493e-01,  3.414938415604616e-01,  3.200841480456718e+00
s581        ,  3.471471301437816e-01,  3.480416583364671e-01,  3.106871694545132e+00
s582        ,  3.953183225328266e-01,  3.765977431488933e-01,  2.697054305315462e+00
s583        ,  3.276280334765511e-01,  3.338326093977707e-01,  3.310790242124148e+00
s584        ,  3.483274696967313e-01,  3.572786301546644e-01,  2.974308995569171e+00
s585        ,  3.636795644109545e-01,  3.945022078733981e-01,  2.440101679031122e+00
s586        ,  2.481423102922533e-01,  2.699952017195812e-01,  4.226941035263739e+00
s587        ,  2.631345411637266e-01,  2.757598457345151e-01,  4.144210808919452e+00
s588        ,  3.772462787558727e-01,  3.658349145585741e-01,  2.851515056590850e+00
s589        ,  3.699506978557163e-01,  3.346761898620527e-01,  3.298683752535395e+00
s590        ,  4.080798919774394e-01,  3.698817392247588e-01,  2.793437798092012e+00
s591        ,  3.627233198284863e-01,  3.409707287824831e-01,  3.208348837097239e+00
s592        ,  2.470016891971875e-01,  2.552531784623782e-01,  4.438508465565004e+00
s593        ,  2.685008647552398e-01,  3.273058099456556e-01,  3.404458401784730e+00
s594        ,  2.571819135876586e-01,  3.008526628376543e-01,  3.784095868052235e+00
s595        ,  3.046096741945610e-01,  3.872756370233332e-01,  2.543812478964315e+00
s596        ,  2.932962564895931e-01,  3.093230048073058e-01,  3.662535316082781e+00
s597        ,  4.190454465320334e-01,  3.703388548955708e-01,  2.786877586773875e+00
s598        ,  2.914532118252061e-01,  3.442429310421881e-01,  3.161388429327328e+00
s599        ,  4.062752781026900e-01,  3.971486886941072e-01,  2.402121197192889e+00
s600        ,  3.471511685824152e-01,  2.692545382377771e-01,  4.237570530742707e+00
s601        ,  3.515795377320121e-01,  3.293613173203198e-01,  3.374959166460263e+00
s602        ,  2.668016715085176e-01,  3.034044956431450e-01,  3.747473709763864e+00
s603        ,  2.686426181986058e-01,  2.938807793554186e-01,  3.884151569156610e+00
s604        ,  2.681701385508832e-01,  3.047368182914711e-01,  3.728353126780058e+00
s605        ,  3.261329152258360e-01,  2.941208378468791e-01,  3.880706413951372e+00
s606        ,  2.873274140704322e-01,  3.118054586962085e-01,  3.626908836531549e+00
s607        ,  3.712803163791649e-01,  3.669631395517655e-01,  2.835323543496165e+00
s608        ,  3.639112831354855e-01,  3.512587369131002e-01,  3.060702384155328e+00
s609        ,  3.343046893439320e-01,  3.215313597489829e-01,  3.487329359739280e+00
s610        ,  3.343797244850589e-01,  3.292195608205579e-01,  3.376993558745492e+00
s611        ,  3.423638113371397e-01,  3.479698796664964e-01,  3.107901812900746e+00
s612        ,  3.029297110362906e-01,  3.263692182193982e-01,  3.417899725360778e+00
s613        ,  4.196989461871391e-01,  3.862631221811428e-01,  2.558343399148521e+00
s614        ,  3.188431641765255e-01,  3.283024865989260e-01,  3.390154780450347e+00
s615        ,  3.288426580697588e-01,  3.293005698608200e-01,  3.375830972431496e+00
s616        ,  2.928050790423800e-01,  2.867457451814510e-01,  3.986548697350019e+00
s617        ,  2.786977690996270e-01,  2.850259224815257e-01,  4.011230415920718e+00
s618        ,  2.814924003544382e-01,  2.666674158760099e-01,  4.274699140595264e+00
s619        ,  3.762654840393755e-01,  3.710509603800688e-01,  2.776657936130937e+00
s620        ,  4.077195830571920e-01,  3.812174383371818e-01,  2.630755601080019e+00
s621        ,  3.862795794656866e-01,  3.510024505458001e-01,  3.064380430730409e+00
s622        ,  2.871208436766453e-01,  3.409199210070156e-01,  3.209077995524643e+00
s623        ,  3.384633901935590e-01,  3.286703612148453e-01,  3.384875295687286e+00
s624        ,  4.097704013612976e-01,  3.766903911302792e-01,  2.695724684882606e+00
s625        ,  3.105738368792781e-01,  3.710214085273279e-01,  2.777082044100105e+00
s626        ,  3.514279969117633e-01,  3.442817386453216e-01,  3.160831489161932e+00
s627        ,  3.507814050135403e-01,  3.230175309808142e-01,  3.466000847158581e+00
s628        ,  3.323749384435841e-01,  3.887347178197242e-01,  2.522872749775952e+00
s629        ,  3.054129561964547e-01,  2.739553770831158e-01,  4.170107308265239e+00
s630        ,  3.456187416237006e-01,  3.300894678462025e-01,  3.364509248362470e+00
s631        ,  3.427911311385674e-01,  3.424499539483878e-01,  3.187120009701751e+00
s632        ,  3.245171668015616e-01,  3.475479261902011e-01,  3.113957400463522e+00
s633        ,  4.575225281517705e-01,  3.751895800160566e-01,  2.717263299037791e+00
s634        ,  3.617034399777208e-01,  3.512900001484963e-01,  3.060253715593336e+00
s635        ,  4.224249026405583e-01,  3.670334677408273e-01,  2.834314241450038e+00
s636        ,  3.240434718187445e-01,  2.894650233198872e-01,  3.947523478220599e+00
s637        ,  3.164888547405136e-01,  3.254847670323577e-01,  3.430592763596058e+00
s638        ,  3.404861588298857e-01,  3.810519075346401e-01,  2.633131185890764e+00
s639        ,  3.384903784504644e-01,  3.165457625279937e-01,  3.558879239573207e+00
s640        ,  3.301025015382980e-01,  3.313050462446879e-01,  3.347064098968093e+00
s641        ,  3.985098556532290e-01,  3.808792768154462e-01,  2.635608663847059e+00
s642        ,  3.864695791517571e-01,  3.714825026143345e-01,  2.770464737275045e+00
s643        ,  3.365329052485860e-01,  3.205778261880434e-01,  3.501013820933942e+00
s644        ,  2.792559572339619e-01,  3.045551357912359e-01,  3.730960509704020e+00
s645        ,  3.560560712068223e-01,  3.324449012334133e-01,  3.330705680135531e+00
s646        ,  3.717550173837612e-01,  3.687944622905053e-01,  2.809041652664243e+00
s647        ,  3.499961289371213e-01,  3.466239370871562e-01,  3.127217859814791e+00
s648        ,  3.356155045608213e-01,  3.554416609146120e-01,  3.000671921124214e+00
s649        ,  3.609151245573065e-01,  3.830172813273608e-01,  2.604925486058876e+00
s650        ,  2.967930004646972e-01,  2.811933931350597e-01,  4.066232254626258e+00
s651        ,  4.101788875021543e-01,  3.909392313112837e-01,  2.491235080621834e+00
s652        ,  4.728892349883318e-01,  3.823874406764731e-01,  2.613964528100984e+00
s653        ,  3.545214117288215e-01,  3.621241455702278e-01,  2.904769473953302e+00
s654        ,  3.750141928233718e-01,  3.567208270182721e-01,  2.982314204496165e+00
s655        ,  3.521708766514586e-01,  3.563719014417359e-01,  2.987321745612211e+00
s656        ,  3.717335421883214e-01,  3.639899278910660e-01,  2.877993042778674e+00
s657        ,  3.441208254455855e-01,  3.400633835360507e-01,  3.221370435207252e+00
s658        ,  2.368548105888935e-01,  2.652094285106736e-01,  4.295623177609329e+00
s659        ,  3.171090932690834e-01,  3.224851327783314e-01,  3.473641461857874e+00
s660        ,  3.790200851348591e-01,  3.369971143908911e-01,  3.265375431830529e+00
s661        ,  3.687095274880343e-01,  3.730727742851130e-01,  2.747642246427112e+00
s662        ,  2.315298985659086e-01,  2.540583341440353e-01,  4.455656053628831e+00
s663        ,  3.640119387395722e-01,  3.787461998655263e-01,  2.666221124637264e+00
s664        ,  2.857188063426898e-01,  2.938268238299876e-01,  3.884925901937588e+00
s665        ,  3.256509504333960e-01,  3.410792964926774e-01,  3.206790747609876e+00
s666        ,  2.892912646809653e-01,  3.265529549985339e-01,  3.415262860831714e+00
s667        ,  2.837552795280425e-01,  3.182599686034284e-01,  3.534278126953923e+00
s668        ,  3.715335614278034e-01,  3.743079231472549e-01,  2.729916235129769e+00
s669        ,  3.717358113150651e-01,  3.348082046820495e-01,  3.296789166172239e+00
s670        ,  2.947655724762283e-01,  2.822242740728057e-01,  4.051437756805959e+00
s671        ,  3.071959891293752e-01,  3.324668364375344e-01,  3.330390881095529e+00
s672        ,  2.993479615742132e-01,  3.335300962412229e-01,  3.315131703947028e+00
s673        ,  3.593225247107919e-01,  3.509506327426036e-01,  3.065124084384651e+00
s674        ,  3.266518921019476e-01,  3.300322847124425e-01,  3.365329901569639e+00
s675        ,  2.996384996836147e-01,  3.030680684988389e-01,  3.752301881932814e+00
s676        ,  3.451796209978898e-01,  3.303301958555093e-01,  3.361054484695231e+00
s677        ,  2.641222815503110e-01,  2.741384223605914e-01,  4.167480367694829e+00
s678        ,  3.304311167670392e-01,  3.319054250870583e-01,  3.338447872642070e+00
s679        ,  3.628879844265776e-01,  3.377596207408552e-01,  3.254432462454091e+00
s680        ,  3.098867977998412e-01,  3.101268430210024e-01,  3.650999180080102e+00
s681        ,  3.124078424434578e-01,  2.968157495387229e-01,  3.842030885390280e+00
s682        ,  3.998283578521670e-01,  3.377060108711586e-01,  3.255201834620489e+00
s683        ,  2.934835296170684e-01,  3.536587481216431e-01,  3.026259065539780e+00
s684        ,  3.622134383455983e-01,  3.978010631450767e-01,  2.392758765471152e+00
s685        ,  4.144136208759349e-01,  3.367310009473190e-01,  3.269194509879918e+00
s686        ,  3.781881014682912e-01,  3.422452003748184e-01,  3.190058492883421e+00
s687        ,  3.587899423142989e-01,  3.772054471646770e-01,  2.688332953112989e+00
s688        ,  2.684144109503693e-01,  3.081208035714479e-01,  3.679788485592684e+00
s689        ,  3.492326363550046e-01,  3.464704074468143e-01,  3.129421212157647e+00
s690        ,  3.053784197635313e-01,  2.757315188020550e-01,  4.144617337670923e+00
s691        ,  3.056418685854862e-01,  2.754951015696402e-01,  4.148010236017933e+00
s692        ,  2.913142578793697e-01,  3.090187137794005e-01,  3.666902292698843e+00
s693        ,  3.147770284800075e-01,  3.226028644372688e-01,  3.471951857648742e+00
s694        ,  2.984705041084280e-01,  3.820412328570216e-01,  2.618933065827024e+00
s695        ,  4.012577384470942e-01,  3.763015622161949e-01,  2.701304891394589e+00
s696        ,  3.034072848090301e-01,  3.579599384842281e-01,  2.964531324620360e+00
s697        ,  3.672668652018035e-01,  3.411319405072466e-01,  3.206035236735363e+00
s698        ,  4.108239364695501e-01,  3.781245577591931e-01,  2.675142506777923e+00
s699        ,  2.757255541231750e-01,  2.910133542708070e-01,  3.925302891885412e+00
s700        ,  2.819198034544880e-01,  2.782380791462229e-01,  4.108644898768987e+00
s701        ,  3.140786847731655e-01,  2.862442551111451e-01,  3.993745739685737e+00
s702        ,  2.942837007980383e-01,  3.158535839651287e-01,  3.568812912672211e+00
s703        ,  2.899424986900252e-01,  3.478276751885482e-01,  3.109942634262369e+00
s704        ,  3.777084012576264e-01,  3.449357300098440e-01,  3.151445852603286e+00
s705        ,  3.226798684887092e-01,  3.237879591030411e-01,  3.454944189927239e+00
s706        ,  3.595823462134068e-01,  3.777784244483776e-01,  2.680109975207001e+00
s707        ,  3.763974771864712e-01,  3.279819219511347e-01,  3.394755304923507e+00
s708        ,  3.829175719132407e-01,  3.315929829159911e-01,  3.342931828887231e+00
s709        ,  3.954604723130689e-01,  3.426628963230297e-01,  3.184064006450419e+00
s710        ,  3.425489866820026e-01,  3.551411501645853e-01,  3.004984645778884e+00
s711        ,  3.300759218022618e-01,  3.761873805382899e-01,  2.702943548705079e+00
s712        ,  2.679964023023045e-01,  2.928249472022474e-01,  3.899304149747386e+00
s713        ,  3.595425435144403e-01,  3.589571991714836e-01,  2.950219321629860e+00
s714        ,  2.553853569183208e-01,  2.616997053366401e-01,  4.345992323013862e+00
s715        ,  3.219609547804439e-01,  3.283224730482792e-01,  3.389867948605306e+00
s716        ,  2.739206771298864e-01,  3.046058280980148e-01,  3.730233008404223e+00
s717        ,  3.496918866396705e-01,  3.299310847225582e-01,  3.366782254576603e+00
s718        ,  3.858037501617538e-01,  3.718082483000872e-01,  2.765789858090279e+00
s719        ,  3.656444373151383e-01,  3.804332673676624e-01,  2.642009486251922e+00
s720        ,  3.665945804148918e-01,  3.698910023006956e-01,  2.793304860764587e+00
s721        ,  2.976921642219451e-01,  2.819223647959461e-01,  4.055770552160769e+00
s722        ,  3.352058024081789e-01,  3.737129603976090e-01,  2.738454733399065e+00
s723        ,  3.380057040186947e-01,  3.379400628914686e-01,  3.251842880179171e+00
s724        ,  3.242387501915022e-01,  3.786033571164613e-01,  2.668271106029206e+00
s725        ,  3.221826279978117e-01,  3.112591933085669e-01,  3.634748463583378e+00
s726        ,  2.738917222766719e-01,  2.801677589461729e-01,  4.080951454697109e+00
s727        ,  3.810548900214357e-01,  3.301094555190252e-01,  3.364222398959033e+00
s728        ,  3.412893897345711e-01,  3.666663103949043e-01,  2.839583432444918e+00
s729        ,  2.868947364315128e-01,  3.186584974825995e-01,  3.528558713180385e+00
s730        ,  3.314426660264801e-01,  3.280565371317193e-01,  3.393684478908492e+00
s731        ,  2.684622004709819e-01,  3.042526249727026e-01,  3.735301937973315e+00
s732        ,  2.921055314645209e-01,  3.140249880708190e-01,  3.595055669698761e+00
s733        ,  3.698853057667421e-01,  3.538705361018472e-01,  3.023219629367504e+00
s734        ,  3.153497109258767e-01,  3.097991545037732e-01,  3.655701941452802e+00
s735        ,  3.434171840499868e-01,  3.419262591212506e-01,  3.194635719513520e+00
s736        ,  2.883239765709396e-01,  2.996983777165969e-01,  3.800661378269958e+00
s737        ,  3.404312799986701e-01,  3.492663948083153e-01,  3.089295114748423e+00
s738        ,  3.018129210281842e-01,  2.864134293586815e-01,  3.991317866645519e+00
s739        ,  3.135817291557892e-01,  3.341148798626641e-01,  3.306739289560479e+00
s740        ,  2.943637803121305e-01,  3.093087783525901e-01,  3.662739484426162e+00
s741        ,  3.699984862318467e-01,  3.528829485336569e-01,  3.037392810372181e+00
s742        ,  2.836716313827631e-01,  3.030221529175037e-01,  3.752960830937601e+00
s743        ,  3.859455126663645e-01,  2.754046438433777e-01,  4.149308423407978e+00
s744        ,  3.549022051232796e-01,  3.466541669686161e-01,  3.126784021241402e+00
s745        ,  3.365021664800502e-01,  3.670793355665903e-01,  2.833655977800544e+00
s746        ,  2.996679021289546e-01,  3.130313559215638e-01,  3.609315598394772e+00
s747        ,  3.496033235622116e-01,  3.366521593841936e-01,  3.270325990045181e+00
s748        ,  3.833413178741681e-01,  3.469981757996022e-01,  3.121847041893121e+00
s749        ,  3.194276290097619e-01,  3.499830413715666e-01,  3.079010293650530e+00
s750        ,  3.607086425829715e-01,  3.201367558893091e-01,  3.507343760051343e+00
s751        ,  3.933327188318541e-01,  3.080508626163403e-01,  3.680792230322072e+00
s752        ,  2.711413176352050e-01,  2.929957260591840e-01,  3.896853248451039e+00
s753        ,  3.829161641718021e-01,  3.582904677648894e-01,  2.959787794554725e+00
s754        ,  3.197877473206903e-01,  3.054619195510754e-01,  3.717946969665380e+00
s755        ,  3.496617569418546e-01,  3.782338684080848e-01,  2.673573755142744e+00
s756        ,  3.699460983440985e-01,  3.234569004484576e-01,  3.459695317205172e+00
s757        ,  3.280911972855501e-01,  3.219885143059954e-01,  3.480768590353003e+00
s758        ,  3.125936661497958e-01,  3.223113542059852e-01,  3.476135413017172e+00
s759        ,  3.749231601912195e-01,  3.461333644407810e-01,  3.134258222752692e+00
s760        ,  3.202174624481622e-01,  3.324106214627234e-01,  3.331197639947942e+00
s761        ,  4.037004208658205e-01,  3.758333922256032e-01,  2.708023746746093e+00
s762        ,  2.705693545058654e-01,  2.639328975150256e-01,  4.313943076970307e+00
s763        ,  3.632076138151025e-01,  3.338866775623688e-01,  3.310014292822919e+00
s764        ,  2.904214123983059e-01,  3.310368814698795e-01,  3.350912616319727e+00
s765        ,  3.401053585508043e-01,  3.438653122018023e-01,  3.166807756532277e+00
s766        ,  3.084050561945721e-01,  3.231455653632351e-01,  3.464163385311832e+00
s767        ,  3.291785188280746e-01,  3.093196976090100e-01,  3.662582778729714e+00
s768        ,  3.362959726167617e-01,  3.693340664876973e-01,  2.801297622459712e+00
s769        ,  4.447436541042360e-01,  3.608442424171763e-01,  2.923137768209878e+00
s770        ,  4.366827959781677e-01,  3.530423393058911e-01,  3.035105343074987e+00
s771        ,  2.732263690999292e-01,  2.970436484341379e-01,  3.838760236387071e+00
s772        ,  3.586463705210161e-01,  3.427861086800617e-01,  3.182295747012497e+00
s773        ,  3.494536072487898e-01,  3.797910840262263e-01,  2.651225662143079e+00
s774        ,  4.247318519587049e-01,  3.846273234786191e-01,  2.581819262803395e+00
s775        ,  3.400241339719085e-01,  3.298867527346023e-01,  3.367418476932811e+00
s776        ,  2.703825454286858e-01,  3.111869165819608e-01,  3.635785729707020e+00
s777        ,  3.180965813552759e-01,  3.288254713937351e-01,  3.382649260536700e+00
s778        ,  3.344616171325667e-01,  3.370143497476050e-01,  3.265128081784564e+00
s779        ,  4.009566962610436e-01,  3.492118217275044e-01,  3.090078310261640e+00
s780        ,  3.563640868327244e-01,  3.272258584955330e-01,  3.405605810288717e+00
s781        ,  2.649329396139021e-01,  3.030332578024141e-01,  3.752801461228077e+00
s782        ,  3.338551315946975e-01,  3.393308622944351e-01,  3.231883078826504e+00
s783        ,  3.045407149746746e-01,  3.700536472604389e-01,  2.790970691594997e+00
s784        ,  2.985260989809689e-01,  2.998248635541595e-01,  3.798846140079395e+00
s785        ,  3.071820525176505e-01,  3.265625608056250e-01,  3.415125004861283e+00
s786        ,  3.296681543954699e-01,  3.333464963671826e-01,  3.317766603707842e+00
s787        ,  3.465928111087382e-01,  3.269288547763294e-01,  3.409868204436760e+00
s788        ,  3.238375537313586e-01,  3.341786593919629e-01,  3.305823969398236e+00
s789        ,  3.578303916562611e-01,  3.814251295061448e-01,  2.627774959539361e+00
s790        ,  3.446858102804674e-01,  3.922385233737563e-01,  2.472588530004445e+00
s791        ,  3.249752459595651e-01,  3.186119024066525e-01,  3.529227413826884e+00
s792        ,  3.476053048360684e-01,  3.671972012987654e-01,  2.831964449464047e+00
s793        ,  3.097825366365258e-01,  3.091665328930564e-01,  3.664780893927457e+00
s794        ,  2.867393516849774e-01,  3.343701513197372e-01,  3.303075808282505e+00
s795        ,  3.702845088002308e-01,  3.538489284058079e-01,  3.023529728235617e+00
s796        ,  3.082874914963972e-01,  3.257553905968924e-01,  3.426708959376743e+00
s797        ,  2.782785712367717e-01,  3.082906723765202e-01,  3.677350644737974e+00
s798        ,  3.082196621533786e-01,  2.996090845929978e-01,  3.801942852079478e+00
s799        ,  2.516166876808906e-01,  3.655353971893968e-01,  2.855813524923309e+00
s800        ,  3.752754365991258e-01,  3.555854645704465e-01,  2.998608149455833e+00
s801        ,  3.246209635059766e-01,  3.600296093389056e-01,  2.934828824722350e+00
s802        ,  4.079792643019313e-01,  3.901456537398847e-01,  2.502623962907281e+00
s803        ,  3.649553570094187e-01,  3.811600906234683e-01,  2.631578616226064e+00
s804        ,  2.441452079849671e-01,  2.848349466695967e-01,  4.013971170094998e+00
s805        ,  3.164419790049513e-01,  3.367632135960865e-01,  3.268732215986873e+00
s806        ,  3.693024905987883e-01,  3.658729935197382e-01,  2.850968573396416e+00
s807        ,  3.191228175525491e-01,  3.195094806517881e-01,  3.516345985036241e+00
s808        ,  3.793158450067193e-01,  3.466466078151746e-01,  3.126892505039111e+00
s809        ,  3.605465652216310e-01,  3.416871911075373e-01,  3.198066660059883e+00
s810        ,  3.824385024147211e-01,  3.347455385456712e-01,  3.297688507681146e+00
s811        ,  3.580309026561524e-01,  3.749291711499910e-01,  2.721000508894263e+00
s812        ,  4.082198971938309e-01,  3.873054650070462e-01,  2.543384408152383e+00
s813        ,  3.777542847031886e-01,  3.678944610354434e-01,  2.821957854835361e+00
s814        ,  2.971435305207454e-01,  2.980259122389278e-01,  3.824663458391839e+00
s815        ,  3.213071390383087e-01,  3.352695205225342e-01,  3.290168676892999e+00
s816        ,  2.887445984618123e-01,  2.731967982696166e-01,  4.180993912325818e+00
s817        ,  3.674177460167670e-01,  3.288268957218448e-01,  3.382628819554292e+00
s818        ,  3.639907411341862e-01,  3.480334026103236e-01,  3.106990175077618e+00
s819        ,  3.711799756445687e-01,  3.897463691651583e-01,  2.508354221906331e+00
s820        ,  3.982124713714961e-01,  3.319401657425826e-01,  3.337949298525884e+00
s821        ,  4.040900310131655e-01,  3.680759716918345e-01,  2.819352938096664e+00
s822        ,  3.477446523405509e-01,  3.070851043264105e-01,  3.694652132462219e+00
s823        ,  2.954095158407338e-01,  3.277916757148192e-01,  3.397485588727807e+00
s824        ,  4.283252901174056e-01,  3.931668088767594e-01,  2.459266411660865e+00
s825        ,  3.397919403129021e-01,  3.412435173205569e-01,  3.204433962659111e+00
s826        ,  3.778871682303130e-01,  3.755158377386792e-01,  2.712581071450239e+00
s827        ,  2.337787130599568e-01,  3.565776811463653e-01,  2.984368536099714e+00
s828        ,  3.728406611540748e-01,  3.344006315206756e-01,  3.302638377295246e+00
s829        ,  2.607144883285425e-01,  2.971910866564940e-01,  3.836644303906987e+00
s830        ,  3.482088414946918e-01,  3.308883490931492e-01,  3.353044251354695e+00
s831        ,  2.919464512532615e-01,  3.656885323009131e-01,  2.853615834588193e+00
s832        ,  2.475208749435529e-01,  3.029051567836602e-01,  3.754639879393880e+00
s833        ,  3.566347081859653e-01,  3.546648772670051e-01,  3.011819788506932e+00
s834        ,  3.856874669956564e-01,  3.198252554887314e-01,  3.511814200650862e+00
s835        ,  2.944982044493083e-01,  3.111839961939811e-01,  3.635827641116979e+00
s836        ,  3.860699495992029e-01,  3.086098215199489e-01,  3.672770434614845e+00
s837        ,  2.443036554913805e-01,  2.875296928354579e-01,  3.975298017049544e+00
s838        ,  2.837466788193044e-01,  2.642446440890116e-01,  4.309469103458482e+00
s839        ,  3.354549725730311e-01,  3.665609581836895e-01,  2.841095375291187e+00
s840        ,  2.763733904068356e-01,  3.240617977792866e-01,  3.451014244624647e+00
s841        ,  3.643875992509446e-01,  3.230429111293603e-01,  3.465636608633456e+00
s842        ,  2.695598883230792e-01,  2.942523158711873e-01,  3.878819531312628e+00
s843        ,  3.362322734626774e-01,  3.320181579402611e-01,  3.336830007872322e+00
s844        ,  2.356440744998030e-01,  2.657612060913658e-01,  4.287704443334651e+00
s845        ,  3.414509738024666e-01,  3.238815928776989e-01,  3.453600422063890e+00
s846        ,  3.284946295569345e-01,  3.591658586690349e-01,  2.947224783299898e+00
s847        ,  3.382786868662267e-01,  3.398837989577593e-01,  3.223947710191016e+00
s848        ,  2.603543239280899e-01,  2.847390574890553e-01,  4.015347306000287e+00
s849        ,  3.563475623622980e-01,  3.615252229423391e-01,  2.913364801685522e+00
s850        ,  2.533481965641474e-01,  2.599757607093819e-01,  4.370733196665142e+00
s851        ,  3.334865218614329e-01,  3.276758991664593e-01,  3.399147134527749e+00
s852        ,  3.251989652472498e-01,  3.239090666172050e-01,  3.453206137753885e+00
s853        ,  3.303981460032966e-01,  3.779988671020251e-01,  2.676946333083576e+00
s854        ,  3.550119141417548e-01,  3.510532109157368e-01,  3.063651952634744e+00
s855        ,  3.394520045520492e-01,  3.321292354576412e-01,  3.335235899349608e+00
s856        ,  2.968888541973028e-01,  3.038468628586881e-01,  3.741125158183860e+00
s857        ,  4.242626628749120e-01,  3.703043220077312e-01,  2.787373179150419e+00
s858        ,  3.574550615491790e-01,  3.506750423141379e-01,  3.069079169636440e+00
s859        ,  3.027110711545371e-01,  3.064429981920289e-01,  3.703867200330560e+00
s860        ,  3.368229604072003e-01,  3.532420910977665e-01,  3.032238642041633e+00
s861        ,  3.394582604410895e-01,  3.522287402223010e-01,  3.046781560403333e+00
s862        ,  3.118273414218689e-01,  3.460068815818916e-01,  3.136073418195374e+00
s863        ,  3.561627842648784e-01,  3.387941888948566e-01,  3.239585048229138e+00
s864        ,  3.589362653848208e-01,  3.258766178837419e-01,  3.424969188307760e+00
s865        ,  3.632125925214965e-01,  3.560728399804867e-01,  2.991613671066047e+00
s866        ,  3.538675215168127e-01,  3.795367285484864e-01,  2.654875997912437e+00
s867        ,  3.310372811448682e-01,  3.272261790824761e-01,  3.405601209444278e+00
s868        ,  2.250930966754193e-01,  2.552327472046594e-01,  4.438801680995340e+00
s869        ,  3.227632236826757e-01,  3.225306581263281e-01,  3.472988113214937e+00
s870        ,  2.955305789890147e-01,  3.232726077615506e-01,  3.462340159742180e+00
s871        ,  3.263687380400568e-01,  2.945355366532298e-01,  3.874754940447506e+00
s872        ,  3.581942854285155e-01,  3.537560113518464e-01,  3.024863210213961e+00
s873        ,  3.780199537649536e-01,  3.590563901817517e-01,  2.948795800123667e+00
s874        ,  4.051572712863296e-01,  3.788868906328164e-01,  2.664202027015224e+00
s875        ,  3.637115898742233e-01,  3.787759322622977e-01,  2.665794425623711e+00
s876        ,  3.707605657787341e-01,  3.818017645371541e-01,  2.622369751293394e+00
s877        ,  3.448717819571157e-01,  3.778259417925329e-01,  2.679428038798255e+00
s878        ,  3.077154378074489e-01,  2.986636493122967e-01,  3.815511092297545e+00
s879        ,  2.822144565235117e-01,  2.875736960983093e-01,  3.974666512331101e+00
s880        ,  2.990707743641133e-01,  3.242635434188011e-01,  3.448118929254300e+00
s881        ,  2.519924028225227e-01,  3.650334485154367e-01,  2.863017148824862e+00
s882        ,  3.029935117041472e-01,  2.976331939851885e-01,  3.830299482045202e+00
s883        ,  3.513753591077723e-01,  3.394586980406054e-01,  3.230048467671304e+00
s884        ,  3.148487123515269e-01,  3.263620974803036e-01,  3.418001917335774e+00
s885        ,  3.349797306381302e-01,  3.279609863525944e-01,  3.395055758308210e+00
s886        ,  2.645821893421532e-01,  3.002575404105449e-01,  3.792636657903226e+00
s887        ,  3.560393157185437e-01,  3.297036506423914e-01,  3.370046232869427e+00
s888        ,  3.665363028937624e-01,  3.567498996518124e-01,  2.981896973953051e+00
s889        ,  2.882985069243872e-01,  2.853117469770602e-01,  4.007128458341194e+00
s890        ,  3.314401632007343e-01,  3.651809422113976e-01,  2.860900420225562e+00
s891        ,  3.187054663095563e-01,  3.082964925408496e-01,  3.677267117722069e+00
s892        ,  2.885378548431122e-01,  3.115245995128044e-01,  3.630939535348978e+00
s893        ,  4.341641481228710e-01,  3.250920375635427e-01,  3.436228948200514e+00
s894        ,  3.434520439383409e-01,  3.399849115179303e-01,  3.222496611915472e+00
s895        ,  2.977872538643522e-01,  3.026417327055366e-01,  3.758420361510598e+00
s896        ,  4.395276693832269e-01,  3.541440278122537e-01,  3.019294663481215e+00
s897        ,  4.141074145418121e-01,  3.132861255397133e-01,  3.605659319165638e+00
s898        ,  3.245936699741395e-01,  3.049598753600475e-01,  3.725151964362535e+00
s899        ,  2.759455078310450e-01,  3.020308707291089e-01,  3.767187034603344e+00
s900        ,  2.812910468510978e-01,  2.863690190251134e-01,  3.991955213364344e+00
s901        ,  4.368412206448667e-01,  3.876991796805540e-01,  2.537734084564321e+00
s902        ,  2.476616888757790e-01,  2.892993737272131e-01,  3.949900767826039e+00
s903        ,  4.064063930352827e-01,  3.795712687970981e-01,  2.654380299899129e+00
s904        ,  2.692313868191551e-01,  3.647505235026108e-01,  2.867077495012573e+00
s905        ,  3.857159716978104e-01,  3.565340574031145e-01,  2.984994594212545e+00
s906        ,  2.875408284403677e-01,  2.754979278004714e-01,  4.147969675886940e+00
s907        ,  3.309853692311254e-01,  3.176779097025886e-01,  3.542631438014838e+00
s908        ,  3.448811689194689e-01,  3.186754701015105e-01,  3.528315133767583e+00
s909        ,  3.108819018906574e-01,  3.489372674981341e-01,  3.094018524693051e+00
s910        ,  2.601667533352491e-01,  2.615273580860848e-01,  4.348465732822224e+00
s911        ,  2.987315837360676e-01,  3.028028051528798e-01,  3.756108759962955e+00
s912        ,  3.440343127256966e-01,  3.369265318882050e-01,  3.266388383611773e+00
s913        ,  2.676759227439509e-01,  2.896074709416500e-01,  3.945479167425326e+00
s914        ,  3.362930685924894e-01,  3.436291035247971e-01,  3.170197661834755e+00
s915        ,  3.076052608078511e-01,  3.281846126226685e-01,  3.391846427100274e+00
s916        ,  3.754348103699239e-01,  3.607520270926186e-01,  2.924461179447988e+00
s917        ,  2.590598828517826e-01,  3.159151356388792e-01,  3.567929565168348e+00
s918        ,  4.961505633465160e-01,  3.827637529894365e-01,  2.608563951283586e+00
s919        ,  2.931955880287684e-01,  3.450371061223488e-01,  3.149990972004987e+00
s920        ,  2.474840765757152e-01,  2.749390926249384e-01,  4.155989695933490e+00
s921        ,  3.442280024555943e-01,  3.998501331302751e-01,  2.363351915155403e+00
s922        ,  3.930300610882673e-01,  3.932325694515215e-01,  2.458322660889696e+00
s923        ,  3.214733830150857e-01,  2.951321682431823e-01,  3.866192492124062e+00
s924        ,  2.534416607722896e-01,  3.084020448561016e-01,  3.675752303119581e+00
s925        ,  4.195798862194213e-01,  3.831445665366116e-01,  2.603098775832831e+00
s926        ,  2.890808494142250e-01,  2.802038185579965e-01,  4.080433951822633e+00
s927        ,  2.735614386165569e-01,  2.904091551087371e-01,  3.933973944825642e+00
s928        ,  2.920421471112219e-01,  3.044309209361734e-01,  3.732743156307700e+00
s929        ,  3.493227439756055e-01,  3.512173839970177e-01,  3.061295852910490e+00
s930        ,  3.134104047515290e-01,  3.442973684381171e-01,  3.160607181070689e+00
s931        ,  3.884821591695420e-01,  3.609625347487524e-01,  2.921440117610685e+00
s932        ,  3.555147722726067e-01,  3.387970723775245e-01,  3.239543666458960e+00
s933        ,  4.127638757436791e-01,  3.359808179284157e-01,  3.279960623241425e+00
s934        ,  2.485124345085235e-01,  2.633837602423733e-01,  4.321823919350673e+00
s935        ,  2.511088031672664e-01,  2.546704761205340e-01,  4.446871010850928e+00
s936        ,  2.604780194318803e-01,  3.110215833919575e-01,  3.638158478517833e+00
s937        ,  3.411489425468267e-01,  3.743385979850359e-01,  2.729476010847728e+00
s938        ,  3.511005950375960e-01,  3.140415685546545e-01,  3.594817717940239e+00
s939        ,  2.747398030122069e-01,  3.008893939328565e-01,  3.783568728507785e+00
s940        ,  3.417465604863621e-01,  3.632723532715730e-01,  2.888291182704708e+00
s941        ,  2.992769914824235e-01,  3.046970327437580e-01,  3.728924101736884e+00
s942        ,  2.877311772316790e-01,  2.935268409829599e-01,  3.889231050489642e+00
s943        ,  3.224976287094988e-01,  3.342337026330336e-01,  3.305034026466685e+00
s944        ,  2.872161365477828e-01,  3.090102419806005e-01,  3.667023874158246e+00
s945        ,  3.039291705890396e-01,  3.328015449933267e-01,  3.325587372932956e+00
s946        ,  3.820695206088657e-01,  3.479207633207291e-01,  3.108606697086485e+00
s947        ,  3.338965049246589e-01,  2.892103029479426e-01,  3.951179050701897e+00
s948        ,  2.895186753893665e-01,  3.074126131836187e-01,  3.689951949447205e+00
s949        ,  3.285081864326909e-01,  3.136900990757225e-01,  3.599861767402760e+00
s950        ,  3.631800436830665e-01,  3.670572956635740e-01,  2.833972279407448e+00
s951        ,  2.321785877905577e-01,  2.816297949202552e-01,  4.059969314820652e+00
s952        ,  3.942514198985953e-01,  3.776234489727934e-01,  2.682334077187918e+00
s953        ,  4.109179543283764e-01,  3.943201297269376e-01,  2.442714739998981e+00
s954        ,  3.824721552405599e-01,  3.810163909709294e-01,  2.633640895310312e+00
s955        ,  2.687072927169935e-01,  3.034251037225495e-01,  3.747177956709687e+00
s956        ,  3.979821694304178e-01,  3.708918962057571e-01,  2.778940716318227e+00
s957        ,  2.899775316226321e-01,  3.183753355072112e-01,  3.532622460092646e+00
s958        ,  3.788440459260153e-01,  3.518906006083454e-01,  3.051634308764904e+00
s959        ,  3.097885661746670e-01,  3.177056305676612e-01,  3.542233607127802e+00
s960        ,  2.673850340403868e-01,  3.178649758276767e-01,  3.539946792990827e+00
s961        ,  3.243475522827328e-01,  3.343939670256226e-01,  3.302734021567948e+00
s962        ,  2.853383177579654e-01,  2.942686035724063e-01,  3.878585781369876e+00
s963        ,  3.492156404114884e-01,  3.281496261904375e-01,  3.392348528435578e+00
s964        ,  2.774300864992933e-01,  2.894216719538010e-01,  3.948145627362740e+00
s965        ,  3.171942496841062e-01,  2.989581415757313e-01,  3.811284740844191e+00
s966        ,  2.734218027896025e-01,  2.976868921080545e-01,  3.829528843329705e+00
s967        ,  3.303895856524011e-01,  3.661412702001380e-01,  2.847118450052308e+00
s968        ,  3.379779199025550e-01,  3.390407766063626e-01,  3.236046190125539e+00
s969        ,  3.659302513196352e-01,  3.307601268649704e-01,  3.354884409035225e+00
s970        ,  3.452495236560603e-01,  3.435145635103116e-01,  3.171841461746652e+00
s971        ,  2.851883014226236e-01,  3.195429402127529e-01,  3.515865796312562e+00
s972        ,  3.257825344175761e-01,  3.239162985731431e-01,  3.453102349670852e+00
s973        ,  3.559590726598347e-01,  3.225193888462231e-01,  3.473149842211804e+00
s974        ,  3.244218696610479e-01,  3.318634788248928e-01,  3.339049856694210e+00
s975        ,  3.575434229776818e-01,  3.099307590594911e-01,  3.653813242921847e+00
s976        ,  3.508196626692490e-01,  3.708586017720699e-01,  2.779418535248211e+00
s977        ,  3.094780913347707e-01,  3.234105577581151e-01,  3.460360395786174e+00
s978        ,  2.679411357443860e-01,  3.192217970610728e-01,  3.520474623077682e+00
s979        ,  3.294468669232396e-01,  3.687021762826609e-01,  2.810366078300519e+00
s980        ,  2.682884487390532e-01,  2.710725094022172e-01,  4.211480252569088e+00
s981        ,  3.690259273299634e-01,  3.491986687706610e-01,  3.090267072498117e+00
s982        ,  3.599308410073728e-01,  3.552793403864043e-01,  3.003001434274403e+00
s983        ,  3.033741189947783e-01,  3.058095526421877e-01,  3.712957977415733e+00
s984        ,  3.990606361986817e-01,  3.299695825802865e-01,  3.366229759665316e+00
s985        ,  2.458061579719099e-01,  2.351638908271542e-01,  4.726816175260866e+00
s986        ,  3.674574317411205e-01,  3.471724779953025e-01,  3.119345576049742e+00
s987        ,  3.618389636623023e-01,  3.188676134970020e-01,  3.525557623232955e+00
s988        ,  3.706023012861709e-01,  3.259386611363025e-01,  3.424078786001187e+00
s989        ,  3.267317558382980e-01,  3.415596476738361e-01,  3.199897076146546e+00
s990        ,  3.568657105740528e-01,  3.789958928530093e-01,  2.662637701737683e+00
s991        ,  2.691831861033237e-01,  2.554861596336316e-01,  4.435164879216598e+00
s992        ,  3.535454705333178e-01,  2.957219149061932e-01,  3.857728851560953e+00
s993        ,  3.585598735365578e-01,  3.601654888332737e-01,  2.932878775197089e+00
s994        ,  3.020201873530365e-01,  3.456086289354628e-01,  3.141788867665611e+00
s995        ,  2.226508985115376e-01,  2.518104637254346e-01,  4.487915951732113e+00
s996        ,  3.542347072493316e-01,  3.574672659280818e-01,  2.971601824026397e+00
s997        ,  3.018965630826722e-01,  2.666163459693176e-01,  4.275432060950640e+00
s998        ,  3.248834775025297e-01,  3.289106578055043e-01,  3.381426723445274e+00
s999        ,  3.245798973395961e-01,  3.058525068085434e-01,  3.712341528612332e+00
s1000       ,  4.229046884097925e-01,  3.868624157037124e-01,  2.549742748589630e+00
s1001       ,  3.687810356407749e-01,  3.512014661366089e-01,  3.061524295151006e+00
s1002       ,  2.771840194067590e-01,  3.114320908384352e-01,  3.632267156542853e+00
s1003       ,  3.773312531679570e-01,  3.748545438718268e-01,  2.722071508525461e+00
s1004       ,  3.054117424504427e-01,  3.229306851446400e-01,  3.467247199173578e+00
s1005       ,  3.385236329700146e-01,  3.476447474229531e-01,  3.112567888382680e+00
s1006       ,  4.167296916398009e-01,  3.024227039319315e-01,  3.761563712595125e+00
s1007       ,  3.320487440508861e-01,  3.234544118983231e-01,  3.459731031173868e+00
s1008       ,  3.136740188462037e-01,  3.634694484114114e-01,  2.885462608123529e+00
s1009       ,  3.593194801918262e-01,  3.715610029274498e-01,  2.769338154496420e+00
s1010       ,  3.386964235398171e-01,  3.500010707069425e-01,  3.078751548966102e+00
s1011       ,  3.250388323362358e-01,  3.364116383233453e-01,  3.273777783729752e+00
s1012       ,  2.909569628391213e-01,  2.605367833451814e-01,  4.362681783685655e+00
s1013       ,  3.150008570990088e-01,  3.111417301534225e-01,  3.636434214409801e+00
s1014       ,  2.705688582831416e-01,  2.413504764628968e-01,  4.638030531495635e+00
s1015       ,  2.627454581345986e-01,  2.935693308232580e-01,  3.888621265376098e+00
s1016       ,  4.030578873542974e-01,  3.713358658482454e-01,  2.772569167803194e+00
s1017       ,  3.593872438775090e-01,  3.392279750654897e-01,  3.233359645933951e+00
s1018       ,  2.427981414978236e-01,  2.832483715213468e-01,  4.036740610981009e+00
s1019       ,  3.667702659774850e-01,  3.837478866089994e-01,  2.594440338986185e+00
s1020       ,  2.443455242532603e-01,  3.187707779116459e-01,  3.526947341292549e+00
s1021       ,  3.517001221268577e-01,  3.830306615429276e-01,  2.604733462360707e+00
s1022       ,  2.465884136726172e-01,  2.736455052612091e-01,  4.174554376618055e+00
s1023       ,  3.973866202773900e-01,  3.381550169829798e-01,  3.248758006143881e+00
s1024       ,  2.954254385322262e-01,  2.980889534053502e-01,  3.823758734708360e+00
s1025       ,  3.194737803651596e-01,  3.452669744968933e-01,  3.146692058384964e+00
s1026       ,  2.845215502906833e-01,  3.074341932114072e-01,  3.689642247654894e+00
s1027       ,  3.801444592417467e-01,  3.872103147503203e-01,  2.544749939528694e+00
s1028       ,  3.280565754548467e-01,  3.260986153357610e-01,  3.421783232782005e+00
s1029       ,  3.320425958711730e-01,  3.344514962280002e-01,  3.301908401820785e+00
s1030       ,  3.688103106871887e-01,  3.595927608035219e-01,  2.941098175980961e+00
s1031       ,  3.177581036079268e-01,  3.170511126842499e-01,  3.551626799925262e+00
s1032       ,  2.886686636822086e-01,  3.067232898444591e-01,  3.699844646329326e+00
s1033       ,  3.502857082190677e-01,  3.490247430435299e-01,  3.092763135522196e+00
s1034       ,  2.612720878184224e-01,  3.031847769978246e-01,  3.750626961415193e+00
s1035       ,  3.090655311957510e-01,  3.209399058815149e-01,  3.495817500932573e+00
s1036       ,  2.315433826576645e-01,  2.750077299752137e-01,  4.155004659648641e+00
s1037       ,  3.217591519820785e-01,  3.256563744916389e-01,  3.428129970765848e+00
s1038       ,  3.897883572896937e-01,  3.812715945091347e-01,  2.629978388757455e+00
s1039       ,  3.933052255643392e-01,  3.734715254791857e-01,  2.741919642142229e+00
s1040       ,  3.351679701489885e-01,  3.327687200312522e-01,  3.326058454327597e+00
s1041       ,  4.495450075554298e-01,  3.854548602958094e-01,  2.569943020659557e+00
