# c0 + a0 * ((S + NBI) * (poly_dist_avg + PF))
# Property Label: $E$; Unit of the Property: Unitless
# RMSE: 0.0329417584191117; Max AE: 0.145879237162193
# Coefficients
# Task   a0                      c0
# all ,  2.507664971580232e-01,  2.160741647870366e-01, 
# Feature Rung, Units, and Expressions
# 0;  2; Unitless;                                         10|4|add|29|2|add|mult; ((S + NBI) * (poly_dist_avg + PF)); $\left(\left(S + NBI\right) \left(poly_{dist, avg} + PF\right)\right)$; ((S + NBI) .* (poly_dist_avg + PF)); ((newdata$S + newdata$NBI) * (newdata$poly_dist_avg + newdata$PF)); S,NBI,poly_dist_avg,PF
# Number of Samples Per Task
# Task, n_samples               
# all , 1041                  

# Sample ID , Property Value        ,  Property Value (EST) ,  Feature 0 Value      
s1          ,  3.651132093274850e-01,  3.358568130908280e-01,  4.776660744609318e-01
s2          ,  4.250240521814745e-01,  3.374050218366830e-01,  4.838399803191746e-01
s3          ,  2.746380789449931e-01,  2.981193866053875e-01,  3.271777639684027e-01
s4          ,  3.247370215691567e-01,  3.105496320793155e-01,  3.767467678616738e-01
s5          ,  3.450588503436838e-01,  3.289285431136904e-01,  4.500377028257382e-01
s6          ,  3.418868902527870e-01,  3.456795050116033e-01,  5.168367453124907e-01
s7          ,  3.253614410179195e-01,  3.380816629359631e-01,  4.865382717853340e-01
s8          ,  3.920908336338758e-01,  3.120519286106242e-01,  3.827375862059680e-01
s9          ,  3.897447923973993e-01,  3.981786517969561e-01,  7.261914532991395e-01
s10         ,  3.161197563926354e-01,  3.536237427510223e-01,  5.485165662991546e-01
s11         ,  3.431871249187676e-01,  2.905020682003949e-01,  2.968016232505603e-01
s12         ,  2.917324756968375e-01,  2.887835223050791e-01,  2.899484514162346e-01
s13         ,  2.447364458196310e-01,  2.850955574572247e-01,  2.752416828101781e-01
s14         ,  3.105728952400728e-01,  2.975631371377490e-01,  3.249595670643404e-01
s15         ,  3.795908353494076e-01,  3.704346297645555e-01,  6.155545765758613e-01
s16         ,  3.670742293030571e-01,  3.811982288335744e-01,  6.584773720489585e-01
s17         ,  2.954366621683970e-01,  3.214798872101347e-01,  4.203341499669130e-01
s18         ,  3.635454507147386e-01,  3.243136099912963e-01,  4.316343946697609e-01
s19         ,  3.651486704953139e-01,  3.694639717981141e-01,  6.116838124289671e-01
s20         ,  3.399672486499590e-01,  3.021857333248912e-01,  3.433934337870918e-01
s21         ,  3.890225043355258e-01,  3.626582731949577e-01,  5.845442276746783e-01
s22         ,  2.558533901530953e-01,  2.986015804249516e-01,  3.291006437192024e-01
s23         ,  4.117639764254846e-01,  3.819020967547613e-01,  6.612842379148692e-01
s24         ,  3.311791000527954e-01,  3.262562531034962e-01,  4.393812154541009e-01
s25         ,  3.690868050126928e-01,  4.114786679319227e-01,  7.792289056131358e-01
s26         ,  2.979562579207253e-01,  2.843266986376935e-01,  2.721756479600494e-01
s27         ,  3.397813902812787e-01,  3.439728413468561e-01,  5.100309571227243e-01
s28         ,  2.613491376061739e-01,  2.902132188214414e-01,  2.956497573425259e-01
s29         ,  3.947313720925611e-01,  4.222462319912906e-01,  8.221675125698006e-01
s30         ,  2.592589137508671e-01,  2.949018635472849e-01,  3.143470106797164e-01
s31         ,  3.031212395007984e-01,  3.231234711362568e-01,  4.268883904446052e-01
s32         ,  3.857616783620361e-01,  3.634123281357685e-01,  5.875512280090796e-01
s33         ,  4.141193231435004e-01,  3.830997485302768e-01,  6.660602019654451e-01
s34         ,  4.179319881718991e-01,  3.688351765326220e-01,  6.091763193123892e-01
s35         ,  3.612111930609704e-01,  3.926875403395202e-01,  7.042941443696472e-01
s36         ,  3.787074193034875e-01,  3.204283193809080e-01,  4.161407356107521e-01
s37         ,  3.867254135891385e-01,  3.156468786059430e-01,  3.970734326450296e-01
s38         ,  3.446930711358910e-01,  3.736721760705949e-01,  6.284651780426880e-01
s39         ,  2.876898720952064e-01,  3.277359184441672e-01,  4.452817857353794e-01
s40         ,  3.049912944269815e-01,  3.504110847940576e-01,  5.357052139320154e-01
s41         ,  3.032122447573497e-01,  3.269076685120662e-01,  4.419789125785277e-01
s42         ,  3.284012713704346e-01,  3.168744255588147e-01,  4.019686118925914e-01
s43         ,  3.521735822893021e-01,  3.423592013950617e-01,  5.035961264332898e-01
s44         ,  3.330769886831567e-01,  3.413482539051232e-01,  4.995646967909901e-01
s45         ,  3.222694574216643e-01,  3.122593252545278e-01,  3.835646370530869e-01
s46         ,  3.537154217541030e-01,  3.096160365794571e-01,  3.730238004380389e-01
s47         ,  3.064622412169097e-01,  3.153271092807254e-01,  3.957982649936822e-01
s48         ,  2.709027668189650e-01,  2.930041554262411e-01,  3.067793804637557e-01
s49         ,  3.986674224858993e-01,  3.336548968518994e-01,  4.688853311643458e-01
s50         ,  3.630933243380700e-01,  3.289550439004132e-01,  4.501433819616001e-01
s51         ,  3.785261269820064e-01,  3.694964509996507e-01,  6.118133321291852e-01
s52         ,  3.404870415156796e-01,  3.054759703868082e-01,  3.565141540555716e-01
s53         ,  2.464211996641334e-01,  3.182120579627167e-01,  4.073027869879950e-01
s54         ,  4.479825317233843e-01,  4.090396438679845e-01,  7.695026300078219e-01
s55         ,  3.436317929445776e-01,  3.274918560657494e-01,  4.443085202426449e-01
s56         ,  3.917346641556894e-01,  4.232171910156050e-01,  8.260394772673115e-01
s57         ,  3.497750017469617e-01,  3.305991464495904e-01,  4.566996905905840e-01
s58         ,  4.567353100642558e-01,  3.694266013482193e-01,  6.115347875380096e-01
s59         ,  3.347920174849711e-01,  3.478322039018564e-01,  5.254212209687285e-01
s60         ,  2.709373029897972e-01,  2.917466227514789e-01,  3.017646249481105e-01
s61         ,  2.790893938381299e-01,  2.981848101842737e-01,  3.274386583846334e-01
s62         ,  3.360458157463063e-01,  3.393895255000645e-01,  4.917537315015385e-01
s63         ,  4.093736118424267e-01,  3.921130806351420e-01,  7.020033291655086e-01
s64         ,  3.302497794709098e-01,  3.931501300702996e-01,  7.061388474540786e-01
s65         ,  3.637362750415415e-01,  3.675116419181343e-01,  6.038983630084674e-01
s66         ,  3.848471859724885e-01,  3.548570165296188e-01,  5.534345828307624e-01
s67         ,  3.211750777924535e-01,  3.148229004706546e-01,  3.937875944464400e-01
s68         ,  4.095598752010021e-01,  3.853024606052409e-01,  6.748441188759084e-01
s69         ,  3.476279282639844e-01,  3.485467172108963e-01,  5.282705382305541e-01
s70         ,  3.542202710009075e-01,  3.426888028347975e-01,  5.049105023306734e-01
s71         ,  3.324591144603498e-01,  3.108917275491032e-01,  3.781109671214024e-01
s72         ,  3.490784623419291e-01,  3.648086146819043e-01,  5.931193025404069e-01
s73         ,  2.871691931895054e-01,  3.119220078484404e-01,  3.822194916293152e-01
s74         ,  4.049442418517104e-01,  4.139326848758783e-01,  7.890149694285477e-01
s75         ,  3.439829269029567e-01,  3.367651244637285e-01,  4.812882145123125e-01
s76         ,  3.071028154909760e-01,  3.100042491566824e-01,  3.745719042781647e-01
s77         ,  2.780468433194506e-01,  3.223304576771686e-01,  4.237260323621834e-01
s78         ,  2.669617651637353e-01,  2.969821248661080e-01,  3.226426217059065e-01
s79         ,  3.541307689639985e-01,  3.438781835365973e-01,  5.096534832124069e-01
s80         ,  3.629523222745701e-01,  3.427360909813676e-01,  5.050990767499280e-01
s81         ,  2.554152131748840e-01,  2.950278888806041e-01,  3.148495711682484e-01
s82         ,  3.259366268272620e-01,  3.350613523293888e-01,  4.744939570909710e-01
s83         ,  2.722850822770267e-01,  3.148195548590353e-01,  3.937742529049772e-01
s84         ,  3.998438077165619e-01,  3.350663234874716e-01,  4.745137809435953e-01
s85         ,  3.012322773461942e-01,  3.134838652194809e-01,  3.884478251138170e-01
s86         ,  3.200453803456573e-01,  3.152004773917714e-01,  3.952932856986445e-01
s87         ,  3.352140969143458e-01,  3.420249088043763e-01,  5.022630432883162e-01
s88         ,  3.302506455484479e-01,  3.298937052040585e-01,  4.538865506634934e-01
s89         ,  3.471406078486814e-01,  3.529980071472898e-01,  5.460212744207577e-01
s90         ,  3.483351733862548e-01,  3.393111816378334e-01,  4.914413139213634e-01
s91         ,  3.564650130752042e-01,  4.145600266597729e-01,  7.915166663896821e-01
s92         ,  2.923433543076974e-01,  2.998749627187065e-01,  3.341786039259536e-01
s93         ,  3.745472031333225e-01,  3.298035536706222e-01,  4.535270467646151e-01
s94         ,  3.437578785209007e-01,  3.610688601130163e-01,  5.782060082555991e-01
s95         ,  2.980732528469880e-01,  2.956602206148690e-01,  3.173711669213941e-01
s96         ,  3.581539694897533e-01,  3.413149374976033e-01,  4.994318385029115e-01
s97         ,  4.279362669937736e-01,  4.020374762886747e-01,  7.415795714706308e-01
s98         ,  2.896944279808133e-01,  3.037229121220592e-01,  3.495233547079048e-01
s99         ,  2.909528202324455e-01,  2.765246428785801e-01,  2.410628165111303e-01
s100        ,  3.111721139319150e-01,  3.326600760322319e-01,  4.649182110309073e-01
s101        ,  3.241780336567121e-01,  3.119217698749223e-01,  3.822185426448183e-01
s102        ,  3.096847321141750e-01,  2.829542317106326e-01,  2.667025606752036e-01
s103        ,  3.391049191815317e-01,  3.773522051637010e-01,  6.431403006560056e-01
s104        ,  2.515445686944838e-01,  2.928246936543956e-01,  3.060637275600408e-01
s105        ,  3.580226031747242e-01,  3.179192977931206e-01,  4.061353257325484e-01
s106        ,  3.582576851144277e-01,  3.823010382433011e-01,  6.628751262235590e-01
s107        ,  3.406125813060369e-01,  3.111556421009009e-01,  3.791633985856875e-01
s108        ,  3.541195107207772e-01,  3.579778465653359e-01,  5.658797462440812e-01
s109        ,  3.030334722988908e-01,  3.143450072579855e-01,  3.918818645419863e-01
s110        ,  3.844717335443058e-01,  3.133776150421546e-01,  3.880241234689383e-01
s111        ,  3.518414134147780e-01,  3.846414537496066e-01,  6.722081732327481e-01
s112        ,  3.724995886738390e-01,  3.476106511429184e-01,  5.245377187407642e-01
s113        ,  3.276637756053076e-01,  3.410671266040510e-01,  4.984436247807407e-01
s114        ,  3.975727278995340e-01,  3.556673269651110e-01,  5.566659173378660e-01
s115        ,  4.661802026900197e-01,  3.533950819441843e-01,  5.476047187859129e-01
s116        ,  3.149444114213277e-01,  3.134992383194126e-01,  3.885091295548243e-01
s117        ,  2.617905198031230e-01,  2.788954874766546e-01,  2.505172078470690e-01
s118        ,  2.697626524103243e-01,  2.875219072196882e-01,  2.849174161715391e-01
s119        ,  3.390451473349576e-01,  3.119404621538469e-01,  3.822930832199607e-01
s120        ,  3.261908135769222e-01,  3.485582012576541e-01,  5.283163340082516e-01
s121        ,  3.485047140780971e-01,  3.610421876120862e-01,  5.780996443623660e-01
s122        ,  2.626009490674024e-01,  2.893715276152477e-01,  2.922932834286149e-01
s123        ,  2.763746480585029e-01,  2.837424700643076e-01,  2.698458767186472e-01
s124        ,  3.084637495449347e-01,  3.342941587828869e-01,  4.714345629725517e-01
s125        ,  3.788458996149217e-01,  3.324651088056297e-01,  4.641407258851172e-01
s126        ,  3.251157603452653e-01,  3.239980052612056e-01,  4.303758344806307e-01
s127        ,  2.834263508079372e-01,  2.876898837234826e-01,  2.855872684273152e-01
s128        ,  3.547356336228297e-01,  3.944086004322411e-01,  7.111573422538380e-01
s129        ,  2.905669611170635e-01,  3.112299106422027e-01,  3.794595647089278e-01
s130        ,  3.001710267623137e-01,  3.390127105043693e-01,  4.902510786353632e-01
s131        ,  3.234187238329760e-01,  3.327982951535198e-01,  4.654693975843520e-01
s132        ,  2.761295727416017e-01,  2.992407334569345e-01,  3.316494412628395e-01
s133        ,  3.187185284669714e-01,  3.268922251002191e-01,  4.419173277495249e-01
s134        ,  2.870198930068550e-01,  3.171084489531157e-01,  4.029018441901800e-01
s135        ,  3.783093309701865e-01,  3.264656324507380e-01,  4.402161728731132e-01
s136        ,  3.883241345589045e-01,  3.811102882998117e-01,  6.581266851160573e-01
s137        ,  2.784112215023900e-01,  3.030718833985148e-01,  3.469271995957880e-01
s138        ,  3.453346818049723e-01,  3.325331977762967e-01,  4.644122492801426e-01
s139        ,  3.244324492872825e-01,  3.483002816798558e-01,  5.272878091426043e-01
s140        ,  3.327862834846864e-01,  3.147562574552291e-01,  3.935218371934543e-01
s141        ,  3.557762179436731e-01,  3.411289737662255e-01,  4.986902572570696e-01
s142        ,  2.749368728938547e-01,  2.916192452388945e-01,  3.012566722748944e-01
s143        ,  3.361413138168960e-01,  3.573944019002404e-01,  5.635531010514107e-01
s144        ,  3.409974995595333e-01,  3.194503006473443e-01,  4.122406183915551e-01
s145        ,  3.763216171571199e-01,  3.783963910704169e-01,  6.473042775769647e-01
s146        ,  3.752831948694745e-01,  3.582700611538737e-01,  5.670450318458243e-01
s147        ,  3.654575252194441e-01,  3.568757167464834e-01,  5.614847021239807e-01
s148        ,  3.473385960617674e-01,  3.440284051923381e-01,  5.102525331550560e-01
s149        ,  2.849292163595314e-01,  3.268084919813769e-01,  4.415834190344805e-01
s150        ,  3.503331909216502e-01,  3.675515336098591e-01,  6.040574420408618e-01
s151        ,  3.330423635366063e-01,  3.494077580192796e-01,  5.317041739759253e-01
s152        ,  3.630680102987860e-01,  3.388480029473832e-01,  4.895942621991458e-01
s153        ,  3.816822758848153e-01,  3.375121013921621e-01,  4.842669893362987e-01
s154        ,  3.320898103001320e-01,  3.372746642261624e-01,  4.833201436902870e-01
s155        ,  3.864039977120127e-01,  3.131614579348557e-01,  3.871621378777663e-01
s156        ,  2.690214273922155e-01,  3.116101454106859e-01,  3.809758548545111e-01
s157        ,  3.092688252015169e-01,  3.389060910873504e-01,  4.898259045462116e-01
s158        ,  3.521824739407696e-01,  3.676573989833272e-01,  6.044796091750994e-01
s159        ,  3.604301286467682e-01,  3.536585764302186e-01,  5.486554751230650e-01
s160        ,  2.959798492012398e-01,  3.007755607319952e-01,  3.377699848460339e-01
s161        ,  3.194137955766546e-01,  2.805575655388843e-01,  2.571451987512223e-01
s162        ,  3.677213080484411e-01,  3.025876235826122e-01,  3.449960811194731e-01
s163        ,  3.585762742017419e-01,  3.441877453825464e-01,  5.108879457481019e-01
s164        ,  4.006335057182285e-01,  4.064308185958405e-01,  7.590992256387762e-01
s165        ,  3.287266930084647e-01,  3.408415861637529e-01,  4.975442205825952e-01
s166        ,  2.950048096243486e-01,  3.242791224109166e-01,  4.314968660095506e-01
s167        ,  3.519819712307287e-01,  3.287536834916591e-01,  4.493404022532413e-01
s168        ,  4.374575067359432e-01,  3.878333040069216e-01,  6.849365492059694e-01
s169        ,  4.091080766385897e-01,  3.804856550667245e-01,  6.556357892421418e-01
s170        ,  3.398244019971832e-01,  3.225568931418097e-01,  4.246290057147138e-01
s171        ,  3.613080720154525e-01,  3.373137699194626e-01,  4.834760883389677e-01
s172        ,  3.578018153328690e-01,  3.524334493060736e-01,  5.437699456044509e-01
s173        ,  3.625516481683081e-01,  3.770430774229402e-01,  6.419075692334899e-01
s174        ,  3.825999337737049e-01,  3.620817204134903e-01,  5.822450657531232e-01
s175        ,  3.092599387015685e-01,  2.948491283365801e-01,  3.141367146022803e-01
s176        ,  3.793890053910741e-01,  3.709802722504059e-01,  6.177304752386978e-01
s177        ,  3.131265826402478e-01,  3.337127003142604e-01,  4.691158382815887e-01
s178        ,  3.054696856864712e-01,  3.022983438440101e-01,  3.438424990346232e-01
s179        ,  3.928374269136042e-01,  3.773233644001157e-01,  6.430252902223463e-01
s180        ,  2.641551140722125e-01,  2.817259993669489e-01,  2.618046482443031e-01
s181        ,  2.369318989685527e-01,  2.712509206993859e-01,  2.200324067914826e-01
s182        ,  4.189138162610332e-01,  3.745307456996093e-01,  6.318889592843798e-01
s183        ,  3.759767293543443e-01,  3.571355883126053e-01,  5.625210110769993e-01
s184        ,  4.039791445798378e-01,  3.279686090247055e-01,  4.462097030735225e-01
s185        ,  4.187778012666042e-01,  4.058043771117538e-01,  7.566011188693863e-01
s186        ,  3.450522704714396e-01,  3.539899053462095e-01,  5.499767398045352e-01
s187        ,  3.509325305204691e-01,  3.394804475681371e-01,  4.921163081180442e-01
s188        ,  3.868910592801009e-01,  3.936531784555511e-01,  7.081448904899409e-01
s189        ,  3.427300778100211e-01,  3.326666169287607e-01,  4.649442946449582e-01
s190        ,  3.213421258380463e-01,  3.282768256943511e-01,  4.474388013507591e-01
s191        ,  2.531455052956056e-01,  2.781462461147889e-01,  2.475294029753780e-01
s192        ,  2.695706078724207e-01,  2.849997489576857e-01,  2.748596202116058e-01
s193        ,  3.954601105184181e-01,  3.952120786628490e-01,  7.143614314751409e-01
s194        ,  3.572926210703052e-01,  3.256744575972057e-01,  4.370611467332625e-01
s195        ,  3.290528752571006e-01,  3.109274848002482e-01,  3.782535589410840e-01
s196        ,  3.068286090334552e-01,  3.395105804249430e-01,  4.922364711268491e-01
s197        ,  3.451887575536944e-01,  3.248829983989786e-01,  4.339049866911642e-01
s198        ,  3.094894638678110e-01,  3.423371101734409e-01,  5.035080316444277e-01
s199        ,  3.060674258319923e-01,  3.119600877737726e-01,  3.823713457476435e-01
s200        ,  2.862300564486437e-01,  3.022844469387502e-01,  3.437870813236553e-01
s201        ,  3.249313766746611e-01,  2.974281388187339e-01,  3.244212243409502e-01
s202        ,  3.753266605464363e-01,  3.451479739254546e-01,  5.147171197158793e-01
s203        ,  4.029232548104287e-01,  3.546273980703231e-01,  5.525189164163968e-01
s204        ,  3.599997628653644e-01,  3.325610620971783e-01,  4.645233658814325e-01
s205        ,  3.369349724991222e-01,  3.106273903976654e-01,  3.770568504254579e-01
s206        ,  3.550773861568109e-01,  3.277489742686296e-01,  4.453338494066050e-01
s207        ,  3.248842560910169e-01,  3.005608793786536e-01,  3.369138842274323e-01
s208        ,  3.892178112013847e-01,  3.650358702294566e-01,  5.940255461978645e-01
s209        ,  3.394721823707363e-01,  3.314802499877169e-01,  4.602133319585984e-01
s210        ,  3.535123221804505e-01,  3.279260016469988e-01,  4.460397945004489e-01
s211        ,  3.581883484115880e-01,  3.441624847438040e-01,  5.107872120415315e-01
s212        ,  3.095468400739283e-01,  3.309545176605814e-01,  4.581168304996964e-01
s213        ,  2.970030695897441e-01,  3.158905723212430e-01,  3.980452279927407e-01
s214        ,  2.952505712043380e-01,  2.819050623234950e-01,  2.625187107629227e-01
s215        ,  3.666112826899128e-01,  3.388855168672910e-01,  4.897438592160235e-01
s216        ,  3.146096144721102e-01,  3.223802029199382e-01,  4.239244051246274e-01
s217        ,  3.572631712917447e-01,  3.050568274348475e-01,  3.548427068857505e-01
s218        ,  3.906530675883989e-01,  3.811311962083255e-01,  6.582100611202317e-01
s219        ,  3.533175328188169e-01,  3.355941724433762e-01,  4.766187230386789e-01
s220        ,  3.292958184485441e-01,  3.492406693936818e-01,  5.310378623773206e-01
s221        ,  3.922937304178105e-01,  3.483789876370299e-01,  5.276016706754089e-01
s222        ,  2.956043726879932e-01,  3.248442224979778e-01,  4.337503571794863e-01
s223        ,  3.522928979206140e-01,  3.429886857224017e-01,  5.061063673724665e-01
s224        ,  3.671890264330231e-01,  3.244275171916102e-01,  4.320886307882407e-01
s225        ,  3.692182726300033e-01,  3.375864750228315e-01,  4.845635745321377e-01
s226        ,  3.810944919303408e-01,  3.498216519493215e-01,  5.333546892350713e-01
s227        ,  3.257040093262658e-01,  3.514530439850179e-01,  5.398603112148219e-01
s228        ,  3.395769394444231e-01,  3.337341467247995e-01,  4.692013617098864e-01
s229        ,  3.431399804548451e-01,  2.989109954434086e-01,  3.303345207401107e-01
s230        ,  2.512227189184055e-01,  2.895732002130928e-01,  2.930975080763678e-01
s231        ,  3.201687391567147e-01,  3.257345874567698e-01,  4.373009309956962e-01
s232        ,  3.668712051047079e-01,  3.927159930800374e-01,  7.044076074551856e-01
s233        ,  3.159372860524723e-01,  3.341204270238857e-01,  4.707417600623933e-01
s234        ,  3.288074742025223e-01,  4.057329499661874e-01,  7.563162835888528e-01
s235        ,  2.404535459782499e-01,  2.843354502468334e-01,  2.722105473953370e-01
s236        ,  3.942112592274354e-01,  3.205429885225716e-01,  4.165980101787791e-01
s237        ,  3.207425992509765e-01,  3.255333910185362e-01,  4.364986051646388e-01
s238        ,  3.228783696280719e-01,  3.163554310752823e-01,  3.998989794280706e-01
s239        ,  3.173309981533126e-01,  3.076806898352697e-01,  3.653060759169367e-01
s240        ,  2.944515915275119e-01,  3.125044180188691e-01,  3.845420114915346e-01
s241        ,  2.623340223598457e-01,  2.915009420516912e-01,  3.007849059562513e-01
s242        ,  3.472905412885691e-01,  3.526254256208893e-01,  5.445355036713830e-01
s243        ,  3.411668088660135e-01,  3.214293103440218e-01,  4.201324608789124e-01
s244        ,  3.345490802910559e-01,  3.836338583558035e-01,  6.681901109906931e-01
s245        ,  3.806037450466579e-01,  3.422991520340145e-01,  5.033566631807113e-01
s246        ,  2.822738655802098e-01,  3.159036278114200e-01,  3.980972903309118e-01
s247        ,  2.412572311651046e-01,  3.040602097144339e-01,  3.508684211190777e-01
s248        ,  3.291723893390957e-01,  3.508660143734180e-01,  5.375193700673691e-01
s249        ,  3.335036159019719e-01,  3.001989710280099e-01,  3.354706756858398e-01
s250        ,  2.841334766149551e-01,  3.212371563702684e-01,  4.193661943483707e-01
s251        ,  3.897160933411575e-01,  3.110703104467959e-01,  3.788231152740328e-01
s252        ,  2.974172959235764e-01,  3.219213087664612e-01,  4.220944391655471e-01
s253        ,  3.402798874706645e-01,  3.298370314413679e-01,  4.536605485326946e-01
s254        ,  3.453557066513905e-01,  3.170377491356356e-01,  4.026199093293380e-01
s255        ,  3.473897848646884e-01,  3.434311207028588e-01,  5.078706978770245e-01
s256        ,  2.775650936098157e-01,  3.126211398009953e-01,  3.850074715248685e-01
s257        ,  3.769007346358472e-01,  3.465524127505749e-01,  5.203177036895642e-01
s258        ,  3.031826235523933e-01,  3.211795539042318e-01,  4.191364887589505e-01
s259        ,  3.649101163154662e-01,  3.671279136270399e-01,  6.023681414858825e-01
s260        ,  2.836985211263404e-01,  2.914695986857880e-01,  3.006599157113087e-01
s261        ,  3.568114035371502e-01,  3.463411668145093e-01,  5.194753027370458e-01
s262        ,  2.969774967310232e-01,  3.048901469778049e-01,  3.541780229709070e-01
s263        ,  2.618717119564857e-01,  3.011709641612039e-01,  3.393467641753700e-01
s264        ,  3.079903383698472e-01,  3.570525087877655e-01,  5.621897087468182e-01
s265        ,  3.131364053370843e-01,  3.689394618485238e-01,  6.095921855348860e-01
s266        ,  3.412850318464396e-01,  3.772490289075893e-01,  6.427288571127847e-01
s267        ,  3.070004173759213e-01,  3.264113095531061e-01,  4.399995454597721e-01
s268        ,  2.824464522612543e-01,  3.138880095744894e-01,  3.900594612756995e-01
s269        ,  3.706172452100595e-01,  3.628541652997350e-01,  5.853254010251752e-01
s270        ,  3.137711424042234e-01,  3.466153268297579e-01,  5.205685907893004e-01
s271        ,  3.438724170458776e-01,  3.289948032608677e-01,  4.503019332868572e-01
s272        ,  3.563763221903465e-01,  3.671005766382760e-01,  6.022591277656538e-01
s273        ,  2.992755087965905e-01,  3.154892358128385e-01,  3.964447888872266e-01
s274        ,  3.418910691999477e-01,  3.483100025367085e-01,  5.273265737182666e-01
s275        ,  3.459340138648980e-01,  3.254329556578047e-01,  4.360980916914686e-01
s276        ,  3.066542538287166e-01,  3.179576263978152e-01,  4.062881715278561e-01
s277        ,  2.599265281449482e-01,  3.225712767860798e-01,  4.246863644306234e-01
s278        ,  4.231065788037446e-01,  3.334519951583296e-01,  4.680762051611942e-01
s279        ,  4.085890984502099e-01,  3.777569623487319e-01,  6.447543806452305e-01
s280        ,  2.589465412373284e-01,  2.938912047850039e-01,  3.103167324179272e-01
s281        ,  2.711461992950798e-01,  3.238472807374595e-01,  4.297747792142602e-01
s282        ,  2.707729542437380e-01,  3.209115125448556e-01,  4.180676005206332e-01
s283        ,  3.542954078937219e-01,  3.068353844152087e-01,  3.619351893366279e-01
s284        ,  4.444266515123610e-01,  3.476588401819420e-01,  5.247298857150995e-01
s285        ,  3.522417187169772e-01,  3.657955595631785e-01,  5.970550152151836e-01
s286        ,  4.242568175749523e-01,  4.329591740795516e-01,  8.648882994758369e-01
s287        ,  2.982263198938339e-01,  3.040410819340466e-01,  3.507921438627292e-01
s288        ,  3.665857814303198e-01,  3.264083816073695e-01,  4.399878694752614e-01
s289        ,  4.410941970239712e-01,  4.029646760935973e-01,  7.452770343112841e-01
s290        ,  3.692001655720752e-01,  3.489286044716730e-01,  5.297934181411670e-01
s291        ,  2.847619118274958e-01,  3.261334813353236e-01,  4.388916294465440e-01
s292        ,  2.619380900493295e-01,  3.126252672086588e-01,  3.850239306919034e-01
s293        ,  2.551793459709563e-01,  3.053259100557774e-01,  3.559157474393309e-01
s294        ,  3.996439882026235e-01,  3.930874794813602e-01,  7.058890110937616e-01
s295        ,  2.544891884610722e-01,  2.838189454146559e-01,  2.701508430965925e-01
s296        ,  2.982485995455294e-01,  3.330320507621271e-01,  4.664015620132387e-01
s297        ,  3.481137343622313e-01,  3.507079573670481e-01,  5.368890745208699e-01
s298        ,  3.526397833241731e-01,  3.429858769604199e-01,  5.060951666657786e-01
s299        ,  3.179989852712529e-01,  3.192913239775629e-01,  4.116066554356453e-01
s300        ,  2.757636809786050e-01,  2.933934120452324e-01,  3.083316477060019e-01
s301        ,  3.892773998715768e-01,  4.136212140772708e-01,  7.877728944219680e-01
s302        ,  2.647069109525357e-01,  2.997482730941760e-01,  3.336733943945118e-01
s303        ,  2.939670826111614e-01,  3.226389364334563e-01,  4.249561757815947e-01
s304        ,  4.210831624843967e-01,  3.704373114142648e-01,  6.155652703875931e-01
s305        ,  3.096791680687918e-01,  3.218334737992685e-01,  4.217441732082197e-01
s306        ,  3.818026842917582e-01,  3.651542911058267e-01,  5.944977818342519e-01
s307        ,  3.609095150813969e-01,  3.246066622893676e-01,  4.328030208674091e-01
s308        ,  2.411597646293700e-01,  3.303964186153349e-01,  4.558912578990042e-01
s309        ,  3.878963941441608e-01,  3.101724168394898e-01,  3.752425189125487e-01
s310        ,  3.258173656529080e-01,  3.128322202957489e-01,  3.858492127349019e-01
s311        ,  3.530293427363137e-01,  3.343724994834704e-01,  4.717469679447918e-01
s312        ,  3.018528617684650e-01,  3.234844262135377e-01,  4.283277975479129e-01
s313        ,  3.165147624134501e-01,  3.313065512570524e-01,  4.595206607579674e-01
s314        ,  3.254223568814984e-01,  3.477095773455380e-01,  5.249322140331601e-01
s315        ,  3.159450503141960e-01,  2.956161483819210e-01,  3.171954168373619e-01
s316        ,  3.632560519463020e-01,  3.885369306516649e-01,  6.877424529160650e-01
s317        ,  2.393880636932959e-01,  2.927621392698177e-01,  3.058142748409302e-01
s318        ,  3.299331681777578e-01,  3.412261991538146e-01,  4.990779700843054e-01
s319        ,  3.061104934871230e-01,  3.560021739629680e-01,  5.580012113330840e-01
s320        ,  4.632011214667016e-01,  3.173218843045084e-01,  4.037529760351894e-01
s321        ,  2.843417672327688e-01,  2.992123031162868e-01,  3.315360675029078e-01
s322        ,  3.371500722398251e-01,  3.324707216703642e-01,  4.641631087185422e-01
s323        ,  3.686039319423406e-01,  3.686186517946335e-01,  6.083128676932842e-01
s324        ,  3.213492322200285e-01,  3.038161790259230e-01,  3.498952819985151e-01
s325        ,  3.351760333142303e-01,  3.716057497194476e-01,  6.202247377344073e-01
s326        ,  2.931935066565518e-01,  3.375604168857669e-01,  4.844596605828665e-01
s327        ,  3.259018731198677e-01,  3.166649713750883e-01,  4.011333560426268e-01
s328        ,  3.298407520206893e-01,  3.135276701709567e-01,  3.886225093398690e-01
s329        ,  3.194938209283936e-01,  3.244670258063518e-01,  4.322461821963808e-01
s330        ,  3.459676070956239e-01,  3.075402310467069e-01,  3.647459580776132e-01
s331        ,  3.272723758742512e-01,  3.432133999374898e-01,  5.070024767715882e-01
s332        ,  3.326108287350491e-01,  3.355069093068980e-01,  4.762707374127396e-01
s333        ,  3.950926495884596e-01,  4.273592714473030e-01,  8.425571559789454e-01
s334        ,  2.949640786288477e-01,  3.097077505987327e-01,  3.733895351765901e-01
s335        ,  3.029422036334947e-01,  3.081778887581127e-01,  3.672887926214318e-01
s336        ,  3.680290352655777e-01,  3.513969737472635e-01,  5.396367158047899e-01
s337        ,  2.095842824931815e-01,  2.663452975470175e-01,  2.004698926280490e-01
s338        ,  3.574290889155288e-01,  3.366380828675883e-01,  4.807816013978014e-01
s339        ,  3.094934113876675e-01,  3.064389647029513e-01,  3.603543573006495e-01
s340        ,  3.096006184895485e-01,  3.139338462859252e-01,  3.902422477003425e-01
s341        ,  4.251368861065753e-01,  3.885671550734290e-01,  6.878629810651860e-01
s342        ,  3.304603020052027e-01,  2.968615086915010e-01,  3.221616317173157e-01
s343        ,  2.900651984072795e-01,  3.224605221396871e-01,  4.242446999832274e-01
s344        ,  3.829642871784757e-01,  3.489892588831965e-01,  5.300352941980205e-01
s345        ,  2.978036844690807e-01,  3.356139776217120e-01,  4.766977016046369e-01
s346        ,  3.520522767736792e-01,  3.754889348392328e-01,  6.357100005737177e-01
s347        ,  2.542874130214282e-01,  2.837968442671471e-01,  2.700627087255369e-01
s348        ,  3.478444540314312e-01,  3.439231301198039e-01,  5.098327200072575e-01
s349        ,  3.234544796335823e-01,  3.148900506768045e-01,  3.940553742611716e-01
s350        ,  3.541125597145412e-01,  3.521825459284867e-01,  5.427693997562997e-01
s351        ,  3.738587852283149e-01,  3.854717617656598e-01,  6.755192535623105e-01
s352        ,  3.787169596864594e-01,  3.261959702128695e-01,  4.391408209384463e-01
s353        ,  3.307364261694613e-01,  3.153062031685954e-01,  3.957148961530798e-01
s354        ,  3.099376231199831e-01,  3.609849246795940e-01,  5.778712927558274e-01
s355        ,  2.640936694175295e-01,  2.940537470709822e-01,  3.109649142437312e-01
s356        ,  3.404723749290282e-01,  3.273863442151631e-01,  4.438877628775980e-01
s357        ,  3.291365235802792e-01,  2.826751607138610e-01,  2.655896887408168e-01
s358        ,  3.293936994127192e-01,  3.425949053253466e-01,  5.045360603277940e-01
s359        ,  3.541003310386388e-01,  3.700887091050640e-01,  6.141751233258780e-01
s360        ,  2.930045091334991e-01,  3.223632695578154e-01,  4.238568787113516e-01
s361        ,  3.254402877492827e-01,  3.663336854465621e-01,  5.992009393696550e-01
s362        ,  3.740728450255384e-01,  3.527497310304721e-01,  5.450312054935628e-01
s363        ,  2.839989278051633e-01,  3.175192230562891e-01,  4.045399182863162e-01
s364        ,  2.872844795965752e-01,  2.963980984685394e-01,  3.203136566958775e-01
s365        ,  3.424949250288197e-01,  3.271280057761520e-01,  4.428575676882929e-01
s366        ,  3.910819753821045e-01,  3.533563345023445e-01,  5.474502027629232e-01
s367        ,  3.763017987949026e-01,  3.713154865427427e-01,  6.190672339211210e-01
s368        ,  3.411954836427898e-01,  3.146309779655615e-01,  3.930222509604950e-01
s369        ,  3.788441935901406e-01,  3.692390213410766e-01,  6.107867609504529e-01
s370        ,  2.943092935652329e-01,  3.025275347514778e-01,  3.447564604691257e-01
s371        ,  3.611288930230376e-01,  3.697235162297215e-01,  6.127188168436276e-01
s372        ,  3.689311052207762e-01,  3.875075050923120e-01,  6.836373369176376e-01
s373        ,  2.432926146526648e-01,  2.749141159055578e-01,  2.346403996760480e-01
s374        ,  2.892573275378368e-01,  2.948981895530111e-01,  3.143323596225959e-01
s375        ,  3.674807278757085e-01,  3.476612067945967e-01,  5.247393232304034e-01
s376        ,  4.282440806387797e-01,  4.017112376012449e-01,  7.402786054678868e-01
s377        ,  3.691206426424970e-01,  3.630458065704384e-01,  5.860896230120646e-01
s378        ,  3.798602051076750e-01,  3.617503126380793e-01,  5.809234865981451e-01
s379        ,  2.957579509529457e-01,  3.117099824705719e-01,  3.813739824394059e-01
s380        ,  2.910202807204411e-01,  3.096403036501155e-01,  3.731205720201017e-01
s381        ,  3.407216064168898e-01,  3.683450765504281e-01,  6.072219115755177e-01
s382        ,  2.968841887389642e-01,  3.035729895742126e-01,  3.489254975397993e-01
s383        ,  3.646408838761149e-01,  3.523425706320586e-01,  5.434075420336195e-01
s384        ,  2.932506021659876e-01,  3.067639691546905e-01,  3.616504014509748e-01
s385        ,  3.747511312527886e-01,  3.134018897532569e-01,  3.881209255193613e-01
s386        ,  3.757314223013586e-01,  3.989203621917070e-01,  7.291492263795023e-01
s387        ,  2.822798018360685e-01,  3.113704540572807e-01,  3.800200200196284e-01
s388        ,  4.290603261943512e-01,  3.934614901135903e-01,  7.073804807935374e-01
s389        ,  3.607283139092911e-01,  3.093573813615168e-01,  3.719923420061044e-01
s390        ,  3.355447048186090e-01,  3.682729087112114e-01,  6.069341225764504e-01
s391        ,  3.170728848178653e-01,  3.315352424841815e-01,  4.604326295804412e-01
s392        ,  3.301070274496518e-01,  3.191918709335027e-01,  4.112100592188969e-01
s393        ,  3.507773516014346e-01,  3.438830076620450e-01,  5.096727207321806e-01
s394        ,  3.243042000156651e-01,  2.953558853315414e-01,  3.161575467337828e-01
s395        ,  3.022367426115909e-01,  3.366950327738151e-01,  4.810087047264847e-01
s396        ,  2.606776363619531e-01,  3.163472983246191e-01,  3.998665478602362e-01
s397        ,  3.106623095651243e-01,  3.175499174743277e-01,  4.046623206741409e-01
s398        ,  3.408812441883181e-01,  3.852176007540669e-01,  6.745057170074943e-01
s399        ,  2.471327792540375e-01,  2.774701894544050e-01,  2.448334421191798e-01
s400        ,  2.602627988296087e-01,  2.860219794160008e-01,  2.789360437765568e-01
s401        ,  2.526229840954008e-01,  2.863172276700630e-01,  2.801134269493817e-01
s402        ,  3.012505607845273e-01,  3.210382307933896e-01,  4.185729241981185e-01
s403        ,  3.441124722642947e-01,  3.846746379445150e-01,  6.723405042868740e-01
s404        ,  3.663456624686381e-01,  3.190002713220433e-01,  4.104460033596382e-01
s405        ,  3.699249649078094e-01,  3.687715181492846e-01,  6.089224640962467e-01
s406        ,  2.989025550014489e-01,  3.292390308955738e-01,  4.512758577842443e-01
s407        ,  3.062746086891894e-01,  2.785954358333147e-01,  2.493206698456198e-01
s408        ,  2.568960282350025e-01,  3.002734763300756e-01,  3.357677859573877e-01
s409        ,  3.504460771064962e-01,  3.219518229276334e-01,  4.222161227298110e-01
s410        ,  2.441820219030917e-01,  2.907670632366660e-01,  2.978583634422299e-01
s411        ,  2.985656670308606e-01,  3.008818829230701e-01,  3.381939736654330e-01
s412        ,  4.206602671899846e-01,  3.773985552537156e-01,  6.433251343181567e-01
s413        ,  3.297200192703431e-01,  3.168574101983384e-01,  4.019007584884516e-01
s414        ,  3.299537174094920e-01,  3.546307329934915e-01,  5.525322153347378e-01
s415        ,  3.514142357715472e-01,  3.293394829112931e-01,  4.516764376737338e-01
s416        ,  2.880693148677096e-01,  3.088281067190588e-01,  3.698817145959186e-01
s417        ,  2.648160251035137e-01,  3.049027365285064e-01,  3.542282272479703e-01
s418        ,  3.361158265966862e-01,  3.675826133815016e-01,  6.041813811315880e-01
s419        ,  2.843313817309785e-01,  2.937759429552262e-01,  3.098570943439266e-01
s420        ,  4.086653318866107e-01,  3.932090604915006e-01,  7.063738486279548e-01
s421        ,  2.945648749258037e-01,  3.381345882335736e-01,  4.867493258863013e-01
s422        ,  3.198415121648245e-01,  3.284124035678136e-01,  4.479794552060352e-01
s423        ,  3.457431819287231e-01,  3.189488674450307e-01,  4.102410163394611e-01
s424        ,  3.329184378144718e-01,  3.574433952948897e-01,  5.637484756138204e-01
s425        ,  3.017490009466554e-01,  2.976181809031862e-01,  3.251790691352351e-01
s426        ,  3.516200438115945e-01,  3.805923560533606e-01,  6.560612886124538e-01
s427        ,  3.134603833942083e-01,  3.307650063688152e-01,  4.573611023864360e-01
s428        ,  4.002386469560284e-01,  3.601795874125164e-01,  5.746597901180963e-01
s429        ,  3.271139391322421e-01,  3.261608987111109e-01,  4.390009637320168e-01
s430        ,  3.336468674117929e-01,  3.206724376678243e-01,  4.171142240539172e-01
s431        ,  3.524054973028489e-01,  3.520424518408185e-01,  5.422107362615509e-01
s432        ,  2.841555127790880e-01,  3.258665138647742e-01,  4.378270236336663e-01
s433        ,  3.404658463759219e-01,  3.073003838692005e-01,  3.637895018515039e-01
s434        ,  3.538819482511877e-01,  3.644404503629840e-01,  5.916511466141059e-01
s435        ,  3.399757763932839e-01,  3.377609496981788e-01,  4.852593400244370e-01
s436        ,  2.790232036656270e-01,  3.181732288021069e-01,  4.071479450890579e-01
s437        ,  3.534179964046834e-01,  2.999862133461382e-01,  3.346222462334094e-01
s438        ,  3.557570008105000e-01,  3.406312483956880e-01,  4.967054411983923e-01
s439        ,  2.721980488553641e-01,  3.149597527195620e-01,  3.943333302223842e-01
s440        ,  4.224009004310128e-01,  3.693824688481686e-01,  6.113587971224204e-01
s441        ,  3.059499862195538e-01,  3.240921626927520e-01,  4.307513129939626e-01
s442        ,  4.080702663829111e-01,  3.789113937394230e-01,  6.493579915891742e-01
s443        ,  3.177907970187364e-01,  3.044203803824959e-01,  3.523047001760642e-01
s444        ,  3.372064727277352e-01,  3.331291424831427e-01,  4.667887418084508e-01
s445        ,  3.808845894775907e-01,  3.529905238776829e-01,  5.459914328362888e-01
s446        ,  3.398124643479998e-01,  3.403412608074354e-01,  4.955490363694415e-01
s447        ,  3.331015042174243e-01,  3.216555342119507e-01,  4.210345904316748e-01
s448        ,  3.427401650526040e-01,  3.329924996648889e-01,  4.662438411945230e-01
s449        ,  3.811785384687535e-01,  3.299748572458823e-01,  4.542101666279201e-01
s450        ,  3.936724858760076e-01,  3.653472672062807e-01,  5.952673268198903e-01
s451        ,  2.836792607536900e-01,  2.924104330826769e-01,  3.044117502169207e-01
s452        ,  3.820067487524758e-01,  3.411200876529080e-01,  4.986548214495829e-01
s453        ,  3.197971848634002e-01,  3.175062318574366e-01,  4.044881123273873e-01
s454        ,  2.840492207731964e-01,  3.029045717710818e-01,  3.462599987163677e-01
s455        ,  3.289295380996844e-01,  3.268975082580010e-01,  4.419383957862913e-01
s456        ,  2.744141413404179e-01,  2.929337828232567e-01,  3.064987504602185e-01
s457        ,  2.611105769806453e-01,  3.178219732093271e-01,  4.057472173333145e-01
s458        ,  3.263658474620744e-01,  3.535748990391584e-01,  5.483217886377946e-01
s459        ,  2.969415277363106e-01,  2.865156902417015e-01,  2.809048507395919e-01
s460        ,  3.921319705097926e-01,  3.621874375839281e-01,  5.826666418872399e-01
s461        ,  2.326428979555135e-01,  2.985219909426952e-01,  3.287832588884596e-01
s462        ,  3.826962200360596e-01,  3.994509322908422e-01,  7.312650197775369e-01
s463        ,  3.693280157843884e-01,  3.262633044057372e-01,  4.394093344505414e-01
s464        ,  2.560977909662989e-01,  2.763265401197897e-01,  2.402728275730725e-01
s465        ,  3.502461683327402e-01,  3.410867830514539e-01,  4.985220102414208e-01
s466        ,  2.778157526053289e-01,  3.196473936177717e-01,  4.130265805223066e-01
s467        ,  2.872380924003551e-01,  2.934476965795123e-01,  3.085481221349829e-01
s468        ,  2.914774800332743e-01,  3.200572563336818e-01,  4.146610202124370e-01
s469        ,  3.971790599696770e-01,  3.768181660090154e-01,  6.410106734500669e-01
s470        ,  3.627719177198918e-01,  3.413275745470817e-01,  4.994822321943402e-01
s471        ,  3.324323933331337e-01,  3.474280026756620e-01,  5.238093580174360e-01
s472        ,  2.877997515332106e-01,  3.045971657366472e-01,  3.530096801321383e-01
s473        ,  3.757374999337151e-01,  3.602854628568271e-01,  5.750819974125736e-01
s474        ,  2.568357370086547e-01,  2.716624745671222e-01,  2.216735904121037e-01
s475        ,  4.085603576077300e-01,  3.712013370254668e-01,  6.186120314974735e-01
s476        ,  3.620562286483349e-01,  3.513766277112522e-01,  5.395555804209095e-01
s477        ,  3.607757962020898e-01,  2.998306321890039e-01,  3.340018238129602e-01
s478        ,  2.801658826101431e-01,  2.974591999083238e-01,  3.245450889318818e-01
s479        ,  3.100069640052550e-01,  3.269253827584871e-01,  4.420495529815389e-01
s480        ,  3.474642750814730e-01,  4.234775614462911e-01,  8.270777755792351e-01
s481        ,  2.558881068491226e-01,  2.918606010467134e-01,  3.022191445770331e-01
s482        ,  3.573635956988882e-01,  3.520041823796717e-01,  5.420581263173176e-01
s483        ,  3.634319087840275e-01,  3.405357406283202e-01,  4.963245778516129e-01
s484        ,  4.385711512863196e-01,  4.119144324903138e-01,  7.809666359851345e-01
s485        ,  3.308128664574001e-01,  2.958501010513170e-01,  3.181283671000467e-01
s486        ,  4.128201781867112e-01,  3.725736973138141e-01,  6.240846935312797e-01
s487        ,  2.921123229720385e-01,  3.267651452145658e-01,  4.414105619451072e-01
s488        ,  3.541551995743547e-01,  3.499530910136587e-01,  5.338788384568646e-01
s489        ,  3.860436533530173e-01,  3.449848718428229e-01,  5.140667055477981e-01
s490        ,  4.034893081854423e-01,  4.163633013802832e-01,  7.987077175904889e-01
s491        ,  3.095260644743733e-01,  3.223804747103844e-01,  4.239254889633749e-01
s492        ,  3.871277061112895e-01,  3.379263691853408e-01,  4.859189954769662e-01
s493        ,  2.960652162202438e-01,  3.312568082108384e-01,  4.593222967548896e-01
s494        ,  3.660452085605971e-01,  3.105292155740325e-01,  3.766653514622966e-01
s495        ,  3.363338429676201e-01,  3.455395561965637e-01,  5.162786611320850e-01
s496        ,  3.422159497617455e-01,  3.908000010087985e-01,  6.967670649865818e-01
s497        ,  3.159902657033893e-01,  3.063091924961702e-01,  3.598368551292995e-01
s498        ,  3.472376449689170e-01,  3.271662462475651e-01,  4.430100620280330e-01
s499        ,  2.973835508359319e-01,  3.223427215222770e-01,  4.237749377991035e-01
s500        ,  3.418229122033170e-01,  3.208710834111926e-01,  4.179063782915031e-01
s501        ,  3.581213543775074e-01,  3.211996793587970e-01,  4.192167445139783e-01
s502        ,  2.614321344450545e-01,  3.204215120712278e-01,  4.161135896013872e-01
s503        ,  3.881007690304034e-01,  3.898418847158249e-01,  6.929463141931861e-01
s504        ,  3.473738986326554e-01,  3.388538514098656e-01,  4.896175845430340e-01
s505        ,  3.823408435418969e-01,  4.073325999239144e-01,  7.626953253502365e-01
s506        ,  3.506593382360281e-01,  3.358835881629811e-01,  4.777728473849728e-01
s507        ,  3.661650958853160e-01,  3.224955561753483e-01,  4.243844077833452e-01
s508        ,  3.590313513939754e-01,  3.281264538579406e-01,  4.468391525216104e-01
s509        ,  3.473410711565950e-01,  3.308206799896876e-01,  4.575831161781637e-01
s510        ,  2.823312585344063e-01,  3.144220424863101e-01,  3.921890635865065e-01
s511        ,  3.944434654069573e-01,  3.375230940156239e-01,  4.843108254291833e-01
s512        ,  3.702712531526244e-01,  3.267803559526054e-01,  4.414712189236589e-01
s513        ,  3.067345842508110e-01,  3.281947002883621e-01,  4.471113038304771e-01
s514        ,  4.152315745840311e-01,  3.999847845692430e-01,  7.333939017631731e-01
s515        ,  3.940850334472998e-01,  3.105922426366738e-01,  3.769166891144776e-01
s516        ,  4.097596484681705e-01,  3.638947268916184e-01,  5.894749249993751e-01
s517        ,  3.924178649597482e-01,  4.073688651048372e-01,  7.628399426788425e-01
s518        ,  4.006045868102542e-01,  3.240125937742053e-01,  4.304340101666373e-01
s519        ,  3.177429089345927e-01,  3.161256902601917e-01,  3.989828250865046e-01
s520        ,  2.992249414239895e-01,  3.241720715224424e-01,  4.310699713099500e-01
s521        ,  3.196768127285200e-01,  3.232445665276443e-01,  4.273712914411892e-01
s522        ,  3.054834021600709e-01,  3.211703592320824e-01,  4.190998224887205e-01
s523        ,  3.919804173628093e-01,  3.840078455949727e-01,  6.696814874042396e-01
s524        ,  3.373041318694542e-01,  3.520557982815122e-01,  5.422639588444913e-01
s525        ,  3.686696993352180e-01,  3.315454775144807e-01,  4.604734445633643e-01
s526        ,  3.656157006335905e-01,  3.703097408092371e-01,  6.150565477054426e-01
s527        ,  3.181191492460722e-01,  3.453000631509477e-01,  5.153236171037551e-01
s528        ,  2.924289616161080e-01,  2.722405907046216e-01,  2.239789866434633e-01
s529        ,  3.764315778427560e-01,  4.130770148211718e-01,  7.856027510325337e-01
s530        ,  4.069348635396722e-01,  3.928443302827112e-01,  7.049193871551386e-01
s531        ,  2.746836017334675e-01,  3.178258260088792e-01,  4.057625814253913e-01
s532        ,  3.277893342024278e-01,  3.197515343140786e-01,  4.134418700346104e-01
s533        ,  3.719047035373527e-01,  3.497720478023922e-01,  5.331568791308848e-01
s534        ,  4.012806479402614e-01,  3.571072798809236e-01,  5.624081234624155e-01
s535        ,  2.854504042694033e-01,  3.019506574282279e-01,  3.424560043484405e-01
s536        ,  3.360450970551518e-01,  3.217854087021320e-01,  4.215525004860607e-01
s537        ,  3.297420264022976e-01,  3.208534443866438e-01,  4.178360378562826e-01
s538        ,  2.724861013757831e-01,  2.825624353516268e-01,  2.651401655249501e-01
s539        ,  3.471305126426427e-01,  3.025909379899349e-01,  3.450092982252679e-01
s540        ,  3.290991657411811e-01,  3.178478740581414e-01,  4.058505040526644e-01
s541        ,  2.326620745596658e-01,  2.821297331377903e-01,  2.634146470895116e-01
s542        ,  3.456910270356876e-01,  3.357168380496958e-01,  4.771078856968082e-01
s543        ,  2.845400261615328e-01,  3.100611590553480e-01,  3.747988480657543e-01
s544        ,  3.495152260396833e-01,  3.368669415739663e-01,  4.816942380895913e-01
s545        ,  3.154656949900153e-01,  3.339505487713711e-01,  4.700643240634071e-01
s546        ,  3.597382183698820e-01,  3.715163063196729e-01,  6.198680577122020e-01
s547        ,  2.730286710892002e-01,  2.811909545924360e-01,  2.596710108542343e-01
s548        ,  3.194966907439210e-01,  3.148262251892017e-01,  3.938008526710620e-01
s549        ,  3.819439317227558e-01,  4.005367444937049e-01,  7.355949929404930e-01
s550        ,  4.309276596653012e-01,  4.033452332861182e-01,  7.467946102109110e-01
s551        ,  2.731326038711657e-01,  2.865118985902697e-01,  2.808897304923708e-01
s552        ,  3.494519360539466e-01,  3.475100510074661e-01,  5.241365481833232e-01
s553        ,  3.310384344676721e-01,  3.268505421996328e-01,  4.417511057818430e-01
s554        ,  2.857682476071176e-01,  3.060664370271468e-01,  3.588688012952562e-01
s555        ,  2.942434306995658e-01,  3.339475234752097e-01,  4.700522598674490e-01
s556        ,  2.969278407515290e-01,  3.374998256561283e-01,  4.842180364810615e-01
s557        ,  3.451470710358436e-01,  3.499535153878143e-01,  5.338805307648896e-01
s558        ,  3.104132740256662e-01,  3.165717021606571e-01,  4.007614195379967e-01
s559        ,  3.434977869144114e-01,  3.629950126012262e-01,  5.858870681660709e-01
s560        ,  3.938831456017408e-01,  3.356197270917581e-01,  4.767206291891079e-01
s561        ,  3.091091411023093e-01,  3.266995120739417e-01,  4.411488318441252e-01
s562        ,  2.967807829232105e-01,  3.077460752946904e-01,  3.655668183213716e-01
s563        ,  2.549558047926404e-01,  3.005202150595239e-01,  3.367517241319227e-01
s564        ,  2.954235220552698e-01,  3.089657683112649e-01,  3.704306778496475e-01
s565        ,  3.605274781312461e-01,  3.338679345616168e-01,  4.697348773044079e-01
s566        ,  2.951155514842215e-01,  3.162523730451519e-01,  3.994880073432891e-01
s567        ,  3.587015054599469e-01,  3.515197420006107e-01,  5.401262877960191e-01
s568        ,  3.617082896247803e-01,  3.284312459189875e-01,  4.480545942353211e-01
s569        ,  3.597286858283731e-01,  3.412999890014060e-01,  4.993722272854374e-01
s570        ,  3.556392104407323e-01,  3.293011154069854e-01,  4.515234367555787e-01
s571        ,  3.602639004489001e-01,  3.373082054842972e-01,  4.834538986316965e-01
s572        ,  4.312153604367349e-01,  4.192688058133681e-01,  8.102942112649366e-01
s573        ,  3.159649497023310e-01,  3.010554903793591e-01,  3.388862808845257e-01
s574        ,  3.656105773123843e-01,  3.636764896192243e-01,  5.886046441808948e-01
s575        ,  3.488062297918545e-01,  3.027991107393259e-01,  3.458394440053075e-01
s576        ,  2.907677097183701e-01,  3.186335496716516e-01,  4.089836004687105e-01
s577        ,  3.031774726480594e-01,  3.237251220306112e-01,  4.292876379564257e-01
s578        ,  3.648245315625233e-01,  3.334758258994810e-01,  4.681712367599982e-01
s579        ,  3.607701561674609e-01,  3.394101391368817e-01,  4.918359340168298e-01
s580        ,  3.751229452249493e-01,  3.069550171713334e-01,  3.624122576750242e-01
s581        ,  3.471471301437816e-01,  3.510767548268526e-01,  5.383597552696310e-01
s582        ,  3.953183225328266e-01,  3.569810128249435e-01,  5.619045990386542e-01
s583        ,  3.276280334765511e-01,  3.269427728308697e-01,  4.421189006519000e-01
s584        ,  3.483274696967313e-01,  3.527905293290089e-01,  5.451938998686053e-01
s585        ,  3.636795644109545e-01,  4.249211298434930e-01,  8.328343994247729e-01
s586        ,  2.481423102922533e-01,  3.028210712277205e-01,  3.459270174596701e-01
s587        ,  2.631345411637266e-01,  2.987231970754931e-01,  3.295856233792436e-01
s588        ,  3.772462787558727e-01,  3.434961984466892e-01,  5.081302131813731e-01
s589        ,  3.699506978557163e-01,  3.160862940876816e-01,  3.988257220725193e-01
s590        ,  4.080798919774394e-01,  3.422478869215401e-01,  5.031522295220866e-01
s591        ,  3.627233198284863e-01,  3.374969806388830e-01,  4.842066911965934e-01
s592        ,  2.470016891971875e-01,  2.857156630487085e-01,  2.777145234747469e-01
s593        ,  2.685008647552398e-01,  3.036582393817714e-01,  3.492654544659635e-01
s594        ,  2.571819135876586e-01,  3.046137627363217e-01,  3.530758652081458e-01
s595        ,  3.046096741945610e-01,  4.033745393094874e-01,  7.469114759952219e-01
s596        ,  2.932962564895931e-01,  3.248473952446769e-01,  4.337630093747953e-01
s597        ,  4.190454465320334e-01,  3.462016106307197e-01,  5.189187842811468e-01
s598        ,  2.914532118252061e-01,  3.336030417140307e-01,  4.686785446180713e-01
s599        ,  4.062752781026900e-01,  4.129746861374531e-01,  7.851946874160686e-01
s600        ,  3.471511685824152e-01,  2.861260879596951e-01,  2.793512050715230e-01
s601        ,  3.515795377320121e-01,  3.327579434426236e-01,  4.653084840996818e-01
s602        ,  2.668016715085176e-01,  3.183776985748173e-01,  4.079633242367022e-01
s603        ,  2.686426181986058e-01,  2.841692888694679e-01,  2.715479334526908e-01
s604        ,  2.681701385508832e-01,  2.799354624715806e-01,  2.546643926054487e-01
s605        ,  3.261329152258360e-01,  3.093737999099173e-01,  3.720578154588443e-01
s606        ,  2.873274140704322e-01,  3.227090544798260e-01,  4.252357906710011e-01
s607        ,  3.712803163791649e-01,  3.342862749870955e-01,  4.714031241803655e-01
s608        ,  3.639112831354855e-01,  3.529210859340178e-01,  5.457145300424465e-01
s609        ,  3.343046893439320e-01,  3.213998935697934e-01,  4.200151534452571e-01
s610        ,  3.343797244850589e-01,  3.184166175188314e-01,  4.081185241715225e-01
s611        ,  3.423638113371397e-01,  3.263977636365472e-01,  4.399455274122561e-01
s612        ,  3.029297110362906e-01,  3.312502957665303e-01,  4.592963266018511e-01
s613        ,  4.196989461871391e-01,  4.185862796765824e-01,  8.075724516019800e-01
s614        ,  3.188431641765255e-01,  3.326916867168437e-01,  4.650442672823207e-01
s615        ,  3.288426580697588e-01,  3.057012003735883e-01,  3.574123202353952e-01
s616        ,  2.928050790423800e-01,  2.956523489969344e-01,  3.173397766917431e-01
s617        ,  2.786977690996270e-01,  3.023206647020076e-01,  3.439315095613501e-01
s618        ,  2.814924003544382e-01,  2.724360103017286e-01,  2.247582757403790e-01
s619        ,  3.762654840393755e-01,  3.667987682403366e-01,  6.010555842247109e-01
s620        ,  4.077195830571920e-01,  3.921996406791124e-01,  7.023485110177551e-01
s621        ,  3.862795794656866e-01,  3.560022169293802e-01,  5.580013826734052e-01
s622        ,  2.871208436766453e-01,  3.378004534322630e-01,  4.854168719696205e-01
s623        ,  3.384633901935590e-01,  3.309118512844810e-01,  4.579466866543905e-01
s624        ,  4.097704013612976e-01,  3.775011361704262e-01,  6.437342037826713e-01
s625        ,  3.105738368792781e-01,  3.475451523345308e-01,  5.242765243263190e-01
s626        ,  3.514279969117633e-01,  3.189863604064241e-01,  4.103905297785304e-01
s627        ,  3.507814050135403e-01,  3.325339938964051e-01,  4.644154240268389e-01
s628        ,  3.323749384435841e-01,  3.949143528633154e-01,  7.131741684120615e-01
s629        ,  3.054129561964547e-01,  2.949248512573460e-01,  3.144386804614525e-01
s630        ,  3.456187416237006e-01,  3.211769657649247e-01,  4.191261678455253e-01
s631        ,  3.427911311385674e-01,  3.409025024584172e-01,  4.977871409701061e-01
s632        ,  3.245171668015616e-01,  3.489184287314606e-01,  5.297528395936828e-01
s633        ,  4.575225281517705e-01,  3.983529218137744e-01,  7.268864026595737e-01
s634        ,  3.617034399777208e-01,  3.511669977216603e-01,  5.387196234969673e-01
s635        ,  4.224249026405583e-01,  4.064518169512055e-01,  7.591829623245099e-01
s636        ,  3.240434718187445e-01,  2.860567712118096e-01,  2.790747855790028e-01
s637        ,  3.164888547405136e-01,  3.237041491118569e-01,  4.292040027061351e-01
s638        ,  3.404861588298857e-01,  3.745111242048803e-01,  6.318107132070471e-01
s639        ,  3.384903784504644e-01,  2.969045576930667e-01,  3.223333013863245e-01
s640        ,  3.301025015382980e-01,  3.310937907211663e-01,  4.586722199243736e-01
s641        ,  3.985098556532290e-01,  3.780845013889910e-01,  6.460605321605689e-01
s642        ,  3.864695791517571e-01,  3.682627442650743e-01,  6.068935890671808e-01
s643        ,  3.365329052485860e-01,  3.388539486160193e-01,  4.896179721791607e-01
s644        ,  2.792559572339619e-01,  2.899997330049560e-01,  2.947984242541552e-01
s645        ,  3.560560712068223e-01,  3.356522277242704e-01,  4.768502343512036e-01
s646        ,  3.717550173837612e-01,  3.901235331552573e-01,  6.940694643851948e-01
s647        ,  3.499961289371213e-01,  3.551200063947954e-01,  5.544833268542150e-01
s648        ,  3.356155045608213e-01,  3.217417094828425e-01,  4.213782378960228e-01
s649        ,  3.609151245573065e-01,  3.987428916224499e-01,  7.284415139407661e-01
s650        ,  2.967930004646972e-01,  2.984552793663435e-01,  3.285172282300273e-01
s651        ,  4.101788875021543e-01,  3.926105673742463e-01,  7.039871936160726e-01
s652        ,  4.728892349883318e-01,  4.022413377798175e-01,  7.423925249291399e-01
s653        ,  3.545214117288215e-01,  3.437659751690602e-01,  5.092060216543085e-01
s654        ,  3.750141928233718e-01,  3.268972160892711e-01,  4.419372306835635e-01
s655        ,  3.521708766514586e-01,  3.527133487981883e-01,  5.448861213906377e-01
s656        ,  3.717335421883214e-01,  3.665790615709340e-01,  6.001794437837328e-01
s657        ,  3.441208254455855e-01,  3.457795100739032e-01,  5.172355428529646e-01
s658        ,  2.368548105888935e-01,  2.972460440510578e-01,  3.236950716461529e-01
s659        ,  3.171090932690834e-01,  3.254617762437104e-01,  4.362130216611110e-01
s660        ,  3.790200851348591e-01,  3.581764281204443e-01,  5.666716445134231e-01
s661        ,  3.687095274880343e-01,  3.997286193722429e-01,  7.323723729708375e-01
s662        ,  2.315298985659086e-01,  2.865834885236517e-01,  2.811752149338467e-01
s663        ,  3.640119387395722e-01,  3.988615365722104e-01,  7.289146431310887e-01
s664        ,  2.857188063426898e-01,  3.068727723443687e-01,  3.620842839309363e-01
s665        ,  3.256509504333960e-01,  3.420941534453287e-01,  5.025391752347174e-01
s666        ,  2.892912646809653e-01,  3.294508750240663e-01,  4.521206441926895e-01
s667        ,  2.837552795280425e-01,  3.303316198106500e-01,  4.556328549407969e-01
s668        ,  3.715335614278034e-01,  3.626726345454938e-01,  5.846014974882251e-01
s669        ,  3.717358113150651e-01,  3.614674188345777e-01,  5.797953701762636e-01
s670        ,  2.947655724762283e-01,  2.877327109128899e-01,  2.857580535596702e-01
s671        ,  3.071959891293752e-01,  3.073680594598736e-01,  3.640593767807311e-01
s672        ,  2.993479615742132e-01,  3.143295114364734e-01,  3.918200707151084e-01
s673        ,  3.593225247107919e-01,  3.533855166183595e-01,  5.475665744327667e-01
s674        ,  3.266518921019476e-01,  3.204324261060176e-01,  4.161571123004462e-01
s675        ,  2.996384996836147e-01,  3.182960722038335e-01,  4.076378167550055e-01
s676        ,  3.451796209978898e-01,  3.471210202590383e-01,  5.225851816617317e-01
s677        ,  2.641222815503110e-01,  2.878345843228253e-01,  2.861643016473928e-01
s678        ,  3.304311167670392e-01,  3.300626531265383e-01,  4.545602767169913e-01
s679        ,  3.628879844265776e-01,  3.409488293885328e-01,  4.979718822758248e-01
s680        ,  3.098867977998412e-01,  3.239538348544860e-01,  4.301996929018305e-01
s681        ,  3.124078424434578e-01,  2.856231206748944e-01,  2.773454854458915e-01
s682        ,  3.998283578521670e-01,  3.304854003432810e-01,  4.562460968785111e-01
s683        ,  2.934835296170684e-01,  3.155585989413172e-01,  3.967213933350487e-01
s684        ,  3.622134383455983e-01,  4.085814270595636e-01,  7.676753651474280e-01
s685        ,  4.144136208759349e-01,  3.313407014196099e-01,  4.596568438723169e-01
s686        ,  3.781881014682912e-01,  3.455437139603458e-01,  5.162952413524463e-01
s687        ,  3.587899423142989e-01,  3.690946659083164e-01,  6.102111041765368e-01
s688        ,  2.684144109503693e-01,  2.777822618139918e-01,  2.460779160147106e-01
s689        ,  3.492326363550046e-01,  3.480567415959984e-01,  5.263166264422936e-01
s690        ,  3.053784197635313e-01,  2.972511898589548e-01,  3.237155919626838e-01
s691        ,  3.056418685854862e-01,  3.096114621152271e-01,  3.730055585106604e-01
s692        ,  2.913142578793697e-01,  3.154532624340222e-01,  3.963013351993377e-01
s693        ,  3.147770284800075e-01,  3.246127225220786e-01,  4.328271877030095e-01
s694        ,  2.984705041084280e-01,  3.919909068211249e-01,  7.015161276637064e-01
s695        ,  4.012577384470942e-01,  3.671387023975503e-01,  6.024111646593632e-01
s696        ,  3.034072848090301e-01,  3.485881322294058e-01,  5.284356919451805e-01
s697        ,  3.672668652018035e-01,  3.481938964142693e-01,  5.268635687963372e-01
s698        ,  4.108239364695501e-01,  3.800801155413126e-01,  6.540185894566521e-01
s699        ,  2.757255541231750e-01,  3.100325358185746e-01,  3.746847050797581e-01
s700        ,  2.819198034544880e-01,  2.885029099018498e-01,  2.888294327019746e-01
s701        ,  3.140786847731655e-01,  2.815324696339798e-01,  2.610328954975749e-01
s702        ,  2.942837007980383e-01,  3.146312764817386e-01,  3.930234413754048e-01
s703        ,  2.899424986900252e-01,  3.232845000996555e-01,  4.275305374826811e-01
s704        ,  3.777084012576264e-01,  3.470828447221039e-01,  5.224329462659866e-01
s705        ,  3.226798684887092e-01,  3.308714636369182e-01,  4.577856298624327e-01
s706        ,  3.595823462134068e-01,  3.736115151738159e-01,  6.282232761241042e-01
s707        ,  3.763974771864712e-01,  3.454973222052103e-01,  5.161102415392289e-01
s708        ,  3.829175719132407e-01,  3.393492799639163e-01,  4.915932414177183e-01
s709        ,  3.954604723130689e-01,  3.389848134969090e-01,  4.901398316874001e-01
s710        ,  3.425489866820026e-01,  3.616461000741870e-01,  5.805079104941863e-01
s711        ,  3.300759218022618e-01,  3.585326848543728e-01,  5.680923156874678e-01
s712        ,  2.679964023023045e-01,  2.956395335988347e-01,  3.172886717864030e-01
s713        ,  3.595425435144403e-01,  3.617627662300528e-01,  5.809731487025911e-01
s714        ,  2.553853569183208e-01,  2.970296647031803e-01,  3.228321998098837e-01
s715        ,  3.219609547804439e-01,  3.315777676718195e-01,  4.606022103981339e-01
s716        ,  2.739206771298864e-01,  3.146289569938104e-01,  3.930141917828379e-01
s717        ,  3.496918866396705e-01,  3.253996586422497e-01,  4.359653107341545e-01
s718        ,  3.858037501617538e-01,  3.539470312344997e-01,  5.498057675566641e-01
s719        ,  3.656444373151383e-01,  3.722162084849512e-01,  6.226591090416674e-01
s720        ,  3.665945804148918e-01,  3.433969511686388e-01,  5.077344375128720e-01
s721        ,  2.976921642219451e-01,  2.921571241148455e-01,  3.034016114196638e-01
s722        ,  3.352058024081789e-01,  3.552634842746962e-01,  5.550554841460656e-01
s723        ,  3.380057040186947e-01,  3.634599918491139e-01,  5.877413001035799e-01
s724        ,  3.242387501915022e-01,  3.822698314536093e-01,  6.627506806136173e-01
s725        ,  3.221826279978117e-01,  2.964174437446748e-01,  3.203908012760131e-01
s726        ,  2.738917222766719e-01,  2.919915082289259e-01,  3.027411727733674e-01
s727        ,  3.810548900214357e-01,  3.422059283921646e-01,  5.029849084092146e-01
s728        ,  3.412893897345711e-01,  3.688046253954374e-01,  6.090544882961618e-01
s729        ,  2.868947364315128e-01,  3.063608088611491e-01,  3.600426895033644e-01
s730        ,  3.314426660264801e-01,  3.307318937057543e-01,  4.572290565851183e-01
s731        ,  2.684622004709819e-01,  3.190720615757001e-01,  4.107322866330034e-01
s732        ,  2.921055314645209e-01,  3.039813918526251e-01,  3.505541133359324e-01
s733        ,  3.698853057667421e-01,  3.399713189705892e-01,  4.940737921042036e-01
s734        ,  3.153497109258767e-01,  2.869633913118727e-01,  2.826901812173277e-01
s735        ,  3.434171840499868e-01,  3.626390558448115e-01,  5.844675932344160e-01
s736        ,  2.883239765709396e-01,  2.989193146012627e-01,  3.303676956576073e-01
s737        ,  3.404312799986701e-01,  3.485828980385400e-01,  5.284148191773860e-01
s738        ,  3.018129210281842e-01,  2.967907182772702e-01,  3.218793355771492e-01
s739        ,  3.135817291557892e-01,  3.222302940977197e-01,  4.233266026912185e-01
s740        ,  2.943637803121305e-01,  3.060528243875865e-01,  3.588145171715217e-01
s741        ,  3.699984862318467e-01,  3.597962002954175e-01,  5.731309291201402e-01
s742        ,  2.836716313827631e-01,  3.019804431792431e-01,  3.425747831779604e-01
s743        ,  3.859455126663645e-01,  3.010712673232451e-01,  3.389491957637649e-01
s744        ,  3.549022051232796e-01,  3.294688895306870e-01,  4.521924819653778e-01
s745        ,  3.365021664800502e-01,  3.861985280719107e-01,  6.784174330020980e-01
s746        ,  2.996679021289546e-01,  3.136843236966769e-01,  3.892472081233809e-01
s747        ,  3.496033235622116e-01,  3.391089376376979e-01,  4.906348106506811e-01
s748        ,  3.833413178741681e-01,  3.578590619388480e-01,  5.654060600546016e-01
s749        ,  3.194276290097619e-01,  3.588482730915363e-01,  5.693508101065391e-01
s750        ,  3.607086425829715e-01,  3.297476693250638e-01,  4.533041926505619e-01
s751        ,  3.933327188318541e-01,  3.049482500458970e-01,  3.544097248479545e-01
s752        ,  2.711413176352050e-01,  2.830483771066856e-01,  2.670779911937139e-01
s753        ,  3.829161641718021e-01,  3.520160654998719e-01,  5.421055135095258e-01
s754        ,  3.197877473206903e-01,  3.091832367927357e-01,  3.712978929040326e-01
s755        ,  3.496617569418546e-01,  3.676690305146058e-01,  6.045259930876651e-01
s756        ,  3.699460983440985e-01,  3.211269034237711e-01,  4.189265305665387e-01
s757        ,  3.280911972855501e-01,  3.189283796742358e-01,  4.101593157493622e-01
s758        ,  3.125936661497958e-01,  3.172538215269330e-01,  4.034815570922815e-01
s759        ,  3.749231601912195e-01,  3.663225456777139e-01,  5.991565164942930e-01
s760        ,  3.202174624481622e-01,  3.348702436033751e-01,  4.737318587716995e-01
s761        ,  4.037004208658205e-01,  3.732685485500014e-01,  6.268556028994053e-01
s762        ,  2.705693545058654e-01,  2.925479760807212e-01,  3.049602405439900e-01
s763        ,  3.632076138151025e-01,  3.157681276108930e-01,  3.975569462177121e-01
s764        ,  2.904214123983059e-01,  2.994616771297733e-01,  3.325305145933792e-01
s765        ,  3.401053585508043e-01,  3.433122188193375e-01,  5.073965440930508e-01
s766        ,  3.084050561945721e-01,  2.844718118862773e-01,  2.727543267318487e-01
s767        ,  3.291785188280746e-01,  3.296847215128713e-01,  4.530531710312230e-01
s768        ,  3.362959726167617e-01,  3.521027917707458e-01,  5.424513582370183e-01
s769        ,  4.447436541042360e-01,  3.872124628174254e-01,  6.824607751431169e-01
s770        ,  4.366827959781677e-01,  3.521749704436240e-01,  5.427391904382742e-01
s771        ,  2.732263690999292e-01,  3.176927754994971e-01,  4.052320061257002e-01
s772        ,  3.586463705210161e-01,  3.466984405173715e-01,  5.209000293528866e-01
s773        ,  3.494536072487898e-01,  3.728776247073836e-01,  6.252966871469102e-01
s774        ,  4.247318519587049e-01,  3.838060272550737e-01,  6.688766815701819e-01
s775        ,  3.400241339719085e-01,  3.165162650722440e-01,  4.005403489841494e-01
s776        ,  2.703825454286858e-01,  3.137028212382733e-01,  3.893209721301602e-01
s777        ,  3.180965813552759e-01,  3.470283215485788e-01,  5.222155201977398e-01
s778        ,  3.344616171325667e-01,  3.405060023111417e-01,  4.962059881774915e-01
s779        ,  4.009566962610436e-01,  3.344090591106034e-01,  4.718927594582011e-01
s780        ,  3.563640868327244e-01,  3.248340758628326e-01,  4.337098946964183e-01
s781        ,  2.649329396139021e-01,  3.110038356743172e-01,  3.785580289358177e-01
s782        ,  3.338551315946975e-01,  3.162499042863137e-01,  3.994781624921380e-01
s783        ,  3.045407149746746e-01,  3.489332725840638e-01,  5.298120335162018e-01
s784        ,  2.985260989809689e-01,  2.975154704715504e-01,  3.247694831945300e-01
s785        ,  3.071820525176505e-01,  3.249331208061176e-01,  4.341048634996976e-01
s786        ,  3.296681543954699e-01,  3.422950911624391e-01,  5.033404693445273e-01
s787        ,  3.465928111087382e-01,  3.056962287690774e-01,  3.573924946025164e-01
s788        ,  3.238375537313586e-01,  3.325100019836316e-01,  4.643197497121062e-01
s789        ,  3.578303916562611e-01,  4.251627787468509e-01,  8.337980405255443e-01
s790        ,  3.446858102804674e-01,  4.104275430943521e-01,  7.750372578073760e-01
s791        ,  3.249752459595651e-01,  3.243848067746639e-01,  4.319183113180153e-01
s792        ,  3.476053048360684e-01,  3.421621032045820e-01,  5.028101434861518e-01
s793        ,  3.097825366365258e-01,  2.980073276260194e-01,  3.267308981364913e-01
s794        ,  2.867393516849774e-01,  3.212794749914601e-01,  4.195349514258566e-01
s795        ,  3.702845088002308e-01,  3.594294681518790e-01,  5.716684843849196e-01
s796        ,  3.082874914963972e-01,  3.317189649825154e-01,  4.611652732964721e-01
s797        ,  2.782785712367717e-01,  3.046891430691572e-01,  3.533764649042366e-01
s798        ,  3.082196621533786e-01,  3.057967013487204e-01,  3.577931564962766e-01
s799        ,  2.516166876808906e-01,  3.312942318328905e-01,  4.594715336843689e-01
s800        ,  3.752754365991258e-01,  3.796254813891766e-01,  6.522056114181647e-01
s801        ,  3.246209635059766e-01,  3.686201805777156e-01,  6.083189641339943e-01
s802        ,  4.079792643019313e-01,  3.923780587426894e-01,  7.030600018492618e-01
s803        ,  3.649553570094187e-01,  3.961449652106521e-01,  7.180815717585349e-01
s804        ,  2.441452079849671e-01,  3.081871934120903e-01,  3.673258974742851e-01
s805        ,  3.164419790049513e-01,  3.179033589010133e-01,  4.060717650404786e-01
s806        ,  3.693024905987883e-01,  3.762661346685295e-01,  6.388092974818171e-01
s807        ,  3.191228175525491e-01,  3.152620871920571e-01,  3.955389716295159e-01
s808        ,  3.793158450067193e-01,  3.287344995113753e-01,  4.492639008844332e-01
s809        ,  3.605465652216310e-01,  3.437458971023780e-01,  5.091259548714261e-01
s810        ,  3.824385024147211e-01,  3.307670905731250e-01,  4.573694137212173e-01
s811        ,  3.580309026561524e-01,  3.755032400290479e-01,  6.357670464310282e-01
s812        ,  4.082198971938309e-01,  3.899389997899635e-01,  6.933335871153634e-01
s813        ,  3.777542847031886e-01,  3.673437776795792e-01,  6.032289584410405e-01
s814        ,  2.971435305207454e-01,  3.040487520592005e-01,  3.508227305848025e-01
s815        ,  3.213071390383087e-01,  3.342528963776915e-01,  4.712700178452595e-01
s816        ,  2.887445984618123e-01,  2.895626985671520e-01,  2.930556298906458e-01
s817        ,  3.674177460167670e-01,  2.988683994429601e-01,  3.301646575369666e-01
s818        ,  3.639907411341862e-01,  3.511807010844669e-01,  5.387742694044626e-01
s819        ,  3.711799756445687e-01,  4.299697040840846e-01,  8.529669701541486e-01
s820        ,  3.982124713714961e-01,  3.311249335472341e-01,  4.587964104618686e-01
s821        ,  4.040900310131655e-01,  3.659390111684779e-01,  5.976270677298744e-01
s822        ,  3.477446523405509e-01,  3.231118093270059e-01,  4.268418857903426e-01
s823        ,  2.954095158407338e-01,  3.065248132244002e-01,  3.606967017622177e-01
s824        ,  4.283252901174056e-01,  4.261395855279976e-01,  8.376933247529712e-01
s825        ,  3.397919403129021e-01,  3.530343198380040e-01,  5.461660812076520e-01
s826        ,  3.778871682303130e-01,  3.981908489917082e-01,  7.262400929495327e-01
s827        ,  2.337787130599568e-01,  3.234627732563417e-01,  4.282414504583240e-01
s828        ,  3.728406611540748e-01,  3.335188568912485e-01,  4.683428346100110e-01
s829        ,  2.607144883285425e-01,  3.120627239063246e-01,  3.827806354004287e-01
s830        ,  3.482088414946918e-01,  3.293344582071168e-01,  4.516564002914152e-01
s831        ,  2.919464512532615e-01,  3.591434411690687e-01,  5.705278735535207e-01
s832        ,  2.475208749435529e-01,  2.865997242775943e-01,  2.812399594436861e-01
s833        ,  3.566347081859653e-01,  3.626581515291027e-01,  5.845437424988019e-01
s834        ,  3.856874669956564e-01,  3.114215059208704e-01,  3.802236032899946e-01
s835        ,  2.944982044493083e-01,  3.207333866966342e-01,  4.173572749777870e-01
s836        ,  3.860699495992029e-01,  3.241409120078700e-01,  4.309457142224783e-01
s837        ,  2.443036554913805e-01,  2.794304407769612e-01,  2.526504804587189e-01
s838        ,  2.837466788193044e-01,  2.943034328820749e-01,  3.119606047124439e-01
s839        ,  3.354549725730311e-01,  3.446815810734463e-01,  5.128572506452738e-01
s840        ,  2.763733904068356e-01,  3.041068358857505e-01,  3.510543557309376e-01
s841        ,  3.643875992509446e-01,  3.373595389382770e-01,  4.836586048207669e-01
s842        ,  2.695598883230792e-01,  2.896713953927216e-01,  2.934890882146306e-01
s843        ,  3.362322734626774e-01,  3.395461175313173e-01,  4.923781850590411e-01
s844        ,  2.356440744998030e-01,  2.981079249528598e-01,  3.271320574938231e-01
s845        ,  3.414509738024666e-01,  3.397236548533574e-01,  4.930861636927589e-01
s846        ,  3.284946295569345e-01,  3.226201038378777e-01,  4.248810756554133e-01
s847        ,  3.382786868662267e-01,  3.405325518558271e-01,  4.963118617490663e-01
s848        ,  2.603543239280899e-01,  2.801315264970854e-01,  2.554462515368721e-01
s849        ,  3.563475623622980e-01,  3.759287901956226e-01,  6.374640441216990e-01
s850        ,  2.533481965641474e-01,  2.909386006716739e-01,  2.985424158852472e-01
s851        ,  3.334865218614329e-01,  3.185669399266572e-01,  4.087179758906693e-01
s852        ,  3.251989652472498e-01,  3.014983958151379e-01,  3.406524874583636e-01
s853        ,  3.303981460032966e-01,  3.626267483753154e-01,  5.844185138333172e-01
s854        ,  3.550119141417548e-01,  3.706567284231164e-01,  6.164402557278926e-01
s855        ,  3.394520045520492e-01,  3.349518690093539e-01,  4.740573624051748e-01
s856        ,  2.968888541973028e-01,  3.140441375897061e-01,  3.906820644423348e-01
s857        ,  4.242626628749120e-01,  3.799789031107232e-01,  6.536149772048706e-01
s858        ,  3.574550615491790e-01,  3.497309256689266e-01,  5.329928933754844e-01
s859        ,  3.027110711545371e-01,  3.108304802995931e-01,  3.778667269609178e-01
s860        ,  3.368229604072003e-01,  3.309305412800426e-01,  4.580212181239984e-01
s861        ,  3.394582604410895e-01,  3.393622390154150e-01,  4.916449191802804e-01
s862        ,  3.118273414218689e-01,  3.313451413933779e-01,  4.596745494821901e-01
s863        ,  3.561627842648784e-01,  3.339486096008725e-01,  4.700565910906191e-01
s864        ,  3.589362653848208e-01,  3.136743563472071e-01,  3.892074605909840e-01
s865        ,  3.632125925214965e-01,  3.438132926020222e-01,  5.093947128610620e-01
s866        ,  3.538675215168127e-01,  3.660229269073726e-01,  5.979617046923305e-01
s867        ,  3.310372811448682e-01,  3.293112621867620e-01,  4.515638998154039e-01
s868        ,  2.250930966754193e-01,  2.904459232511335e-01,  2.965777299079578e-01
s869        ,  3.227632236826757e-01,  3.358731298703471e-01,  4.777311420824203e-01
s870        ,  2.955305789890147e-01,  3.146656674407027e-01,  3.931605847312911e-01
s871        ,  3.263687380400568e-01,  3.025704055006654e-01,  3.449274193080193e-01
s872        ,  3.581942854285155e-01,  3.094278596534977e-01,  3.722733934734239e-01
s873        ,  3.780199537649536e-01,  3.547077643708653e-01,  5.528393990225382e-01
s874        ,  4.051572712863296e-01,  3.549763089924278e-01,  5.539102941564816e-01
s875        ,  3.637115898742233e-01,  3.992631838272234e-01,  7.305163214237037e-01
s876        ,  3.707605657787341e-01,  3.939753788513180e-01,  7.094297527000785e-01
s877        ,  3.448717819571157e-01,  3.804330266631972e-01,  6.554259190875409e-01
s878        ,  3.077154378074489e-01,  3.045183679509716e-01,  3.526954524080661e-01
s879        ,  2.822144565235117e-01,  3.115573380323838e-01,  3.807652709890406e-01
s880        ,  2.990707743641133e-01,  3.175266126406077e-01,  4.045693862750718e-01
s881        ,  2.519924028225227e-01,  3.331274433384790e-01,  4.667819660043342e-01
s882        ,  3.029935117041472e-01,  3.183819102389769e-01,  4.079801193995620e-01
s883        ,  3.513753591077723e-01,  3.336192493663076e-01,  4.687431770648320e-01
s884        ,  3.148487123515269e-01,  3.252389857224698e-01,  4.353245835173978e-01
s885        ,  3.349797306381302e-01,  3.079376910088517e-01,  3.663309383945585e-01
s886        ,  2.645821893421532e-01,  2.963448322521591e-01,  3.201012430880632e-01
s887        ,  3.560393157185437e-01,  3.365141894174395e-01,  4.802875423765490e-01
s888        ,  3.665363028937624e-01,  3.426897785000416e-01,  5.049143930627094e-01
s889        ,  2.882985069243872e-01,  3.050173383246946e-01,  3.546852332574932e-01
s890        ,  3.314401632007343e-01,  3.858908699236233e-01,  6.771905619815506e-01
s891        ,  3.187054663095563e-01,  2.859188779647615e-01,  2.785248985382263e-01
s892        ,  2.885378548431122e-01,  2.755468733180789e-01,  2.371636929376769e-01
s893        ,  4.341641481228710e-01,  3.437629344584998e-01,  5.091938959892186e-01
s894        ,  3.434520439383409e-01,  3.457669615751264e-01,  5.171855022816804e-01
s895        ,  2.977872538643522e-01,  2.996882445055332e-01,  3.334340139775777e-01
s896        ,  4.395276693832269e-01,  3.220420663683824e-01,  4.225759931342381e-01
s897        ,  4.141074145418121e-01,  3.135478110253696e-01,  3.887028265060020e-01
s898        ,  3.245936699741395e-01,  3.208028792374716e-01,  4.176343954927880e-01
s899        ,  2.759455078310450e-01,  3.078669071614636e-01,  3.660486684414735e-01
s900        ,  2.812910468510978e-01,  2.964641580126258e-01,  3.205770871973003e-01
s901        ,  4.368412206448667e-01,  3.968367615182345e-01,  7.208402987632291e-01
s902        ,  2.476616888757790e-01,  2.969401611643260e-01,  3.224752799666485e-01
s903        ,  4.064063930352827e-01,  3.645219768270795e-01,  5.919762556897576e-01
s904        ,  2.692313868191551e-01,  3.159495424663887e-01,  3.982803875767126e-01
s905        ,  3.857159716978104e-01,  3.573375155975201e-01,  5.633262513591073e-01
s906        ,  2.875408284403677e-01,  2.845444525077117e-01,  2.730440010793296e-01
s907        ,  3.309853692311254e-01,  2.997357174722120e-01,  3.336233254175701e-01
s908        ,  3.448811689194689e-01,  3.221777165997639e-01,  4.231169355365079e-01
s909        ,  3.108819018906574e-01,  3.198254647225378e-01,  4.137366877606506e-01
s910        ,  2.601667533352491e-01,  2.868695133358020e-01,  2.823158171091447e-01
s911        ,  2.987315837360676e-01,  3.059502635386137e-01,  3.584055277326005e-01
s912        ,  3.440343127256966e-01,  3.605553339801287e-01,  5.761581823350416e-01
s913        ,  2.676759227439509e-01,  2.958102774078843e-01,  3.179695594288304e-01
s914        ,  3.362930685924894e-01,  3.224560950379993e-01,  4.242270457042948e-01
s915        ,  3.076052608078511e-01,  3.460204197455466e-01,  5.181962360650713e-01
s916        ,  3.754348103699239e-01,  3.476297523877349e-01,  5.246138901792652e-01
s917        ,  2.590598828517826e-01,  3.219427941631189e-01,  4.221801180616566e-01
s918        ,  4.961505633465160e-01,  4.014812507775662e-01,  7.393614700997849e-01
s919        ,  2.931955880287684e-01,  3.392027558778778e-01,  4.910089365456595e-01
s920        ,  2.474840765757152e-01,  3.029854283330101e-01,  3.465824363738884e-01
s921        ,  3.442280024555943e-01,  4.241824561825581e-01,  8.298887361511447e-01
s922        ,  3.930300610882673e-01,  4.020600549516223e-01,  7.416696100651143e-01
s923        ,  3.214733830150857e-01,  3.110691148040303e-01,  3.788183473214587e-01
s924        ,  2.534416607722896e-01,  3.084373018290525e-01,  3.683232731994985e-01
s925        ,  4.195798862194213e-01,  3.814862905689292e-01,  6.596260970126976e-01
s926        ,  2.890808494142250e-01,  2.787870202465537e-01,  2.500846650978176e-01
s927        ,  2.735614386165569e-01,  3.115406703081377e-01,  3.806988038794584e-01
s928        ,  2.920421471112219e-01,  3.248930238397876e-01,  4.339449658786659e-01
s929        ,  3.493227439756055e-01,  3.476469336621371e-01,  5.246824052105671e-01
s930        ,  3.134104047515290e-01,  3.173464621271657e-01,  4.038509868258486e-01
s931        ,  3.884821591695420e-01,  3.517818240577422e-01,  5.411714116865775e-01
s932        ,  3.555147722726067e-01,  3.405653096509899e-01,  4.964424924175729e-01
s933        ,  4.127638757436791e-01,  3.555606366063983e-01,  5.562404603493054e-01
s934        ,  2.485124345085235e-01,  2.930830767252688e-01,  3.070941007311044e-01
s935        ,  2.511088031672664e-01,  2.901107448911030e-01,  2.952411145154346e-01
s936        ,  2.604780194318803e-01,  3.121189426273514e-01,  3.830048229281247e-01
s937        ,  3.411489425468267e-01,  3.849569596738823e-01,  6.734663394066648e-01
s938        ,  3.511005950375960e-01,  3.217492855537092e-01,  4.214084495508993e-01
s939        ,  2.747398030122069e-01,  3.059445639196734e-01,  3.583827989430499e-01
s940        ,  3.417465604863621e-01,  3.883955457691777e-01,  6.871786420239020e-01
s941        ,  2.992769914824235e-01,  3.011635946956374e-01,  3.393173764156408e-01
s942        ,  2.877311772316790e-01,  3.015550779076811e-01,  3.408785228067279e-01
s943        ,  3.224976287094988e-01,  3.353525951281926e-01,  4.756553674153343e-01
s944        ,  2.872161365477828e-01,  3.087610281457675e-01,  3.696142204368043e-01
s945        ,  3.039291705890396e-01,  3.126801589654596e-01,  3.852428265867813e-01
s946        ,  3.820695206088657e-01,  3.597394106429054e-01,  5.729044648469787e-01
s947        ,  3.338965049246589e-01,  3.087880583814517e-01,  3.697220108952211e-01
s948        ,  2.895186753893665e-01,  2.981995862465834e-01,  3.274975819748143e-01
s949        ,  3.285081864326909e-01,  2.970829615279864e-01,  3.230447354771684e-01
s950        ,  3.631800436830665e-01,  3.309739051239771e-01,  4.581941433130725e-01
s951        ,  2.321785877905577e-01,  2.806190377238100e-01,  2.573903359032035e-01
s952        ,  3.942514198985953e-01,  4.012883701872620e-01,  7.385923059869940e-01
s953        ,  4.109179543283764e-01,  4.008863372132929e-01,  7.369890895345358e-01
s954        ,  3.824721552405599e-01,  3.652845262682597e-01,  5.950171301678968e-01
s955        ,  2.687072927169935e-01,  3.067233447720694e-01,  3.614884006132174e-01
s956        ,  3.979821694304178e-01,  3.600255783632783e-01,  5.740456369079042e-01
s957        ,  2.899775316226321e-01,  3.266972509775136e-01,  4.411398151036364e-01
s958        ,  3.788440459260153e-01,  3.559022918649627e-01,  5.576029041463693e-01
s959        ,  3.097885661746670e-01,  3.232530676761869e-01,  4.274051920963361e-01
s960        ,  2.673850340403868e-01,  2.960215217255400e-01,  3.188119539274964e-01
s961        ,  3.243475522827328e-01,  3.320754003464105e-01,  4.625866568063692e-01
s962        ,  2.853383177579654e-01,  2.700410104385534e-01,  2.152075586776212e-01
s963        ,  3.492156404114884e-01,  3.150778789311600e-01,  3.948043908023929e-01
s964        ,  2.774300864992933e-01,  2.884235051640285e-01,  2.885127845902002e-01
s965        ,  3.171942496841062e-01,  2.843561229152256e-01,  2.722929853151809e-01
s966        ,  2.734218027896025e-01,  3.088175872889624e-01,  3.698397654910118e-01
s967        ,  3.303895856524011e-01,  3.395461661888870e-01,  4.923783790944097e-01
s968        ,  3.379779199025550e-01,  3.568554041240727e-01,  5.614036999859725e-01
s969        ,  3.659302513196352e-01,  3.618087275791380e-01,  5.811564321539536e-01
s970        ,  3.452495236560603e-01,  3.444242610547556e-01,  5.118311166855665e-01
s971        ,  2.851883014226236e-01,  3.264322578080470e-01,  4.400830823563605e-01
s972        ,  3.257825344175761e-01,  3.241305895364243e-01,  4.309045505440653e-01
s973        ,  3.559590726598347e-01,  2.913871907494069e-01,  3.003312915238073e-01
s974        ,  3.244218696610479e-01,  3.152432895367473e-01,  3.954640108372137e-01
s975        ,  3.575434229776818e-01,  2.905419303657634e-01,  2.969605845385321e-01
s976        ,  3.508196626692490e-01,  3.875267337587192e-01,  6.837140164845857e-01
s977        ,  3.094780913347707e-01,  3.049529246141182e-01,  3.544283659673790e-01
s978        ,  2.679411357443860e-01,  2.773828407690639e-01,  2.444851153437492e-01
s979        ,  3.294468669232396e-01,  3.917049106809611e-01,  7.003756398257971e-01
s980        ,  2.682884487390532e-01,  2.876893213245633e-01,  2.855850257077905e-01
s981        ,  3.690259273299634e-01,  3.482878694525338e-01,  5.272383119910201e-01
s982        ,  3.599308410073728e-01,  3.496187355837470e-01,  5.325455047232878e-01
s983        ,  3.033741189947783e-01,  3.184894752913849e-01,  4.084090644684891e-01
s984        ,  3.990606361986817e-01,  3.411120800879125e-01,  4.986228890938402e-01
s985        ,  2.458061579719099e-01,  2.808542251438477e-01,  2.583282100718152e-01
s986        ,  3.674574317411205e-01,  3.518005518516933e-01,  5.412460938876025e-01
s987        ,  3.618389636623023e-01,  3.057676510314152e-01,  3.576773104098402e-01
s988        ,  3.706023012861709e-01,  3.230824122066814e-01,  4.267246567320052e-01
s989        ,  3.267317558382980e-01,  3.474509103612543e-01,  5.239007086797133e-01
s990        ,  3.568657105740528e-01,  3.746630584715818e-01,  6.324165926543552e-01
s991        ,  2.691831861033237e-01,  2.814814221241808e-01,  2.608293295891400e-01
s992        ,  3.535454705333178e-01,  3.081372461317962e-01,  3.671267190319485e-01
s993        ,  3.585598735365578e-01,  3.497302446319021e-01,  5.329901775540636e-01
s994        ,  3.020201873530365e-01,  3.247748329235305e-01,  4.334736472711305e-01
s995        ,  2.226508985115376e-01,  2.846827011297313e-01,  2.735953052750114e-01
s996        ,  3.542347072493316e-01,  3.459832932541316e-01,  5.180481840252817e-01
s997        ,  3.018965630826722e-01,  2.887438975219832e-01,  2.897904367550060e-01
s998        ,  3.248834775025297e-01,  3.120367840020546e-01,  3.826771929367664e-01
s999        ,  3.245798973395961e-01,  3.024966003449621e-01,  3.446331010616039e-01
s1000       ,  4.229046884097925e-01,  3.907447511813611e-01,  6.965467411870967e-01
s1001       ,  3.687810356407749e-01,  3.606861689285430e-01,  5.766799224793475e-01
s1002       ,  2.771840194067590e-01,  2.900447252919743e-01,  2.949778433054571e-01
s1003       ,  3.773312531679570e-01,  3.481077524737579e-01,  5.265200462704506e-01
s1004       ,  3.054117424504427e-01,  3.290318889046994e-01,  4.504498224357348e-01
s1005       ,  3.385236329700146e-01,  3.571904099102905e-01,  5.627396271932129e-01
s1006       ,  4.167296916398009e-01,  3.096289408006757e-01,  3.730752595498611e-01
s1007       ,  3.320487440508861e-01,  3.133163549517728e-01,  3.877798321019653e-01
s1008       ,  3.136740188462037e-01,  3.366393047178643e-01,  4.807864738599918e-01
s1009       ,  3.593194801918262e-01,  3.548540623779063e-01,  5.534228023427546e-01
s1010       ,  3.386964235398171e-01,  3.430206031542597e-01,  5.062336468624290e-01
s1011       ,  3.250388323362358e-01,  3.033002823172081e-01,  3.478380027584185e-01
s1012       ,  2.909569628391213e-01,  2.841074995744168e-01,  2.713015317373444e-01
s1013       ,  3.150008570990088e-01,  3.197983430344477e-01,  4.136285326107504e-01
s1014       ,  2.705688582831416e-01,  2.749207019654858e-01,  2.346666633915070e-01
s1015       ,  2.627454581345986e-01,  3.083940579944612e-01,  3.681508265805066e-01
s1016       ,  4.030578873542974e-01,  3.709103241673745e-01,  6.174515381245929e-01
s1017       ,  3.593872438775090e-01,  3.154315940048645e-01,  3.962149264110698e-01
s1018       ,  2.427981414978236e-01,  3.044569989853491e-01,  3.524507268712895e-01
s1019       ,  3.667702659774850e-01,  3.751867885211319e-01,  6.345051094836990e-01
s1020       ,  2.443455242532603e-01,  2.820742621944535e-01,  2.631934415298955e-01
s1021       ,  3.517001221268577e-01,  3.872190323322777e-01,  6.824869728805610e-01
s1022       ,  2.465884136726172e-01,  2.998039400643230e-01,  3.338953816646535e-01
s1023       ,  3.973866202773900e-01,  3.425780362768842e-01,  5.044687903828307e-01
s1024       ,  2.954254385322262e-01,  2.936190567809257e-01,  3.092314678105636e-01
s1025       ,  3.194737803651596e-01,  3.331766518324286e-01,  4.669781983340405e-01
s1026       ,  2.845215502906833e-01,  3.099629584757568e-01,  3.744072463936645e-01
s1027       ,  3.801444592417467e-01,  3.895502340398110e-01,  6.917832773468798e-01
s1028       ,  3.280565754548467e-01,  3.250941941835742e-01,  4.347471876509778e-01
s1029       ,  3.320425958711730e-01,  3.457440100134224e-01,  5.170939766514061e-01
s1030       ,  3.688103106871887e-01,  3.679741905650180e-01,  6.057429022596265e-01
s1031       ,  3.177581036079268e-01,  3.214979534991516e-01,  4.204061942360706e-01
s1032       ,  2.886686636822086e-01,  2.806955575713044e-01,  2.576954797256902e-01
s1033       ,  3.502857082190677e-01,  3.255463676179670e-01,  4.365503529043802e-01
s1034       ,  2.612720878184224e-01,  2.886002335329992e-01,  2.892175373022798e-01
s1035       ,  3.090655311957510e-01,  2.976098982625394e-01,  3.251460398400910e-01
s1036       ,  2.315433826576645e-01,  2.987370335550416e-01,  3.296408001261590e-01
s1037       ,  3.217591519820785e-01,  3.232597756937963e-01,  4.274319421514090e-01
s1038       ,  3.897883572896937e-01,  3.824820046048651e-01,  6.635967790903295e-01
s1039       ,  3.933052255643392e-01,  3.661114316065361e-01,  5.983146413890843e-01
s1040       ,  3.351679701489885e-01,  3.218656461554291e-01,  4.218724692785686e-01
s1041       ,  4.495450075554298e-01,  3.908710145182474e-01,  6.970502507799541e-01
