# c0 + a0 * ((SBI / NBI) + (face-area-avg - Ge))
# Property Label: $E$; Unit of the Property: Unitless
# RMSE: 0.033090096957649; Max AE: 0.126708556200897
# Coefficients
# Task   a0                      c0
# all , -6.739943352926774e-02,  5.513461607107933e-01, 
# Feature Rung, Units, and Expressions
# 0;  2; Unitless;                                         5|4|div|32|18|sub|add; ((SBI / NBI) + (face-area-avg - Ge)); $\left(\left(\frac{ SBI }{ NBI } \right) + \left(face-area-avg - Ge\right)\right)$; ((SBI ./ NBI) + (face_sub_area_sub_avg - Ge)); ((newdata$SBI / newdata$NBI) + (newdata$face_sub_area_sub_avg - newdata$Ge)); SBI,NBI,face-area-avg,Ge
# Number of Samples Per Task
# Task, n_samples               
# all , 1041                  

# Sample ID , Property Value        ,  Property Value (EST) ,  Feature 0 Value      
s1          ,  3.651132093274850e-01,  3.532250494183770e-01,  2.939507068800269e+00
s2          ,  4.250240521814745e-01,  3.431756658687061e-01,  3.088608968081173e+00
s3          ,  2.746380789449931e-01,  2.993522331859081e-01,  3.738813730763162e+00
s4          ,  3.247370215691567e-01,  3.033059810342729e-01,  3.680152290431502e+00
s5          ,  3.450588503436838e-01,  3.209625656067033e-01,  3.418182958526610e+00
s6          ,  3.418868902527870e-01,  3.532632333583947e-01,  2.938940536738821e+00
s7          ,  3.253614410179195e-01,  3.614938834364864e-01,  2.816823040387497e+00
s8          ,  3.920908336338758e-01,  3.346656053721886e-01,  3.214872054444088e+00
s9          ,  3.897447923973993e-01,  3.866459767458203e-01,  2.443643445362981e+00
s10         ,  3.161197563926354e-01,  3.493033572927976e-01,  2.997692900938998e+00
s11         ,  3.431871249187676e-01,  2.799671219231207e-01,  4.026429074805623e+00
s12         ,  2.917324756968375e-01,  3.006223624522915e-01,  3.719968924510719e+00
s13         ,  2.447364458196310e-01,  3.152181935097063e-01,  3.503411747497108e+00
s14         ,  3.105728952400728e-01,  3.019422877914955e-01,  3.700385297911976e+00
s15         ,  3.795908353494076e-01,  3.412364517599498e-01,  3.117380932580167e+00
s16         ,  3.670742293030571e-01,  3.772298116179152e-01,  2.583350333608803e+00
s17         ,  2.954366621683970e-01,  2.969700525341812e-01,  3.774157954401073e+00
s18         ,  3.635454507147386e-01,  3.293993561582588e-01,  3.293006972471893e+00
s19         ,  3.651486704953139e-01,  3.860339025796947e-01,  2.452724740769712e+00
s20         ,  3.399672486499590e-01,  2.984310809183162e-01,  3.752480793219880e+00
s21         ,  3.890225043355258e-01,  3.450891127529190e-01,  3.060219309830084e+00
s22         ,  2.558533901530953e-01,  2.714534501712027e-01,  4.152745741075838e+00
s23         ,  4.117639764254846e-01,  3.793263533339478e-01,  2.552244111994607e+00
s24         ,  3.311791000527954e-01,  3.448646885141884e-01,  3.063549074295139e+00
s25         ,  3.690868050126928e-01,  3.774040128606341e-01,  2.580765723715261e+00
s26         ,  2.979562579207253e-01,  2.631806720766809e-01,  4.275488287434620e+00
s27         ,  3.397813902812787e-01,  3.439073028066189e-01,  3.077753729400346e+00
s28         ,  2.613491376061739e-01,  2.889379491674745e-01,  3.893329629089092e+00
s29         ,  3.947313720925611e-01,  3.888359374279333e-01,  2.411151174027169e+00
s30         ,  2.592589137508671e-01,  3.146873592447374e-01,  3.511287692993569e+00
s31         ,  3.031212395007984e-01,  3.217920639327199e-01,  3.405875758264218e+00
s32         ,  3.857616783620361e-01,  3.348581468413632e-01,  3.212015332078744e+00
s33         ,  4.141193231435004e-01,  3.810896271741033e-01,  2.526082559176960e+00
s34         ,  4.179319881718991e-01,  3.438885552673530e-01,  3.078031885139707e+00
s35         ,  3.612111930609704e-01,  3.815790297500403e-01,  2.518821332334089e+00
s36         ,  3.787074193034875e-01,  3.138017897021097e-01,  3.524426817408363e+00
s37         ,  3.867254135891385e-01,  3.317171169581961e-01,  3.258618541018225e+00
s38         ,  3.446930711358910e-01,  3.439382549755171e-01,  3.077294494548100e+00
s39         ,  2.876898720952064e-01,  3.420281424503165e-01,  3.105634681181436e+00
s40         ,  3.049912944269815e-01,  3.282510101110730e-01,  3.310044890849755e+00
s41         ,  3.032122447573497e-01,  3.112718927015206e-01,  3.561962696689761e+00
s42         ,  3.284012713704346e-01,  3.175755007125183e-01,  3.468436569229648e+00
s43         ,  3.521735822893021e-01,  3.570724694148045e-01,  2.882423206296338e+00
s44         ,  3.330769886831567e-01,  3.396993478068104e-01,  3.140186820888884e+00
s45         ,  3.222694574216643e-01,  3.371013088787926e-01,  3.178733716492830e+00
s46         ,  3.537154217541030e-01,  3.370712750150859e-01,  3.179179326524459e+00
s47         ,  3.064622412169097e-01,  3.153120147377823e-01,  3.502019729446464e+00
s48         ,  2.709027668189650e-01,  2.729658019331648e-01,  4.130307099046222e+00
s49         ,  3.986674224858993e-01,  3.401369285283551e-01,  3.133694470751332e+00
s50         ,  3.630933243380700e-01,  3.313193170986287e-01,  3.264520665691048e+00
s51         ,  3.785261269820064e-01,  3.805657880787677e-01,  2.533854717901530e+00
s52         ,  3.404870415156796e-01,  3.008866689871789e-01,  3.716047429610135e+00
s53         ,  2.464211996641334e-01,  3.336246634668523e-01,  3.230316426166949e+00
s54         ,  4.479825317233843e-01,  3.950269828028374e-01,  2.319295129388223e+00
s55         ,  3.436317929445776e-01,  3.156338242017480e-01,  3.497245068190208e+00
s56         ,  3.917346641556894e-01,  3.801329987946381e-01,  2.540275977865705e+00
s57         ,  3.497750017469617e-01,  3.744970463347584e-01,  2.623896153359204e+00
s58         ,  4.567353100642558e-01,  3.692254640761846e-01,  2.702110197343485e+00
s59         ,  3.347920174849711e-01,  3.366318898922850e-01,  3.185698448419008e+00
s60         ,  2.709373029897972e-01,  2.878938575237308e-01,  3.908820733228570e+00
s61         ,  2.790893938381299e-01,  3.054786428672581e-01,  3.647916680735440e+00
s62         ,  3.360458157463063e-01,  3.394375796099979e-01,  3.144070654670645e+00
s63         ,  4.093736118424267e-01,  3.792734638596518e-01,  2.553028828890976e+00
s64         ,  3.302497794709098e-01,  3.768496760376992e-01,  2.588990374782902e+00
s65         ,  3.637362750415415e-01,  3.713343502476091e-01,  2.670820822032805e+00
s66         ,  3.848471859724885e-01,  3.521847265678822e-01,  2.954942255656001e+00
s67         ,  3.211750777924535e-01,  3.405925015090205e-01,  3.126935170905472e+00
s68         ,  4.095598752010021e-01,  3.735060400744152e-01,  2.638599633914613e+00
s69         ,  3.476279282639844e-01,  3.634705226131501e-01,  2.787495803151811e+00
s70         ,  3.542202710009075e-01,  3.663780514864613e-01,  2.744357030003983e+00
s71         ,  3.324591144603498e-01,  3.153258137331617e-01,  3.501814994856617e+00
s72         ,  3.490784623419291e-01,  3.735390118445537e-01,  2.638110434400433e+00
s73         ,  2.871691931895054e-01,  3.186875308158421e-01,  3.451937467603802e+00
s74         ,  4.049442418517104e-01,  3.867569161583715e-01,  2.441997446179576e+00
s75         ,  3.439829269029567e-01,  3.378834586694102e-01,  3.167129022659938e+00
s76         ,  3.071028154909760e-01,  3.172288311081713e-01,  3.473580078398704e+00
s77         ,  2.780468433194506e-01,  3.090767811002051e-01,  3.594531391801452e+00
s78         ,  2.669617651637353e-01,  3.060425562756963e-01,  3.639549942635284e+00
s79         ,  3.541307689639985e-01,  3.494160241502884e-01,  2.996021271793304e+00
s80         ,  3.629523222745701e-01,  3.448416759061307e-01,  3.063890510518750e+00
s81         ,  2.554152131748840e-01,  3.195209906206792e-01,  3.439571491197262e+00
s82         ,  3.259366268272620e-01,  3.283894877372669e-01,  3.307990309394945e+00
s83         ,  2.722850822770267e-01,  3.106661663513138e-01,  3.570949810059841e+00
s84         ,  3.998438077165619e-01,  3.268917677003707e-01,  3.330211861691017e+00
s85         ,  3.012322773461942e-01,  3.234726043433843e-01,  3.380941714717181e+00
s86         ,  3.200453803456573e-01,  3.262921955562545e-01,  3.339107665597971e+00
s87         ,  3.352140969143458e-01,  3.255186332124384e-01,  3.350584948170090e+00
s88         ,  3.302506455484479e-01,  3.321251608749218e-01,  3.252564426089372e+00
s89         ,  3.471406078486814e-01,  3.522550652227718e-01,  2.953898646663960e+00
s90         ,  3.483351733862548e-01,  3.340278316365322e-01,  3.224334652306716e+00
s91         ,  3.564650130752042e-01,  3.902914471484814e-01,  2.389555892815850e+00
s92         ,  2.923433543076974e-01,  2.852554535268088e-01,  3.947966522128654e+00
s93         ,  3.745472031333225e-01,  3.422082053275602e-01,  3.102963102685669e+00
s94         ,  3.437578785209007e-01,  3.614051188912994e-01,  2.818140032838902e+00
s95         ,  2.980732528469880e-01,  2.828804084393866e-01,  3.983204875970172e+00
s96         ,  3.581539694897533e-01,  3.404954580117345e-01,  3.128374997506445e+00
s97         ,  4.279362669937736e-01,  3.885717333607975e-01,  2.415071148621927e+00
s98         ,  2.896944279808133e-01,  3.116145343159424e-01,  3.556878950484786e+00
s99         ,  2.909528202324455e-01,  2.606792321649505e-01,  4.312601951166588e+00
s100        ,  3.111721139319150e-01,  3.184484401574180e-01,  3.455484836563814e+00
s101        ,  3.241780336567121e-01,  3.292537394264368e-01,  3.295167476265428e+00
s102        ,  3.096847321141750e-01,  2.567016552213732e-01,  4.371616941876415e+00
s103        ,  3.391049191815317e-01,  3.625473574013893e-01,  2.801192731500027e+00
s104        ,  2.515445686944838e-01,  2.706185999972514e-01,  4.165132346277628e+00
s105        ,  3.580226031747242e-01,  3.468660348070224e-01,  3.033855259554620e+00
s106        ,  3.582576851144277e-01,  3.863062369885822e-01,  2.448684136945211e+00
s107        ,  3.406125813060369e-01,  3.104686537021663e-01,  3.573880289424505e+00
s108        ,  3.541195107207772e-01,  3.717128112516027e-01,  2.665205626412069e+00
s109        ,  3.030334722988908e-01,  3.088718665120445e-01,  3.597571693142735e+00
s110        ,  3.844717335443058e-01,  3.118168590908981e-01,  3.553877073994714e+00
s111        ,  3.518414134147780e-01,  3.831316611259874e-01,  2.495785064896131e+00
s112        ,  3.724995886738390e-01,  3.687365512285961e-01,  2.709364158126053e+00
s113        ,  3.276637756053076e-01,  3.359954686271353e-01,  3.195140979784994e+00
s114        ,  3.975727278995340e-01,  3.759959183429453e-01,  2.601657509357307e+00
s115        ,  4.661802026900197e-01,  3.760499994353329e-01,  2.600855112518702e+00
s116        ,  3.149444114213277e-01,  3.306485461844170e-01,  3.274472840050502e+00
s117        ,  2.617905198031230e-01,  2.977593678613317e-01,  3.762446946076235e+00
s118        ,  2.697626524103243e-01,  2.929849253516887e-01,  3.833284967401291e+00
s119        ,  3.390451473349576e-01,  3.144224654873684e-01,  3.515217900467109e+00
s120        ,  3.261908135769222e-01,  3.411996311183396e-01,  3.117927237492272e+00
s121        ,  3.485047140780971e-01,  3.659154905511429e-01,  2.751220009573648e+00
s122        ,  2.626009490674024e-01,  3.082054946912806e-01,  3.607458598504847e+00
s123        ,  2.763746480585029e-01,  2.697675316216698e-01,  4.177759579638752e+00
s124        ,  3.084637495449347e-01,  3.310902109098104e-01,  3.267919895874767e+00
s125        ,  3.788458996149217e-01,  3.304622556502372e-01,  3.277236817793711e+00
s126        ,  3.251157603452653e-01,  3.124993249896849e-01,  3.543751382085294e+00
s127        ,  2.834263508079372e-01,  2.660440011810206e-01,  4.233005302720864e+00
s128        ,  3.547356336228297e-01,  3.763913143259235e-01,  2.595791050809008e+00
s129        ,  2.905669611170635e-01,  3.025386569191069e-01,  3.691537016904504e+00
s130        ,  3.001710267623137e-01,  3.511505400104825e-01,  2.970286398822288e+00
s131        ,  3.234187238329760e-01,  3.378243065669178e-01,  3.168006657669536e+00
s132        ,  2.761295727416017e-01,  3.115776044848406e-01,  3.557426875432638e+00
s133        ,  3.187185284669714e-01,  3.082684404506093e-01,  3.606524677312447e+00
s134        ,  2.870198930068550e-01,  2.942637058379396e-01,  3.814311803692199e+00
s135        ,  3.783093309701865e-01,  3.356564889288510e-01,  3.200170394433368e+00
s136        ,  3.883241345589045e-01,  3.652914717718544e-01,  2.760478526249719e+00
s137        ,  2.784112215023900e-01,  3.113672081008949e-01,  3.560548509739169e+00
s138        ,  3.453346818049723e-01,  3.472516780011491e-01,  3.028133502353808e+00
s139        ,  3.244324492872825e-01,  3.477771154260358e-01,  3.020337629341634e+00
s140        ,  3.327862834846864e-01,  3.106028140660163e-01,  3.571889762845498e+00
s141        ,  3.557762179436731e-01,  3.449805558746208e-01,  3.061829959543499e+00
s142        ,  2.749368728938547e-01,  2.891474683569391e-01,  3.890221009646859e+00
s143        ,  3.361413138168960e-01,  3.838044587312771e-01,  2.485802820683387e+00
s144        ,  3.409974995595333e-01,  3.623842749296602e-01,  2.803612373078443e+00
s145        ,  3.763216171571199e-01,  3.630105541349513e-01,  2.794320318642717e+00
s146        ,  3.752831948694745e-01,  3.855202034729840e-01,  2.460346453294753e+00
s147        ,  3.654575252194441e-01,  3.645097141068063e-01,  2.772077402146928e+00
s148        ,  3.473385960617674e-01,  3.584996586774970e-01,  2.861248113451192e+00
s149        ,  2.849292163595314e-01,  3.309389027137714e-01,  3.270164843467293e+00
s150        ,  3.503331909216502e-01,  3.763983589099919e-01,  2.595686530879100e+00
s151        ,  3.330423635366063e-01,  3.373825943209783e-01,  3.174560306903808e+00
s152        ,  3.630680102987860e-01,  3.393169863439485e-01,  3.145859887305621e+00
s153        ,  3.816822758848153e-01,  3.571365203137269e-01,  2.881472888236252e+00
s154        ,  3.320898103001320e-01,  3.380469797897848e-01,  3.164702872886681e+00
s155        ,  3.864039977120127e-01,  3.299337294998030e-01,  3.285078517979584e+00
s156        ,  2.690214273922155e-01,  3.017496330315940e-01,  3.703243701162767e+00
s157        ,  3.092688252015169e-01,  3.243786817556936e-01,  3.367498316681560e+00
s158        ,  3.521824739407696e-01,  3.533891140109474e-01,  2.937072855573548e+00
s159        ,  3.604301286467682e-01,  3.545136005257353e-01,  2.920388939167937e+00
s160        ,  2.959798492012398e-01,  2.945071219691437e-01,  3.810700258038801e+00
s161        ,  3.194137955766546e-01,  3.059583086099015e-01,  3.640799918508720e+00
s162        ,  3.677213080484411e-01,  3.089190102288154e-01,  3.596872225590822e+00
s163        ,  3.585762742017419e-01,  3.408502341114376e-01,  3.123111212914710e+00
s164        ,  4.006335057182285e-01,  3.795840458605724e-01,  2.548420748605171e+00
s165        ,  3.287266930084647e-01,  3.642343668579939e-01,  2.776162707236218e+00
s166        ,  2.950048096243486e-01,  3.486724582672801e-01,  3.007053499277611e+00
s167        ,  3.519819712307287e-01,  3.248052056186744e-01,  3.361170016269426e+00
s168        ,  4.374575067359432e-01,  3.902759455933974e-01,  2.389785888147744e+00
s169        ,  4.091080766385897e-01,  3.703533706652031e-01,  2.685375537570287e+00
s170        ,  3.398244019971832e-01,  3.370369767097697e-01,  3.179688207734882e+00
s171        ,  3.613080720154525e-01,  3.608126736834445e-01,  2.826930094963053e+00
s172        ,  3.578018153328690e-01,  3.235148767301153e-01,  3.380314522699125e+00
s173        ,  3.625516481683081e-01,  3.663391199131489e-01,  2.744934654640776e+00
s174        ,  3.825999337737049e-01,  3.568307150388403e-01,  2.886010096620264e+00
s175        ,  3.092599387015685e-01,  3.407011300257157e-01,  3.125323458298897e+00
s176        ,  3.793890053910741e-01,  3.869744834891420e-01,  2.438769417109034e+00
s177        ,  3.131265826402478e-01,  3.456723139994398e-01,  3.051566399620275e+00
s178        ,  3.054696856864712e-01,  3.166602631622620e-01,  3.482015875498726e+00
s179        ,  3.928374269136042e-01,  3.579392956123023e-01,  2.869562175392845e+00
s180        ,  2.641551140722125e-01,  2.740801019139191e-01,  4.113774319430643e+00
s181        ,  2.369318989685527e-01,  2.816026454535156e-01,  4.002162943107578e+00
s182        ,  4.189138162610332e-01,  3.655421999465404e-01,  2.756758492392505e+00
s183        ,  3.759767293543443e-01,  3.568960623996157e-01,  2.885040543059446e+00
s184        ,  4.039791445798378e-01,  3.563768454333964e-01,  2.892744123624317e+00
s185        ,  4.187778012666042e-01,  3.796003753663475e-01,  2.548178469035150e+00
s186        ,  3.450522704714396e-01,  3.594512299454324e-01,  2.847129726721395e+00
s187        ,  3.509325305204691e-01,  3.305603297631506e-01,  3.275781700031174e+00
s188        ,  3.868910592801009e-01,  3.641935699602998e-01,  2.776768007541544e+00
s189        ,  3.427300778100211e-01,  3.473511208398627e-01,  3.026658076916139e+00
s190        ,  3.213421258380463e-01,  3.272130521341473e-01,  3.325444990265650e+00
s191        ,  2.531455052956056e-01,  2.611955468374507e-01,  4.304941431701304e+00
s192        ,  2.695706078724207e-01,  2.946385372065405e-01,  3.808750460681235e+00
s193        ,  3.954601105184181e-01,  3.682092801397620e-01,  2.717187237063431e+00
s194        ,  3.572926210703052e-01,  3.513346007773205e-01,  2.967555503958638e+00
s195        ,  3.290528752571006e-01,  3.125726398402129e-01,  3.542663615516809e+00
s196        ,  3.068286090334552e-01,  3.173961263437810e-01,  3.471097932379820e+00
s197        ,  3.451887575536944e-01,  3.559259592603926e-01,  2.899433885680076e+00
s198        ,  3.094894638678110e-01,  3.585276550394748e-01,  2.860832733669615e+00
s199        ,  3.060674258319923e-01,  3.292748754541410e-01,  3.294853882714303e+00
s200        ,  2.862300564486437e-01,  2.942984122816780e-01,  3.813796866964678e+00
s201        ,  3.249313766746611e-01,  3.135669701052261e-01,  3.527910816970194e+00
s202        ,  3.753266605464363e-01,  3.525145862140090e-01,  2.950048154491434e+00
s203        ,  4.029232548104287e-01,  3.537656504656371e-01,  2.931486214336776e+00
s204        ,  3.599997628653644e-01,  3.505706699109517e-01,  2.978889885070863e+00
s205        ,  3.369349724991222e-01,  3.544201281011645e-01,  2.921775782048897e+00
s206        ,  3.550773861568109e-01,  3.258121779009434e-01,  3.346229649124772e+00
s207        ,  3.248842560910169e-01,  2.895052686112334e-01,  3.884912355915534e+00
s208        ,  3.892178112013847e-01,  3.501979411959343e-01,  2.984420031178924e+00
s209        ,  3.394721823707363e-01,  3.356310062432452e-01,  3.200548478999832e+00
s210        ,  3.535123221804505e-01,  3.520444189076550e-01,  2.957023989179270e+00
s211        ,  3.581883484115880e-01,  3.539403212707910e-01,  2.928894637582973e+00
s212        ,  3.095468400739283e-01,  3.128601026937332e-01,  3.538398552170312e+00
s213        ,  2.970030695897441e-01,  3.013948821084801e-01,  3.708507112211465e+00
s214        ,  2.952505712043380e-01,  2.703147360361133e-01,  4.169640751544953e+00
s215        ,  3.666112826899128e-01,  3.350824179588338e-01,  3.208687839461567e+00
s216        ,  3.146096144721102e-01,  3.343381373363582e-01,  3.219730671478135e+00
s217        ,  3.572631712917447e-01,  2.877421854350347e-01,  3.911071079867317e+00
s218        ,  3.906530675883989e-01,  3.692053625926813e-01,  2.702408441445114e+00
s219        ,  3.533175328188169e-01,  3.225227670540768e-01,  3.395034374544878e+00
s220        ,  3.292958184485441e-01,  3.774595789158527e-01,  2.579941294602002e+00
s221        ,  3.922937304178105e-01,  3.470273395680514e-01,  3.031461993727557e+00
s222        ,  2.956043726879932e-01,  3.172109656845410e-01,  3.473845146258992e+00
s223        ,  3.522928979206140e-01,  3.179513563937500e-01,  3.462860028574176e+00
s224        ,  3.671890264330231e-01,  3.277468996393794e-01,  3.317524337564611e+00
s225        ,  3.692182726300033e-01,  3.683356383263827e-01,  2.715312470763417e+00
s226        ,  3.810944919303408e-01,  3.741789658042344e-01,  2.628615488728482e+00
s227        ,  3.257040093262658e-01,  3.468230957249321e-01,  3.034492343278353e+00
s228        ,  3.395769394444231e-01,  3.274541367618592e-01,  3.321868036942930e+00
s229        ,  3.431399804548451e-01,  3.047213031040755e-01,  3.659153270177304e+00
s230        ,  2.512227189184055e-01,  3.036128671342745e-01,  3.675599045931779e+00
s231        ,  3.201687391567147e-01,  3.235454630308146e-01,  3.379860716204059e+00
s232        ,  3.668712051047079e-01,  3.923055303566999e-01,  2.359673101481353e+00
s233        ,  3.159372860524723e-01,  3.561747889816235e-01,  2.895742019024804e+00
s234        ,  3.288074742025223e-01,  3.747523641225266e-01,  2.620108023780083e+00
s235        ,  2.404535459782499e-01,  2.537848484361247e-01,  4.414893370660967e+00
s236        ,  3.942112592274354e-01,  3.179422807164105e-01,  3.462994683672361e+00
s237        ,  3.207425992509765e-01,  3.444535047264997e-01,  3.069649775238124e+00
s238        ,  3.228783696280719e-01,  3.541220337729343e-01,  2.926198583734623e+00
s239        ,  3.173309981533126e-01,  3.012935835344817e-01,  3.710010071045004e+00
s240        ,  2.944515915275119e-01,  2.981166144705746e-01,  3.757146506732220e+00
s241        ,  2.623340223598457e-01,  2.767150036373424e-01,  4.074680493482104e+00
s242        ,  3.472905412885691e-01,  3.508635779188908e-01,  2.974544032404135e+00
s243        ,  3.411668088660135e-01,  3.498867670119203e-01,  2.989036897637882e+00
s244        ,  3.345490802910559e-01,  3.704127526414162e-01,  2.684494491942697e+00
s245        ,  3.806037450466579e-01,  3.473984510586975e-01,  3.025955842248035e+00
s246        ,  2.822738655802098e-01,  3.053394658427003e-01,  3.649981639107788e+00
s247        ,  2.412572311651046e-01,  2.888220044256841e-01,  3.895049891941747e+00
s248        ,  3.291723893390957e-01,  3.676272063452667e-01,  2.725823419357790e+00
s249        ,  3.335036159019719e-01,  3.016102658945490e-01,  3.705311480218870e+00
s250        ,  2.841334766149551e-01,  3.004240340158573e-01,  3.722911507646053e+00
s251        ,  3.897160933411575e-01,  3.710074701102162e-01,  2.675670716464795e+00
s252        ,  2.974172959235764e-01,  3.242045456811601e-01,  3.370081959679952e+00
s253        ,  3.402798874706645e-01,  3.169877565655488e-01,  3.477156882089758e+00
s254        ,  3.453557066513905e-01,  3.319456410028117e-01,  3.255227948061441e+00
s255        ,  3.473897848646884e-01,  3.416471015544076e-01,  3.111288154452001e+00
s256        ,  2.775650936098157e-01,  2.879417369524553e-01,  3.908110349977297e+00
s257        ,  3.769007346358472e-01,  3.597206572896025e-01,  2.843132254783399e+00
s258        ,  3.031826235523933e-01,  3.238882264160645e-01,  3.374775163295056e+00
s259        ,  3.649101163154662e-01,  3.631664556376477e-01,  2.792007220527009e+00
s260        ,  2.836985211263404e-01,  2.589140453958557e-01,  4.338791885957781e+00
s261        ,  3.568114035371502e-01,  3.408363013654883e-01,  3.123317931951054e+00
s262        ,  2.969774967310232e-01,  3.134530330248018e-01,  3.529601292311873e+00
s263        ,  2.618717119564857e-01,  2.823963079343625e-01,  3.990387436411335e+00
s264        ,  3.079903383698472e-01,  3.644097916345483e-01,  2.773559943869102e+00
s265        ,  3.131364053370843e-01,  3.771727666381784e-01,  2.584196705406750e+00
s266        ,  3.412850318464396e-01,  3.783155017335436e-01,  2.567242036271898e+00
s267        ,  3.070004173759213e-01,  3.211459061612740e-01,  3.415462749394719e+00
s268        ,  2.824464522612543e-01,  2.995673934753206e-01,  3.735621414772567e+00
s269        ,  3.706172452100595e-01,  3.564031319499125e-01,  2.892354112682983e+00
s270        ,  3.137711424042234e-01,  3.365351700969954e-01,  3.187133472279374e+00
s271        ,  3.438724170458776e-01,  3.319224713592129e-01,  3.255571714208803e+00
s272        ,  3.563763221903465e-01,  3.510744743143913e-01,  2.971414979466191e+00
s273        ,  2.992755087965905e-01,  3.276527298937076e-01,  3.318921526542925e+00
s274        ,  3.418910691999477e-01,  3.772902464288471e-01,  2.582453667156766e+00
s275        ,  3.459340138648980e-01,  3.357485034203052e-01,  3.198805182789354e+00
s276        ,  3.066542538287166e-01,  3.261664585917751e-01,  3.340973214874804e+00
s277        ,  2.599265281449482e-01,  3.549860030816443e-01,  2.913379940261382e+00
s278        ,  4.231065788037446e-01,  3.484091780468414e-01,  3.010959766832876e+00
s279        ,  4.085890984502099e-01,  3.727859244784971e-01,  2.649283931366540e+00
s280        ,  2.589465412373284e-01,  2.745413834411080e-01,  4.106930322336980e+00
s281        ,  2.711461992950798e-01,  3.599957444862828e-01,  2.839050808066776e+00
s282        ,  2.707729542437380e-01,  3.305254609893918e-01,  3.276299045236214e+00
s283        ,  3.542954078937219e-01,  3.169856211749126e-01,  3.477188564709691e+00
s284        ,  4.444266515123610e-01,  3.507027732517997e-01,  2.976929878377474e+00
s285        ,  3.522417187169772e-01,  3.685599869634290e-01,  2.711983827994500e+00
s286        ,  4.242568175749523e-01,  3.949289961513329e-01,  2.320748949492838e+00
s287        ,  2.982263198938339e-01,  2.807270763282604e-01,  4.015153692130342e+00
s288        ,  3.665857814303198e-01,  3.199971801096455e-01,  3.432506305868078e+00
s289        ,  4.410941970239712e-01,  3.902088671381928e-01,  2.390781125818035e+00
s290        ,  3.692001655720752e-01,  3.464668126238668e-01,  3.039778487128665e+00
s291        ,  2.847619118274958e-01,  3.549189515529482e-01,  2.914374778425222e+00
s292        ,  2.619380900493295e-01,  3.233066618861218e-01,  3.383403789672015e+00
s293        ,  2.551793459709563e-01,  2.694759853233825e-01,  4.182085228728380e+00
s294        ,  3.996439882026235e-01,  3.836441635993895e-01,  2.488181106723700e+00
s295        ,  2.544891884610722e-01,  2.849279368684632e-01,  3.952825860571067e+00
s296        ,  2.982485995455294e-01,  3.534161966850841e-01,  2.936671032105330e+00
s297        ,  3.481137343622313e-01,  3.360774784538838e-01,  3.193924206550351e+00
s298        ,  3.526397833241731e-01,  3.484994053122019e-01,  3.009621072119347e+00
s299        ,  3.179989852712529e-01,  3.111768123486549e-01,  3.563373396274118e+00
s300        ,  2.757636809786050e-01,  2.660893934693254e-01,  4.232331820972905e+00
s301        ,  3.892773998715768e-01,  3.876763698115227e-01,  2.428355585929341e+00
s302        ,  2.647069109525357e-01,  3.115098278338059e-01,  3.558432472178572e+00
s303        ,  2.939670826111614e-01,  3.655405310553682e-01,  2.756783253597233e+00
s304        ,  4.210831624843967e-01,  3.693836336445314e-01,  2.699763448119278e+00
s305        ,  3.096791680687918e-01,  3.177024509909255e-01,  3.466553018111194e+00
s306        ,  3.818026842917582e-01,  3.526765311018590e-01,  2.947645391153968e+00
s307        ,  3.609095150813969e-01,  3.319506727977377e-01,  3.255153291722914e+00
s308        ,  2.411597646293700e-01,  3.614290479776625e-01,  2.817784998900038e+00
s309        ,  3.878963941441608e-01,  3.143414672895546e-01,  3.516419664244227e+00
s310        ,  3.258173656529080e-01,  3.169786202406483e-01,  3.477292437010953e+00
s311        ,  3.530293427363137e-01,  3.309311194458538e-01,  3.270280323190340e+00
s312        ,  3.018528617684650e-01,  3.282858415065640e-01,  3.309528100223082e+00
s313        ,  3.165147624134501e-01,  3.170676343822441e-01,  3.475971741317609e+00
s314        ,  3.254223568814984e-01,  3.359740852605900e-01,  3.195458243082704e+00
s315        ,  3.159450503141960e-01,  3.279346503732095e-01,  3.314738694956078e+00
s316        ,  3.632560519463020e-01,  3.831954193218901e-01,  2.494839089647319e+00
s317        ,  2.393880636932959e-01,  2.762140295269232e-01,  4.082113406255795e+00
s318        ,  3.299331681777578e-01,  3.240378371613274e-01,  3.372555400643819e+00
s319        ,  3.061104934871230e-01,  3.501015603781759e-01,  2.985850025656794e+00
s320        ,  4.632011214667016e-01,  3.712546987242194e-01,  2.672002605309293e+00
s321        ,  2.843417672327688e-01,  2.977756661406420e-01,  3.762205129810773e+00
s322        ,  3.371500722398251e-01,  3.565818197002552e-01,  2.889702936834968e+00
s323        ,  3.686039319423406e-01,  3.534058010645040e-01,  2.936825271095715e+00
s324        ,  3.213492322200285e-01,  2.989034161636077e-01,  3.745472792995569e+00
s325        ,  3.351760333142303e-01,  3.558624909584650e-01,  2.900375559795186e+00
s326        ,  2.931935066565518e-01,  3.800931201159435e-01,  2.540867654629239e+00
s327        ,  3.259018731198677e-01,  3.187273250912314e-01,  3.451347043125353e+00
s328        ,  3.298407520206893e-01,  3.591884848402478e-01,  2.851028054814472e+00
s329        ,  3.194938209283936e-01,  3.546305733109854e-01,  2.918653423316764e+00
s330        ,  3.459676070956239e-01,  3.632445729195781e-01,  2.790848200668236e+00
s331        ,  3.272723758742512e-01,  3.311301803755421e-01,  3.267326872111232e+00
s332        ,  3.326108287350491e-01,  3.442626020622183e-01,  3.072482182786454e+00
s333        ,  3.950926495884596e-01,  3.866615873881932e-01,  2.443411831511714e+00
s334        ,  2.949640786288477e-01,  3.060329982251033e-01,  3.639691754666817e+00
s335        ,  3.029422036334947e-01,  3.055760125627909e-01,  3.646472014357189e+00
s336        ,  3.680290352655777e-01,  3.484471100894850e-01,  3.010396972152605e+00
s337        ,  2.095842824931815e-01,  2.850751819860714e-01,  3.950641196547974e+00
s338        ,  3.574290889155288e-01,  3.441404440355481e-01,  3.074294631649501e+00
s339        ,  3.094934113876675e-01,  3.120935472494319e-01,  3.549771873935225e+00
s340        ,  3.096006184895485e-01,  3.093867428458618e-01,  3.589932514193348e+00
s341        ,  4.251368861065753e-01,  3.900562341360967e-01,  2.393045729451979e+00
s342        ,  3.304603020052027e-01,  3.200744066865410e-01,  3.431360501328608e+00
s343        ,  2.900651984072795e-01,  2.981030021721643e-01,  3.757348471314079e+00
s344        ,  3.829642871784757e-01,  3.546252847508032e-01,  2.918731889260842e+00
s345        ,  2.978036844690807e-01,  3.227899748038420e-01,  3.391069834551391e+00
s346        ,  3.520522767736792e-01,  3.706907336940052e-01,  2.680370109317606e+00
s347        ,  2.542874130214282e-01,  2.719694403260350e-01,  4.145090036453214e+00
s348        ,  3.478444540314312e-01,  3.547706924947710e-01,  2.916574486203371e+00
s349        ,  3.234544796335823e-01,  3.114314422658293e-01,  3.559595472575934e+00
s350        ,  3.541125597145412e-01,  3.519576126105446e-01,  2.958311927260719e+00
s351        ,  3.738587852283149e-01,  3.690281849575672e-01,  2.705037211834368e+00
s352        ,  3.787169596864594e-01,  3.222330444898353e-01,  3.399332965038456e+00
s353        ,  3.307364261694613e-01,  3.171015954117105e-01,  3.475467864241972e+00
s354        ,  3.099376231199831e-01,  3.525306258445779e-01,  2.949810175776643e+00
s355        ,  2.640936694175295e-01,  3.220381928755640e-01,  3.402223962841676e+00
s356        ,  3.404723749290282e-01,  3.603949672877960e-01,  2.833127571318210e+00
s357        ,  3.291365235802792e-01,  3.091349604126363e-01,  3.593668190000121e+00
s358        ,  3.293936994127192e-01,  3.532006449268107e-01,  2.939869156288076e+00
s359        ,  3.541003310386388e-01,  3.675033885984813e-01,  2.727660493355328e+00
s360        ,  2.930045091334991e-01,  3.054407252515660e-01,  3.648479261364187e+00
s361        ,  3.254402877492827e-01,  3.808741441232006e-01,  2.529279663953947e+00
s362        ,  3.740728450255384e-01,  3.580676662827753e-01,  2.867657550031013e+00
s363        ,  2.839989278051633e-01,  3.187824013401431e-01,  3.450529881229062e+00
s364        ,  2.872844795965752e-01,  2.801891400810796e-01,  4.023135009168373e+00
s365        ,  3.424949250288197e-01,  3.224880963178456e-01,  3.395548781482973e+00
s366        ,  3.910819753821045e-01,  3.628222606756287e-01,  2.797114013625938e+00
s367        ,  3.763017987949026e-01,  3.813716094074974e-01,  2.521898811352557e+00
s368        ,  3.411954836427898e-01,  3.177497922370913e-01,  3.465850619831463e+00
s369        ,  3.788441935901406e-01,  3.788774403208512e-01,  2.558904598434775e+00
s370        ,  2.943092935652329e-01,  3.080313477962241e-01,  3.610042402046473e+00
s371        ,  3.611288930230376e-01,  3.427901378489578e-01,  3.094329016448952e+00
s372        ,  3.689311052207762e-01,  3.741891421873756e-01,  2.628464502546427e+00
s373        ,  2.432926146526648e-01,  2.758987578012854e-01,  4.086791067611820e+00
s374        ,  2.892573275378368e-01,  3.041187157794206e-01,  3.668093810076548e+00
s375        ,  3.674807278757085e-01,  3.582487194379928e-01,  2.864971278860220e+00
s376        ,  4.282440806387797e-01,  3.905429013335733e-01,  2.385825087200360e+00
s377        ,  3.691206426424970e-01,  3.759049312477747e-01,  2.603007477604905e+00
s378        ,  3.798602051076750e-01,  3.457839682687520e-01,  3.049909794164330e+00
s379        ,  2.957579509529457e-01,  2.937744594406589e-01,  3.821570713324849e+00
s380        ,  2.910202807204411e-01,  2.890779385710124e-01,  3.891252617514846e+00
s381        ,  3.407216064168898e-01,  3.349161761139096e-01,  3.211154356407174e+00
s382        ,  2.968841887389642e-01,  2.987150811251610e-01,  3.748267104884925e+00
s383        ,  3.646408838761149e-01,  3.395557825221774e-01,  3.142316887524691e+00
s384        ,  2.932506021659876e-01,  2.830429164777175e-01,  3.980793757214103e+00
s385        ,  3.747511312527886e-01,  3.481424673145208e-01,  3.014916932618324e+00
s386        ,  3.757314223013586e-01,  3.676257654088588e-01,  2.725844798415928e+00
s387        ,  2.822798018360685e-01,  2.872990117771375e-01,  3.917646411953822e+00
s388        ,  4.290603261943512e-01,  3.920266834448604e-01,  2.363810330790831e+00
s389        ,  3.607283139092911e-01,  3.567626223653510e-01,  2.887020382166058e+00
s390        ,  3.355447048186090e-01,  3.546555688730952e-01,  2.918282566162616e+00
s391        ,  3.170728848178653e-01,  3.301897160073779e-01,  3.281280466658222e+00
s392        ,  3.301070274496518e-01,  3.453728172011774e-01,  3.056010009641601e+00
s393        ,  3.507773516014346e-01,  3.350319868267932e-01,  3.209436082130678e+00
s394        ,  3.243042000156651e-01,  2.710354098253432e-01,  4.158948172223542e+00
s395        ,  3.022367426115909e-01,  3.565000009093061e-01,  2.890916875686747e+00
s396        ,  2.606776363619531e-01,  3.463697161834527e-01,  3.041219099242593e+00
s397        ,  3.106623095651243e-01,  3.130040246807766e-01,  3.536263193169396e+00
s398        ,  3.408812441883181e-01,  3.680081551203231e-01,  2.720171312876940e+00
s399        ,  2.471327792540375e-01,  2.968218193482852e-01,  3.776357278314257e+00
s400        ,  2.602627988296087e-01,  2.977145196404127e-01,  3.763112355539945e+00
s401        ,  2.526229840954008e-01,  3.003493472875953e-01,  3.724019628654659e+00
s402        ,  3.012505607845273e-01,  2.988267645601227e-01,  3.746610066700574e+00
s403        ,  3.441124722642947e-01,  3.600789113340153e-01,  2.837816868204413e+00
s404        ,  3.663456624686381e-01,  3.476564071116487e-01,  3.022128568939586e+00
s405        ,  3.699249649078094e-01,  3.612672963886009e-01,  2.820184894278851e+00
s406        ,  2.989025550014489e-01,  3.402598263374088e-01,  3.131871045796279e+00
s407        ,  3.062746086891894e-01,  2.470997453205920e-01,  4.514079710448670e+00
s408        ,  2.568960282350025e-01,  2.996477496895382e-01,  3.734429176054675e+00
s409        ,  3.504460771064962e-01,  3.320892254248413e-01,  3.253097597485612e+00
s410        ,  2.441820219030917e-01,  3.149845407680843e-01,  3.506878434520828e+00
s411        ,  2.985656670308606e-01,  2.858207604983767e-01,  3.939579107843898e+00
s412        ,  4.206602671899846e-01,  3.463008270142974e-01,  3.042241202330823e+00
s413        ,  3.297200192703431e-01,  3.141257559450120e-01,  3.519620156195675e+00
s414        ,  3.299537174094920e-01,  3.248182610252804e-01,  3.360976314246687e+00
s415        ,  3.514142357715472e-01,  3.230429014277761e-01,  3.387317182478665e+00
s416        ,  2.880693148677096e-01,  3.062271230301369e-01,  3.636811540474078e+00
s417        ,  2.648160251035137e-01,  2.853343187093283e-01,  3.946796405728710e+00
s418        ,  3.361158265966862e-01,  3.585302279789405e-01,  2.860794559172725e+00
s419        ,  2.843313817309785e-01,  2.938051875374202e-01,  3.821114803012962e+00
s420        ,  4.086653318866107e-01,  3.833246890425279e-01,  2.492921125150159e+00
s421        ,  2.945648749258037e-01,  3.513384907871832e-01,  2.967497788193698e+00
s422        ,  3.198415121648245e-01,  3.219619292229021e-01,  3.403355480551372e+00
s423        ,  3.457431819287231e-01,  3.307002759563805e-01,  3.273705329564809e+00
s424        ,  3.329184378144718e-01,  3.709975519533287e-01,  2.675817871364594e+00
s425        ,  3.017490009466554e-01,  3.078324629434721e-01,  3.612993240686171e+00
s426        ,  3.516200438115945e-01,  3.784628508594636e-01,  2.565055829085809e+00
s427        ,  3.134603833942083e-01,  3.111372466414722e-01,  3.563960429504382e+00
s428        ,  4.002386469560284e-01,  3.592355908085604e-01,  2.850329147333416e+00
s429        ,  3.271139391322421e-01,  3.506968708015032e-01,  2.977017452560036e+00
s430        ,  3.336468674117929e-01,  3.595415948040861e-01,  2.845788990547189e+00
s431        ,  3.524054973028489e-01,  3.381892955633668e-01,  3.162591345146316e+00
s432        ,  2.841555127790880e-01,  3.483773070382453e-01,  3.011432634436167e+00
s433        ,  3.404658463759219e-01,  2.969081160975358e-01,  3.775076900353615e+00
s434        ,  3.538819482511877e-01,  3.728503644913848e-01,  2.648327840053700e+00
s435        ,  3.399757763932839e-01,  3.311553251175259e-01,  3.266953801587236e+00
s436        ,  2.790232036656270e-01,  3.097985597171649e-01,  3.583822420239454e+00
s437        ,  3.534179964046834e-01,  2.916768101501303e-01,  3.852693367933181e+00
s438        ,  3.557570008105000e-01,  3.475434406328611e-01,  3.023804643542475e+00
s439        ,  2.721980488553641e-01,  3.020145745745798e-01,  3.699312784697856e+00
s440        ,  4.224009004310128e-01,  3.536969601735649e-01,  2.932505366701646e+00
s441        ,  3.059499862195538e-01,  3.097930717393163e-01,  3.583903844927486e+00
s442        ,  4.080702663829111e-01,  3.643441994179811e-01,  2.774533130335702e+00
s443        ,  3.177907970187364e-01,  2.863651178465545e-01,  3.931502521444378e+00
s444        ,  3.372064727277352e-01,  3.344376046495579e-01,  3.218254882914475e+00
s445        ,  3.808845894775907e-01,  3.523912674172976e-01,  2.951877825606664e+00
s446        ,  3.398124643479998e-01,  3.243217422889915e-01,  3.368343122991057e+00
s447        ,  3.331015042174243e-01,  3.501669925642572e-01,  2.984879213549703e+00
s448        ,  3.427401650526040e-01,  3.265350577901226e-01,  3.335504338075010e+00
s449        ,  3.811785384687535e-01,  3.592353173915052e-01,  2.850333204000377e+00
s450        ,  3.936724858760076e-01,  3.769153050529775e-01,  2.588016642336770e+00
s451        ,  2.836792607536900e-01,  2.836854233194153e-01,  3.971260934636019e+00
s452        ,  3.820067487524758e-01,  3.448578839622338e-01,  3.063650032887790e+00
s453        ,  3.197971848634002e-01,  3.257111239272842e-01,  3.347728978842659e+00
s454        ,  2.840492207731964e-01,  2.854759689944341e-01,  3.944694751787595e+00
s455        ,  3.289295380996844e-01,  3.161539087401576e-01,  3.489528615526199e+00
s456        ,  2.744141413404179e-01,  2.918558353297454e-01,  3.850037185674062e+00
s457        ,  2.611105769806453e-01,  3.038896499199194e-01,  3.671492441897418e+00
s458        ,  3.263658474620744e-01,  3.370011949565315e-01,  3.180219098743375e+00
s459        ,  2.969415277363106e-01,  2.878863824794505e-01,  3.908931639862185e+00
s460        ,  3.921319705097926e-01,  3.732793390616403e-01,  2.641963178693910e+00
s461        ,  2.326428979555135e-01,  2.899136835301919e-01,  3.878852736456253e+00
s462        ,  3.826962200360596e-01,  3.902343314387341e-01,  2.390403314029301e+00
s463        ,  3.693280157843884e-01,  3.281811453513411e-01,  3.311081468697276e+00
s464        ,  2.560977909662989e-01,  2.868748866987516e-01,  3.923939121790941e+00
s465        ,  3.502461683327402e-01,  3.462810334716138e-01,  3.042534877539163e+00
s466        ,  2.778157526053289e-01,  3.143969775612887e-01,  3.515596062786063e+00
s467        ,  2.872380924003551e-01,  2.900177023469220e-01,  3.877309417599055e+00
s468        ,  2.914774800332743e-01,  3.054789306490066e-01,  3.647912410940674e+00
s469        ,  3.971790599696770e-01,  3.746728062523369e-01,  2.621288417531540e+00
s470        ,  3.627719177198918e-01,  3.424088285592770e-01,  3.099986471856425e+00
s471        ,  3.324323933331337e-01,  3.386854887315491e-01,  3.155229366829884e+00
s472        ,  2.877997515332106e-01,  3.046947891351436e-01,  3.659546655811923e+00
s473        ,  3.757374999337151e-01,  3.465655789637120e-01,  3.038313098850554e+00
s474        ,  2.568357370086547e-01,  2.609047738487447e-01,  4.309255607258576e+00
s475        ,  4.085603576077300e-01,  3.899715794740705e-01,  2.394301743895920e+00
s476        ,  3.620562286483349e-01,  3.528380462930842e-01,  2.945249003190930e+00
s477        ,  3.607757962020898e-01,  3.000001685048037e-01,  3.729200366303441e+00
s478        ,  2.801658826101431e-01,  2.708190646170636e-01,  4.162158068760516e+00
s479        ,  3.100069640052550e-01,  3.234513237139692e-01,  3.381257453712313e+00
s480        ,  3.474642750814730e-01,  3.892902885910053e-01,  2.404410002191137e+00
s481        ,  2.558881068491226e-01,  2.878561476619882e-01,  3.909380231428599e+00
s482        ,  3.573635956988882e-01,  3.589701752360229e-01,  2.854267096936839e+00
s483        ,  3.634319087840275e-01,  3.537243419359490e-01,  2.932099105685042e+00
s484        ,  4.385711512863196e-01,  3.740591254476302e-01,  2.630393550506288e+00
s485        ,  3.308128664574001e-01,  2.689683826211128e-01,  4.189616489388741e+00
s486        ,  4.128201781867112e-01,  3.701968725548911e-01,  2.687697487505432e+00
s487        ,  2.921123229720385e-01,  3.424716586919277e-01,  3.099054266207790e+00
s488        ,  3.541551995743547e-01,  3.383392980267456e-01,  3.160365770604749e+00
s489        ,  3.860436533530173e-01,  3.419108713615989e-01,  3.107374622937278e+00
s490        ,  4.034893081854423e-01,  3.978219056364515e-01,  2.277827083037352e+00
s491        ,  3.095260644743733e-01,  3.122969102544632e-01,  3.546754593308633e+00
s492        ,  3.871277061112895e-01,  3.540336002595821e-01,  2.927510664693193e+00
s493        ,  2.960652162202438e-01,  3.757557679260796e-01,  2.605220601868483e+00
s494        ,  3.660452085605971e-01,  3.208676200585231e-01,  3.419591658024641e+00
s495        ,  3.363338429676201e-01,  3.347724789094767e-01,  3.213286380326491e+00
s496        ,  3.422159497617455e-01,  3.915452551232016e-01,  2.370953244261308e+00
s497        ,  3.159902657033893e-01,  3.163167395927102e-01,  3.487112707201363e+00
s498        ,  3.472376449689170e-01,  3.725292580531657e-01,  2.653092070573229e+00
s499        ,  2.973835508359319e-01,  3.143627911990292e-01,  3.516103283106315e+00
s500        ,  3.418229122033170e-01,  3.235749094951466e-01,  3.379423821369934e+00
s501        ,  3.581213543775074e-01,  3.453124786558204e-01,  3.056905247809009e+00
s502        ,  2.614321344450545e-01,  3.340059517778676e-01,  3.224659282018257e+00
s503        ,  3.881007690304034e-01,  3.849599864517870e-01,  2.468658348393304e+00
s504        ,  3.473738986326554e-01,  3.343404293312318e-01,  3.219696665333668e+00
s505        ,  3.823408435418969e-01,  3.828995176164893e-01,  2.499229359563641e+00
s506        ,  3.506593382360281e-01,  3.337782912403626e-01,  3.228037063189164e+00
s507        ,  3.661650958853160e-01,  3.393379384889430e-01,  3.145549022007540e+00
s508        ,  3.590313513939754e-01,  3.322789828724491e-01,  3.250282181425395e+00
s509        ,  3.473410711565950e-01,  3.457180575594816e-01,  3.050887706081671e+00
s510        ,  2.823312585344063e-01,  3.285673664796472e-01,  3.305351136733307e+00
s511        ,  3.944434654069573e-01,  3.726773315401167e-01,  2.650895116100508e+00
s512        ,  3.702712531526244e-01,  3.425788380838192e-01,  3.097464054149928e+00
s513        ,  3.067345842508110e-01,  3.286421955571844e-01,  3.304240903699899e+00
s514        ,  4.152315745840311e-01,  3.706284526811064e-01,  2.681294167720438e+00
s515        ,  3.940850334472998e-01,  3.224330733266995e-01,  3.396365153198060e+00
s516        ,  4.097596484681705e-01,  3.710357396639046e-01,  2.675251283359676e+00
s517        ,  3.924178649597482e-01,  3.734713611427490e-01,  2.639114162447721e+00
s518        ,  4.006045868102542e-01,  3.285689313883832e-01,  3.305327918307662e+00
s519        ,  3.177429089345927e-01,  3.486862038085800e-01,  3.006849557781664e+00
s520        ,  2.992249414239895e-01,  3.567950315806135e-01,  2.886539529233541e+00
s521        ,  3.196768127285200e-01,  3.060611486759198e-01,  3.639274088681475e+00
s522        ,  3.054834021600709e-01,  3.080902213875221e-01,  3.609168899285170e+00
s523        ,  3.919804173628093e-01,  3.731183758485160e-01,  2.644351377002051e+00
s524        ,  3.373041318694542e-01,  3.601597705687703e-01,  2.836617166211073e+00
s525        ,  3.686696993352180e-01,  3.259188910938311e-01,  3.344646354024207e+00
s526        ,  3.656157006335905e-01,  3.562881692644938e-01,  2.894059804843864e+00
s527        ,  3.181191492460722e-01,  3.358350327175340e-01,  3.197521354532974e+00
s528        ,  2.924289616161080e-01,  2.463162134264705e-01,  4.525704910440616e+00
s529        ,  3.764315778427560e-01,  3.895995493157314e-01,  2.399821525574464e+00
s530        ,  4.069348635396722e-01,  3.814881218686406e-01,  2.520170125293310e+00
s531        ,  2.746836017334675e-01,  3.110445099316518e-01,  3.565336356644485e+00
s532        ,  3.277893342024278e-01,  3.268891911755563e-01,  3.330250089383440e+00
s533        ,  3.719047035373527e-01,  3.675031547306742e-01,  2.727663963233260e+00
s534        ,  4.012806479402614e-01,  3.637919858130414e-01,  2.782726279387910e+00
s535        ,  2.854504042694033e-01,  3.204521447043209e-01,  3.425756032596451e+00
s536        ,  3.360450970551518e-01,  3.440178600246040e-01,  3.076113400807122e+00
s537        ,  3.297420264022976e-01,  3.526937713732414e-01,  2.947389598627539e+00
s538        ,  2.724861013757831e-01,  3.219741258278881e-01,  3.403174520499524e+00
s539        ,  3.471305126426427e-01,  3.230195805242992e-01,  3.387663192856730e+00
s540        ,  3.290991657411811e-01,  3.625867848334909e-01,  2.800607749846072e+00
s541        ,  2.326620745596658e-01,  2.946355047974034e-01,  3.808795452292861e+00
s542        ,  3.456910270356876e-01,  3.102264978398370e-01,  3.577473136569491e+00
s543        ,  2.845400261615328e-01,  2.897312244623095e-01,  3.881559867040712e+00
s544        ,  3.495152260396833e-01,  3.566053970444161e-01,  2.889353121667002e+00
s545        ,  3.154656949900153e-01,  3.346593859740316e-01,  3.214964331156686e+00
s546        ,  3.597382183698820e-01,  3.470127039895020e-01,  3.031679140634928e+00
s547        ,  2.730286710892002e-01,  2.654921301282214e-01,  4.241193369354385e+00
s548        ,  3.194966907439210e-01,  3.220589806132305e-01,  3.401915536841960e+00
s549        ,  3.819439317227558e-01,  3.595125575381499e-01,  2.846219814137473e+00
s550        ,  4.309276596653012e-01,  3.839165110403562e-01,  2.484140309543285e+00
s551        ,  2.731326038711657e-01,  2.851599460076604e-01,  3.949383559544954e+00
s552        ,  3.494519360539466e-01,  3.624776016754784e-01,  2.802227691621475e+00
s553        ,  3.310384344676721e-01,  3.499507536053618e-01,  2.988087533673069e+00
s554        ,  2.857682476071176e-01,  2.998912537369612e-01,  3.730816325995375e+00
s555        ,  2.942434306995658e-01,  3.632866329032147e-01,  2.790224160057890e+00
s556        ,  2.969278407515290e-01,  3.375060824002708e-01,  3.172728124156474e+00
s557        ,  3.451470710358436e-01,  3.713174756978469e-01,  2.671071188376832e+00
s558        ,  3.104132740256662e-01,  3.258593405150703e-01,  3.345529901194302e+00
s559        ,  3.434977869144114e-01,  3.320059396189550e-01,  3.254333302320581e+00
s560        ,  3.938831456017408e-01,  3.445870322558586e-01,  3.067668637973805e+00
s561        ,  3.091091411023093e-01,  3.814210898466193e-01,  2.521164674038177e+00
s562        ,  2.967807829232105e-01,  3.072601026865481e-01,  3.621485304001146e+00
s563        ,  2.549558047926404e-01,  2.948604576468831e-01,  3.805457844872437e+00
s564        ,  2.954235220552698e-01,  2.989365869943167e-01,  3.744980640035640e+00
s565        ,  3.605274781312461e-01,  3.360798295802085e-01,  3.193889323077276e+00
s566        ,  2.951155514842215e-01,  3.169641670715752e-01,  3.477506877523525e+00
s567        ,  3.587015054599469e-01,  3.590938789593904e-01,  2.852431714695626e+00
s568        ,  3.617082896247803e-01,  3.477709676719730e-01,  3.020428843076541e+00
s569        ,  3.597286858283731e-01,  3.479665681290995e-01,  3.017526734751823e+00
s570        ,  3.556392104407323e-01,  3.400957181099040e-01,  3.134305906431029e+00
s571        ,  3.602639004489001e-01,  3.354925729332371e-01,  3.202602402938940e+00
s572        ,  4.312153604367349e-01,  3.955628619252607e-01,  2.311344333745547e+00
s573        ,  3.159649497023310e-01,  2.850037161676233e-01,  3.951701529175504e+00
s574        ,  3.656105773123843e-01,  3.386113425229518e-01,  3.156329468191494e+00
s575        ,  3.488062297918545e-01,  3.437086781697614e-01,  3.080700707237647e+00
s576        ,  2.907677097183701e-01,  3.001980174053026e-01,  3.726264898004393e+00
s577        ,  3.031774726480594e-01,  3.298787687456028e-01,  3.285893966290085e+00
s578        ,  3.648245315625233e-01,  3.454594799365304e-01,  3.054724201574455e+00
s579        ,  3.607701561674609e-01,  3.386718671059356e-01,  3.155431469798711e+00
s580        ,  3.751229452249493e-01,  3.563087219507242e-01,  2.893754866283490e+00
s581        ,  3.471471301437816e-01,  3.492783855701002e-01,  2.998063404389692e+00
s582        ,  3.953183225328266e-01,  3.856431574335829e-01,  2.458522195223719e+00
s583        ,  3.276280334765511e-01,  3.302202325399235e-01,  3.280827695307669e+00
s584        ,  3.483274696967313e-01,  3.588310378308677e-01,  2.856331467479283e+00
s585        ,  3.636795644109545e-01,  3.868846897902807e-01,  2.440101679031122e+00
s586        ,  2.481423102922533e-01,  2.782117794775071e-01,  4.052472950157355e+00
s587        ,  2.631345411637266e-01,  2.720286997637538e-01,  4.144210808919452e+00
s588        ,  3.772462787558727e-01,  3.591556611963922e-01,  2.851515056590850e+00
s589        ,  3.699506978557163e-01,  3.290167443977086e-01,  3.298683752535395e+00
s590        ,  4.080798919774394e-01,  3.630700355201467e-01,  2.793437798092012e+00
s591        ,  3.627233198284863e-01,  3.460974488184815e-01,  3.045258708341874e+00
s592        ,  2.470016891971875e-01,  2.521932044168527e-01,  4.438508465565004e+00
s593        ,  2.685008647552398e-01,  3.218875929565463e-01,  3.404458401784730e+00
s594        ,  2.571819135876586e-01,  3.087159279074425e-01,  3.599885341736446e+00
s595        ,  3.046096741945610e-01,  3.901280624686742e-01,  2.391980018231331e+00
s596        ,  2.932962564895931e-01,  3.139475743087148e-01,  3.522263822870111e+00
s597        ,  4.190454465320334e-01,  3.777697625241666e-01,  2.575339125235413e+00
s598        ,  2.914532118252061e-01,  3.382703714081500e-01,  3.161388429327328e+00
s599        ,  4.062752781026900e-01,  3.962183651663480e-01,  2.301618684630075e+00
s600        ,  3.471511685824152e-01,  2.750175408680206e-01,  4.099865612709920e+00
s601        ,  3.515795377320121e-01,  3.299417737245961e-01,  3.284959166460263e+00
s602        ,  2.668016715085176e-01,  2.987685555068854e-01,  3.747473709763864e+00
s603        ,  2.686426181986058e-01,  3.010957478354004e-01,  3.712945343475676e+00
s604        ,  2.681701385508832e-01,  3.000572719687433e-01,  3.728353126780058e+00
s605        ,  3.261329152258360e-01,  2.897887467170749e-01,  3.880706413951372e+00
s606        ,  2.873274140704322e-01,  3.230118155102268e-01,  3.387778401748940e+00
s607        ,  3.712803163791649e-01,  3.734861344502047e-01,  2.638894972067593e+00
s608        ,  3.639112831354855e-01,  3.450565538170450e-01,  3.060702384155328e+00
s609        ,  3.343046893439320e-01,  3.163021373343819e-01,  3.487329359739280e+00
s610        ,  3.343797244850589e-01,  3.257742611809834e-01,  3.346792216463613e+00
s611        ,  3.423638113371397e-01,  3.418753390566989e-01,  3.107901812900746e+00
s612        ,  3.029297110362906e-01,  3.209816553616371e-01,  3.417899725360778e+00
s613        ,  4.196989461871391e-01,  3.789152648348417e-01,  2.558343399148521e+00
s614        ,  3.188431641765255e-01,  3.274321929581618e-01,  3.322193615401803e+00
s615        ,  3.288426580697588e-01,  3.301357623717223e-01,  3.282080972431496e+00
s616        ,  2.928050790423800e-01,  2.826550367725619e-01,  3.986548697350019e+00
s617        ,  2.786977690996270e-01,  2.809915029223680e-01,  4.011230415920718e+00
s618        ,  2.814924003544382e-01,  2.796053313624408e-01,  4.031796932393371e+00
s619        ,  3.762654840393755e-01,  3.665599688845469e-01,  2.741657936130937e+00
s620        ,  4.077195830571920e-01,  3.818388683790196e-01,  2.514966127395809e+00
s621        ,  3.862795794656866e-01,  3.524828484879901e-01,  2.950519044591795e+00
s622        ,  2.871208436766453e-01,  3.493356626631579e-01,  2.997213588744982e+00
s623        ,  3.384633901935590e-01,  3.232074832142576e-01,  3.384875295687286e+00
s624        ,  4.097704013612976e-01,  3.800750800999848e-01,  2.541135312901930e+00
s625        ,  3.105738368792781e-01,  3.662599971480607e-01,  2.746108592772671e+00
s626        ,  3.514279969117633e-01,  3.383079088598073e-01,  3.160831489161932e+00
s627        ,  3.507814050135403e-01,  3.241152890909493e-01,  3.371406252563987e+00
s628        ,  3.323749384435841e-01,  3.813059665094681e-01,  2.522872749775952e+00
s629        ,  3.054129561964547e-01,  2.702832903774568e-01,  4.170107308265239e+00
s630        ,  3.456187416237006e-01,  3.451050736423484e-01,  3.059982499391277e+00
s631        ,  3.427911311385674e-01,  3.475650756809812e-01,  3.023483646065387e+00
s632        ,  3.245171668015616e-01,  3.414671958852808e-01,  3.113957400463522e+00
s633        ,  4.575225281517705e-01,  3.682041536057770e-01,  2.717263299037791e+00
s634        ,  3.617034399777208e-01,  3.486032860081014e-01,  3.008079802549857e+00
s635        ,  4.224249026405583e-01,  3.603149863931246e-01,  2.834314241450038e+00
s636        ,  3.240434718187445e-01,  2.865334520931897e-01,  3.929004959702080e+00
s637        ,  3.164888547405136e-01,  3.214222947272998e-01,  3.411361994365289e+00
s638        ,  3.404861588298857e-01,  3.738746103735069e-01,  2.633131185890764e+00
s639        ,  3.384903784504644e-01,  3.114797159644881e-01,  3.558879239573207e+00
s640        ,  3.301025015382980e-01,  3.336466018429873e-01,  3.229990928236385e+00
s641        ,  3.985098556532290e-01,  3.752972390440220e-01,  2.612023758186682e+00
s642        ,  3.864695791517571e-01,  3.646184068056437e-01,  2.770464737275045e+00
s643        ,  3.365329052485860e-01,  3.201726610082342e-01,  3.429902709822831e+00
s644        ,  2.792559572339619e-01,  2.998815358366744e-01,  3.730960509704020e+00
s645        ,  3.560560712068223e-01,  3.328762911820573e-01,  3.241419965849817e+00
s646        ,  3.717550173837612e-01,  3.735618939500959e-01,  2.637770934432199e+00
s647        ,  3.499961289371213e-01,  3.405734484366675e-01,  3.127217859814791e+00
s648        ,  3.356155045608213e-01,  3.678992277889603e-01,  2.721787458972819e+00
s649        ,  3.609151245573065e-01,  3.846149285355241e-01,  2.473777945075270e+00
s650        ,  2.967930004646972e-01,  2.772844101505464e-01,  4.066232254626258e+00
s651        ,  4.101788875021543e-01,  3.937578579811615e-01,  2.338125032774944e+00
s652        ,  4.728892349883318e-01,  3.798023721235709e-01,  2.545181459317915e+00
s653        ,  3.545214117288215e-01,  3.604582380022915e-01,  2.832188828792012e+00
s654        ,  3.750141928233718e-01,  3.503398727214631e-01,  2.982314204496165e+00
s655        ,  3.521708766514586e-01,  3.500023672868671e-01,  2.987321745612211e+00
s656        ,  3.717335421883214e-01,  3.586134457978444e-01,  2.859559863055171e+00
s657        ,  3.441208254455855e-01,  3.342276181898939e-01,  3.221370435207252e+00
s658        ,  2.368548105888935e-01,  2.618235918847315e-01,  4.295623177609329e+00
s659        ,  3.171090932690834e-01,  3.172246938977952e-01,  3.473641461857874e+00
s660        ,  3.790200851348591e-01,  3.312617063450277e-01,  3.265375431830529e+00
s661        ,  3.687095274880343e-01,  3.711068706412020e-01,  2.674195918743496e+00
s662        ,  2.315298985659086e-01,  2.588518937708147e-01,  4.339714024643324e+00
s663        ,  3.640119387395722e-01,  3.716443672464746e-01,  2.666221124637264e+00
s664        ,  2.857188063426898e-01,  2.895043556170204e-01,  3.884925901937588e+00
s665        ,  3.256509504333960e-01,  3.540194251157166e-01,  2.927720980168016e+00
s666        ,  2.892912646809653e-01,  3.211593785371895e-01,  3.415262860831714e+00
s667        ,  2.837552795280425e-01,  3.219882476846769e-01,  3.402964995640792e+00
s668        ,  3.715335614278034e-01,  3.696869768148782e-01,  2.695262769783234e+00
s669        ,  3.717358113150651e-01,  3.291444384453575e-01,  3.296789166172239e+00
s670        ,  2.947655724762283e-01,  2.948398892640849e-01,  3.805763016321530e+00
s671        ,  3.071959891293752e-01,  3.476896652416621e-01,  3.021635120726866e+00
s672        ,  2.993479615742132e-01,  3.460832899325714e-01,  3.045468782598713e+00
s673        ,  3.593225247107919e-01,  3.447585337263524e-01,  3.065124084384651e+00
s674        ,  3.266518921019476e-01,  3.358118181820865e-01,  3.197865786737103e+00
s675        ,  2.996384996836147e-01,  3.106975818975832e-01,  3.570483700114632e+00
s676        ,  3.451796209978898e-01,  3.289459765128416e-01,  3.299733729978250e+00
s677        ,  2.641222815503110e-01,  2.748672307222696e-01,  4.102095752310214e+00
s678        ,  3.304311167670392e-01,  3.397555569711125e-01,  3.139352850017636e+00
s679        ,  3.628879844265776e-01,  3.441375428892944e-01,  3.074337675724233e+00
s680        ,  3.098867977998412e-01,  3.199968108110269e-01,  3.432511785122119e+00
s681        ,  3.124078424434578e-01,  3.086415729617649e-01,  3.600988540113407e+00
s682        ,  3.998283578521670e-01,  3.355091597163803e-01,  3.202356306165205e+00
s683        ,  2.934835296170684e-01,  3.473780139806010e-01,  3.026259065539780e+00
s684        ,  3.622134383455983e-01,  3.900755753458477e-01,  2.392758765471152e+00
s685        ,  4.144136208759349e-01,  3.310043026478948e-01,  3.269194509879918e+00
s686        ,  3.781881014682912e-01,  3.363380253652212e-01,  3.190058492883421e+00
s687        ,  3.587899423142989e-01,  3.737883257134141e-01,  2.634411384485539e+00
s688        ,  2.684144109503693e-01,  3.123170924115601e-01,  3.546455152259351e+00
s689        ,  3.492326363550046e-01,  3.525497095569735e-01,  2.949527032263467e+00
s690        ,  3.053784197635313e-01,  2.720012999561914e-01,  4.144617337670923e+00
s691        ,  3.056418685854862e-01,  2.717726205295805e-01,  4.148010236017933e+00
s692        ,  2.913142578793697e-01,  3.155434824846048e-01,  3.498585461015674e+00
s693        ,  3.147770284800075e-01,  3.236375847437501e-01,  3.378493913723509e+00
s694        ,  2.984705041084280e-01,  3.862894593229590e-01,  2.448933065827025e+00
s695        ,  4.012577384470942e-01,  3.692797412409580e-01,  2.701304891394589e+00
s696        ,  3.034072848090301e-01,  3.537850765359203e-01,  2.931197991287027e+00
s697        ,  3.672668652018035e-01,  3.458336620414119e-01,  3.049172491637324e+00
s698        ,  4.108239364695501e-01,  3.766858144161138e-01,  2.591421576545365e+00
s699        ,  2.757255541231750e-01,  2.897896355466644e-01,  3.880693226457903e+00
s700        ,  2.819198034544880e-01,  2.744258219608480e-01,  4.108644898768987e+00
s701        ,  3.140786847731655e-01,  2.821699601960483e-01,  3.993745739685737e+00
s702        ,  2.942837007980383e-01,  3.210666275618128e-01,  3.416638999628732e+00
s703        ,  2.899424986900252e-01,  3.417377888529910e-01,  3.109942634262369e+00
s704        ,  3.777084012576264e-01,  3.529953536238910e-01,  2.942915046916082e+00
s705        ,  3.226798684887092e-01,  3.184848794344627e-01,  3.454944189927239e+00
s706        ,  3.595823462134068e-01,  3.743679643338972e-01,  2.625811332673064e+00
s707        ,  3.763974771864712e-01,  3.352356399025049e-01,  3.206414497748619e+00
s708        ,  3.829175719132407e-01,  3.260344491168350e-01,  3.342931828887231e+00
s709        ,  3.954604723130689e-01,  3.426362973937856e-01,  3.096611534967529e+00
s710        ,  3.425489866820026e-01,  3.488118978211493e-01,  3.004984645778884e+00
s711        ,  3.300759218022618e-01,  3.810444349549723e-01,  2.526753072514603e+00
s712        ,  2.679964023023045e-01,  2.963314729916133e-01,  3.783632507956342e+00
s713        ,  3.595425435144403e-01,  3.525030496458402e-01,  2.950219321629860e+00
s714        ,  2.553853569183208e-01,  2.700780248246404e-01,  4.173152816841022e+00
s715        ,  3.219609547804439e-01,  3.278963775954132e-01,  3.315306545096535e+00
s716        ,  2.739206771298864e-01,  3.025104516353023e-01,  3.691955496442501e+00
s717        ,  3.496918866396705e-01,  3.244269439359395e-01,  3.366782254576603e+00
s718        ,  3.858037501617538e-01,  3.689137725221487e-01,  2.706734739980043e+00
s719        ,  3.656444373151383e-01,  3.800779956540763e-01,  2.541092055059262e+00
s720        ,  3.665945804148918e-01,  3.827901505094582e-01,  2.500852030575908e+00
s721        ,  2.976921642219451e-01,  2.897111635842579e-01,  3.881857508682507e+00
s722        ,  3.352058024081789e-01,  3.667758629341544e-01,  2.738454733399065e+00
s723        ,  3.380057040186947e-01,  3.385133433390303e-01,  3.157783474238577e+00
s724        ,  3.242387501915022e-01,  3.798892137824679e-01,  2.543892996576470e+00
s725        ,  3.221826279978117e-01,  3.063661732438974e-01,  3.634748463583378e+00
s726        ,  2.738917222766719e-01,  2.762923444037670e-01,  4.080951454697109e+00
s727        ,  3.810548900214357e-01,  3.245994767544804e-01,  3.364222398959033e+00
s728        ,  3.412893897345711e-01,  3.599598459049121e-01,  2.839583432444918e+00
s729        ,  2.868947364315128e-01,  3.225646896923313e-01,  3.394412371716971e+00
s730        ,  3.314426660264801e-01,  3.253988498143535e-01,  3.352362164858905e+00
s731        ,  2.684622004709819e-01,  2.995889260306159e-01,  3.735301937973315e+00
s732        ,  2.921055314645209e-01,  3.090414450669146e-01,  3.595055669698761e+00
s733        ,  3.698853057667421e-01,  3.573509041016822e-01,  2.878292093135619e+00
s734        ,  3.153497109258767e-01,  3.067013134261594e-01,  3.629776015526875e+00
s735        ,  3.434171840499868e-01,  3.360295228832174e-01,  3.194635719513520e+00
s736        ,  2.883239765709396e-01,  3.074145220138730e-01,  3.619194196802777e+00
s737        ,  3.404312799986701e-01,  3.431294199720155e-01,  3.089295114748423e+00
s738        ,  3.018129210281842e-01,  2.950176236997752e-01,  3.803125984726700e+00
s739        ,  3.135817291557892e-01,  3.284738057654438e-01,  3.306739289560479e+00
s740        ,  2.943637803121305e-01,  3.044795942951879e-01,  3.662739484426162e+00
s741        ,  3.699984862318467e-01,  3.569967495057251e-01,  2.883546656526028e+00
s742        ,  2.836716313827631e-01,  3.108801032275631e-01,  3.567775645752416e+00
s743        ,  3.859455126663645e-01,  2.892571186050071e-01,  3.888594137693692e+00
s744        ,  3.549022051232796e-01,  3.529160469593732e-01,  2.944091713549094e+00
s745        ,  3.365021664800502e-01,  3.648032716844508e-01,  2.767721911866479e+00
s746        ,  2.996679021289546e-01,  3.080803339506357e-01,  3.609315598394772e+00
s747        ,  3.496033235622116e-01,  3.309280415257065e-01,  3.270325990045181e+00
s748        ,  3.833413178741681e-01,  3.477110429510450e-01,  3.021317941364021e+00
s749        ,  3.194276290097619e-01,  3.438226110879633e-01,  3.079010293650530e+00
s750        ,  3.607086425829715e-01,  3.160272726491562e-01,  3.491407505071264e+00
s751        ,  3.933327188318541e-01,  3.032628494481557e-01,  3.680792230322072e+00
s752        ,  2.711413176352050e-01,  2.922712901339644e-01,  3.843873116000708e+00
s753        ,  3.829161641718021e-01,  3.569494641064844e-01,  2.884248226209401e+00
s754        ,  3.197877473206903e-01,  3.172166422741243e-01,  3.473760923153753e+00
s755        ,  3.496617569418546e-01,  3.780777178427631e-01,  2.570770016824987e+00
s756        ,  3.699460983440985e-01,  3.354807161449425e-01,  3.202778321157742e+00
s757        ,  3.280911972855501e-01,  3.167443294745331e-01,  3.480768590353003e+00
s758        ,  3.125936661497958e-01,  3.258597943205173e-01,  3.345523168119212e+00
s759        ,  3.749231601912195e-01,  3.410526975316228e-01,  3.120107279356466e+00
s760        ,  3.202174624481622e-01,  3.278895283863096e-01,  3.315408166263731e+00
s761        ,  4.037004208658205e-01,  3.697459773807915e-01,  2.694387383109729e+00
s762        ,  2.705693545058654e-01,  2.605888410454884e-01,  4.313943076970307e+00
s763        ,  3.632076138151025e-01,  3.448220998100272e-01,  3.064180959489586e+00
s764        ,  2.904214123983059e-01,  3.254965485647673e-01,  3.350912616319727e+00
s765        ,  3.401053585508043e-01,  3.529897469476437e-01,  2.942998232722753e+00
s766        ,  3.084050561945721e-01,  3.310565914936744e-01,  3.268418704460768e+00
s767        ,  3.291785188280746e-01,  3.044901561703592e-01,  3.662582778729714e+00
s768        ,  3.362959726167617e-01,  3.768289677183290e-01,  2.589297622459712e+00
s769        ,  4.447436541042360e-01,  3.626054544213146e-01,  2.800330750666018e+00
s770        ,  4.366827959781677e-01,  3.523214593540444e-01,  2.952913562253069e+00
s771        ,  2.732263690999292e-01,  2.926158953236268e-01,  3.838760236387071e+00
s772        ,  3.586463705210161e-01,  3.452027440902051e-01,  3.058533370774873e+00
s773        ,  3.494536072487898e-01,  3.819975486608222e-01,  2.512611800756941e+00
s774        ,  4.247318519587049e-01,  3.887781917486176e-01,  2.412007942048678e+00
s775        ,  3.400241339719085e-01,  3.243840629095324e-01,  3.367418476932811e+00
s776        ,  2.703825454286858e-01,  3.207166060126347e-01,  3.421832241334927e+00
s777        ,  3.180965813552759e-01,  3.233575167224234e-01,  3.382649260536700e+00
s778        ,  3.344616171325667e-01,  3.372546820488802e-01,  3.176458131045647e+00
s779        ,  4.009566962610436e-01,  3.592524970851062e-01,  2.850078310261640e+00
s780        ,  3.563640868327244e-01,  3.375902843774256e-01,  3.171478826161733e+00
s781        ,  2.649329396139021e-01,  2.984094680762128e-01,  3.752801461228077e+00
s782        ,  3.338551315946975e-01,  3.464042577868330e-01,  3.040706608238269e+00
s783        ,  3.045407149746746e-01,  3.716224217331758e-01,  2.666546728461356e+00
s784        ,  2.985260989809689e-01,  3.169404688757198e-01,  3.477858485758408e+00
s785        ,  3.071820525176505e-01,  3.211686699515052e-01,  3.415125004861283e+00
s786        ,  3.296681543954699e-01,  3.306609811920087e-01,  3.274288342838277e+00
s787        ,  3.465928111087382e-01,  3.215229753222944e-01,  3.409868204436760e+00
s788        ,  3.238375537313586e-01,  3.362478708167882e-01,  3.191396108701718e+00
s789        ,  3.578303916562611e-01,  3.742356169954459e-01,  2.627774959539361e+00
s790        ,  3.446858102804674e-01,  3.908223156674624e-01,  2.381679439095354e+00
s791        ,  3.249752459595651e-01,  3.134782322228988e-01,  3.529227413826884e+00
s792        ,  3.476053048360684e-01,  3.604733610418920e-01,  2.831964449464047e+00
s793        ,  3.097825366365258e-01,  3.043420044511993e-01,  3.664780893927457e+00
s794        ,  2.867393516849774e-01,  3.287207223283243e-01,  3.303075808282505e+00
s795        ,  3.702845088002308e-01,  3.485729612717509e-01,  3.008529728235617e+00
s796        ,  3.082874914963972e-01,  3.219926663964979e-01,  3.402899435567219e+00
s797        ,  2.782785712367717e-01,  3.068095366061108e-01,  3.628170316869122e+00
s798        ,  3.082196621533786e-01,  3.146012315502523e-01,  3.512565562702188e+00
s799        ,  2.516166876808906e-01,  3.588659468657410e-01,  2.855813524923309e+00
s800        ,  3.752754365991258e-01,  3.492416700612244e-01,  2.998608149455833e+00
s801        ,  3.246209635059766e-01,  3.665854120699663e-01,  2.741280437625576e+00
s802        ,  4.079792643019313e-01,  3.826707232740715e-01,  2.502623962907281e+00
s803        ,  3.649553570094187e-01,  3.756986259937405e-01,  2.606068412144431e+00
s804        ,  2.441452079849671e-01,  2.808067776435785e-01,  4.013971170094998e+00
s805        ,  3.164419790049513e-01,  3.310354609944101e-01,  3.268732215986873e+00
s806        ,  3.693024905987883e-01,  3.591924938541303e-01,  2.850968573396416e+00
s807        ,  3.191228175525491e-01,  3.143464332264357e-01,  3.516345985036241e+00
s808        ,  3.793158450067193e-01,  3.405953771642443e-01,  3.126892505039111e+00
s809        ,  3.605465652216310e-01,  3.421896050272126e-01,  3.103239073852986e+00
s810        ,  3.824385024147211e-01,  3.290838233371078e-01,  3.297688507681146e+00
s811        ,  3.580309026561524e-01,  3.772947635152010e-01,  2.582386647508124e+00
s812        ,  4.082198971938309e-01,  3.814982454739936e-01,  2.520019922171075e+00
s813        ,  3.777542847031886e-01,  3.611477998514225e-01,  2.821957854835361e+00
s814        ,  2.971435305207454e-01,  3.132926736470741e-01,  3.531980531562571e+00
s815        ,  3.213071390383087e-01,  3.295906556724648e-01,  3.290168676892999e+00
s816        ,  2.887445984618123e-01,  2.695495394307163e-01,  4.180993912325818e+00
s817        ,  3.674177460167670e-01,  3.264118304465793e-01,  3.337332652306905e+00
s818        ,  3.639907411341862e-01,  3.533483272308132e-01,  2.937678005765449e+00
s819        ,  3.711799756445687e-01,  3.903264849278471e-01,  2.389036040088150e+00
s820        ,  3.982124713714961e-01,  3.435009581960877e-01,  3.083782631859217e+00
s821        ,  4.040900310131655e-01,  3.686191847336645e-01,  2.711105515416252e+00
s822        ,  3.477446523405509e-01,  3.184008725059641e-01,  3.456190594000681e+00
s823        ,  2.954095158407338e-01,  3.292703190199467e-01,  3.294921486163704e+00
s824        ,  4.283252901174056e-01,  3.863377427891664e-01,  2.448216687903959e+00
s825        ,  3.397919403129021e-01,  3.353691268456226e-01,  3.204433962659111e+00
s826        ,  3.778871682303130e-01,  3.685197330928331e-01,  2.712581071450239e+00
s827        ,  2.337787130599568e-01,  3.604872692608543e-01,  2.831758094332646e+00
s828        ,  3.728406611540748e-01,  3.372569295492726e-01,  3.176424785062236e+00
s829        ,  2.607144883285425e-01,  2.927585079741707e-01,  3.836644303906987e+00
s830        ,  3.482088414946918e-01,  3.447557447990418e-01,  3.065165463475907e+00
s831        ,  2.919464512532615e-01,  3.590140699494005e-01,  2.853615834588193e+00
s832        ,  2.475208749435529e-01,  3.168878033873256e-01,  3.478639879393880e+00
s833        ,  3.566347081859653e-01,  3.549806655514758e-01,  2.913459132769227e+00
s834        ,  3.856874669956564e-01,  3.179236900885020e-01,  3.463270511330474e+00
s835        ,  2.944982044493083e-01,  3.062934372894552e-01,  3.635827641116979e+00
s836        ,  3.860699495992029e-01,  3.092930605570037e-01,  3.591322470813940e+00
s837        ,  2.443036554913805e-01,  2.874708172333278e-01,  3.915097348153223e+00
s838        ,  2.837466788193044e-01,  2.608903843258104e-01,  4.309469103458482e+00
s839        ,  3.354549725730311e-01,  3.669526190271521e-01,  2.735832217396450e+00
s840        ,  2.763733904068356e-01,  3.366377568374830e-01,  3.185611401022751e+00
s841        ,  3.643875992509446e-01,  3.278283852781435e-01,  3.316315341665131e+00
s842        ,  2.695598883230792e-01,  2.999871012608266e-01,  3.729394243956306e+00
s843        ,  3.362322734626774e-01,  3.264457083967368e-01,  3.336830007872322e+00
s844        ,  2.356440744998030e-01,  2.651978992416881e-01,  4.245558849464920e+00
s845        ,  3.414509738024666e-01,  3.236863061460542e-01,  3.377771038177634e+00
s846        ,  3.284946295569345e-01,  3.527048798329614e-01,  2.947224783299898e+00
s847        ,  3.382786868662267e-01,  3.390696831134660e-01,  3.149529105539853e+00
s848        ,  2.603543239280899e-01,  2.807140268631028e-01,  4.015347306000287e+00
s849        ,  3.563475623622980e-01,  3.635045342437034e-01,  2.786991175311896e+00
s850        ,  2.533481965641474e-01,  2.567612191479972e-01,  4.370733196665142e+00
s851        ,  3.334865218614329e-01,  3.296213564264565e-01,  3.289713172263598e+00
s852        ,  3.251989652472498e-01,  3.324598506210068e-01,  3.247598661118371e+00
s853        ,  3.303981460032966e-01,  3.709214942727098e-01,  2.676946333083576e+00
s854        ,  3.550119141417548e-01,  3.499037014676159e-01,  2.988785642474316e+00
s855        ,  3.394520045520492e-01,  3.339596815652143e-01,  3.225345789459498e+00
s856        ,  2.968888541973028e-01,  3.041998956844782e-01,  3.666889350323598e+00
s857        ,  4.242626628749120e-01,  3.706872829660086e-01,  2.680421307492665e+00
s858        ,  3.574550615491790e-01,  3.546018782502121e-01,  2.919079169636440e+00
s859        ,  3.027110711545371e-01,  3.122570860932859e-01,  3.547345461200125e+00
s860        ,  3.368229604072003e-01,  3.469749939116312e-01,  3.032238642041633e+00
s861        ,  3.394582604410895e-01,  3.459948094521903e-01,  3.046781560403333e+00
s862        ,  3.118273414218689e-01,  3.399765888182308e-01,  3.136073418195374e+00
s863        ,  3.561627842648784e-01,  3.362939208680101e-01,  3.190712867778010e+00
s864        ,  3.589362653848208e-01,  3.205051775636544e-01,  3.424969188307760e+00
s865        ,  3.632125925214965e-01,  3.606342984495859e-01,  2.829576634029010e+00
s866        ,  3.538675215168127e-01,  3.865983767882599e-01,  2.444349682122963e+00
s867        ,  3.310372811448682e-01,  3.239058875447356e-01,  3.374513126542723e+00
s868        ,  2.250930966754193e-01,  2.610701670888094e-01,  4.306801680995340e+00
s869        ,  3.227632236826757e-01,  3.234765717881325e-01,  3.380882850057042e+00
s870        ,  2.955305789890147e-01,  3.350460029153217e-01,  3.209228126547159e+00
s871        ,  3.263687380400568e-01,  2.938614371323114e-01,  3.820280232276300e+00
s872        ,  3.581942854285155e-01,  3.669365854184231e-01,  2.736070106765685e+00
s873        ,  3.780199537649536e-01,  3.525989941889743e-01,  2.948795800123667e+00
s874        ,  4.051572712863296e-01,  3.871130258388615e-01,  2.436713875356456e+00
s875        ,  3.637115898742233e-01,  3.716731265182756e-01,  2.665794425623711e+00
s876        ,  3.707605657787341e-01,  3.745999249693319e-01,  2.622369751293394e+00
s877        ,  3.448717819571157e-01,  3.707542287133542e-01,  2.679428038798255e+00
s878        ,  3.077154378074489e-01,  2.955417340122622e-01,  3.795349801974965e+00
s879        ,  2.822144565235117e-01,  2.834558893119269e-01,  3.974666512331101e+00
s880        ,  2.990707743641133e-01,  3.189448981375084e-01,  3.448118929254300e+00
s881        ,  2.519924028225227e-01,  3.604866589932080e-01,  2.831767148824862e+00
s882        ,  3.029935117041472e-01,  2.931861453734991e-01,  3.830299482045202e+00
s883        ,  3.513753591077723e-01,  3.336427237176681e-01,  3.230048467671304e+00
s884        ,  3.148487123515269e-01,  3.239051778338576e-01,  3.374523656466208e+00
s885        ,  3.349797306381302e-01,  3.459646070281129e-01,  3.047229671351688e+00
s886        ,  2.645821893421532e-01,  2.957245983857807e-01,  3.792636657903226e+00
s887        ,  3.560393157185437e-01,  3.294628727763804e-01,  3.292064581493280e+00
s888        ,  3.665363028937624e-01,  3.681499720314418e-01,  2.718067186719008e+00
s889        ,  2.882985069243872e-01,  2.812679725395889e-01,  4.007128458341194e+00
s890        ,  3.314401632007343e-01,  3.691252510872021e-01,  2.703597049439045e+00
s891        ,  3.187054663095563e-01,  3.050498523055635e-01,  3.654278611974942e+00
s892        ,  2.885378548431122e-01,  3.257282440858924e-01,  3.347474968419844e+00
s893        ,  4.341641481228710e-01,  3.319197420930485e-01,  3.255612208112408e+00
s894        ,  3.434520439383409e-01,  3.435406903327284e-01,  3.083193129328407e+00
s895        ,  2.977872538643522e-01,  3.094913898020942e-01,  3.588379875680638e+00
s896        ,  4.395276693832269e-01,  3.478474107342184e-01,  3.019294663481215e+00
s897        ,  4.141074145418121e-01,  3.118054455397244e-01,  3.554046415939832e+00
s898        ,  3.245936699741395e-01,  3.051905837383606e-01,  3.652190590971977e+00
s899        ,  2.759455078310450e-01,  2.974398885797260e-01,  3.767187034603344e+00
s900        ,  2.812910468510978e-01,  2.822906406558294e-01,  3.991955213364344e+00
s901        ,  4.368412206448667e-01,  3.851185662153338e-01,  2.466305513135750e+00
s902        ,  2.476616888757790e-01,  2.886439323897295e-01,  3.897691932484673e+00
s903        ,  4.064063930352827e-01,  3.797367431143602e-01,  2.546155191674020e+00
s904        ,  2.692313868191551e-01,  3.592162173583890e-01,  2.850616589662779e+00
s905        ,  3.857159716978104e-01,  3.507005768848230e-01,  2.976962465698489e+00
s906        ,  2.875408284403677e-01,  2.717753542594333e-01,  4.147969675886940e+00
s907        ,  3.309853692311254e-01,  3.149078659000927e-01,  3.508016053399454e+00
s908        ,  3.448811689194689e-01,  3.172328390275551e-01,  3.473520613219638e+00
s909        ,  3.108819018906574e-01,  3.428110648174210e-01,  3.094018524693051e+00
s910        ,  2.601667533352491e-01,  2.582620335971433e-01,  4.348465732822224e+00
s911        ,  2.987315837360676e-01,  2.995185626301728e-01,  3.736345914113153e+00
s912        ,  3.440343127256966e-01,  3.311934339687794e-01,  3.266388383611773e+00
s913        ,  2.676759227439509e-01,  2.907812137873773e-01,  3.865981259475535e+00
s914        ,  3.362930685924894e-01,  3.567032684729046e-01,  2.887901011117052e+00
s915        ,  3.076052608078511e-01,  3.250279049190946e-01,  3.357865844576002e+00
s916        ,  3.754348103699239e-01,  3.542391338376647e-01,  2.924461179447988e+00
s917        ,  2.590598828517826e-01,  3.108697291461202e-01,  3.567929565168348e+00
s918        ,  4.961505633465160e-01,  3.826251052830184e-01,  2.503300793388850e+00
s919        ,  2.931955880287684e-01,  3.573607296803934e-01,  2.878146311810812e+00
s920        ,  2.474840765757152e-01,  2.712348094514024e-01,  4.155989695933490e+00
s921        ,  3.442280024555943e-01,  3.920575803990092e-01,  2.363351915155403e+00
s922        ,  3.930300610882673e-01,  3.889767750740385e-01,  2.409061577145854e+00
s923        ,  3.214733830150857e-01,  2.907669768265237e-01,  3.866192492124062e+00
s924        ,  2.534416607722896e-01,  3.036025376866324e-01,  3.675752303119581e+00
s925        ,  4.195798862194213e-01,  3.839308346443870e-01,  2.483927791376872e+00
s926        ,  2.890808494142250e-01,  2.786883504566557e-01,  4.045402104688876e+00
s927        ,  2.735614386165569e-01,  2.904643322428784e-01,  3.870682805585135e+00
s928        ,  2.920421471112219e-01,  2.997613864654035e-01,  3.732743156307700e+00
s929        ,  3.493227439756055e-01,  3.550761713037967e-01,  2.912042121567207e+00
s930        ,  3.134104047515290e-01,  3.593467036118096e-01,  2.848680575566102e+00
s931        ,  3.884821591695420e-01,  3.657872108030425e-01,  2.753123285927517e+00
s932        ,  3.555147722726067e-01,  3.376711117304626e-01,  3.170279597194891e+00
s933        ,  4.127638757436791e-01,  3.397271914250736e-01,  3.139773707353574e+00
s934        ,  2.485124345085235e-01,  2.600576767333183e-01,  4.321823919350673e+00
s935        ,  2.511088031672664e-01,  2.644302412099904e-01,  4.256948530230773e+00
s936        ,  2.604780194318803e-01,  3.061363401689888e-01,  3.638158478517833e+00
s937        ,  3.411489425468267e-01,  3.724540993899189e-01,  2.654207193643427e+00
s938        ,  3.511005950375960e-01,  3.090574828806463e-01,  3.594817717940239e+00
s939        ,  2.747398030122069e-01,  2.963357716903168e-01,  3.783568728507785e+00
s940        ,  3.417465604863621e-01,  3.596892363145829e-01,  2.843598445274540e+00
s941        ,  2.992769914824235e-01,  3.112086559227908e-01,  3.562900935713718e+00
s942        ,  2.877311772316790e-01,  3.005861119268916e-01,  3.720506770654251e+00
s943        ,  3.224976287094988e-01,  3.416662415600508e-01,  3.111004175720417e+00
s944        ,  2.872161365477828e-01,  3.140142280730674e-01,  3.521274886303995e+00
s945        ,  3.039291705890396e-01,  3.305581785588724e-01,  3.275813617276848e+00
s946        ,  3.820695206088657e-01,  3.418278302618763e-01,  3.108606697086485e+00
s947        ,  3.338965049246589e-01,  2.850389309207756e-01,  3.951179050701897e+00
s948        ,  2.895186753893665e-01,  3.074597348199251e-01,  3.618523378018634e+00
s949        ,  3.285081864326909e-01,  3.087175168041787e-01,  3.599861767402760e+00
s950        ,  3.631800436830665e-01,  3.769612131142214e-01,  2.587335508107000e+00
s951        ,  2.321785877905577e-01,  2.834653411041855e-01,  3.974526276845968e+00
s952        ,  3.942514198985953e-01,  3.817916022936211e-01,  2.515667410521252e+00
s953        ,  4.109179543283764e-01,  3.892048462771683e-01,  2.405677702961944e+00
s954        ,  3.824721552405599e-01,  3.738402562473648e-01,  2.633640895310312e+00
s955        ,  2.687072927169935e-01,  3.150671658374399e-01,  3.505652532980874e+00
s956        ,  3.979821694304178e-01,  3.640471306195273e-01,  2.778940716318227e+00
s957        ,  2.899775316226321e-01,  3.182792165001143e-01,  3.457995594421004e+00
s958        ,  3.788440459260153e-01,  3.456677369615603e-01,  3.051634308764904e+00
s959        ,  3.097885661746670e-01,  3.126016221620448e-01,  3.542233607127802e+00
s960        ,  2.673850340403868e-01,  3.127557521394636e-01,  3.539946792990827e+00
s961        ,  3.243475522827328e-01,  3.446995428233449e-01,  3.065999327690397e+00
s962        ,  2.853383177579654e-01,  2.899316761517914e-01,  3.878585781369876e+00
s963        ,  3.492156404114884e-01,  3.292338404836412e-01,  3.295462715286789e+00
s964        ,  2.774300864992933e-01,  2.876419382888440e-01,  3.912558438750640e+00
s965        ,  3.171942496841062e-01,  2.944677281591528e-01,  3.811284740844191e+00
s966        ,  2.734218027896025e-01,  2.932380859863793e-01,  3.829528843329705e+00
s967        ,  3.303895856524011e-01,  3.594519899865410e-01,  2.847118450052308e+00
s968        ,  3.379779199025550e-01,  3.421068271387959e-01,  3.104467242757118e+00
s969        ,  3.659302513196352e-01,  3.252288519856470e-01,  3.354884409035225e+00
s970        ,  3.452495236560603e-01,  3.375658429444245e-01,  3.171841461746652e+00
s971        ,  2.851883014226236e-01,  3.143787976743989e-01,  3.515865796312562e+00
s972        ,  3.257825344175761e-01,  3.306259716893027e-01,  3.274807776027441e+00
s973        ,  3.559590726598347e-01,  3.329385133188328e-01,  3.240496780987314e+00
s974        ,  3.244218696610479e-01,  3.357385245602816e-01,  3.198953238336722e+00
s975        ,  3.575434229776818e-01,  3.187020093610633e-01,  3.451722650587351e+00
s976        ,  3.508196626692490e-01,  3.647319411446281e-01,  2.768780237375871e+00
s977        ,  3.094780913347707e-01,  3.181198302276925e-01,  3.460360395786174e+00
s978        ,  2.679411357443860e-01,  3.140681653611952e-01,  3.520474623077682e+00
s979        ,  3.294468669232396e-01,  3.630524029156231e-01,  2.793699411633852e+00
s980        ,  2.682884487390532e-01,  2.674947773679394e-01,  4.211480252569088e+00
s981        ,  3.690259273299634e-01,  3.566703689822835e-01,  2.888389138225817e+00
s982        ,  3.599308410073728e-01,  3.581498930800244e-01,  2.866437557622421e+00
s983        ,  3.033741189947783e-01,  3.010948963149973e-01,  3.712957977415733e+00
s984        ,  3.990606361986817e-01,  3.325927566779902e-01,  3.245626744589939e+00
s985        ,  2.458061579719099e-01,  2.453666656696819e-01,  4.539793274497507e+00
s986        ,  3.674574317411205e-01,  3.447925621160579e-01,  3.064619207890539e+00
s987        ,  3.618389636623023e-01,  3.193421934908730e-01,  3.442224289899622e+00
s988        ,  3.706023012861709e-01,  3.205651901747306e-01,  3.424078786001187e+00
s989        ,  3.267317558382980e-01,  3.403461582949211e-01,  3.130590145453477e+00
s990        ,  3.568657105740528e-01,  3.865231386359542e-01,  2.445465984565966e+00
s991        ,  2.691831861033237e-01,  2.663943625129745e-01,  4.227807019684825e+00
s992        ,  3.535454705333178e-01,  3.024385045755990e-01,  3.693022969208012e+00
s993        ,  3.585598735365578e-01,  3.658991235140013e-01,  2.751462845993549e+00
s994        ,  3.020201873530365e-01,  3.466366077158505e-01,  3.037259250940873e+00
s995        ,  2.226508985115376e-01,  2.488631678370845e-01,  4.487915951732113e+00
s996        ,  3.542347072493316e-01,  3.510618810968754e-01,  2.971601824026397e+00
s997        ,  3.018965630826722e-01,  2.631844617098505e-01,  4.275432060950640e+00
s998        ,  3.248834775025297e-01,  3.234399150298540e-01,  3.381426723445274e+00
s999        ,  3.245798973395961e-01,  3.097145543370531e-01,  3.585068801339604e+00
s1000       ,  4.229046884097925e-01,  3.914089850909203e-01,  2.372975071821954e+00
s1001       ,  3.687810356407749e-01,  3.526601840189417e-01,  2.947887931514642e+00
s1002       ,  2.771840194067590e-01,  3.065334119328410e-01,  3.632267156542853e+00
s1003       ,  3.773312531679570e-01,  3.861472192001933e-01,  2.451043471142283e+00
s1004       ,  3.054117424504427e-01,  3.176556635805540e-01,  3.467247199173578e+00
s1005       ,  3.385236329700146e-01,  3.457514865665631e-01,  3.050391722579571e+00
s1006       ,  4.167296916398009e-01,  3.160623529897653e-01,  3.490887020865802e+00
s1007       ,  3.320487440508861e-01,  3.181622490460453e-01,  3.459731031173868e+00
s1008       ,  3.136740188462037e-01,  3.682506308938826e-01,  2.716573719234640e+00
s1009       ,  3.593194801918262e-01,  3.677834785501717e-01,  2.723504821163087e+00
s1010       ,  3.386964235398171e-01,  3.563878172135713e-01,  2.892581336200144e+00
s1011       ,  3.250388323362358e-01,  3.306953925867064e-01,  3.273777783729752e+00
s1012       ,  2.909569628391213e-01,  2.573038798219248e-01,  4.362681783685655e+00
s1013       ,  3.150008570990088e-01,  3.166617335165640e-01,  3.481994059969647e+00
s1014       ,  2.705688582831416e-01,  2.438737479650703e-01,  4.561943574973895e+00
s1015       ,  2.627454581345986e-01,  2.892552902145800e-01,  3.888621265376098e+00
s1016       ,  4.030578873542974e-01,  3.715374624165443e-01,  2.667807263041289e+00
s1017       ,  3.593872438775090e-01,  3.471549817602453e-01,  3.029568176739637e+00
s1018       ,  2.427981414978236e-01,  2.792721302260832e-01,  4.036740610981009e+00
s1019       ,  3.667702659774850e-01,  3.764823515376431e-01,  2.594440338986185e+00
s1020       ,  2.443455242532603e-01,  3.136319078201186e-01,  3.526947341292549e+00
s1021       ,  3.517001221268577e-01,  3.757886008529534e-01,  2.604733462360707e+00
s1022       ,  2.465884136726172e-01,  2.777306218148143e-01,  4.059611847882422e+00
s1023       ,  3.973866202773900e-01,  3.389956745263618e-01,  3.150627165022386e+00
s1024       ,  2.954254385322262e-01,  2.936269880388603e-01,  3.823758734708360e+00
s1025       ,  3.194737803651596e-01,  3.545473679448476e-01,  2.919887934673624e+00
s1026       ,  2.845215502906833e-01,  3.044400325966011e-01,  3.663326458181209e+00
s1027       ,  3.801444592417467e-01,  3.923003515158355e-01,  2.359749939528694e+00
s1028       ,  3.280565754548467e-01,  3.237584082138887e-01,  3.376701265568891e+00
s1029       ,  3.320425958711730e-01,  3.287994048625427e-01,  3.301908401820785e+00
s1030       ,  3.688103106871887e-01,  3.559408226184059e-01,  2.899213359227034e+00
s1031       ,  3.177581036079268e-01,  3.258367224879026e-01,  3.345865483052834e+00
s1032       ,  2.886686636822086e-01,  3.179893208073228e-01,  3.462296753609019e+00
s1033       ,  3.502857082190677e-01,  3.489314475031955e-01,  3.003210896716226e+00
s1034       ,  2.612720878184224e-01,  2.985560281318106e-01,  3.750626961415193e+00
s1035       ,  3.090655311957510e-01,  3.157300414262375e-01,  3.495817500932573e+00
s1036       ,  2.315433826576645e-01,  2.848426390389512e-01,  3.954091417639509e+00
s1037       ,  3.217591519820785e-01,  3.202921426164700e-01,  3.428129970765848e+00
s1038       ,  3.897883572896937e-01,  3.740871071143246e-01,  2.629978388757455e+00
s1039       ,  3.933052255643392e-01,  3.833921884299515e-01,  2.491919642142229e+00
s1040       ,  3.351679701489885e-01,  3.390192616789481e-01,  3.150277204327597e+00
s1041       ,  4.495450075554298e-01,  3.781334569158440e-01,  2.569943020659557e+00
