# c0 + a0 * (E_T / AAV)
# Property Label: $ln_{D}$; Unit of the Property: Unitless
# RMSE: 0.757543551742838; Max AE: 2.38120055393905
# Coefficients
# Task   a0                      c0
# all , -7.121880410007405e+00, -1.542166981032282e+01, 
# Feature Rung, Units, and Expressions
# 0;  1; A^-3;                                             0|1|div; (E_T / AAV); $\left(\frac{ E_{T} }{ AAV } \right)$; (E_T ./ AAV); (newdata$E_T / newdata$AAV); E_T,AAV
# Number of Samples Per Task
# Task, n_samples               
# all , 1041                  

# Sample ID , Property Value        ,  Property Value (EST) ,  Feature 0 Value      
s1          , -2.244947812336508e+01, -2.229503702970090e+01,  9.651056776690431e-01
s2          , -2.298888400764099e+01, -2.163104413817292e+01,  8.718728721034001e-01
s3          , -1.755271246623431e+01, -1.838276762229675e+01,  4.157747169993333e-01
s4          , -1.917258847351942e+01, -1.881012960607670e+01,  4.757816195554954e-01
s5          , -2.000094091703784e+01, -1.984289858319858e+01,  6.207951437464752e-01
s6          , -2.179532463031582e+01, -2.202354987498287e+01,  9.269855269379875e-01
s7          , -2.156980503382011e+01, -2.138928184948128e+01,  8.379264598115109e-01
s8          , -2.070680399014268e+01, -1.963481238538254e+01,  5.915772706797437e-01
s9          , -2.311678210871720e+01, -2.287081412968331e+01,  1.045951896200506e+00
s10         , -1.955558688693647e+01, -1.910576936952148e+01,  5.172930949559186e-01
s11         , -1.929232032084748e+01, -1.909198697096503e+01,  5.153578759178288e-01
s12         , -1.972420304545977e+01, -1.898495842395234e+01,  5.003297455855216e-01
s13         , -1.649771434553038e+01, -1.802341107003337e+01,  3.653166172314097e-01
s14         , -1.814284237715737e+01, -1.838663257642770e+01,  4.163174043106116e-01
s15         , -2.140988745272463e+01, -2.036814928588011e+01,  6.945468318460781e-01
s16         , -2.271802967642396e+01, -2.289885565030540e+01,  1.049889272147270e+00
s17         , -1.845283706311921e+01, -1.888449820172724e+01,  4.862238892046790e-01
s18         , -2.106370881996578e+01, -2.082015154510219e+01,  7.580135335035419e-01
s19         , -2.166440903696862e+01, -2.354835356233995e+01,  1.141086803507373e+00
s20         , -1.957524373940041e+01, -1.882408704649273e+01,  4.777414166333034e-01
s21         , -2.230012329283520e+01, -2.173946311125373e+01,  8.870962354343065e-01
s22         , -1.709175230426198e+01, -1.770522456911657e+01,  3.206393013262314e-01
s23         , -2.271630669020732e+01, -2.358373625835804e+01,  1.146054971179547e+00
s24         , -1.997593461761007e+01, -2.014846051045681e+01,  6.636998135340879e-01
s25         , -2.228124530569044e+01, -2.325345268872500e+01,  1.099679077367999e+00
s26         , -1.806502239865187e+01, -1.798176134524221e+01,  3.594684812907050e-01
s27         , -2.017409009594002e+01, -1.980979760058288e+01,  6.161473568264380e-01
s28         , -1.658938425028538e+01, -1.791015947890675e+01,  3.494146946201449e-01
s29         , -2.262132344831001e+01, -2.385950499538765e+01,  1.184776308965858e+00
s30         , -1.697997334312175e+01, -1.829385418754851e+01,  4.032901722401575e-01
s31         , -1.964904728113367e+01, -1.904690277873486e+01,  5.090274983160332e-01
s32         , -2.151059652715050e+01, -2.064033150251001e+01,  7.327645778570104e-01
s33         , -2.289264810431292e+01, -2.376765225086486e+01,  1.171879048799327e+00
s34         , -2.302504917991390e+01, -2.064384862597485e+01,  7.332584254453376e-01
s35         , -2.244061385591441e+01, -2.285718781898942e+01,  1.044038593826776e+00
s36         , -2.239655424600443e+01, -2.119592203600598e+01,  8.107763530498756e-01
s37         , -2.226102540809307e+01, -2.129410701497115e+01,  8.245627371665206e-01
s38         , -2.102436377352775e+01, -2.054692311758517e+01,  7.196488865581809e-01
s39         , -2.141661104833067e+01, -2.108055680519355e+01,  7.945776493128226e-01
s40         , -1.990275935468409e+01, -1.911827095353066e+01,  5.190484718071804e-01
s41         , -1.952311408648237e+01, -1.885995440723373e+01,  4.827776372205788e-01
s42         , -1.862175379272403e+01, -1.895523587541840e+01,  4.961563325509283e-01
s43         , -2.257821044890805e+01, -2.248732308760238e+01,  9.921050158819229e-01
s44         , -1.984867902879579e+01, -1.898594568029247e+01,  5.004683685731727e-01
s45         , -1.928264199244582e+01, -1.923505495532277e+01,  5.354463885186164e-01
s46         , -2.007096062658339e+01, -1.949671712386957e+01,  5.721869898040745e-01
s47         , -1.842882744186564e+01, -1.915041813663894e+01,  5.235623334922354e-01
s48         , -1.712958329507449e+01, -1.777206176565241e+01,  3.300240694896951e-01
s49         , -2.142142340445580e+01, -2.083580209651578e+01,  7.602110642836993e-01
s50         , -2.022197746600499e+01, -1.947910943163808e+01,  5.697146522727189e-01
s51         , -2.208446385448407e+01, -2.284458191087066e+01,  1.042268568581611e+00
s52         , -2.030062191637932e+01, -2.007018016328848e+01,  6.527082856423336e-01
s53         , -1.881589086732163e+01, -1.960443062308271e+01,  5.873112958878703e-01
s54         , -2.389190768082197e+01, -2.509503190937235e+01,  1.358259552555371e+00
s55         , -1.989931101552115e+01, -1.935169950844219e+01,  5.518247249135265e-01
s56         , -2.293632659980805e+01, -2.355259447154623e+01,  1.141682279556130e+00
s57         , -2.165250835772914e+01, -2.343722387734981e+01,  1.125482822733702e+00
s58         , -2.493828100106786e+01, -2.470926435297562e+01,  1.304093021500643e+00
s59         , -2.019609135900962e+01, -1.936055385496068e+01,  5.530679845596794e-01
s60         , -1.686951544328429e+01, -1.788297931907809e+01,  3.455982643708425e-01
s61         , -1.698686520707895e+01, -1.819723594166903e+01,  3.897237768056426e-01
s62         , -1.961666852236879e+01, -1.924231431963342e+01,  5.364656929568725e-01
s63         , -2.363642228074260e+01, -2.283838276709410e+01,  1.041398132205306e+00
s64         , -2.123215125329894e+01, -2.210102660035526e+01,  9.378642164008887e-01
s65         , -2.229595939650926e+01, -2.197304497880411e+01,  9.198940155293173e-01
s66         , -2.209517036440609e+01, -2.086451529455720e+01,  7.642427520386736e-01
s67         , -2.100952424313996e+01, -2.107246118406758e+01,  7.934409240857893e-01
s68         , -2.306714632630091e+01, -2.221725860443859e+01,  9.541846258141112e-01
s69         , -2.116954741071400e+01, -2.198122802329675e+01,  9.210430160771413e-01
s70         , -2.268552320802911e+01, -2.157497655024084e+01,  8.640002900458164e-01
s71         , -1.844586653395837e+01, -1.887723743278953e+01,  4.852043875394295e-01
s72         , -2.185924535832699e+01, -2.230420817847258e+01,  9.663934202656177e-01
s73         , -1.814705961150877e+01, -1.941577697284745e+01,  5.608219925895216e-01
s74         , -2.269683109870329e+01, -2.424399775305503e+01,  1.238763842528919e+00
s75         , -2.162544692540680e+01, -2.086459873269841e+01,  7.642544677845732e-01
s76         , -1.799713371423827e+01, -1.860765370221150e+01,  4.473515010743304e-01
s77         , -1.808839931225978e+01, -1.831638109022960e+01,  4.064532276952083e-01
s78         , -1.710463489071706e+01, -1.811379384091331e+01,  3.780074749370421e-01
s79         , -2.130172009097587e+01, -2.204544836920798e+01,  9.300603460818673e-01
s80         , -2.075517304342145e+01, -2.032449768374078e+01,  6.884176075926071e-01
s81         , -1.679587307458704e+01, -1.824661082832771e+01,  3.966566209164911e-01
s82         , -1.961963418382102e+01, -1.890999224931123e+01,  4.898035684630069e-01
s83         , -1.732943596118787e+01, -1.815360166623626e+01,  3.835969854358446e-01
s84         , -2.091958911511147e+01, -2.001096343195225e+01,  6.443935249433173e-01
s85         , -1.931803893900067e+01, -1.924839133568067e+01,  5.373189810910995e-01
s86         , -2.124992178205270e+01, -2.028240479625224e+01,  6.825072461339403e-01
s87         , -2.000999990609716e+01, -1.941507703706152e+01,  5.607237129575092e-01
s88         , -1.933594922663024e+01, -1.900452058774356e+01,  5.030765150712514e-01
s89         , -2.128477820873118e+01, -2.134069198916037e+01,  8.311038430974433e-01
s90         , -2.009844325702736e+01, -1.992320577277645e+01,  6.320712653540536e-01
s91         , -2.185233402642529e+01, -2.297876923905262e+01,  1.061110127335309e+00
s92         , -1.852873985612102e+01, -1.835116714966105e+01,  4.113376202192053e-01
s93         , -2.244477787769646e+01, -2.146925452208953e+01,  8.491556111036157e-01
s94         , -2.069748145715988e+01, -2.016233194539258e+01,  6.656475343798746e-01
s95         , -1.839144268754908e+01, -1.820318586753746e+01,  3.905592199085725e-01
s96         , -2.061908691885885e+01, -1.977917330297145e+01,  6.118473270803070e-01
s97         , -2.336181657728519e+01, -2.392287265825867e+01,  1.193673911736887e+00
s98         , -1.913590175727989e+01, -1.874694756227737e+01,  4.669100799954441e-01
s99         , -1.764848235022367e+01, -1.790366705727887e+01,  3.485030784100829e-01
s100        , -2.003395952271198e+01, -1.913566996987272e+01,  5.214915086654802e-01
s101        , -2.047737186068138e+01, -2.102578690778472e+01,  7.868872790375971e-01
s102        , -1.813404261594337e+01, -1.796785130092280e+01,  3.575153392104390e-01
s103        , -2.094885731266024e+01, -2.018051405125340e+01,  6.682005266816364e-01
s104        , -1.695125455205811e+01, -1.767283724818664e+01,  3.160917213241264e-01
s105        , -2.089913046364001e+01, -2.145334976814562e+01,  8.469223871475440e-01
s106        , -2.193421435204462e+01, -2.303298308858396e+01,  1.068722421618594e+00
s107        , -1.938858975045087e+01, -1.863369746155196e+01,  4.510083666549238e-01
s108        , -2.184761912256448e+01, -2.264917990771817e+01,  1.014831713158159e+00
s109        , -1.765266017099491e+01, -1.870118838744900e+01,  4.604849264974901e-01
s110        , -2.222643790681205e+01, -2.056694169594509e+01,  7.224597422883317e-01
s111        , -2.198367498730207e+01, -2.159932329469695e+01,  8.674188737701229e-01
s112        , -2.341727175416096e+01, -2.337518263574660e+01,  1.116771465896534e+00
s113        , -2.064750776227555e+01, -1.977517601567997e+01,  6.112860585583213e-01
s114        , -2.335281852671257e+01, -2.377676451935515e+01,  1.173158523876931e+00
s115        , -2.467653405274963e+01, -2.474985830554056e+01,  1.309792913976779e+00
s116        , -2.119630992652875e+01, -2.174803624320887e+01,  8.883000090813749e-01
s117        , -1.681518237222159e+01, -1.804356656836664e+01,  3.681466982174564e-01
s118        , -1.725426000439147e+01, -1.799729355063031e+01,  3.616493948267254e-01
s119        , -2.026224064054247e+01, -2.005848310584986e+01,  6.510658742614599e-01
s120        , -2.061376236446881e+01, -1.998782108897812e+01,  6.411440540673925e-01
s121        , -2.090204853596659e+01, -2.094717184360575e+01,  7.758487527421399e-01
s122        , -1.679179791839329e+01, -1.802989934875430e+01,  3.662276517261497e-01
s123        , -1.729435756680531e+01, -1.804583219543253e+01,  3.684648202492037e-01
s124        , -1.927065840811719e+01, -1.937821311145819e+01,  5.555475623510576e-01
s125        , -2.074667074869674e+01, -1.927196153417885e+01,  5.406285281687313e-01
s126        , -1.981090987888966e+01, -1.917549874120598e+01,  5.270839602429180e-01
s127        , -1.791042209268825e+01, -1.793787184212292e+01,  3.533058528003955e-01
s128        , -2.199486439730610e+01, -2.240580389025902e+01,  9.806587134097827e-01
s129        , -1.847106084369403e+01, -1.844752170146751e+01,  4.248669897479420e-01
s130        , -2.183307419908922e+01, -2.153026018950615e+01,  8.577215605305246e-01
s131        , -1.937195493711046e+01, -1.924526841895608e+01,  5.368804849995066e-01
s132        , -1.756898825137140e+01, -1.852062232778962e+01,  4.351312208377244e-01
s133        , -1.952720456066259e+01, -1.953781001121538e+01,  5.779569388877567e-01
s134        , -1.792604080418195e+01, -1.894410735976124e+01,  4.945937514604736e-01
s135        , -2.163690184151209e+01, -2.126189487765921e+01,  8.200397551087648e-01
s136        , -2.266590946104735e+01, -2.163885732586476e+01,  8.729699401868316e-01
s137        , -1.871948299194560e+01, -1.869748426558785e+01,  4.599648220239655e-01
s138        , -2.098569970792443e+01, -2.065943484482406e+01,  7.354469231386301e-01
s139        , -1.946420871832499e+01, -1.922996055663229e+01,  5.347310720014605e-01
s140        , -1.890485827097119e+01, -1.933970208364563e+01,  5.501401382445756e-01
s141        , -2.048387804329865e+01, -2.173635725147364e+01,  8.866601343484577e-01
s142        , -1.712146112463541e+01, -1.795483836538575e+01,  3.556881622869442e-01
s143        , -2.146398341435241e+01, -2.312772692661258e+01,  1.082025627032642e+00
s144        , -2.296743054539722e+01, -2.284725315084426e+01,  1.042643643676925e+00
s145        , -2.169591974109321e+01, -2.093782483757396e+01,  7.745363176135387e-01
s146        , -2.268369172314783e+01, -2.331758553191293e+01,  1.108684120909284e+00
s147        , -2.121406114253308e+01, -2.126491739645461e+01,  8.204641540906908e-01
s148        , -2.139826235530006e+01, -2.046654640566751e+01,  7.083630031551522e-01
s149        , -1.818204101397333e+01, -1.860779901016540e+01,  4.473719041063296e-01
s150        , -2.236615053154114e+01, -2.237271603180174e+01,  9.760127692837365e-01
s151        , -2.007280490017163e+01, -1.914079848963603e+01,  5.222116162028254e-01
s152        , -2.043501428229088e+01, -1.942524637528646e+01,  5.621516136858958e-01
s153        , -2.294208833005412e+01, -2.281583846490484e+01,  1.038232633644340e+00
s154        , -1.941555486932839e+01, -1.930486370509295e+01,  5.452483994695565e-01
s155        , -2.030625886040805e+01, -1.962571750056363e+01,  5.903002364843747e-01
s156        , -1.755225478861601e+01, -1.812095899473062e+01,  3.790135510580684e-01
s157        , -1.981494689568535e+01, -1.901965476337947e+01,  5.052015403124280e-01
s158        , -2.120666701656112e+01, -2.070926053216581e+01,  7.424430652349983e-01
s159        , -2.199339551508707e+01, -2.154414765244777e+01,  8.596715319063575e-01
s160        , -1.822712376873660e+01, -1.824112685379539e+01,  3.958866031379531e-01
s161        , -1.850131544535105e+01, -1.987094810979633e+01,  6.247336438311356e-01
s162        , -2.165239460618542e+01, -2.057102474856114e+01,  7.230330533215118e-01
s163        , -2.054863013411503e+01, -1.951398942085792e+01,  5.746122336995040e-01
s164        , -2.244259094688993e+01, -2.268101977757332e+01,  1.019302424265636e+00
s165        , -2.169401378729562e+01, -2.176420796970191e+01,  8.905707192817767e-01
s166        , -1.893544650248816e+01, -1.936009594243863e+01,  5.530036879840990e-01
s167        , -1.990371422830687e+01, -1.969441565583966e+01,  5.999463062470037e-01
s168        , -2.358382467591309e+01, -2.508596230554041e+01,  1.356986068122919e+00
s169        , -2.234616115486217e+01, -2.250764527865675e+01,  9.949585025854936e-01
s170        , -1.980105726485419e+01, -1.939505354758391e+01,  5.579121676457568e-01
s171        , -2.225344967355102e+01, -2.236119272259788e+01,  9.743947543016716e-01
s172        , -2.076076397080535e+01, -1.997585617994973e+01,  6.394640330140247e-01
s173        , -2.167162181633835e+01, -2.079814072212042e+01,  7.549229420144118e-01
s174        , -2.217746151284670e+01, -2.181482219202211e+01,  8.976775814314248e-01
s175        , -1.912249737452136e+01, -1.977911382780176e+01,  6.118389760316693e-01
s176        , -2.262880123350610e+01, -2.321177127639774e+01,  1.093826492105729e+00
s177        , -1.998504477748202e+01, -2.064478827185102e+01,  7.333903633356248e-01
s178        , -1.778030448780716e+01, -1.844951736285253e+01,  4.251472052626841e-01
s179        , -2.322340610724453e+01, -2.353139339253271e+01,  1.138705386124484e+00
s180        , -1.682543251402466e+01, -1.770741632757475e+01,  3.209470512928124e-01
s181        , -1.586682207916231e+01, -1.741081673892737e+01,  2.793008045753575e-01
s182        , -2.348293513803748e+01, -2.193152367875665e+01,  9.140639120093081e-01
s183        , -2.155098810628208e+01, -2.023664135959307e+01,  6.760814942222879e-01
s184        , -2.324937775466465e+01, -2.349430298634157e+01,  1.133497434845350e+00
s185        , -2.378592453308165e+01, -2.411984111625419e+01,  1.221330716773764e+00
s186        , -2.071202883303041e+01, -2.103611531118035e+01,  7.883375144811908e-01
s187        , -2.027503475690737e+01, -1.954683485807200e+01,  5.792241388879047e-01
s188        , -2.214013663755619e+01, -2.166996412422558e+01,  8.773377189994483e-01
s189        , -2.074030596943589e+01, -2.019205988392913e+01,  6.698217042374266e-01
s190        , -1.914542963593283e+01, -1.889293486756902e+01,  4.874085013234010e-01
s191        , -1.679323473828856e+01, -1.785306413107233e+01,  3.413978023743555e-01
s192        , -1.690928184419942e+01, -1.799086281464555e+01,  3.607464400430807e-01
s193        , -2.273712334380998e+01, -2.256385256967393e+01,  1.002850700682248e+00
s194        , -2.090019731082972e+01, -2.107195813842298e+01,  7.933702902621870e-01
s195        , -1.910778599576077e+01, -1.885622177588836e+01,  4.822535296632379e-01
s196        , -1.918378235513936e+01, -1.913325237891197e+01,  5.211520490253900e-01
s197        , -2.010118773573690e+01, -2.004652563413730e+01,  6.493868974991216e-01
s198        , -2.040069724820686e+01, -2.131570971323038e+01,  8.275960229022480e-01
s199        , -2.033728659050214e+01, -2.010939662213203e+01,  6.582147609811291e-01
s200        , -1.788348829912646e+01, -1.823891506690664e+01,  3.955760409322696e-01
s201        , -1.891783601993355e+01, -1.978636285340110e+01,  6.128568287871238e-01
s202        , -2.174492495952721e+01, -2.154305392722925e+01,  8.595179593727639e-01
s203        , -2.185008698942601e+01, -2.020545845690336e+01,  6.717030294216306e-01
s204        , -2.086349108831322e+01, -2.037845172899760e+01,  6.959934221458829e-01
s205        , -2.088054945703831e+01, -2.235329052237502e+01,  9.732851877591397e-01
s206        , -2.114956534802060e+01, -2.100259155108316e+01,  7.836303643793614e-01
s207        , -1.936064601068155e+01, -1.834438930908428e+01,  4.103859276623848e-01
s208        , -2.173553987268506e+01, -2.026950442183113e+01,  6.806958741818114e-01
s209        , -1.958079034508013e+01, -1.917169154057165e+01,  5.265493822361068e-01
s210        , -2.077095411669474e+01, -2.122725843534954e+01,  8.151763706771762e-01
s211        , -2.106003856984427e+01, -1.997806004616510e+01,  6.397734830593065e-01
s212        , -1.921431398034701e+01, -1.872855833358298e+01,  4.643280050888577e-01
s213        , -1.891211086691480e+01, -1.873168362357561e+01,  4.647668344166065e-01
s214        , -1.797391097043976e+01, -1.796000565515704e+01,  3.564137136124101e-01
s215        , -2.046416066581664e+01, -1.966429515266777e+01,  5.957170154645346e-01
s216        , -2.054695205981560e+01, -1.992948025848719e+01,  6.329522806687620e-01
s217        , -2.064527960557822e+01, -2.020509033232902e+01,  6.716513401832350e-01
s218        , -2.267569057486860e+01, -2.235138093580906e+01,  9.730170582124431e-01
s219        , -1.969996813819463e+01, -1.966151485445950e+01,  5.953266272456642e-01
s220        , -2.056541179285701e+01, -2.238596765483545e+01,  9.778734608807312e-01
s221        , -2.147236245537334e+01, -2.023944097980403e+01,  6.764745954890582e-01
s222        , -1.817717386569833e+01, -1.838529909154413e+01,  4.161301665578268e-01
s223        , -2.049263974761081e+01, -1.993855539859848e+01,  6.342265424632372e-01
s224        , -2.147370851727396e+01, -2.120404481557162e+01,  8.119168916573798e-01
s225        , -2.297636192643720e+01, -2.303965632560390e+01,  1.069659426543664e+00
s226        , -2.349615644619751e+01, -2.283866417688852e+01,  1.041437645617246e+00
s227        , -1.994214785348108e+01, -2.002105142436673e+01,  6.458100037148933e-01
s228        , -1.935600154849446e+01, -1.919391956416234e+01,  5.296704713742296e-01
s229        , -1.931982821700711e+01, -1.874128840902122e+01,  4.661154649597583e-01
s230        , -1.663964761443124e+01, -1.803829379861285e+01,  3.674063361992491e-01
s231        , -1.912412961575534e+01, -1.898095096094612e+01,  4.997670482674670e-01
s232        , -2.205202611453251e+01, -2.256944723567843e+01,  1.003636260911066e+00
s233        , -2.108987100746543e+01, -2.135627426135460e+01,  8.332917866316165e-01
s234        , -2.119865480781422e+01, -2.138960911406600e+01,  8.379724118025416e-01
s235        , -1.634470488909293e+01, -1.731842610190030e+01,  2.663280176555929e-01
s236        , -2.035495556536669e+01, -1.962264501930225e+01,  5.898688221549426e-01
s237        , -2.057488800817375e+01, -2.037366331602538e+01,  6.953210698040073e-01
s238        , -2.181497599002021e+01, -2.146869851267521e+01,  8.490775405123797e-01
s239        , -1.938605784207409e+01, -1.883046979884988e+01,  4.786376339227955e-01
s240        , -1.879589433372550e+01, -1.863532367144231e+01,  4.512367066152615e-01
s241        , -1.732119998261703e+01, -1.773529343272678e+01,  3.248613412762367e-01
s242        , -2.017650413285683e+01, -1.973954898882812e+01,  6.062835838183923e-01
s243        , -1.996072124442394e+01, -1.983268276247350e+01,  6.193607163007794e-01
s244        , -2.121993688931675e+01, -2.112734677625448e+01,  8.011475393372584e-01
s245        , -2.152256201120388e+01, -2.084212608789739e+01,  7.610990308062379e-01
s246        , -1.806013829922115e+01, -1.833126349196785e+01,  4.085429007705008e-01
s247        , -1.662499542985015e+01, -1.834705191060617e+01,  4.107597898123508e-01
s248        , -2.087245838906029e+01, -2.043186260346811e+01,  7.034929688099152e-01
s249        , -2.031192930505803e+01, -1.933481725448968e+01,  5.494542478792884e-01
s250        , -1.829082894515480e+01, -1.860757932607018e+01,  4.473410577451761e-01
s251        , -2.316191337748571e+01, -2.439158002863986e+01,  1.259486217391806e+00
s252        , -1.836403387539604e+01, -1.852812147105928e+01,  4.361841932042811e-01
s253        , -1.948978591890307e+01, -1.983782647191396e+01,  6.200829566564638e-01
s254        , -1.974328758235917e+01, -1.987647571824111e+01,  6.255097883500765e-01
s255        , -2.045692599174058e+01, -1.963226661192684e+01,  5.912198126336746e-01
s256        , -1.776850461240055e+01, -1.809873981463686e+01,  3.758937036561751e-01
s257        , -2.163660994039700e+01, -2.047728276593127e+01,  7.098705207833153e-01
s258        , -1.860059101905129e+01, -1.876058853318753e+01,  4.688254408446655e-01
s259        , -2.094542362420654e+01, -2.028495792399452e+01,  6.828657368127078e-01
s260        , -1.742875942837962e+01, -1.794772998731193e+01,  3.546900581817669e-01
s261        , -2.065616574581777e+01, -1.962198539832060e+01,  5.897762032195389e-01
s262        , -2.014040040752147e+01, -1.951434821541895e+01,  5.746626128887592e-01
s263        , -1.686996628366655e+01, -1.769815996569677e+01,  3.196473437233100e-01
s264        , -2.074271161967796e+01, -2.022235699996700e+01,  6.740757936483216e-01
s265        , -2.059536695716665e+01, -2.054018966839138e+01,  7.187034270999830e-01
s266        , -2.198651133619990e+01, -2.241861117343901e+01,  9.824570142015217e-01
s267        , -1.899333543245141e+01, -1.887325202133717e+01,  4.846447865319821e-01
s268        , -1.857298059991068e+01, -1.843592569036636e+01,  4.232387665212714e-01
s269        , -2.106917022960664e+01, -2.017551641095890e+01,  6.674987962387212e-01
s270        , -1.920756052964929e+01, -2.002824489061170e+01,  6.468200552505607e-01
s271        , -1.965184309682283e+01, -1.929732306982461e+01,  5.441896011137535e-01
s272        , -2.112049940018463e+01, -2.007117233496465e+01,  6.528475988038944e-01
s273        , -1.945398506004425e+01, -1.936338284087418e+01,  5.534652091338976e-01
s274        , -2.135203005648119e+01, -2.260215068497058e+01,  1.008228229240975e+00
s275        , -2.088724638081418e+01, -2.033443494693413e+01,  6.898129221192862e-01
s276        , -1.839432489855567e+01, -1.873247738529982e+01,  4.648782883695672e-01
s277        , -2.199306195501885e+01, -2.103756791400477e+01,  7.885414778645665e-01
s278        , -2.276883612887764e+01, -2.088730451254305e+01,  7.674426398034028e-01
s279        , -2.262380984036664e+01, -2.324069627051869e+01,  1.097887918646999e+00
s280        , -1.620731240668889e+01, -1.767056251989312e+01,  3.157723213675752e-01
s281        , -2.072632910940930e+01, -2.112595285993972e+01,  8.009518162649071e-01
s282        , -1.840721485531197e+01, -1.931311330946781e+01,  5.464067458471882e-01
s283        , -1.945843055355910e+01, -1.903979072207949e+01,  5.080288776925564e-01
s284        , -2.290375248734285e+01, -2.273679853767332e+01,  1.027134451327145e+00
s285        , -2.162506652538119e+01, -2.073317205525029e+01,  7.458005385015921e-01
s286        , -2.308167299949378e+01, -2.447384968964618e+01,  1.271037894234164e+00
s287        , -1.888746545864790e+01, -1.836703001888190e+01,  4.135649630426768e-01
s288        , -2.031934863671701e+01, -1.977320095851918e+01,  6.110087361312257e-01
s289        , -2.410980627565496e+01, -2.480618102943940e+01,  1.317701320276287e+00
s290        , -2.087284446952964e+01, -1.971018991322261e+01,  6.021612068736398e-01
s291        , -2.204275686911580e+01, -2.164284904829949e+01,  8.735304273341766e-01
s292        , -1.820983264392220e+01, -1.884551714430530e+01,  4.807504671338508e-01
s293        , -1.668568749246811e+01, -1.786259977396654e+01,  3.427367244490397e-01
s294        , -2.280852590517532e+01, -2.412654353781535e+01,  1.222271819568995e+00
s295        , -1.673628435422914e+01, -1.801938384138855e+01,  3.647511445734916e-01
s296        , -2.103716924286631e+01, -2.140557710553575e+01,  8.402145150885370e-01
s297        , -2.124288787488653e+01, -2.031955575328875e+01,  6.877236994998682e-01
s298        , -2.177880180045448e+01, -2.205389209662614e+01,  9.312459497331572e-01
s299        , -1.893486515270964e+01, -1.895789075092925e+01,  4.965291098734901e-01
s300        , -1.774017522269403e+01, -1.786684721666295e+01,  3.433331178805318e-01
s301        , -2.283171483494903e+01, -2.347617804045183e+01,  1.130952468509736e+00
s302        , -1.721456897049112e+01, -1.831351952617801e+01,  4.060514287479000e-01
s303        , -2.130552121943375e+01, -2.156653266909167e+01,  8.628146648087934e-01
s304        , -2.313677054561944e+01, -2.195968923675181e+01,  9.180187043357265e-01
s305        , -1.858159986173835e+01, -1.879212354903897e+01,  4.732533466835680e-01
s306        , -2.163460095493751e+01, -2.074471155192473e+01,  7.474208264045212e-01
s307        , -1.987289536762319e+01, -1.947291325137884e+01,  5.688446320108604e-01
s308        , -2.028550026196297e+01, -2.041560473410365e+01,  7.012101630860765e-01
s309        , -2.129242792516701e+01, -1.982527136061591e+01,  6.183200639125183e-01
s310        , -1.894855963686166e+01, -1.875751636847431e+01,  4.683940709625054e-01
s311        , -2.010039836844276e+01, -1.986948379648001e+01,  6.245280361500152e-01
s312        , -1.830057188159682e+01, -1.879460457584664e+01,  4.736017135003133e-01
s313        , -1.990312271450173e+01, -1.905989693543001e+01,  5.108520384581129e-01
s314        , -1.980645538479249e+01, -1.923963895735046e+01,  5.360900390383928e-01
s315        , -1.914671781515828e+01, -1.950824067578688e+01,  5.738050388661052e-01
s316        , -2.257620253811652e+01, -2.282233776530820e+01,  1.039145215719464e+00
s317        , -1.647333233405121e+01, -1.757559341803553e+01,  3.024374861288169e-01
s318        , -2.027102701488289e+01, -1.935421620012720e+01,  5.521780995196864e-01
s319        , -1.996146248057647e+01, -1.981655517493446e+01,  6.170962037548544e-01
s320        , -2.548773082504399e+01, -2.553709630244735e+01,  1.420330855024004e+00
s321        , -1.727661852750149e+01, -1.808761583465417e+01,  3.743317594304534e-01
s322        , -2.011073789818953e+01, -2.048627766687861e+01,  7.111335160078214e-01
s323        , -2.178223238748198e+01, -2.085161829959666e+01,  7.624318546045611e-01
s324        , -1.879130547869734e+01, -1.863229520300899e+01,  4.508114722306646e-01
s325        , -2.032679436678044e+01, -1.946750740615624e+01,  5.680855845526909e-01
s326        , -2.071891083121713e+01, -2.147485725990268e+01,  8.499423047140947e-01
s327        , -1.834375983430116e+01, -1.883835523205288e+01,  4.797448461685849e-01
s328        , -2.099505369246730e+01, -2.240340948992813e+01,  9.803225100206430e-01
s329        , -2.140321290954873e+01, -2.113853435877094e+01,  8.027184141445265e-01
s330        , -2.114112529442132e+01, -2.248554748821944e+01,  9.918556997911275e-01
s331        , -1.934637322166436e+01, -1.960186966306917e+01,  5.869517054614518e-01
s332        , -1.962462779654497e+01, -2.017534360001326e+01,  6.674745314468844e-01
s333        , -2.293624249800790e+01, -2.383027576373291e+01,  1.180672163716007e+00
s334        , -1.807355423930957e+01, -1.828272367356909e+01,  4.017273105605675e-01
s335        , -1.850164643907080e+01, -1.865313395334039e+01,  4.537374902387901e-01
s336        , -2.151296308555482e+01, -2.057069802460730e+01,  7.229871772417367e-01
s337        , -1.775953587894473e+01, -1.784454763570421e+01,  3.402019812038475e-01
s338        , -2.118082550420247e+01, -2.108680753606443e+01,  7.954553291545260e-01
s339        , -1.761381998690202e+01, -1.844415639293180e+01,  4.243944588513290e-01
s340        , -1.906967392812366e+01, -1.885632839989049e+01,  4.822685009904697e-01
s341        , -2.371082699534004e+01, -2.448926567383996e+01,  1.273202488878595e+00
s342        , -1.901967676945428e+01, -1.898530227073154e+01,  5.003780259215294e-01
s343        , -1.943128604912865e+01, -1.889012541346355e+01,  4.870140192563445e-01
s344        , -2.171448714042025e+01, -2.261789402085650e+01,  1.010438788107394e+00
s345        , -1.896311499883081e+01, -1.879504668908450e+01,  4.736637916611933e-01
s346        , -2.211462969107367e+01, -2.209812263591340e+01,  9.374564639149329e-01
s347        , -1.640817037109120e+01, -1.780162194873687e+01,  3.341746844091656e-01
s348        , -2.058778590237884e+01, -2.000770001239574e+01,  6.439353005182171e-01
s349        , -1.918353701640313e+01, -1.888788903347940e+01,  4.867000038762196e-01
s350        , -2.047073332015930e+01, -2.049230120588061e+01,  7.119792953041895e-01
s351        , -2.167714580870165e+01, -2.158143618555823e+01,  8.649073026528123e-01
s352        , -2.086238589025425e+01, -1.945351786445802e+01,  5.661212800582549e-01
s353        , -1.920058764071421e+01, -1.956641254954697e+01,  5.819730886522765e-01
s354        , -2.053223705409261e+01, -2.087162062698907e+01,  7.652404284980938e-01
s355        , -1.704257081119439e+01, -1.844649915686409e+01,  4.247234118521399e-01
s356        , -2.127143545968418e+01, -2.152787577607834e+01,  8.573867594259653e-01
s357        , -1.906625211198675e+01, -1.911764178032437e+01,  5.189601281156173e-01
s358        , -2.032987192881253e+01, -1.980617121796762e+01,  6.156381679035019e-01
s359        , -2.136102912880764e+01, -2.128961022863407e+01,  8.239313328072512e-01
s360        , -1.881386071055488e+01, -1.842143061011419e+01,  4.212034781679578e-01
s361        , -2.182643688719446e+01, -2.169892332795824e+01,  8.814039489928596e-01
s362        , -2.091897008712596e+01, -2.027682931958068e+01,  6.817243803245511e-01
s363        , -1.798497754334610e+01, -1.946398045106017e+01,  5.675903564818698e-01
s364        , -1.789393844733154e+01, -1.808033470627797e+01,  3.733093990484995e-01
s365        , -2.184332997178521e+01, -2.160008266864125e+01,  8.675254992539259e-01
s366        , -2.293131491804218e+01, -2.258294580362082e+01,  1.005531626624231e+00
s367        , -2.320311495695380e+01, -2.263470401255431e+01,  1.012799118628276e+00
s368        , -1.944159222026194e+01, -1.953147539129362e+01,  5.770674799868653e-01
s369        , -2.221834550731525e+01, -2.295017801585904e+01,  1.057095566355963e+00
s370        , -1.739352775780219e+01, -1.829756349495723e+01,  4.038110048286273e-01
s371        , -2.131349702655302e+01, -1.992435612731350e+01,  6.322327893436216e-01
s372        , -2.230067528571091e+01, -2.161352297863360e+01,  8.694126848311311e-01
s373        , -1.609460498694387e+01, -1.741776068081062e+01,  2.802758198077800e-01
s374        , -1.846307154319872e+01, -1.920126489739896e+01,  5.307018469118340e-01
s375        , -2.092466765927065e+01, -2.035541862520734e+01,  6.927592898010183e-01
s376        , -2.335896110191541e+01, -2.477122248641554e+01,  1.312792708924889e+00
s377        , -2.209438728501526e+01, -2.298471599017219e+01,  1.061945124664275e+00
s378        , -2.111108779470583e+01, -2.071403189906908e+01,  7.431130240981899e-01
s379        , -1.875225846070942e+01, -1.831470707746670e+01,  4.062181756209615e-01
s380        , -1.834869608623442e+01, -1.878653817456691e+01,  4.724690911007011e-01
s381        , -2.068155326614140e+01, -1.975489759981433e+01,  6.084387184320900e-01
s382        , -1.804666933121612e+01, -1.828345613945368e+01,  4.018301578203385e-01
s383        , -2.062194236740874e+01, -2.032191733948320e+01,  6.880552953788345e-01
s384        , -1.800916137079852e+01, -1.901031123354974e+01,  5.038895932855447e-01
s385        , -2.216424509641620e+01, -2.269898856691236e+01,  1.021825464292228e+00
s386        , -2.182057698940036e+01, -2.125931496931274e+01,  8.196775041022980e-01
s387        , -1.799817167842237e+01, -1.815546564819480e+01,  3.838587115322170e-01
s388        , -2.351217009702901e+01, -2.491840040861439e+01,  1.333458307576621e+00
s389        , -2.149803565649794e+01, -2.279108350559637e+01,  1.034756731511289e+00
s390        , -2.025125341850577e+01, -1.955946943448223e+01,  5.809981895153874e-01
s391        , -1.925641978436478e+01, -1.882281982967780e+01,  4.775634837360945e-01
s392        , -1.954014294555121e+01, -2.035269016901108e+01,  6.923761808411399e-01
s393        , -2.007195889273447e+01, -1.950950191094536e+01,  5.739821318648469e-01
s394        , -1.933645012315517e+01, -1.894212961620543e+01,  4.943160518303266e-01
s395        , -2.191328817199827e+01, -2.172175419636982e+01,  8.846096849919505e-01
s396        , -1.985518647713905e+01, -1.978873064367546e+01,  6.131892957955600e-01
s397        , -1.859895904181181e+01, -1.871612681799282e+01,  4.625824667093185e-01
s398        , -2.089338265909714e+01, -2.113593018124897e+01,  8.023527554459735e-01
s399        , -1.650074457052408e+01, -1.775988788790973e+01,  3.283147066470440e-01
s400        , -1.659170957499870e+01, -1.775385399891387e+01,  3.274674740836627e-01
s401        , -1.654426837808786e+01, -1.791959426978820e+01,  3.507394558262146e-01
s402        , -1.877939202276407e+01, -1.882127343105215e+01,  4.773463502633834e-01
s403        , -2.106694758002669e+01, -2.052664420663097e+01,  7.168014769153980e-01
s404        , -2.165676773412189e+01, -2.251628877460871e+01,  9.961721562070586e-01
s405        , -2.212611753855641e+01, -2.183201718279179e+01,  9.000919705786393e-01
s406        , -1.885653015374473e+01, -1.917874678157458e+01,  5.275400252400269e-01
s407        , -1.790225292709843e+01, -1.775690645474550e+01,  3.278960765953447e-01
s408        , -1.653237145459570e+01, -1.782657760122991e+01,  3.376787663448831e-01
s409        , -1.984138826084547e+01, -1.941707520285007e+01,  5.610042801214480e-01
s410        , -1.632163885458830e+01, -1.813216408170213e+01,  3.805868837070918e-01
s411        , -1.826950002229553e+01, -1.849606554775495e+01,  4.316831455232102e-01
s412        , -2.254085603631221e+01, -2.124714673116442e+01,  8.179689331283702e-01
s413        , -1.907038707751166e+01, -1.915337800752706e+01,  5.239779359339668e-01
s414        , -1.996831080241482e+01, -1.974748899640437e+01,  6.073984589804493e-01
s415        , -2.069762370804266e+01, -1.945612847132414e+01,  5.664878415161594e-01
s416        , -1.735494379178349e+01, -1.825256130814035e+01,  3.974921418000308e-01
s417        , -1.714858900796163e+01, -1.767527576942769e+01,  3.164341198341638e-01
s418        , -2.014294405560549e+01, -1.957228381358127e+01,  5.827974866618312e-01
s419        , -1.771416578387462e+01, -1.817118018860056e+01,  3.860652271574540e-01
s420        , -2.335906844703241e+01, -2.374230248935774e+01,  1.168319629088839e+00
s421        , -2.045819521600993e+01, -2.063764276479818e+01,  7.323870458630644e-01
s422        , -1.913624718404630e+01, -1.887058496644754e+01,  4.842702990741636e-01
s423        , -2.001718266940652e+01, -1.994798056953088e+01,  6.355499529096070e-01
s424        , -2.199980092896302e+01, -2.215340125398195e+01,  9.452182648559994e-01
s425        , -1.799669141475633e+01, -1.865212028847999e+01,  4.535951591686178e-01
s426        , -2.179879403652462e+01, -2.110084315269614e+01,  7.974261031388780e-01
s427        , -1.855895626610580e+01, -1.914685497364372e+01,  5.230620213850264e-01
s428        , -2.201089453299450e+01, -2.145448928063274e+01,  8.470823887793485e-01
s429        , -2.010895188317044e+01, -2.024894669593251e+01,  6.778093154760882e-01
s430        , -2.197039083997888e+01, -2.161369307375769e+01,  8.694365682880695e-01
s431        , -2.053790779896415e+01, -1.955857110429888e+01,  5.808720528588254e-01
s432        , -2.056150222449639e+01, -2.089011864577306e+01,  7.678377788773550e-01
s433        , -1.961788415450921e+01, -1.909245479271853e+01,  5.154235638719314e-01
s434        , -2.169585176655818e+01, -2.133117296910586e+01,  8.297672550748287e-01
s435        , -1.969212203292086e+01, -1.913452964104299e+01,  5.213313924090879e-01
s436        , -1.841763911968392e+01, -1.854523404181636e+01,  4.385870095634326e-01
s437        , -2.085473352476042e+01, -1.907239138634191e+01,  5.126064137343876e-01
s438        , -2.075193174001312e+01, -2.066089638512042e+01,  7.356521414534890e-01
s439        , -1.747889033992054e+01, -1.793945446192324e+01,  3.535280721735393e-01
s440        , -2.292628299240021e+01, -2.201266455032390e+01,  9.254570928682898e-01
s441        , -1.928590410708185e+01, -1.898426451320854e+01,  5.002323119438645e-01
s442        , -2.265396374356312e+01, -2.117064940305034e+01,  8.072277631409336e-01
s443        , -1.939450551490213e+01, -1.884607248056961e+01,  4.808284432065079e-01
s444        , -2.014197468633274e+01, -1.989190138286132e+01,  6.276757422459787e-01
s445        , -2.136890748153691e+01, -2.042657199572532e+01,  7.027501021176638e-01
s446        , -1.984877428373165e+01, -1.957213411341997e+01,  5.827764669096468e-01
s447        , -2.124129540469972e+01, -2.112611573067391e+01,  8.009746853282466e-01
s448        , -1.996883442559681e+01, -1.971647095544289e+01,  6.030431428032925e-01
s449        , -2.213132573342666e+01, -2.181183420040042e+01,  8.972580304912692e-01
s450        , -2.393776981346641e+01, -2.235275262890217e+01,  9.732096608699079e-01
s451        , -1.778758837631850e+01, -1.827583528666213e+01,  4.007600959331949e-01
s452        , -2.093231028730361e+01, -1.976164501143957e+01,  6.093861383881661e-01
s453        , -1.913112365245808e+01, -1.895277286217608e+01,  4.958104950613150e-01
s454        , -1.694745233262931e+01, -1.802365200957684e+01,  3.653504481201075e-01
s455        , -1.959305905778561e+01, -1.907074634040834e+01,  5.123754289608646e-01
s456        , -1.690137029519855e+01, -1.801693700211147e+01,  3.644075781084268e-01
s457        , -1.744399185749123e+01, -1.796482189874348e+01,  3.570899737163675e-01
s458        , -2.020627098912283e+01, -1.982860708699196e+01,  6.187884411084279e-01
s459        , -1.884232545378780e+01, -1.941591241191731e+01,  5.608410099082720e-01
s460        , -2.233016805188693e+01, -2.198486352681485e+01,  9.215534856875258e-01
s461        , -1.623645396367353e+01, -1.785216927001034e+01,  3.412721528252948e-01
s462        , -2.313545884021418e+01, -2.268067839435230e+01,  1.019254489843635e+00
s463        , -2.090493117250811e+01, -1.963430349556021e+01,  5.915058162613833e-01
s464        , -1.633431188033305e+01, -1.776118348077890e+01,  3.284966238928531e-01
s465        , -1.999082968954132e+01, -1.968536844339644e+01,  5.986759658421706e-01
s466        , -1.900684695054017e+01, -1.860872882095115e+01,  4.475024610284087e-01
s467        , -1.783078222536251e+01, -1.830822178258354e+01,  4.053075600939103e-01
s468        , -1.945030486126850e+01, -1.877519584550910e+01,  4.708764879671414e-01
s469        , -2.270314762369042e+01, -2.155221930623759e+01,  8.608048918232801e-01
s470        , -2.119907484802825e+01, -2.076190480674510e+01,  7.498349718030045e-01
s471        , -1.972012875359749e+01, -1.924859529110775e+01,  5.373476189529200e-01
s472        , -1.766462305551830e+01, -1.818589736685575e+01,  3.881317008143991e-01
s473        , -2.127822401317911e+01, -2.071227104904798e+01,  7.428657790000233e-01
s474        , -1.654177405306909e+01, -1.781711802825899e+01,  3.363505254272688e-01
s475        , -2.297159509003216e+01, -2.467642540139403e+01,  1.299482026975173e+00
s476        , -2.252587602064435e+01, -2.259373338887796e+01,  1.007046336874348e+00
s477        , -2.178946083596680e+01, -2.044044593726869e+01,  7.046981749221271e-01
s478        , -1.788602657411998e+01, -1.822468486285651e+01,  3.935779444702543e-01
s479        , -1.952938513246325e+01, -1.905719360183183e+01,  5.104724570213935e-01
s480        , -2.203955610850313e+01, -2.243010888094393e+01,  9.840714343887469e-01
s481        , -1.615402914764109e+01, -1.820522902234730e+01,  3.908461040869382e-01
s482        , -2.215324565636576e+01, -2.196175390430365e+01,  9.183086091688569e-01
s483        , -2.217560840271064e+01, -2.247011458668491e+01,  9.896887297430431e-01
s484        , -2.403070638423247e+01, -2.433636453077443e+01,  1.251733279307107e+00
s485        , -1.896886917982663e+01, -1.923897659808761e+01,  5.359970356144773e-01
s486        , -2.293847835350512e+01, -2.293345178799076e+01,  1.054746997311645e+00
s487        , -1.935879902533930e+01, -2.002860361301041e+01,  6.468704243073357e-01
s488        , -2.071941340396909e+01, -1.955549376718692e+01,  5.804399567079787e-01
s489        , -2.120929532988995e+01, -1.977097782465735e+01,  6.106965806703301e-01
s490        , -2.336106814107168e+01, -2.320281017337726e+01,  1.092568242527726e+00
s491        , -1.878377211600346e+01, -1.852440814563110e+01,  4.356627964362357e-01
s492        , -2.196689093989351e+01, -2.144501620630009e+01,  8.457522521037389e-01
s493        , -2.118321097196467e+01, -2.181539435669720e+01,  8.977579204208694e-01
s494        , -2.014379663919148e+01, -1.937664595720498e+01,  5.553275145318035e-01
s495        , -1.971897958689983e+01, -1.907664504135771e+01,  5.132036794522767e-01
s496        , -2.171934681583978e+01, -2.209403361653244e+01,  9.368823150742397e-01
s497        , -1.930074135275753e+01, -1.896751756405365e+01,  4.978808333748956e-01
s498        , -2.146882601091719e+01, -2.284409318284371e+01,  1.042199945128421e+00
s499        , -1.852368794388046e+01, -1.853079887456098e+01,  4.365601337350909e-01
s500        , -2.050589701281523e+01, -2.055153519811650e+01,  7.202964796467760e-01
s501        , -2.141899489528082e+01, -2.082183914832519e+01,  7.582504938462948e-01
s502        , -1.777920620854658e+01, -1.870834196532362e+01,  4.614893772131428e-01
s503        , -2.264989988763092e+01, -2.285157489294323e+01,  1.043250469662502e+00
s504        , -1.994570445298742e+01, -1.949008835296226e+01,  5.712562284705935e-01
s505        , -2.256898602446125e+01, -2.202454459136312e+01,  9.271251974074408e-01
s506        , -2.050664132584332e+01, -1.957093989266817e+01,  5.826087835615639e-01
s507        , -2.255451727781655e+01, -2.168582977247334e+01,  8.795654520326331e-01
s508        , -2.063695726234980e+01, -2.025282445657411e+01,  6.783538009796857e-01
s509        , -2.049565878814769e+01, -1.983609768760205e+01,  6.198402139800367e-01
s510        , -1.886667658587990e+01, -1.936400185171633e+01,  5.535521259039801e-01
s511        , -2.270091090950000e+01, -2.350800908702104e+01,  1.135421940718856e+00
s512        , -2.052865138648571e+01, -1.970157287906789e+01,  6.009512688153401e-01
s513        , -1.872228566034903e+01, -1.881095826718371e+01,  4.758979738129812e-01
s514        , -2.338235400416073e+01, -2.285867083786124e+01,  1.044246827998995e+00
s515        , -2.063189590001077e+01, -1.945443024926364e+01,  5.662493901574264e-01
s516        , -2.353360034901451e+01, -2.336760605877430e+01,  1.115707620881437e+00
s517        , -2.274108402549141e+01, -2.207224130791777e+01,  9.338224057019847e-01
s518        , -2.095244706423326e+01, -1.987978835956212e+01,  6.259749241190443e-01
s519        , -2.165153402286209e+01, -2.147301945274113e+01,  8.496842538826089e-01
s520        , -1.917430642162448e+01, -2.049000468698570e+01,  7.116568356779819e-01
s521        , -2.048146586988528e+01, -1.918213391818043e+01,  5.280156210673722e-01
s522        , -1.837039701152461e+01, -1.897070040050934e+01,  4.983277429370412e-01
s523        , -2.237538522976599e+01, -2.140766008938233e+01,  8.405069917557468e-01
s524        , -2.219430447580721e+01, -2.242493915631761e+01,  9.833455411795523e-01
s525        , -2.096151325596525e+01, -1.968763668121215e+01,  5.989944544554476e-01
s526        , -2.193172581512368e+01, -2.121918685042348e+01,  8.140430204295759e-01
s527        , -2.063376120076111e+01, -2.052250245846993e+01,  7.162199243025209e-01
s528        , -1.776721144005281e+01, -1.793934629954834e+01,  3.535128848397632e-01
s529        , -2.226349149791107e+01, -2.357959103130555e+01,  1.145472930087328e+00
s530        , -2.300566448791293e+01, -2.276222019911517e+01,  1.030703966676788e+00
s531        , -1.846679125419261e+01, -1.846384786415360e+01,  4.271593846978982e-01
s532        , -1.859817726729017e+01, -1.905155768522642e+01,  5.096811046985583e-01
s533        , -2.134099683522431e+01, -2.221365662588246e+01,  9.536788635225871e-01
s534        , -2.286936511308830e+01, -2.323410441222926e+01,  1.096962340301122e+00
s535        , -1.777040539985326e+01, -1.872422138872043e+01,  4.637190444474446e-01
s536        , -1.995222678224889e+01, -1.960786294587216e+01,  5.877932364136658e-01
s537        , -2.015268820600640e+01, -2.142820948756795e+01,  8.433923811476747e-01
s538        , -1.740140208992538e+01, -1.858065174039390e+01,  4.435600920274074e-01
s539        , -1.924950405987826e+01, -1.935676742139902e+01,  5.525363225064462e-01
s540        , -2.157643164881004e+01, -2.202138149936287e+01,  9.266810602107797e-01
s541        , -1.586673793577160e+01, -1.764933548780298e+01,  3.127917838033221e-01
s542        , -2.009907109345192e+01, -1.956336776553134e+01,  5.815455633583453e-01
s543        , -1.879069098033760e+01, -1.908493297070494e+01,  5.143674071295322e-01
s544        , -2.248614661420541e+01, -2.238239084188404e+01,  9.773712321510299e-01
s545        , -1.987972862262733e+01, -2.012371850305346e+01,  6.602257300085367e-01
s546        , -2.126472237694319e+01, -1.991401667382549e+01,  6.307810023305340e-01
s547        , -1.738356621674509e+01, -1.792114989763065e+01,  3.509578851949895e-01
s548        , -1.943625792183643e+01, -1.971482955451545e+01,  6.028126698336633e-01
s549        , -2.233202963006129e+01, -2.246708075372109e+01,  9.892627421120852e-01
s550        , -2.412763530103872e+01, -2.417438412783770e+01,  1.228989229475952e+00
s551        , -1.731823103856605e+01, -1.800242349169663e+01,  3.623697019325710e-01
s552        , -2.060923402045430e+01, -2.113862833730757e+01,  8.027316098921692e-01
s553        , -1.992869680942914e+01, -1.938973970406208e+01,  5.571660383630518e-01
s554        , -1.812921854031919e+01, -1.824706875723100e+01,  3.967209197921985e-01
s555        , -2.102602816640752e+01, -2.063648848092622e+01,  7.322249701463284e-01
s556        , -1.941820686683750e+01, -1.927671488169265e+01,  5.412959568870119e-01
s557        , -2.190718211184164e+01, -2.202975350490718e+01,  9.278565932248628e-01
s558        , -1.909304407213536e+01, -1.862374670199185e+01,  4.496111570716051e-01
s559        , -2.023025085829861e+01, -1.992093624910345e+01,  6.317525961905257e-01
s560        , -2.107002513254548e+01, -1.994744581692029e+01,  6.354748670362403e-01
s561        , -2.121559386756793e+01, -2.222729360880952e+01,  9.555936644097089e-01
s562        , -1.764234380631898e+01, -1.832142896788363e+01,  4.071620120840796e-01
s563        , -1.646928563220792e+01, -1.853017833306092e+01,  4.364730020417272e-01
s564        , -1.863449571719480e+01, -1.846752496858229e+01,  4.276756955901053e-01
s565        , -2.028655126138008e+01, -1.938365944322291e+01,  5.563122946199490e-01
s566        , -1.821002786093300e+01, -1.840546298865502e+01,  4.189614268360198e-01
s567        , -2.066943738863287e+01, -2.044740945923668e+01,  7.056759394403579e-01
s568        , -2.062629415098700e+01, -1.969458018311681e+01,  5.999694079094400e-01
s569        , -2.065075063553067e+01, -2.044622926156641e+01,  7.055102251061758e-01
s570        , -2.031634942577389e+01, -1.987870481604459e+01,  6.258227812220637e-01
s571        , -2.047206271335130e+01, -1.956133027586847e+01,  5.812594746366067e-01
s572        , -2.393038589894997e+01, -2.425304837591264e+01,  1.240034661798068e+00
s573        , -1.926109501090367e+01, -1.892358296539341e+01,  4.917118729134833e-01
s574        , -2.085894290369713e+01, -2.054977380304283e+01,  7.200491580164954e-01
s575        , -2.021973442813006e+01, -2.077327373882074e+01,  7.514313103289459e-01
s576        , -1.844714179521902e+01, -1.857860783741529e+01,  4.432731027969040e-01
s577        , -1.949977509463960e+01, -1.931538785948772e+01,  5.467261207719226e-01
s578        , -2.108198153892643e+01, -2.001853544942108e+01,  6.454567297477933e-01
s579        , -2.029210259566103e+01, -1.950375874520110e+01,  5.731757204378605e-01
s580        , -2.195204710511243e+01, -2.363027681693299e+01,  1.152589840609473e+00
s581        , -2.000078291173359e+01, -1.972587573886646e+01,  6.043636905915356e-01
s582        , -2.354247422413414e+01, -2.344362106805884e+01,  1.126381067346184e+00
s583        , -1.881717670098672e+01, -1.908292569938839e+01,  5.140855614369635e-01
s584        , -2.079214981383572e+01, -1.991464005853581e+01,  6.308685332457462e-01
s585        , -2.214462266832296e+01, -2.297691246863616e+01,  1.060849413828543e+00
s586        , -1.671124709479596e+01, -1.800513460492402e+01,  3.627503757253497e-01
s587        , -1.722924462132460e+01, -1.766205388678332e+01,  3.145776041552716e-01
s588        , -2.306180681354529e+01, -2.288672611737740e+01,  1.048186135864477e+00
s589        , -2.054966159202169e+01, -1.996652167923613e+01,  6.381533537866000e-01
s590        , -2.302597507766974e+01, -2.316952920739733e+01,  1.087895183719668e+00
s591        , -2.031576031139625e+01, -1.977796172865259e+01,  6.116772070770053e-01
s592        , -1.675983730084032e+01, -1.742588195704115e+01,  2.814161473284611e-01
s593        , -1.833051427645905e+01, -1.927014036473456e+01,  5.403728134783065e-01
s594        , -1.700453572465554e+01, -1.806693015542552e+01,  3.714272344963377e-01
s595        , -2.121342929627275e+01, -2.158933523695709e+01,  8.660164270615511e-01
s596        , -1.895402289388661e+01, -1.870075353677570e+01,  4.604238680904033e-01
s597        , -2.389559541191659e+01, -2.472056468492836e+01,  1.305679727721779e+00
s598        , -1.923753651242740e+01, -1.957580018981231e+01,  5.832912293293016e-01
s599        , -2.358158831573873e+01, -2.357209754527207e+01,  1.144420752066626e+00
s600        , -1.942143232536245e+01, -1.846299960666603e+01,  4.270402788664688e-01
s601        , -2.073803555561576e+01, -1.965782868343149e+01,  5.948090432908943e-01
s602        , -1.821856306700227e+01, -1.823134282790353e+01,  3.945128050216419e-01
s603        , -1.722454836479658e+01, -1.796438377115677e+01,  3.570284551901519e-01
s604        , -1.805154515236764e+01, -1.845180883956744e+01,  4.254689569045249e-01
s605        , -2.021935755598555e+01, -1.929453504945027e+01,  5.437981286073605e-01
s606        , -1.827906736534894e+01, -1.964215081353454e+01,  5.926076766581554e-01
s607        , -2.237721630921111e+01, -2.316231617929090e+01,  1.086882385456965e+00
s608        , -2.098562136420296e+01, -2.071891874879736e+01,  7.437991981767953e-01
s609        , -1.946776205882490e+01, -1.908737078972693e+01,  5.147097070393378e-01
s610        , -2.069261977150295e+01, -2.009643996543511e+01,  6.563954863021112e-01
s611        , -2.170289912291919e+01, -2.171977641173024e+01,  8.843319795931349e-01
s612        , -1.930046031145336e+01, -1.893257632861378e+01,  4.929746522221239e-01
s613        , -2.385958137896088e+01, -2.431531089682180e+01,  1.248777088983685e+00
s614        , -1.933674081040147e+01, -1.911035692610865e+01,  5.179372445797630e-01
s615        , -1.973716697922491e+01, -1.942844361277657e+01,  5.626005453311989e-01
s616        , -1.815004309366292e+01, -1.809433499144916e+01,  3.752752120592761e-01
s617        , -1.832352306169715e+01, -1.839735995060233e+01,  4.178236601808384e-01
s618        , -1.700993990522181e+01, -1.778969221727673e+01,  3.324996027209960e-01
s619        , -2.331208521979489e+01, -2.311284514302370e+01,  1.079936040753159e+00
s620        , -2.294394567846179e+01, -2.331972021814785e+01,  1.108983857230595e+00
s621        , -2.117716243218820e+01, -2.036252738604751e+01,  6.937574476513216e-01
s622        , -2.002792552777272e+01, -1.995446724035427e+01,  6.364607616356663e-01
s623        , -1.988853831837967e+01, -1.903822528110347e+01,  5.078090704385876e-01
s624        , -2.364575476956619e+01, -2.243595708313291e+01,  9.848925942302923e-01
s625        , -2.144171537166414e+01, -2.181094351212668e+01,  8.971329668532322e-01
s626        , -2.037069722396305e+01, -1.963840383657579e+01,  5.920815547994552e-01
s627        , -1.998545144661707e+01, -1.949720153844136e+01,  5.722550075948691e-01
s628        , -2.158119065398551e+01, -2.226653715872529e+01,  9.611039436697524e-01
s629        , -1.843917864187274e+01, -1.809134260959762e+01,  3.748550446766096e-01
s630        , -1.962256463480217e+01, -1.954851203249230e+01,  5.794596348979106e-01
s631        , -2.101091990223662e+01, -2.035740299631688e+01,  6.930379200215924e-01
s632        , -2.022844039713042e+01, -1.943611740168688e+01,  5.636780401034397e-01
s633        , -2.473876586737651e+01, -2.445966746610332e+01,  1.269046534828167e+00
s634        , -2.051539403555230e+01, -1.976083703226839e+01,  6.092726881299961e-01
s635        , -2.382235458298951e+01, -2.418435956625444e+01,  1.230389904275647e+00
s636        , -1.910586081968059e+01, -1.893506761425022e+01,  4.933244595051752e-01
s637        , -1.917066616024459e+01, -1.880695249095999e+01,  4.753355133400295e-01
s638        , -2.192001400012589e+01, -2.236763423335894e+01,  9.752992219970305e-01
s639        , -2.010078758798683e+01, -1.929933770167595e+01,  5.444724803163455e-01
s640        , -1.983289623130970e+01, -1.909766992273439e+01,  5.161558325587984e-01
s641        , -2.307886864739055e+01, -2.268075086218109e+01,  1.019264665222132e+00
s642        , -2.260273435105626e+01, -2.237466597121761e+01,  9.762865648691168e-01
s643        , -2.012782689900612e+01, -1.969861007209316e+01,  6.005352541107737e-01
s644        , -1.902512926743999e+01, -1.863865507149344e+01,  4.517044763417015e-01
s645        , -2.049081123370357e+01, -1.956054479160958e+01,  5.811491829420444e-01
s646        , -2.159630341817387e+01, -2.222081472504930e+01,  9.546839490835275e-01
s647        , -2.046804100673445e+01, -1.959839695485255e+01,  5.864640943227218e-01
s648        , -2.112203592795417e+01, -2.297172334811341e+01,  1.060120797195854e+00
s649        , -2.130712394597167e+01, -2.209171568239003e+01,  9.365568484826995e-01
s650        , -1.872664219670308e+01, -1.866504384181043e+01,  4.554097857259916e-01
s651        , -2.286060777226206e+01, -2.407050982244425e+01,  1.214403993637466e+00
s652        , -2.513277458672901e+01, -2.434890955772906e+01,  1.253494756084643e+00
s653        , -2.212366926194319e+01, -2.227384923450572e+01,  9.621306494496127e-01
s654        , -2.219498706816524e+01, -2.241956836882344e+01,  9.825914162595919e-01
s655        , -2.136195741190379e+01, -2.135425085668626e+01,  8.330076756171289e-01
s656        , -2.204727614381470e+01, -2.104714543333532e+01,  7.898862799082931e-01
s657        , -2.036339525797458e+01, -1.944924138279605e+01,  5.655208091972209e-01
s658        , -1.602366185676991e+01, -1.737082480924983e+01,  2.736854435505718e-01
s659        , -1.871169938684588e+01, -1.890126794981208e+01,  4.885785690250920e-01
s660        , -2.183022460938435e+01, -2.009111435037867e+01,  6.556477041505097e-01
s661        , -2.183692812512830e+01, -2.209162270600521e+01,  9.365437934495524e-01
s662        , -1.575332316936146e+01, -1.723953502304254e+01,  2.552507354890871e-01
s663        , -2.161244100467384e+01, -2.143558317956074e+01,  8.444277386050160e-01
s664        , -1.792030659393350e+01, -1.806133420876651e+01,  3.706414944478046e-01
s665        , -2.036353189911458e+01, -1.993957390872453e+01,  6.343695538685700e-01
s666        , -1.896012969757172e+01, -1.865859571380008e+01,  4.545043888870755e-01
s667        , -1.834472710605888e+01, -1.873462664467630e+01,  4.651800709400055e-01
s668        , -2.315183675604283e+01, -2.322245048922541e+01,  1.095325985527813e+00
s669        , -2.168824836514504e+01, -2.004404657974402e+01,  6.490388076337263e-01
s670        , -1.765957516951316e+01, -1.809002944974912e+01,  3.746706608098639e-01
s671        , -1.925271531654228e+01, -1.997462336471117e+01,  6.392909305231670e-01
s672        , -2.010246672918431e+01, -1.990826778347738e+01,  6.299737870984409e-01
s673        , -2.045224673553428e+01, -1.954982646495994e+01,  5.796441974561075e-01
s674        , -1.961862741224291e+01, -1.899953293004385e+01,  5.023761863079792e-01
s675        , -1.819835804307071e+01, -1.835894013967343e+01,  4.124290440518013e-01
s676        , -2.030955144796039e+01, -1.980022471101130e+01,  6.148032048580728e-01
s677        , -1.708028116046972e+01, -1.800799880579953e+01,  3.631525449153145e-01
s678        , -1.996975063415185e+01, -1.972237767816971e+01,  6.038725196513682e-01
s679        , -2.075675552323975e+01, -1.983081915764950e+01,  6.190990431587562e-01
s680        , -1.844365265503332e+01, -1.850668072358949e+01,  4.331736473602839e-01
s681        , -1.908965101407623e+01, -1.877201917924762e+01,  4.704304447764957e-01
s682        , -2.132701003782740e+01, -2.032286649678034e+01,  6.881885687901371e-01
s683        , -2.134055790648813e+01, -2.123408979584689e+01,  8.161355780920824e-01
s684        , -2.228765611405496e+01, -2.288692432683215e+01,  1.048213966920790e+00
s685        , -2.220524684044785e+01, -2.123356130902704e+01,  8.160613720131500e-01
s686        , -2.092862014660340e+01, -1.984206309171994e+01,  6.206778304204238e-01
s687        , -2.266843571203506e+01, -2.275915605073072e+01,  1.030273722386230e+00
s688        , -1.791243182954496e+01, -1.875426761395440e+01,  4.679379056897298e-01
s689        , -2.022924986754604e+01, -1.970457411812912e+01,  6.013726798596788e-01
s690        , -1.926971843911773e+01, -1.922458327909702e+01,  5.339760357995460e-01
s691        , -1.839442212707931e+01, -1.845149801597028e+01,  4.254253134312745e-01
s692        , -1.811967055159425e+01, -1.837060331552354e+01,  4.140666980390441e-01
s693        , -1.897178714286070e+01, -1.892353294619422e+01,  4.917048495999324e-01
s694        , -2.117746495604092e+01, -2.130746074659710e+01,  8.264377660714135e-01
s695        , -2.262578130233349e+01, -2.329044202228659e+01,  1.104872836801199e+00
s696        , -2.110358706695218e+01, -2.097092004554220e+01,  7.791832937017273e-01
s697        , -2.080079623838923e+01, -1.958968722724769e+01,  5.852411409588012e-01
s698        , -2.284382050270110e+01, -2.313918854358509e+01,  1.083634979663221e+00
s699        , -1.710021253686445e+01, -1.802251979010076e+01,  3.651914705171563e-01
s700        , -1.768315556313765e+01, -1.805216070342331e+01,  3.693534209594726e-01
s701        , -1.903295584190279e+01, -1.872556885955534e+01,  4.639082460005928e-01
s702        , -1.837939645173277e+01, -1.880759909205000e+01,  4.754263041217863e-01
s703        , -2.091048572489854e+01, -2.129319386825948e+01,  8.244345200863248e-01
s704        , -2.101614044515869e+01, -1.992531193838302e+01,  6.323669970267740e-01
s705        , -1.998067347119072e+01, -1.907675731896922e+01,  5.132194446161168e-01
s706        , -2.205053681559340e+01, -2.185844625869667e+01,  9.038029393654416e-01
s707        , -2.095566328486310e+01, -1.992840738601268e+01,  6.328016361180618e-01
s708        , -2.098548818691052e+01, -2.013774884131470e+01,  6.621957628444606e-01
s709        , -2.115794840593145e+01, -2.024647236669307e+01,  6.774618890806722e-01
s710        , -2.144561556804213e+01, -2.142478918094997e+01,  8.429121278408138e-01
s711        , -2.158487030708884e+01, -2.233371313146129e+01,  9.705362801972806e-01
s712        , -1.701606937532507e+01, -1.789531027625900e+01,  3.473296831073311e-01
s713        , -2.069677260469373e+01, -1.982412669189495e+01,  6.181593382817772e-01
s714        , -1.667903695847065e+01, -1.755705245998216e+01,  2.998341065456220e-01
s715        , -1.903979308955687e+01, -1.906532601907499e+01,  5.116143488778938e-01
s716        , -1.775292931769286e+01, -1.796356892781943e+01,  3.569140411182456e-01
s717        , -1.980553907801730e+01, -1.987956167633351e+01,  6.259430949930892e-01
s718        , -2.205506805307129e+01, -2.311164528127340e+01,  1.079767565339191e+00
s719        , -2.211926724507942e+01, -2.283600289253008e+01,  1.041063968413302e+00
s720        , -2.227273745316376e+01, -2.408539579537538e+01,  1.216494168152361e+00
s721        , -1.785735939085095e+01, -1.832810460477240e+01,  4.080993539803846e-01
s722        , -2.185625504194673e+01, -2.217076341641860e+01,  9.476561269706516e-01
s723        , -2.033801839240394e+01, -2.001786967463798e+01,  6.453632467426362e-01
s724        , -2.101306363073858e+01, -2.101574029779147e+01,  7.854766108692404e-01
s725        , -1.977835943733275e+01, -1.992918970955264e+01,  6.329114840086353e-01
s726        , -1.782642809085736e+01, -1.805672245117314e+01,  3.699939467036870e-01
s727        , -2.098840179836340e+01, -1.997271721882467e+01,  6.390232840903765e-01
s728        , -2.135488943619893e+01, -2.068976996390879e+01,  7.397063486468298e-01
s729        , -1.830313789299144e+01, -1.916848365598291e+01,  5.260989556066125e-01
s730        , -1.974102380594271e+01, -1.926586704919608e+01,  5.397727871801293e-01
s731        , -1.858542568590836e+01, -1.846518726054445e+01,  4.273474524993415e-01
s732        , -1.728575125425960e+01, -1.826467046716747e+01,  3.991924173354223e-01
s733        , -2.189672381410002e+01, -2.188779405394974e+01,  9.079237324093447e-01
s734        , -1.907291800543370e+01, -1.904774490886109e+01,  5.091457437902265e-01
s735        , -2.104653345651221e+01, -1.970138725720146e+01,  6.009252052119464e-01
s736        , -1.839280423093862e+01, -1.895279737413067e+01,  4.958139368425842e-01
s737        , -2.165426899727042e+01, -2.112295836075819e+01,  8.005313515829502e-01
s738        , -1.806822955624155e+01, -1.833593416564599e+01,  4.091987210608237e-01
s739        , -1.955458939471557e+01, -1.997622997826999e+01,  6.395165189164463e-01
s740        , -1.834079412742093e+01, -1.854755256965871e+01,  4.389125595177798e-01
s741        , -2.108323768665554e+01, -1.980138565129292e+01,  6.149662152169638e-01
s742        , -1.784982580383593e+01, -1.846959517960354e+01,  4.279663787948311e-01
s743        , -2.007117762213282e+01, -1.894126019037310e+01,  4.941939737017599e-01
s744        , -2.048858578542649e+01, -2.011401783566315e+01,  6.588636364557328e-01
s745        , -2.120349313282904e+01, -2.105226926865563e+01,  7.906057296919642e-01
s746        , -1.892251493836264e+01, -1.855320237228751e+01,  4.397058616098598e-01
s747        , -2.116880416688591e+01, -1.997417284455737e+01,  6.392276719274218e-01
s748        , -2.167842994358758e+01, -2.002721749252720e+01,  6.466757958660505e-01
s749        , -2.059667445248301e+01, -2.061959164865039e+01,  7.298524461353829e-01
s750        , -2.032384862658092e+01, -2.033101941310717e+01,  6.893333389712506e-01
s751        , -2.236553637276776e+01, -2.031107412397985e+01,  6.865327739548418e-01
s752        , -1.716732359631470e+01, -1.783538930861643e+01,  3.389160389301036e-01
s753        , -2.206691124025960e+01, -2.259969031467762e+01,  1.007882762854106e+00
s754        , -1.859855862913608e+01, -1.869500803232311e+01,  4.596171282798731e-01
s755        , -2.251644582892857e+01, -2.236899252723492e+01,  9.754899432388631e-01
s756        , -2.026279534630465e+01, -1.946444145753260e+01,  5.676550874863086e-01
s757        , -1.901185247831666e+01, -1.903523509586914e+01,  5.073892114881152e-01
s758        , -1.866312886885699e+01, -1.906875764355776e+01,  5.120961913528037e-01
s759        , -2.105033567951521e+01, -2.080699905401868e+01,  7.561667612571243e-01
s760        , -1.976737462921502e+01, -1.918114100219846e+01,  5.278762033960819e-01
s761        , -2.282845273202710e+01, -2.215608105718255e+01,  9.455945423341811e-01
s762        , -1.737428124739802e+01, -1.767049067047041e+01,  3.157622328209314e-01
s763        , -2.048674857080450e+01, -1.966804918375374e+01,  5.962441278098491e-01
s764        , -1.996103637141938e+01, -1.988205704148782e+01,  6.262934750908516e-01
s765        , -1.985538741097363e+01, -1.955099945705824e+01,  5.798089000389609e-01
s766        , -1.902823974868692e+01, -1.922200009797326e+01,  5.336133252547113e-01
s767        , -2.019726225103009e+01, -1.959508334302452e+01,  5.859988222825777e-01
s768        , -2.180287541987858e+01, -2.182642045819516e+01,  8.993061212980509e-01
s769        , -2.332774774981945e+01, -2.232354082164544e+01,  9.691079622208155e-01
s770        , -2.255011500408412e+01, -2.064677149219763e+01,  7.336688319748652e-01
s771        , -1.837836194936116e+01, -1.838902467970573e+01,  4.166532851651489e-01
s772        , -2.036442085092615e+01, -1.952772332030668e+01,  5.765406428636712e-01
s773        , -2.207703951964118e+01, -2.303115084679610e+01,  1.068465152234333e+00
s774        , -2.410464814655394e+01, -2.361943941074598e+01,  1.151068134885269e+00
s775        , -2.145476048405246e+01, -2.041042023834401e+01,  7.004821958272670e-01
s776        , -1.783304251394927e+01, -1.855996354876665e+01,  4.406552143214881e-01
s777        , -1.926023008452307e+01, -1.962688036642463e+01,  5.904635172184021e-01
s778        , -1.976550707196644e+01, -1.914864226105253e+01,  5.233129786190598e-01
s779        , -2.301809423461469e+01, -2.212109549127745e+01,  9.406821366363921e-01
s780        , -1.989864127452180e+01, -1.954795437133922e+01,  5.793813323821458e-01
s781        , -1.803783397921168e+01, -1.820053070218857e+01,  3.901864018891683e-01
s782        , -2.003060740563550e+01, -1.983290059360835e+01,  6.193913024834039e-01
s783        , -2.170310297580588e+01, -2.138538648586854e+01,  8.373795026332825e-01
s784        , -1.828106793020000e+01, -1.947254283510700e+01,  5.687926209898214e-01
s785        , -1.904288077315707e+01, -1.891146342108320e+01,  4.900101391560361e-01
s786        , -2.022975758111321e+01, -1.950370375292952e+01,  5.731679988435038e-01
s787        , -1.858814151939532e+01, -1.896715090987501e+01,  4.978293505982216e-01
s788        , -1.926046054059691e+01, -1.928972885942147e+01,  5.431232801471074e-01
s789        , -2.212378523930028e+01, -2.292931197629839e+01,  1.054165716602894e+00
s790        , -2.174169856486492e+01, -2.210929508408482e+01,  9.390252136731739e-01
s791        , -1.907773631846257e+01, -1.896972680764964e+01,  4.981910384708537e-01
s792        , -2.217884458062024e+01, -2.211599604403077e+01,  9.399661112395719e-01
s793        , -2.046845693654859e+01, -1.956039752562693e+01,  5.811285049786167e-01
s794        , -1.973890233992908e+01, -1.925771120523989e+01,  5.386276059236836e-01
s795        , -2.098054198937622e+01, -1.993326778991117e+01,  6.334840968754287e-01
s796        , -1.872193723420701e+01, -1.863612961571182e+01,  4.513498711480969e-01
s797        , -1.738396768625594e+01, -1.886487561595948e+01,  4.834686357269335e-01
s798        , -1.812351947027918e+01, -1.848948915615341e+01,  4.307597388914023e-01
s799        , -2.115781411801412e+01, -2.084102345717326e+01,  7.609442078296287e-01
s800        , -2.197753832223543e+01, -2.142793209905103e+01,  8.433534323727802e-01
s801        , -2.000340332694237e+01, -2.059045028381972e+01,  7.257606384732206e-01
s802        , -2.346278750692302e+01, -2.305602686578321e+01,  1.071958052641950e+00
s803        , -2.201425716118592e+01, -2.170641788712883e+01,  8.824562776952708e-01
s804        , -1.618324989548500e+01, -1.760265297687535e+01,  3.062369825092661e-01
s805        , -2.141738653455062e+01, -2.122706245497831e+01,  8.151488526117295e-01
s806        , -2.157933013723432e+01, -2.116711090944774e+01,  8.067309149212381e-01
s807        , -1.912040169626662e+01, -2.060787260750466e+01,  7.282069479704227e-01
s808        , -2.304047586711122e+01, -2.233272325215510e+01,  9.703972889127872e-01
s809        , -2.047218776779852e+01, -1.967335758503912e+01,  5.969894929353188e-01
s810        , -2.119146876442327e+01, -2.196378007275793e+01,  9.185931082530352e-01
s811        , -2.180116494254657e+01, -2.202799956242731e+01,  9.276103180308274e-01
s812        , -2.372646511684069e+01, -2.321747688745047e+01,  1.094627630390039e+00
s813        , -2.269928091374550e+01, -2.225359036130036e+01,  9.592860533543317e-01
s814        , -1.832573741415099e+01, -1.962054334179766e+01,  5.895737206671890e-01
s815        , -2.057906464758977e+01, -1.985809826109008e+01,  6.229293663136137e-01
s816        , -1.808215553271357e+01, -1.817448300061276e+01,  3.865289827700265e-01
s817        , -2.152086258044021e+01, -2.192230170420395e+01,  9.127690328451279e-01
s818        , -2.057353864229959e+01, -2.009907687716291e+01,  6.567657412875909e-01
s819        , -2.244567325669163e+01, -2.313153730988006e+01,  1.082560651920470e+00
s820        , -2.103220827040201e+01, -1.982077174593742e+01,  6.176882624191703e-01
s821        , -2.251724700203312e+01, -2.216673916898811e+01,  9.470910729120586e-01
s822        , -1.967652212859418e+01, -1.943780663977862e+01,  5.639152300019621e-01
s823        , -1.898228811729100e+01, -1.943862782963330e+01,  5.640305352033137e-01
s824        , -2.375965705343503e+01, -2.425652729415435e+01,  1.240523144901045e+00
s825        , -2.074394606294202e+01, -1.954691193844265e+01,  5.792349619242682e-01
s826        , -2.229590893513048e+01, -2.222335711770530e+01,  9.550409324235480e-01
s827        , -2.030439908572953e+01, -1.985935721839729e+01,  6.231061394738929e-01
s828        , -2.126632247755481e+01, -2.007462689532871e+01,  6.533326617599082e-01
s829        , -1.836528680868646e+01, -1.830155006474729e+01,  4.043707684809988e-01
s830        , -2.038358031572328e+01, -1.977217918948362e+01,  6.108652671347337e-01
s831        , -2.014217587228185e+01, -2.030923227282337e+01,  6.862741552965029e-01
s832        , -1.638297894992474e+01, -1.811661969090933e+01,  3.784042591897027e-01
s833        , -2.087813803835245e+01, -2.000347119045727e+01,  6.433415216711954e-01
s834        , -2.163260872857058e+01, -2.013106082162457e+01,  6.612566822498568e-01
s835        , -1.845033213930005e+01, -1.827248641855045e+01,  4.002898734752357e-01
s836        , -2.085703068105029e+01, -1.932938217960795e+01,  5.486910962158462e-01
s837        , -1.604298594536770e+01, -1.754758630722080e+01,  2.985049417441374e-01
s838        , -1.819387371328009e+01, -1.812303824173570e+01,  3.793055030265626e-01
s839        , -2.199016371973259e+01, -2.229353577322336e+01,  9.648948827116562e-01
s840        , -1.816847175772266e+01, -1.916829459683441e+01,  5.260724093663479e-01
s841        , -2.076446728280485e+01, -1.970451958157359e+01,  6.013650222534849e-01
s842        , -1.719569444321167e+01, -1.806894462550508e+01,  3.717100909841730e-01
s843        , -1.999816334280537e+01, -1.922068051212806e+01,  5.334280390986353e-01
s844        , -1.581596700213373e+01, -1.745713746535198e+01,  2.858048068553630e-01
s845        , -2.003183538643507e+01, -1.973365526223743e+01,  6.054560317883965e-01
s846        , -2.166933569232110e+01, -2.183601290602601e+01,  9.006530194876612e-01
s847        , -2.001719781047365e+01, -1.950023318425419e+01,  5.726806881228057e-01
s848        , -1.670780899311153e+01, -1.775814796412973e+01,  3.280703998516708e-01
s849        , -2.103364362191806e+01, -2.099021947529616e+01,  7.818931720825609e-01
s850        , -1.674889176362534e+01, -1.746461574853917e+01,  2.868548502086157e-01
s851        , -1.887785873496733e+01, -1.927852380831886e+01,  5.415499525345192e-01
s852        , -1.916613881673827e+01, -1.950444911184853e+01,  5.732726564446006e-01
s853        , -2.151831650372089e+01, -2.198744006410433e+01,  9.219152633559424e-01
s854        , -2.092228526657664e+01, -1.979308564252673e+01,  6.138007914400458e-01
s855        , -1.984690981488844e+01, -1.908817065624002e+01,  5.148220181800818e-01
s856        , -1.857995804240183e+01, -1.861274649422596e+01,  4.480665919943216e-01
s857        , -2.294003947989728e+01, -2.214820424711404e+01,  9.444885408830145e-01
s858        , -2.107902559750898e+01, -2.076157965023112e+01,  7.497893158111515e-01
s859        , -1.829183386036745e+01, -1.856370494130730e+01,  4.411805520588920e-01
s860        , -2.148418071954308e+01, -2.147655586938325e+01,  8.501808104713924e-01
s861        , -2.060440939951398e+01, -1.963820482298626e+01,  5.920536108326833e-01
s862        , -1.983634035476443e+01, -1.932724594211776e+01,  5.483911420791293e-01
s863        , -2.017821382918477e+01, -1.998159907650811e+01,  6.402704066439874e-01
s864        , -2.145828954671971e+01, -1.988960674971974e+01,  6.273535474028362e-01
s865        , -2.179521899962700e+01, -2.203923786556025e+01,  9.291883146392994e-01
s866        , -2.240641608733365e+01, -2.299504826151093e+01,  1.063395903214869e+00
s867        , -1.970162478711471e+01, -1.889648984811248e+01,  4.879076645132889e-01
s868        , -1.579821539399930e+01, -1.726725936360121e+01,  2.591435754362048e-01
s869        , -1.927595790821999e+01, -1.922951214440542e+01,  5.346681093847010e-01
s870        , -1.834436146157947e+01, -1.914460084475444e+01,  5.227455138393355e-01
s871        , -1.954632707936713e+01, -1.961457708202273e+01,  5.887359840819825e-01
s872        , -2.222687656829416e+01, -2.322001598999173e+01,  1.094984151757302e+00
s873        , -2.174135075548704e+01, -2.031485376549614e+01,  6.870634823209880e-01
s874        , -2.306987923711809e+01, -2.467644167890948e+01,  1.299484312539450e+00
s875        , -2.178123430913379e+01, -2.161002389815978e+01,  8.689213707016628e-01
s876        , -2.287277527114560e+01, -2.325067318853997e+01,  1.099288801201453e+00
s877        , -2.189016288213647e+01, -2.154353267222425e+01,  8.595851810849284e-01
s878        , -1.876974537203656e+01, -1.864826308189628e+01,  4.530535597086928e-01
s879        , -1.761744622782913e+01, -1.813602921215359e+01,  3.811295957759491e-01
s880        , -1.792977215528789e+01, -1.860695410892556e+01,  4.472532695335473e-01
s881        , -2.116921283478955e+01, -2.074590977589731e+01,  7.475890718542624e-01
s882        , -1.809005639564229e+01, -1.844253438470493e+01,  4.241667088564562e-01
s883        , -1.958200153707774e+01, -1.944245179844048e+01,  5.645674676687634e-01
s884        , -1.866641101726497e+01, -1.894192453637310e+01,  4.942872560881175e-01
s885        , -1.949202935470739e+01, -1.985489828110710e+01,  6.224800495884305e-01
s886        , -1.753621319174707e+01, -1.793050314349084e+01,  3.522711964725913e-01
s887        , -2.072504645987743e+01, -1.957074675540629e+01,  5.825816647037954e-01
s888        , -2.163711888094086e+01, -2.207902500929999e+01,  9.347749211882999e-01
s889        , -1.784767272504274e+01, -1.812801187571848e+01,  3.800038626867143e-01
s890        , -2.036577167825686e+01, -2.096231467460263e+01,  7.779749933029340e-01
s891        , -1.925489904031788e+01, -1.912468688100933e+01,  5.199493472936116e-01
s892        , -1.797999052112338e+01, -1.945172123489133e+01,  5.658690110698326e-01
s893        , -2.224398236502422e+01, -2.083143499068735e+01,  7.595978686700382e-01
s894        , -2.015695897880840e+01, -1.927095450090242e+01,  5.404871282548804e-01
s895        , -1.853378696029952e+01, -1.886024496780940e+01,  4.828184355152627e-01
s896        , -2.478440805107692e+01, -2.427656562854767e+01,  1.243336774622370e+00
s897        , -2.202247365131235e+01, -1.998229546211547e+01,  6.403681877870665e-01
s898        , -2.008627742560493e+01, -1.928321767013842e+01,  5.422090287263870e-01
s899        , -1.802005794967191e+01, -1.819160121941075e+01,  3.889325921839010e-01
s900        , -1.770516073583232e+01, -1.827373048225539e+01,  4.004645553897467e-01
s901        , -2.425916197575684e+01, -2.319956480194502e+01,  1.092112552282257e+00
s902        , -1.641892815066793e+01, -1.763029052734457e+01,  3.101176360555393e-01
s903        , -2.332207101034287e+01, -2.410093317138601e+01,  1.218675807707668e+00
s904        , -2.132463334662818e+01, -2.105104478457372e+01,  7.904337969984309e-01
s905        , -2.166343218809494e+01, -2.161112351908712e+01,  8.690757710656172e-01
s906        , -1.790842270146736e+01, -1.773657127264287e+01,  3.250407657880967e-01
s907        , -1.911599503394165e+01, -1.933149524067316e+01,  5.489877960961538e-01
s908        , -2.062377494321661e+01, -1.947531269431831e+01,  5.691815434445457e-01
s909        , -2.034650826700463e+01, -2.086330721443985e+01,  7.640731226644346e-01
s910        , -1.701866755175476e+01, -1.755911713826264e+01,  3.001240128851855e-01
s911        , -1.800428066961873e+01, -1.834303587942225e+01,  4.101958894162887e-01
s912        , -2.018815932170212e+01, -2.015947712219174e+01,  6.652466819312948e-01
s913        , -1.735412329082851e+01, -1.824492749112252e+01,  3.964202595753447e-01
s914        , -2.004618788210774e+01, -2.080294031899567e+01,  7.555968647144492e-01
s915        , -1.937730144245923e+01, -1.931981705835859e+01,  5.473480350158971e-01
s916        , -2.191302790761547e+01, -2.175968457954080e+01,  8.899355794169231e-01
s917        , -1.792924589211810e+01, -1.819840989999759e+01,  3.898886150591625e-01
s918        , -2.621730238337609e+01, -2.541435998717218e+01,  1.403097159959046e+00
s919        , -1.919355775511356e+01, -1.944844843401935e+01,  5.654094693921351e-01
s920        , -1.675861595936722e+01, -1.757796478192464e+01,  3.027704549169162e-01
s921        , -2.192756432754418e+01, -2.264239204602161e+01,  1.013878613512310e+00
s922        , -2.290193110331377e+01, -2.336552694108619e+01,  1.115415687070644e+00
s923        , -1.925371616601646e+01, -1.891233559571266e+01,  4.901326032496811e-01
s924        , -1.798705044323696e+01, -1.923682370039261e+01,  5.356947421791689e-01
s925        , -2.338449219749342e+01, -2.376082560535465e+01,  1.170920503426869e+00
s926        , -1.762302148317026e+01, -1.783243573621339e+01,  3.385013208734937e-01
s927        , -1.720744831710588e+01, -1.787808738112117e+01,  3.449113758420705e-01
s928        , -1.827654667645005e+01, -1.896172352482761e+01,  4.970672786825281e-01
s929        , -2.066098735264480e+01, -2.069707433383852e+01,  7.407319724300471e-01
s930        , -1.982419875205301e+01, -2.128169612137149e+01,  8.228200943692305e-01
s931        , -2.184683786579889e+01, -2.196335019895179e+01,  9.185327486595862e-01
s932        , -2.007807490293144e+01, -1.947248325015383e+01,  5.687842545262275e-01
s933        , -2.186904116931162e+01, -2.084582724066188e+01,  7.616187183819084e-01
s934        , -1.595875499840616e+01, -1.749581758192544e+01,  2.912359731129573e-01
s935        , -1.706347068237267e+01, -1.786581136862008e+01,  3.431876720174679e-01
s936        , -1.818003510858343e+01, -1.832712578696638e+01,  4.079619158671804e-01
s937        , -2.175658784400171e+01, -2.238279567086024e+01,  9.774280751409274e-01
s938        , -2.010166135357230e+01, -1.916315363151224e+01,  5.253505543187754e-01
s939        , -1.813809060682595e+01, -1.822592095836411e+01,  3.937515075514127e-01
s940        , -2.094308051046411e+01, -2.064597881879700e+01,  7.335575308359820e-01
s941        , -1.827480816862776e+01, -1.861547222794269e+01,  4.484493186844384e-01
s942        , -1.770857434290158e+01, -1.817247729879948e+01,  3.862473574551068e-01
s943        , -1.938132201948424e+01, -1.944305975381596e+01,  5.646528321147350e-01
s944        , -1.770272330222015e+01, -1.853946029563402e+01,  4.377763042651195e-01
s945        , -1.924477319915050e+01, -1.921125125593342e+01,  5.321040550309738e-01
s946        , -2.185513295241253e+01, -2.100451624819926e+01,  7.839006156339863e-01
s947        , -2.017292248813791e+01, -1.959328691241975e+01,  5.857465812308668e-01
s948        , -1.792501053388721e+01, -1.838301318406170e+01,  4.158091969050337e-01
s949        , -2.005207290213696e+01, -2.003728879875361e+01,  6.480899316906648e-01
s950        , -2.257823345395823e+01, -2.372487734797432e+01,  1.165872923951957e+00
s951        , -1.571913272603913e+01, -1.746122828732561e+01,  2.863792088023381e-01
s952        , -2.233989362366768e+01, -2.315065678945387e+01,  1.085245263072736e+00
s953        , -2.342860552534396e+01, -2.380515215291418e+01,  1.177144498356248e+00
s954        , -2.204077204416149e+01, -2.282958405726545e+01,  1.040162684637795e+00
s955        , -1.756302978982562e+01, -1.889584767558335e+01,  4.878174955561936e-01
s956        , -2.291971088639473e+01, -2.238965199765913e+01,  9.783907881330263e-01
s957        , -1.872997367448807e+01, -1.860433808125596e+01,  4.468859469278597e-01
s958        , -2.138547156076431e+01, -2.050134415623790e+01,  7.132490372595006e-01
s959        , -1.926386090665138e+01, -1.883165318795407e+01,  4.788037963737307e-01
s960        , -1.680470785163838e+01, -1.800885325968091e+01,  3.632725207969895e-01
s961        , -2.001579976967623e+01, -1.963141767805127e+01,  5.911006118290146e-01
s962        , -1.871905926332032e+01, -1.845666986736931e+01,  4.261515052656337e-01
s963        , -1.918665598310528e+01, -1.920594235477072e+01,  5.313586197165533e-01
s964        , -1.746488927974545e+01, -1.798710544550321e+01,  3.602188589934106e-01
s965        , -1.971186761143078e+01, -1.938697490014982e+01,  5.567778257347735e-01
s966        , -1.765956881606673e+01, -1.784593833897512e+01,  3.403972531251445e-01
s967        , -2.223688117086612e+01, -2.222644879460188e+01,  9.554750420573239e-01
s968        , -1.998239594820018e+01, -1.993922917838909e+01,  6.343211494703500e-01
s969        , -2.101894011109180e+01, -2.021907049579322e+01,  6.736143278577476e-01
s970        , -1.986554229461376e+01, -1.945409793751208e+01,  5.662027294818150e-01
s971        , -1.914500631305469e+01, -1.871489058754015e+01,  4.624088846802045e-01
s972        , -1.930540895911451e+01, -1.978739469396729e+01,  6.130017119509485e-01
s973        , -2.013055280326089e+01, -1.981207058335895e+01,  6.164665116907740e-01
s974        , -1.991254970003848e+01, -1.970321413703999e+01,  6.011817217122731e-01
s975        , -2.002907222040815e+01, -1.954396045412667e+01,  5.788205370608793e-01
s976        , -2.147573630129902e+01, -2.124135930904286e+01,  8.171563075592259e-01
s977        , -1.918950409415471e+01, -1.931854845240027e+01,  5.471699070657930e-01
s978        , -1.698999961978807e+01, -1.796173932222709e+01,  3.566571418884053e-01
s979        , -2.115978794608996e+01, -2.127329058606989e+01,  8.216398533629667e-01
s980        , -1.730989298326385e+01, -1.771451955489070e+01,  3.219444321679492e-01
s981        , -2.142850865946883e+01, -2.024550774792124e+01,  6.773264446872955e-01
s982        , -2.110948756566415e+01, -2.146548948554699e+01,  8.486269534562265e-01
s983        , -1.831465175322002e+01, -1.856342288748025e+01,  4.411409482168149e-01
s984        , -2.150201864035685e+01, -1.971694072151141e+01,  6.031091037632456e-01
s985        , -1.659952594735737e+01, -1.763312217734070e+01,  3.105152346998727e-01
s986        , -2.105203087443673e+01, -1.982842468535766e+01,  6.187628296654107e-01
s987        , -2.066592788190784e+01, -2.027492821628588e+01,  6.814574419339353e-01
s988        , -2.133344594608628e+01, -2.164164553401491e+01,  8.733614390592697e-01
s989        , -2.008246059204520e+01, -1.951448945506531e+01,  5.746824446801169e-01
s990        , -2.181814335912880e+01, -2.294055112844197e+01,  1.055743832422951e+00
s991        , -1.674874949890157e+01, -1.757103950283919e+01,  3.017980601718828e-01
s992        , -1.990187356431624e+01, -1.899204757100249e+01,  5.013251494173790e-01
s993        , -2.167451347953028e+01, -2.127676935897196e+01,  8.221283160584625e-01
s994        , -2.085856003252748e+01, -2.092098944228338e+01,  7.721724201143727e-01
s995        , -1.532250426373563e+01, -1.713510652197350e+01,  2.405876837306922e-01
s996        , -2.197589637081217e+01, -2.210864575125306e+01,  9.389340393211243e-01
s997        , -1.843774602570321e+01, -1.801392873745711e+01,  3.639851805840119e-01
s998        , -2.004154224207673e+01, -1.942396324744185e+01,  5.619714466835398e-01
s999        , -1.918982967461324e+01, -1.893517620154450e+01,  4.933397065028812e-01
s1000       , -2.386287011937712e+01, -2.405508341056197e+01,  1.212237934816737e+00
s1001       , -2.142986106465667e+01, -2.056346577019776e+01,  7.219716793685378e-01
s1002       , -1.703565403983971e+01, -1.800726259390035e+01,  3.630491716688125e-01
s1003       , -2.272857267296788e+01, -2.433727605477090e+01,  1.251861268538038e+00
s1004       , -1.957549960274314e+01, -1.893139955108731e+01,  4.928094181183866e-01
s1005       , -2.033955634118916e+01, -1.966164889283258e+01,  5.953454478892820e-01
s1006       , -2.103463075725037e+01, -1.956493989058571e+01,  5.817663091394952e-01
s1007       , -1.845815321471510e+01, -1.889384502951921e+01,  4.875362993062075e-01
s1008       , -2.105860584214290e+01, -2.174571870931146e+01,  8.879745986891775e-01
s1009       , -2.225664818829298e+01, -2.203655543598022e+01,  9.288116683849957e-01
s1010       , -2.029000137617794e+01, -2.022403519671335e+01,  6.743114332055361e-01
s1011       , -2.150175758271834e+01, -2.204577196212161e+01,  9.301057825249129e-01
s1012       , -1.789395613621291e+01, -1.779005764433331e+01,  3.325509131945701e-01
s1013       , -1.907481979836395e+01, -1.877921728783852e+01,  4.714411481548882e-01
s1014       , -1.701362802016618e+01, -1.744838258547730e+01,  2.845755135549055e-01
s1015       , -1.771043360260808e+01, -1.812341067140957e+01,  3.793577967541210e-01
s1016       , -2.325177194237830e+01, -2.194677886033273e+01,  9.162059279795075e-01
s1017       , -2.061131053204120e+01, -2.036013650857068e+01,  6.934217389144172e-01
s1018       , -1.637685178145171e+01, -1.747002484087365e+01,  2.876143536014106e-01
s1019       , -2.229355013298489e+01, -2.273972361435021e+01,  1.027545168231739e+00
s1020       , -1.626620443538163e+01, -1.770157405517537e+01,  3.201267240669912e-01
s1021       , -2.225684084822025e+01, -2.272997525200709e+01,  1.026176377718292e+00
s1022       , -1.619907626993357e+01, -1.768851742392728e+01,  3.182934117258080e-01
s1023       , -2.164326276096592e+01, -2.006891653704797e+01,  6.525308569061345e-01
s1024       , -1.814482992541786e+01, -1.813888721531691e+01,  3.815308947305480e-01
s1025       , -1.966276460675046e+01, -2.000590232787857e+01,  6.436828834017136e-01
s1026       , -1.787958226759213e+01, -1.832110770596577e+01,  4.071169029416389e-01
s1027       , -2.228548280106830e+01, -2.361627201671934e+01,  1.150623393630951e+00
s1028       , -1.939576101741603e+01, -1.913373865027106e+01,  5.212203275320614e-01
s1029       , -2.072177297910414e+01, -1.954594356572254e+01,  5.790989904301729e-01
s1030       , -2.116639743005703e+01, -2.007409508058607e+01,  6.532579883995001e-01
s1031       , -1.871817432191781e+01, -1.883022681111419e+01,  4.786035154426045e-01
s1032       , -1.793076662035363e+01, -1.913381356935332e+01,  5.212308470968330e-01
s1033       , -2.190726556241366e+01, -2.237195775951274e+01,  9.759062984859491e-01
s1034       , -1.655942363042545e+01, -1.775903667021890e+01,  3.281951851665039e-01
s1035       , -1.920990065585595e+01, -1.950692340772204e+01,  5.736200781550289e-01
s1036       , -1.624542641970273e+01, -1.761641006064813e+01,  3.081686470389676e-01
s1037       , -1.865413258865576e+01, -1.891435767983000e+01,  4.904165288424915e-01
s1038       , -2.303917859954092e+01, -2.337510838499258e+01,  1.116761040173306e+00
s1039       , -2.268866240524940e+01, -2.446817090871161e+01,  1.270240523229930e+00
s1040       , -2.002650999928207e+01, -2.014466228437135e+01,  6.631664956648179e-01
s1041       , -2.439240447433291e+01, -2.355559145901238e+01,  1.142103093623991e+00
