# c0 + a0 * ((face-area-avg - E_T) - (poly_dist_avg + O))
# Property Label: $ln_{D}$; Unit of the Property: Unitless
# RMSE: 0.434388048336224; Max AE: 2.38619327933993
# Coefficients
# Task   a0                      c0
# all ,  6.820410163713426e-01, -1.111739446468254e+01, 
# Feature Rung, Units, and Expressions
# 0;  2; Unitless;                                         33|0|sub|30|12|add|sub; ((face-area-avg - E_T) - (poly_dist_avg + O)); $\left(\left(face-area-avg - E_{T}\right) - \left(poly_{dist, avg} + O\right)\right)$; ((face_sub_area_sub_avg - E_T) - (poly_dist_avg + O)); ((newdata$face_sub_area_sub_avg - newdata$E_T) - (newdata$poly_dist_avg + newdata$O)); face-area-avg,E_T,poly_dist_avg,O
# Number of Samples Per Task
# Task, n_samples               
# all , 1041                  

# Sample ID , Property Value        ,  Property Value (EST) ,  Feature 0 Value      
s1          , -2.244947812336508e+01, -2.187372682445396e+01, -1.577079985159580e+01
s2          , -2.298888400764099e+01, -2.296212699374189e+01, -1.736659855455143e+01
s3          , -1.755271246623431e+01, -1.782561429772986e+01, -9.835507941644053e+00
s4          , -1.917258847351942e+01, -1.910158233898929e+01, -1.170631631039576e+01
s5          , -2.000094091703784e+01, -2.038833066696433e+01, -1.359293060057572e+01
s6          , -2.179532463031582e+01, -2.132119492215961e+01, -1.496068449338174e+01
s7          , -2.156980503382011e+01, -2.100628541307523e+01, -1.449896811339070e+01
s8          , -2.070680399014268e+01, -2.101043545442145e+01, -1.450505285205980e+01
s9          , -2.311678210871720e+01, -2.287827551625531e+01, -1.724365656796434e+01
s10         , -1.955558688693647e+01, -1.947251013324372e+01, -1.225016599883220e+01
s11         , -1.929232032084748e+01, -1.951386553400732e+01, -1.231080076971978e+01
s12         , -1.972420304545977e+01, -1.862365058030434e+01, -1.100557874885190e+01
s13         , -1.649771434553038e+01, -1.713028832843373e+01, -8.816029709974833e+00
s14         , -1.814284237715737e+01, -1.836766160019075e+01, -1.063025091083488e+01
s15         , -2.140988745272463e+01, -2.143610388693405e+01, -1.512916257903382e+01
s16         , -2.271802967642396e+01, -2.235429223903635e+01, -1.647539884644679e+01
s17         , -1.845283706311921e+01, -1.864916571769035e+01, -1.104298872387329e+01
s18         , -2.106370881996578e+01, -2.119433318125258e+01, -1.477468139699618e+01
s19         , -2.166440903696862e+01, -2.222248652062645e+01, -1.628214695213822e+01
s20         , -1.957524373940041e+01, -1.938877269439131e+01, -1.212739121426292e+01
s21         , -2.230012329283520e+01, -2.237469471895660e+01, -1.650531270709522e+01
s22         , -1.709175230426198e+01, -1.661898653695225e+01, -8.066365424091041e+00
s23         , -2.271630669020732e+01, -2.322517316383460e+01, -1.775227355616965e+01
s24         , -1.997593461761007e+01, -2.020149558398474e+01, -1.331899534082608e+01
s25         , -2.228124530569044e+01, -2.258540108533782e+01, -1.681424774373310e+01
s26         , -1.806502239865187e+01, -1.769273495389282e+01, -9.640681911174509e+00
s27         , -2.017409009594002e+01, -2.027170614574780e+01, -1.342193718754463e+01
s28         , -1.658938425028538e+01, -1.719383176155885e+01, -8.909196296147602e+00
s29         , -2.262132344831001e+01, -2.324300620295426e+01, -1.777842013488208e+01
s30         , -1.697997334312175e+01, -1.754236353866995e+01, -9.420209224615430e+00
s31         , -1.964904728113367e+01, -1.919847319268089e+01, -1.184837646713983e+01
s32         , -2.151059652715050e+01, -2.159407420267643e+01, -1.536077667840694e+01
s33         , -2.289264810431292e+01, -2.359234453851716e+01, -1.829061562925497e+01
s34         , -2.302504917991390e+01, -2.236197684006574e+01, -1.648666591227557e+01
s35         , -2.244061385591441e+01, -2.232067742560485e+01, -1.642611322780417e+01
s36         , -2.239655424600443e+01, -2.150588389479649e+01, -1.523147315301321e+01
s37         , -2.226102540809307e+01, -2.190008019147987e+01, -1.580943882842174e+01
s38         , -2.102436377352775e+01, -2.084499920810480e+01, -1.426249229874172e+01
s39         , -2.141661104833067e+01, -2.008113408446325e+01, -1.314252281698603e+01
s40         , -1.990275935468409e+01, -1.930237172556588e+01, -1.200071119539087e+01
s41         , -1.952311408648237e+01, -1.894089735077316e+01, -1.147072199222554e+01
s42         , -1.862175379272403e+01, -1.939581700526119e+01, -1.213771949467537e+01
s43         , -2.257821044890805e+01, -2.194861729502971e+01, -1.588060332202958e+01
s44         , -1.984867902879579e+01, -1.968749897957436e+01, -1.256537995396124e+01
s45         , -1.928264199244582e+01, -1.953588727627604e+01, -1.234308877255263e+01
s46         , -2.007096062658339e+01, -2.028361815124283e+01, -1.343940242087973e+01
s47         , -1.842882744186564e+01, -1.901906819390660e+01, -1.158533510383770e+01
s48         , -1.712958329507449e+01, -1.673420792477218e+01, -8.235301580501316e+00
s49         , -2.142142340445580e+01, -2.200168709629975e+01, -1.595841360029171e+01
s50         , -2.022197746600499e+01, -2.036584324328410e+01, -1.355995982148700e+01
s51         , -2.208446385448407e+01, -2.254180980109214e+01, -1.675033474847426e+01
s52         , -2.030062191637932e+01, -2.001565038578745e+01, -1.304651143775228e+01
s53         , -1.881589086732163e+01, -1.842033836008168e+01, -1.070748491674728e+01
s54         , -2.389190768082197e+01, -2.456411764267238e+01, -1.971541718932144e+01
s55         , -1.989931101552115e+01, -1.984139122537160e+01, -1.279101483823256e+01
s56         , -2.293632659980805e+01, -2.313791597342357e+01, -1.762433815592750e+01
s57         , -2.165250835772914e+01, -2.176904411573475e+01, -1.561731537455342e+01
s58         , -2.493828100106786e+01, -2.483234746714932e+01, -2.010869240010569e+01
s59         , -2.019609135900962e+01, -1.997440727972850e+01, -1.298604131195489e+01
s60         , -1.686951544328429e+01, -1.732169830033722e+01, -9.096672614593452e+00
s61         , -1.698686520707895e+01, -1.787135398966259e+01, -9.902570905358580e+00
s62         , -1.961666852236879e+01, -1.989387823308490e+01, -1.286797063187756e+01
s63         , -2.363642228074260e+01, -2.324953833686771e+01, -1.778799746785276e+01
s64         , -2.123215125329894e+01, -2.138119755170520e+01, -1.504865959767213e+01
s65         , -2.229595939650926e+01, -2.198753816626904e+01, -1.593766861620557e+01
s66         , -2.209517036440609e+01, -2.189238197294404e+01, -1.579815179677549e+01
s67         , -2.100952424313996e+01, -2.060567753764794e+01, -1.391160186149190e+01
s68         , -2.306714632630091e+01, -2.306638989462115e+01, -1.751946751459430e+01
s69         , -2.116954741071400e+01, -2.146739279946301e+01, -1.517503799089016e+01
s70         , -2.268552320802911e+01, -2.155388016707722e+01, -1.530184468658473e+01
s71         , -1.844586653395837e+01, -1.937283582163976e+01, -1.210402477094205e+01
s72         , -2.185924535832699e+01, -2.165424313909576e+01, -1.544899561975368e+01
s73         , -1.814705961150877e+01, -1.871630903336990e+01, -1.114143341278183e+01
s74         , -2.269683109870329e+01, -2.357299804408340e+01, -1.826225004130735e+01
s75         , -2.162544692540680e+01, -2.103449372236100e+01, -1.454032678333676e+01
s76         , -1.799713371423827e+01, -1.876907971235707e+01, -1.121880512169742e+01
s77         , -1.808839931225978e+01, -1.794068229624481e+01, -1.000421920057557e+01
s78         , -1.710463489071706e+01, -1.751349024484883e+01, -9.377875562668338e+00
s79         , -2.130172009097587e+01, -2.129325282871993e+01, -1.491971614577658e+01
s80         , -2.075517304342145e+01, -2.096547484318815e+01, -1.443913216671378e+01
s81         , -1.679587307458704e+01, -1.756964487770002e+01, -9.460208782376951e+00
s82         , -1.961963418382102e+01, -1.946023676675470e+01, -1.223217094253146e+01
s83         , -1.732943596118787e+01, -1.766268044580884e+01, -9.596616367662358e+00
s84         , -2.091958911511147e+01, -2.162137566134697e+01, -1.540080573533346e+01
s85         , -1.931803893900067e+01, -1.914139935194478e+01, -1.176469551633754e+01
s86         , -2.124992178205270e+01, -2.017461541036070e+01, -1.327958396676085e+01
s87         , -2.000999990609716e+01, -1.986490530233125e+01, -1.282549088350731e+01
s88         , -1.933594922663024e+01, -1.961374072600715e+01, -1.245723652593161e+01
s89         , -2.128477820873118e+01, -2.120513624507570e+01, -1.479052071393432e+01
s90         , -2.009844325702736e+01, -2.043754815591137e+01, -1.366509266673545e+01
s91         , -2.185233402642529e+01, -2.226269614316867e+01, -1.634110179734115e+01
s92         , -1.852873985612102e+01, -1.813852245718452e+01, -1.029428996786210e+01
s93         , -2.244477787769646e+01, -2.187956212463285e+01, -1.577935549566826e+01
s94         , -2.069748145715988e+01, -2.076952511162711e+01, -1.415183312331673e+01
s95         , -1.839144268754908e+01, -1.805538739276768e+01, -1.017239837714935e+01
s96         , -2.061908691885885e+01, -2.061895325886616e+01, -1.393106655774852e+01
s97         , -2.336181657728519e+01, -2.373711223303054e+01, -1.850287221066056e+01
s98         , -1.913590175727989e+01, -1.856301022393551e+01, -1.091666861747674e+01
s99         , -1.764848235022367e+01, -1.762847340678712e+01, -9.546462435273209e+00
s100        , -2.003395952271198e+01, -1.940209863520184e+01, -1.214692954185709e+01
s101        , -2.047737186068138e+01, -2.029423495089388e+01, -1.345496863962055e+01
s102        , -1.813404261594337e+01, -1.788674002040640e+01, -9.925129711023477e+00
s103        , -2.094885731266024e+01, -2.063794397233293e+01, -1.395891050409621e+01
s104        , -1.695125455205811e+01, -1.660797402805397e+01, -8.050219021405658e+00
s105        , -2.089913046364001e+01, -2.137749549319080e+01, -1.504323168582293e+01
s106        , -2.193421435204462e+01, -2.218002027015771e+01, -1.621988346731926e+01
s107        , -1.938858975045087e+01, -1.943428276540992e+01, -1.219411751066769e+01
s108        , -2.184761912256448e+01, -2.193516872629561e+01, -1.586088519890899e+01
s109        , -1.765266017099491e+01, -1.867099444522807e+01, -1.107499373092382e+01
s110        , -2.222643790681205e+01, -2.144293634190956e+01, -1.513918023898609e+01
s111        , -2.198367498730207e+01, -2.173760980474943e+01, -1.557122678130053e+01
s112        , -2.341727175416096e+01, -2.270996633719059e+01, -1.699688375661615e+01
s113        , -2.064750776227555e+01, -2.013289485655909e+01, -1.321841381306016e+01
s114        , -2.335281852671257e+01, -2.318410889692429e+01, -1.769206564209319e+01
s115        , -2.467653405274963e+01, -2.478753049166411e+01, -2.004298231169540e+01
s116        , -2.119630992652875e+01, -2.057484716964524e+01, -1.386639876187962e+01
s117        , -1.681518237222159e+01, -1.728782931851699e+01, -9.047014337441114e+00
s118        , -1.725426000439147e+01, -1.752738075969001e+01, -9.398241661638572e+00
s119        , -2.026224064054247e+01, -2.035752214094412e+01, -1.354775952540473e+01
s120        , -2.061376236446881e+01, -2.024435151932570e+01, -1.338183017672637e+01
s121        , -2.090204853596659e+01, -2.126574326522179e+01, -1.487938196815703e+01
s122        , -1.679179791839329e+01, -1.756283144263418e+01, -9.450219009178131e+00
s123        , -1.729435756680531e+01, -1.739296284022385e+01, -9.201159790842445e+00
s124        , -1.927065840811719e+01, -1.961918645653193e+01, -1.246522098785408e+01
s125        , -2.074667074869674e+01, -2.067332277289545e+01, -1.401078245858766e+01
s126        , -1.981090987888966e+01, -1.943893232110752e+01, -1.220093463102555e+01
s127        , -1.791042209268825e+01, -1.746893449282031e+01, -9.312548476820082e+00
s128        , -2.199486439730610e+01, -2.203680515667278e+01, -1.600990326078142e+01
s129        , -1.847106084369403e+01, -1.825108952380836e+01, -1.045933439176307e+01
s130        , -2.183307419908922e+01, -2.068860401258312e+01, -1.403318762091789e+01
s131        , -1.937195493711046e+01, -1.958267903883748e+01, -1.241169426905251e+01
s132        , -1.756898825137140e+01, -1.799269628604347e+01, -1.008048146127566e+01
s133        , -1.952720456066259e+01, -1.952404106822111e+01, -1.232572001060052e+01
s134        , -1.792604080418195e+01, -1.839727514032540e+01, -1.067366991266002e+01
s135        , -2.163690184151209e+01, -2.173401883129338e+01, -1.556596174097327e+01
s136        , -2.266590946104735e+01, -2.243154684454303e+01, -1.658866858192061e+01
s137        , -1.871948299194560e+01, -1.835424437188349e+01, -1.061057873865579e+01
s138        , -2.098569970792443e+01, -2.083339357250399e+01, -1.424547626111022e+01
s139        , -1.946420871832499e+01, -1.971568973099301e+01, -1.260671288078232e+01
s140        , -1.890485827097119e+01, -1.964405225376595e+01, -1.250167890847344e+01
s141        , -2.048387804329865e+01, -2.119099553591487e+01, -1.476978778318470e+01
s142        , -1.712146112463541e+01, -1.723522635606445e+01, -8.969888532409033e+00
s143        , -2.146398341435241e+01, -2.176769819105542e+01, -1.561534199663769e+01
s144        , -2.296743054539722e+01, -2.177894784086783e+01, -1.563183609236270e+01
s145        , -2.169591974109321e+01, -2.177469605780450e+01, -1.562560218126165e+01
s146        , -2.268369172314783e+01, -2.260565560737911e+01, -1.684394467039163e+01
s147        , -2.121406114253308e+01, -2.169100501532009e+01, -1.550289542246630e+01
s148        , -2.139826235530006e+01, -2.094871816334276e+01, -1.441456373249476e+01
s149        , -1.818204101397333e+01, -1.839039224158977e+01, -1.066357829269814e+01
s150        , -2.236615053154114e+01, -2.183404123037962e+01, -1.571261333037237e+01
s151        , -2.007280490017163e+01, -1.982336728441455e+01, -1.276458836163597e+01
s152        , -2.043501428229088e+01, -2.045134895764222e+01, -1.368532722946641e+01
s153        , -2.294208833005412e+01, -2.249080647583298e+01, -1.667555431146987e+01
s154        , -1.941555486932839e+01, -1.982367512364127e+01, -1.276503971165647e+01
s155        , -2.030625886040805e+01, -2.087783093042179e+01, -1.431062975899546e+01
s156        , -1.755225478861601e+01, -1.754076571183343e+01, -9.417866510910304e+00
s157        , -1.981494689568535e+01, -1.924409306320576e+01, -1.191526375020615e+01
s158        , -2.120666701656112e+01, -2.117484816034421e+01, -1.474611270326565e+01
s159        , -2.199339551508707e+01, -2.171991108277282e+01, -1.554527713670178e+01
s160        , -1.822712376873660e+01, -1.816721061692223e+01, -1.033635218853372e+01
s161        , -1.850131544535105e+01, -1.945184163903802e+01, -1.221986211136857e+01
s162        , -2.165239460618542e+01, -2.110404489601517e+01, -1.464230184346467e+01
s163        , -2.054863013411503e+01, -2.047558217554290e+01, -1.372085767018625e+01
s164        , -2.244259094688993e+01, -2.299706341319875e+01, -1.741782189540377e+01
s165        , -2.169401378729562e+01, -2.107167849854585e+01, -1.459484663667737e+01
s166        , -1.893544650248816e+01, -1.904004970823508e+01, -1.161609793748678e+01
s167        , -1.990371422830687e+01, -2.031967293063950e+01, -1.349226548707550e+01
s168        , -2.358382467591309e+01, -2.414807401735176e+01, -1.910541923416313e+01
s169        , -2.234616115486217e+01, -2.304060705357188e+01, -1.748166503581311e+01
s170        , -1.980105726485419e+01, -2.001116221194748e+01, -1.303993093345380e+01
s171        , -2.225344967355102e+01, -2.201748415146906e+01, -1.598157504482381e+01
s172        , -2.076076397080535e+01, -2.077985846687290e+01, -1.416698375941889e+01
s173        , -2.167162181633835e+01, -2.149695280494619e+01, -1.521837850087951e+01
s174        , -2.217746151284670e+01, -2.219741924667514e+01, -1.624539362887817e+01
s175        , -1.912249737452136e+01, -1.948619553380423e+01, -1.227023136181187e+01
s176        , -2.262880123350610e+01, -2.251166579837555e+01, -1.670613798905213e+01
s177        , -1.998504477748202e+01, -2.031361688629168e+01, -1.348338619066597e+01
s178        , -1.778030448780716e+01, -1.870196835192202e+01, -1.112040728516831e+01
s179        , -2.322340610724453e+01, -2.319257029516363e+01, -1.770447163826679e+01
s180        , -1.682543251402466e+01, -1.684665262102929e+01, -8.400166586502484e+00
s181        , -1.586682207916231e+01, -1.621690842560520e+01, -7.476843530691980e+00
s182        , -2.348293513803748e+01, -2.321417249158462e+01, -1.773614450822983e+01
s183        , -2.155098810628208e+01, -2.135312503455857e+01, -1.500750002446055e+01
s184        , -2.324937775466465e+01, -2.301650622719019e+01, -1.744632870588106e+01
s185        , -2.378592453308165e+01, -2.382464486891551e+01, -1.863121146560840e+01
s186        , -2.071202883303041e+01, -2.110506120687231e+01, -1.464379194572061e+01
s187        , -2.027503475690737e+01, -2.026286775852376e+01, -1.340897845484104e+01
s188        , -2.214013663755619e+01, -2.228624415480874e+01, -1.637562759721951e+01
s189        , -2.074030596943589e+01, -2.066441390140031e+01, -1.399772038272815e+01
s190        , -1.914542963593283e+01, -1.917761168675886e+01, -1.181778958831395e+01
s191        , -1.679323473828856e+01, -1.679083249463784e+01, -8.318323815977585e+00
s192        , -1.690928184419942e+01, -1.724384449921514e+01, -8.982524346009425e+00
s193        , -2.273712334380998e+01, -2.290032022548171e+01, -1.727597824466302e+01
s194        , -2.090019731082972e+01, -2.131197459501643e+01, -1.494716576515006e+01
s195        , -1.910778599576077e+01, -1.921472834191378e+01, -1.187220956345326e+01
s196        , -1.918378235513936e+01, -1.920337344753814e+01, -1.185556115946717e+01
s197        , -2.010118773573690e+01, -2.051669225080453e+01, -1.378113274789396e+01
s198        , -2.040069724820686e+01, -2.042334843106428e+01, -1.364427320792543e+01
s199        , -2.033728659050214e+01, -1.974569405325298e+01, -1.265070484246756e+01
s200        , -1.788348829912646e+01, -1.800720910875444e+01, -1.010175998025415e+01
s201        , -1.891783601993355e+01, -1.964827658839834e+01, -1.250787257502867e+01
s202        , -2.174492495952721e+01, -2.185352184549979e+01, -1.574117556439140e+01
s203        , -2.185008698942601e+01, -2.177726146236982e+01, -1.562936354532003e+01
s204        , -2.086349108831322e+01, -2.104765401832982e+01, -1.455962224453767e+01
s205        , -2.088054945703831e+01, -2.119265220963319e+01, -1.477221677745125e+01
s206        , -2.114956534802060e+01, -2.123503285168880e+01, -1.483435474428657e+01
s207        , -1.936064601068155e+01, -1.929652375437694e+01, -1.199213697324210e+01
s208        , -2.173553987268506e+01, -2.158299053487409e+01, -1.534452594342724e+01
s209        , -1.958079034508013e+01, -1.977724971184730e+01, -1.269697135406566e+01
s210        , -2.077095411669474e+01, -2.129475250065184e+01, -1.492191494598934e+01
s211        , -2.106003856984427e+01, -2.082691753521410e+01, -1.423598117630675e+01
s212        , -1.921431398034701e+01, -1.888562094995676e+01, -1.138967642533210e+01
s213        , -1.891211086691480e+01, -1.855484013695956e+01, -1.090468973823070e+01
s214        , -1.797391097043976e+01, -1.774106293371798e+01, -9.711539790195161e+00
s215        , -2.046416066581664e+01, -2.068370456309183e+01, -1.402600410940805e+01
s216        , -2.054695205981560e+01, -1.998255202401209e+01, -1.299798303406264e+01
s217        , -2.064527960557822e+01, -2.039997347770702e+01, -1.361000114393487e+01
s218        , -2.267569057486860e+01, -2.271391647006658e+01, -1.700267539198878e+01
s219        , -1.969996813819463e+01, -2.041281353968035e+01, -1.362882708206048e+01
s220        , -2.056541179285701e+01, -2.138317628603004e+01, -1.505156079316820e+01
s221        , -2.147236245537334e+01, -2.155351341177915e+01, -1.530130695455797e+01
s222        , -1.817717386569833e+01, -1.823925646696346e+01, -1.044198491195047e+01
s223        , -2.049263974761081e+01, -2.055819876125587e+01, -1.384198907391401e+01
s224        , -2.147370851727396e+01, -2.131883024389680e+01, -1.495721743171528e+01
s225        , -2.297636192643720e+01, -2.245580640499842e+01, -1.662423764576439e+01
s226        , -2.349615644619751e+01, -2.267436257298288e+01, -1.694468196324435e+01
s227        , -1.994214785348108e+01, -2.041830106431406e+01, -1.363687282198226e+01
s228        , -1.935600154849446e+01, -1.978622425237556e+01, -1.271012971303944e+01
s229        , -1.931982821700711e+01, -1.966966014548271e+01, -1.253922487873343e+01
s230        , -1.663964761443124e+01, -1.719102797344588e+01, -8.905085417115878e+00
s231        , -1.912412961575534e+01, -1.928585541815718e+01, -1.197649519222940e+01
s232        , -2.205202611453251e+01, -2.216293968806454e+01, -1.619484013167937e+01
s233        , -2.108987100746543e+01, -2.074367281108757e+01, -1.411392880390044e+01
s234        , -2.119865480781422e+01, -2.114558391500432e+01, -1.470320583309589e+01
s235        , -1.634470488909293e+01, -1.586678611219688e+01, -6.963498577816465e+00
s236        , -2.035495556536669e+01, -2.106665640367329e+01, -1.458748330404485e+01
s237        , -2.057488800817375e+01, -2.018370605126378e+01, -1.329291255065078e+01
s238        , -2.181497599002021e+01, -2.094340796480918e+01, -1.440677798588112e+01
s239        , -1.938605784207409e+01, -1.898745086035691e+01, -1.153897816519213e+01
s240        , -1.879589433372550e+01, -1.853433204540797e+01, -1.087462103113051e+01
s241        , -1.732119998261703e+01, -1.694260798036142e+01, -8.540855133127792e+00
s242        , -2.017650413285683e+01, -2.037935886845232e+01, -1.357977626191183e+01
s243        , -1.996072124442394e+01, -2.017801369627075e+01, -1.328456649102036e+01
s244        , -2.121993688931675e+01, -2.113412317542529e+01, -1.468640224019763e+01
s245        , -2.152256201120388e+01, -2.168528138225794e+01, -1.549450350332249e+01
s246        , -1.806013829922115e+01, -1.801359519051951e+01, -1.011112317339326e+01
s247        , -1.662499542985015e+01, -1.692039408976829e+01, -8.508285404827122e+00
s248        , -2.087245838906029e+01, -2.071034329481909e+01, -1.406506148438673e+01
s249        , -2.031192930505803e+01, -1.971015323081875e+01, -1.259859533353608e+01
s250        , -1.829082894515480e+01, -1.823877569364686e+01, -1.044128000813228e+01
s251        , -2.316191337748571e+01, -2.302512700419076e+01, -1.745896838119917e+01
s252        , -1.836403387539604e+01, -1.850094924056285e+01, -1.082567558057282e+01
s253        , -1.948978591890307e+01, -2.010133511351989e+01, -1.317214131290012e+01
s254        , -1.974328758235917e+01, -2.024055571832970e+01, -1.337626482082418e+01
s255        , -2.045692599174058e+01, -2.033548889821770e+01, -1.351545466074476e+01
s256        , -1.776850461240055e+01, -1.756513179922355e+01, -9.453591763212215e+00
s257        , -2.163660994039700e+01, -2.157954833065690e+01, -1.533947902669559e+01
s258        , -1.860059101905129e+01, -1.886604539749677e+01, -1.136097499537390e+01
s259        , -2.094542362420654e+01, -2.111815885968041e+01, -1.466299556030349e+01
s260        , -1.742875942837962e+01, -1.714111090751053e+01, -8.831897639933626e+00
s261        , -2.065616574581777e+01, -2.051309130988525e+01, -1.377585309339688e+01
s262        , -2.014040040752147e+01, -1.921755828653875e+01, -1.187635879283544e+01
s263        , -1.686996628366655e+01, -1.667044052598008e+01, -8.141806618671369e+00
s264        , -2.074271161967796e+01, -2.015747778693393e+01, -1.325445699783170e+01
s265        , -2.059536695716665e+01, -2.053407699057806e+01, -1.380662203571718e+01
s266        , -2.198651133619990e+01, -2.174394773097519e+01, -1.558051936939074e+01
s267        , -1.899333543245141e+01, -1.902422279252184e+01, -1.159289271179897e+01
s268        , -1.857298059991068e+01, -1.816140043815249e+01, -1.032783337715687e+01
s269        , -2.106917022960664e+01, -2.113790411273809e+01, -1.469194580315358e+01
s270        , -1.920756052964929e+01, -1.980382794541385e+01, -1.273594002739845e+01
s271        , -1.965184309682283e+01, -2.002592995458086e+01, -1.306158321283128e+01
s272        , -2.112049940018463e+01, -2.080483826365906e+01, -1.420360882475449e+01
s273        , -1.945398506004425e+01, -1.923591744068860e+01, -1.190327675481890e+01
s274        , -2.135203005648119e+01, -2.165036914639898e+01, -1.544331562015865e+01
s275        , -2.088724638081418e+01, -2.073596514455851e+01, -1.410262791972479e+01
s276        , -1.839432489855567e+01, -1.882421673455825e+01, -1.129964633341006e+01
s277        , -2.199306195501885e+01, -1.960686867567891e+01, -1.244716081176885e+01
s278        , -2.276883612887764e+01, -2.264142256305308e+01, -1.689638573304834e+01
s279        , -2.262380984036664e+01, -2.305836106857989e+01, -1.750769575036232e+01
s280        , -1.620731240668889e+01, -1.678190643978775e+01, -8.305236546098158e+00
s281        , -2.072632910940930e+01, -1.972116097244482e+01, -1.261473474650664e+01
s282        , -1.840721485531197e+01, -1.870488446740535e+01, -1.112468285718427e+01
s283        , -1.945843055355910e+01, -1.978439162760414e+01, -1.270744274154150e+01
s284        , -2.290375248734285e+01, -2.358521926001188e+01, -1.828016863510909e+01
s285        , -2.162506652538119e+01, -2.130489890545247e+01, -1.493679147768916e+01
s286        , -2.308167299949378e+01, -2.397408874808158e+01, -1.885032421041247e+01
s287        , -1.888746545864790e+01, -1.827240628339558e+01, -1.049058875781370e+01
s288        , -2.031934863671701e+01, -2.058040230376687e+01, -1.387454362998621e+01
s289        , -2.410980627565496e+01, -2.450806459340611e+01, -1.963323291019336e+01
s290        , -2.087284446952964e+01, -2.085181696510669e+01, -1.427248840870907e+01
s291        , -2.204275686911580e+01, -2.045239490458019e+01, -1.368686078377306e+01
s292        , -1.820983264392220e+01, -1.821995985550204e+01, -1.041369246179244e+01
s293        , -1.668568749246811e+01, -1.678025201280670e+01, -8.302810845969661e+00
s294        , -2.280852590517532e+01, -2.344466676876676e+01, -1.807409233196693e+01
s295        , -1.673628435422914e+01, -1.710456433666925e+01, -8.778313515278299e+00
s296        , -2.103716924286631e+01, -2.027375889557073e+01, -1.342494690363744e+01
s297        , -2.124288787488653e+01, -2.080262405644399e+01, -1.420036238185454e+01
s298        , -2.177880180045448e+01, -2.142876186575253e+01, -1.511839779948935e+01
s299        , -1.893486515270964e+01, -1.904455609188536e+01, -1.162270514078117e+01
s300        , -1.774017522269403e+01, -1.727897151724305e+01, -9.034027140100610e+00
s301        , -2.283171483494903e+01, -2.308031752973000e+01, -1.753988803883629e+01
s302        , -1.721456897049112e+01, -1.761712466750775e+01, -9.529823055812201e+00
s303        , -2.130552121943375e+01, -2.046033559719000e+01, -1.369850332787115e+01
s304        , -2.313677054561944e+01, -2.313774906195893e+01, -1.762409343242754e+01
s305        , -1.858159986173835e+01, -1.894273441856868e+01, -1.147341547802980e+01
s306        , -2.163460095493751e+01, -2.169773602051671e+01, -1.551276433802278e+01
s307        , -1.987289536762319e+01, -2.025778646874686e+01, -1.340152833138083e+01
s308        , -2.028550026196297e+01, -1.917203784123173e+01, -1.180961728577886e+01
s309        , -2.129242792516701e+01, -2.138934234448423e+01, -1.506060139088328e+01
s310        , -1.894855963686166e+01, -1.909103006489838e+01, -1.169084469822344e+01
s311        , -2.010039836844276e+01, -2.047060564939142e+01, -1.371356114984212e+01
s312        , -1.830057188159682e+01, -1.879390561182658e+01, -1.125520454471393e+01
s313        , -1.990312271450173e+01, -1.930790301879425e+01, -1.200882110827822e+01
s314        , -1.980645538479249e+01, -1.972500267388303e+01, -1.262036740106259e+01
s315        , -1.914671781515828e+01, -1.959220437542559e+01, -1.242566019831404e+01
s316        , -2.257620253811652e+01, -2.230316258136411e+01, -1.640043318243985e+01
s317        , -1.647333233405121e+01, -1.627081941751634e+01, -7.555887152141552e+00
s318        , -2.027102701488289e+01, -1.979930087376655e+01, -1.272930249162183e+01
s319        , -1.996146248057647e+01, -1.982898018779425e+01, -1.277281793030556e+01
s320        , -2.548773082504399e+01, -2.493306679210433e+01, -2.025636581348904e+01
s321        , -1.727661852750149e+01, -1.780553825021439e+01, -9.806072692101024e+00
s322        , -2.011073789818953e+01, -2.063617212131593e+01, -1.395631263831619e+01
s323        , -2.178223238748198e+01, -2.152552843546164e+01, -1.526027573261416e+01
s324        , -1.879130547869734e+01, -1.899689315660147e+01, -1.155282234174149e+01
s325        , -2.032679436678044e+01, -2.008430781532363e+01, -1.314717610144283e+01
s326        , -2.071891083121713e+01, -2.041013728074735e+01, -1.362490318471595e+01
s327        , -1.834375983430116e+01, -1.922760316608937e+01, -1.189108646948465e+01
s328        , -2.099505369246730e+01, -2.099936671091805e+01, -1.448882399890036e+01
s329        , -2.140321290954873e+01, -2.060876535099737e+01, -1.391612917476972e+01
s330        , -2.114112529442132e+01, -2.157556468965512e+01, -1.533363826212843e+01
s331        , -1.934637322166436e+01, -1.995398601662160e+01, -1.295609991163332e+01
s332        , -1.962462779654497e+01, -2.028720704162357e+01, -1.344466440702806e+01
s333        , -2.293624249800790e+01, -2.325395741169728e+01, -1.779447666004722e+01
s334        , -1.807355423930957e+01, -1.809960001798095e+01, -1.023722237475656e+01
s335        , -1.850164643907080e+01, -1.862649156162426e+01, -1.100974416009804e+01
s336        , -2.151296308555482e+01, -2.134507113910855e+01, -1.499569150377530e+01
s337        , -1.775953587894473e+01, -1.625946369816856e+01, -7.539237538591636e+00
s338        , -2.118082550420247e+01, -2.124912840777015e+01, -1.485502147215631e+01
s339        , -1.761381998690202e+01, -1.865635256799901e+01, -1.105352599382649e+01
s340        , -1.906967392812366e+01, -1.904826045059054e+01, -1.162813642514129e+01
s341        , -2.371082699534004e+01, -2.391200784672318e+01, -1.875930197000721e+01
s342        , -1.901967676945428e+01, -1.931456097572665e+01, -1.201858292138416e+01
s343        , -1.943128604912865e+01, -1.867718325097616e+01, -1.108406768043644e+01
s344        , -2.171448714042025e+01, -2.214348082209272e+01, -1.616630978598938e+01
s345        , -1.896311499883081e+01, -1.877857697362587e+01, -1.123272988727724e+01
s346        , -2.211462969107367e+01, -2.187644785995142e+01, -1.577478939977861e+01
s347        , -1.640817037109120e+01, -1.682146534128773e+01, -8.363237312255084e+00
s348        , -2.058778590237884e+01, -2.065747122259558e+01, -1.398754111397732e+01
s349        , -1.918353701640313e+01, -1.911632002185303e+01, -1.172792451651532e+01
s350        , -2.047073332015930e+01, -2.094131182207188e+01, -1.440370464764048e+01
s351        , -2.167714580870165e+01, -2.215947476248504e+01, -1.618975990117074e+01
s352        , -2.086238589025425e+01, -2.079067974124936e+01, -1.418284977644237e+01
s353        , -1.920058764071421e+01, -1.970730426674722e+01, -1.259441821807947e+01
s354        , -2.053223705409261e+01, -2.062382674161449e+01, -1.393821199714490e+01
s355        , -1.704257081119439e+01, -1.783279860567691e+01, -9.846041484018478e+00
s356        , -2.127143545968418e+01, -2.101431808662627e+01, -1.451074551879336e+01
s357        , -1.906625211198675e+01, -1.933822468215570e+01, -1.205327835151378e+01
s358        , -2.032987192881253e+01, -2.009192707519012e+01, -1.315834736487655e+01
s359        , -2.136102912880764e+01, -2.145159246204934e+01, -1.515187173397247e+01
s360        , -1.881386071055488e+01, -1.846454075573552e+01, -1.077229391590251e+01
s361        , -2.182643688719446e+01, -2.122490553506151e+01, -1.481950619942753e+01
s362        , -2.091897008712596e+01, -2.123755676069229e+01, -1.483805526807167e+01
s363        , -1.798497754334610e+01, -1.868928627559069e+01, -1.110181298361324e+01
s364        , -1.789393844733154e+01, -1.762367911357602e+01, -9.539433102584969e+00
s365        , -2.184332997178521e+01, -2.085519315632753e+01, -1.427743853801187e+01
s366        , -2.293131491804218e+01, -2.268615137695583e+01, -1.696196656005008e+01
s367        , -2.320311495695380e+01, -2.258390639396172e+01, -1.681205624594892e+01
s368        , -1.944159222026194e+01, -1.993877689167648e+01, -1.293380048303587e+01
s369        , -2.221834550731525e+01, -2.258545153993339e+01, -1.681432171962950e+01
s370        , -1.739352775780219e+01, -1.823950312545328e+01, -1.044234655954042e+01
s371        , -2.131349702655302e+01, -2.085444636855515e+01, -1.427634360712875e+01
s372        , -2.230067528571091e+01, -2.199551125296959e+01, -1.594935865611397e+01
s373        , -1.609460498694387e+01, -1.622396442371748e+01, -7.487188946792938e+00
s374        , -1.846307154319872e+01, -1.871605669487072e+01, -1.114106343723327e+01
s375        , -2.092466765927065e+01, -2.111595439232952e+01, -1.465976339787046e+01
s376        , -2.335896110191541e+01, -2.411461839619565e+01, -1.905636702124182e+01
s377        , -2.209438728501526e+01, -2.250976675591429e+01, -1.670335363676880e+01
s378        , -2.111108779470583e+01, -2.156749060841119e+01, -1.532180014528483e+01
s379        , -1.875225846070942e+01, -1.827485477196325e+01, -1.049417870109995e+01
s380        , -1.834869608623442e+01, -1.835543133019187e+01, -1.061231904206846e+01
s381        , -2.068155326614140e+01, -2.034579801021344e+01, -1.353056975169720e+01
s382        , -1.804666933121612e+01, -1.814603750519265e+01, -1.030530843717368e+01
s383        , -2.062194236740874e+01, -2.118446785337898e+01, -1.476021697676806e+01
s384        , -1.800916137079852e+01, -1.839561199571851e+01, -1.067123143085765e+01
s385        , -2.216424509641620e+01, -2.183658563415356e+01, -1.571634390333334e+01
s386        , -2.182057698940036e+01, -2.193371556047073e+01, -1.585875458536816e+01
s387        , -1.799817167842237e+01, -1.764391975838140e+01, -9.569109682613936e+00
s388        , -2.351217009702901e+01, -2.408997896069455e+01, -1.902024098936153e+01
s389        , -2.149803565649794e+01, -2.172413992429397e+01, -1.555147741120088e+01
s390        , -2.025125341850577e+01, -2.013787128014873e+01, -1.322571018302940e+01
s391        , -1.925641978436478e+01, -1.916889133114014e+01, -1.180500391207250e+01
s392        , -1.954014294555121e+01, -2.027671971140970e+01, -1.342928801475526e+01
s393        , -2.007195889273447e+01, -2.022932487598101e+01, -1.335979830036704e+01
s394        , -1.933645012315517e+01, -1.901797306805524e+01, -1.158372944402389e+01
s395        , -2.191328817199827e+01, -2.073154129059303e+01, -1.409614172042109e+01
s396        , -1.985518647713905e+01, -1.899530713790846e+01, -1.155049694098856e+01
s397        , -1.859895904181181e+01, -1.884040014192782e+01, -1.132337424270160e+01
s398        , -2.089338265909714e+01, -2.112252501707131e+01, -1.466939716561180e+01
s399        , -1.650074457052408e+01, -1.682207491872796e+01, -8.364131067066884e+00
s400        , -1.659170957499870e+01, -1.711793460868889e+01, -8.797916840736317e+00
s401        , -1.654426837808786e+01, -1.703001105602211e+01, -8.669004428496722e+00
s402        , -1.877939202276407e+01, -1.872802354228602e+01, -1.115860907910531e+01
s403        , -2.106694758002669e+01, -2.094863387848525e+01, -1.441444015509182e+01
s404        , -2.165676773412189e+01, -2.157367040644335e+01, -1.533086088779712e+01
s405        , -2.212611753855641e+01, -2.201866870148707e+01, -1.598331181723130e+01
s406        , -1.885653015374473e+01, -1.899125778397604e+01, -1.154455982894511e+01
s407        , -1.790225292709843e+01, -1.757881788036492e+01, -9.473658124051006e+00
s408        , -1.653237145459570e+01, -1.704388425682782e+01, -8.689345141844900e+00
s409        , -1.984138826084547e+01, -2.008472313991654e+01, -1.314778504516166e+01
s410        , -1.632163885458830e+01, -1.720024146328019e+01, -8.918594120570887e+00
s411        , -1.826950002229553e+01, -1.834361201069426e+01, -1.059498970378248e+01
s412        , -2.254085603631221e+01, -2.265082040758007e+01, -1.691016473504589e+01
s413        , -1.907038707751166e+01, -1.946892433614862e+01, -1.224490854802055e+01
s414        , -1.996831080241482e+01, -2.009060764797961e+01, -1.315641283721789e+01
s415        , -2.069762370804266e+01, -2.019006258467913e+01, -1.330223242036942e+01
s416        , -1.735494379178349e+01, -1.801827426435946e+01, -1.011798357288189e+01
s417        , -1.714858900796163e+01, -1.685142321108204e+01, -8.407161165916682e+00
s418        , -2.014294405560549e+01, -2.018186232167737e+01, -1.329020929741213e+01
s419        , -1.771416578387462e+01, -1.792709838296251e+01, -9.984302636972741e+00
s420        , -2.335906844703241e+01, -2.341144945555414e+01, -1.802538952316910e+01
s421        , -2.045819521600993e+01, -2.009799975876949e+01, -1.316725105751908e+01
s422        , -1.913624718404630e+01, -1.909990202503213e+01, -1.170385265510697e+01
s423        , -2.001718266940652e+01, -2.029683694223005e+01, -1.345878364674434e+01
s424        , -2.199980092896302e+01, -2.153633942063109e+01, -1.527612666373114e+01
s425        , -1.799669141475633e+01, -1.840559068068143e+01, -1.068586205383104e+01
s426        , -2.179879403652462e+01, -2.150893607476239e+01, -1.523594822107017e+01
s427        , -1.855895626610580e+01, -1.918589270590800e+01, -1.182993111492360e+01
s428        , -2.201089453299450e+01, -2.238686317977786e+01, -1.652315395201917e+01
s429        , -2.010895188317044e+01, -2.037824660663981e+01, -1.357814547756630e+01
s430        , -2.197039083997888e+01, -2.126157106199976e+01, -1.487326473602307e+01
s431        , -2.053790779896415e+01, -2.043401479461088e+01, -1.365991209662944e+01
s432        , -2.056150222449639e+01, -1.974559655483119e+01, -1.265056189150208e+01
s433        , -1.961788415450921e+01, -1.977112902899431e+01, -1.268799728548903e+01
s434        , -2.169585176655818e+01, -2.150953061884577e+01, -1.523681993416236e+01
s435        , -1.969212203292086e+01, -1.981884552684263e+01, -1.275795861729014e+01
s436        , -1.841763911968392e+01, -1.827925198846469e+01, -1.050062584488734e+01
s437        , -2.085473352476042e+01, -2.010610681677986e+01, -1.317913752448480e+01
s438        , -2.075193174001312e+01, -2.104468134895086e+01, -1.455526375390792e+01
s439        , -1.747889033992054e+01, -1.732359173987665e+01, -9.099448751942951e+00
s440        , -2.292628299240021e+01, -2.307718759439192e+01, -1.753529896682603e+01
s441        , -1.928590410708185e+01, -1.905286464997421e+01, -1.163488704463948e+01
s442        , -2.265396374356312e+01, -2.249947051988809e+01, -1.668825742440171e+01
s443        , -1.939450551490213e+01, -1.897510868890025e+01, -1.152088222790917e+01
s444        , -2.014197468633274e+01, -2.031095495061516e+01, -1.347948329390078e+01
s445        , -2.136890748153691e+01, -2.149351316191447e+01, -1.521333533932595e+01
s446        , -1.984877428373165e+01, -1.999421087045962e+01, -1.301507708877148e+01
s447        , -2.124129540469972e+01, -2.086842536721364e+01, -1.429683943996423e+01
s448        , -1.996883442559681e+01, -2.021850157522486e+01, -1.334392931229103e+01
s449        , -2.213132573342666e+01, -2.208055218948835e+01, -1.607404461264370e+01
s450        , -2.393776981346641e+01, -2.277210549608149e+01, -1.708799141348628e+01
s451        , -1.778758837631850e+01, -1.784137723962877e+01, -9.858619369726146e+00
s452        , -2.093231028730361e+01, -2.101418161020158e+01, -1.451054541876797e+01
s453        , -1.913112365245808e+01, -1.920946650619139e+01, -1.186449472578796e+01
s454        , -1.694745233262931e+01, -1.749138902113735e+01, -9.345471025139108e+00
s455        , -1.959305905778561e+01, -1.947073293947116e+01, -1.224756029957087e+01
s456        , -1.690137029519855e+01, -1.741370824840575e+01, -9.231576448615119e+00
s457        , -1.744399185749123e+01, -1.730136327076762e+01, -9.066857648804765e+00
s458        , -2.020627098912283e+01, -2.025434808597013e+01, -1.339648701759734e+01
s459        , -1.884232545378780e+01, -1.877888420239531e+01, -1.123318034225293e+01
s460        , -2.233016805188693e+01, -2.247847959863741e+01, -1.665748079844106e+01
s461        , -1.623645396367353e+01, -1.627369162938744e+01, -7.560098353230871e+00
s462        , -2.313545884021418e+01, -2.278031855276408e+01, -1.710003329437825e+01
s463        , -2.090493117250811e+01, -2.057410137473408e+01, -1.386530528671718e+01
s464        , -1.633431188033305e+01, -1.670827861623646e+01, -8.197284352925065e+00
s465        , -1.999082968954132e+01, -2.043105530237658e+01, -1.365557292616423e+01
s466        , -1.900684695054017e+01, -1.824836671464136e+01, -1.045534224304819e+01
s467        , -1.783078222536251e+01, -1.790201447993720e+01, -9.947524932372575e+00
s468        , -1.945030486126850e+01, -1.853664848823907e+01, -1.087801737061083e+01
s469        , -2.270314762369042e+01, -2.259180017650048e+01, -1.682363001108809e+01
s470        , -2.119907484802825e+01, -2.125585399441174e+01, -1.486488244309523e+01
s471        , -1.972012875359749e+01, -1.984183334660779e+01, -1.279166307085432e+01
s472        , -1.766462305551830e+01, -1.782963740612376e+01, -9.841406572807466e+00
s473        , -2.127822401317911e+01, -2.154832775461811e+01, -1.529370380894566e+01
s474        , -1.654177405306909e+01, -1.673564737012344e+01, -8.237412077255479e+00
s475        , -2.297159509003216e+01, -2.352514786499199e+01, -1.819209270774114e+01
s476        , -2.252587602064435e+01, -2.228513160791252e+01, -1.637399639488780e+01
s477        , -2.178946083596680e+01, -2.074909702919150e+01, -1.412188172458077e+01
s478        , -1.788602657411998e+01, -1.772263277899143e+01, -9.684517728054951e+00
s479        , -1.952938513246325e+01, -1.910768463440505e+01, -1.171526341954211e+01
s480        , -2.203955610850313e+01, -2.195742326069433e+01, -1.589351451864862e+01
s481        , -1.615402914764109e+01, -1.734238210112579e+01, -9.126998944377274e+00
s482        , -2.215324565636576e+01, -2.190793635808279e+01, -1.582095744154668e+01
s483        , -2.217560840271064e+01, -2.190536277161002e+01, -1.581718408127802e+01
s484        , -2.403070638423247e+01, -2.429059845232412e+01, -1.931438677651216e+01
s485        , -1.896886917982663e+01, -1.914542897382357e+01, -1.177060369749098e+01
s486        , -2.293847835350512e+01, -2.318637185970786e+01, -1.769538356979731e+01
s487        , -1.935879902533930e+01, -1.964551620513684e+01, -1.250382533564682e+01
s488        , -2.071941340396909e+01, -2.047041402811794e+01, -1.371328019712978e+01
s489        , -2.120929532988995e+01, -2.114515887759759e+01, -1.470258264857102e+01
s490        , -2.336106814107168e+01, -2.326777128178299e+01, -1.781473038343648e+01
s491        , -1.878377211600346e+01, -1.866786366996629e+01, -1.107040342742795e+01
s492        , -2.196689093989351e+01, -2.210037523313391e+01, -1.610310891107991e+01
s493        , -2.118321097196467e+01, -2.044465041077894e+01, -1.367550590391195e+01
s494        , -2.014379663919148e+01, -2.024955405096939e+01, -1.338945806349391e+01
s495        , -1.971897958689983e+01, -1.972940803098301e+01, -1.262682648049365e+01
s496        , -2.171934681583978e+01, -2.157791122590229e+01, -1.533707872419866e+01
s497        , -1.930074135275753e+01, -1.914773879473499e+01, -1.177399032799556e+01
s498        , -2.146882601091719e+01, -2.174203359537865e+01, -1.557771288774141e+01
s499        , -1.852368794388046e+01, -1.841581453074940e+01, -1.070085213481234e+01
s500        , -2.050589701281523e+01, -2.052131674877212e+01, -1.378791312892176e+01
s501        , -2.141899489528082e+01, -2.115797917047496e+01, -1.472137960149561e+01
s502        , -1.777920620854658e+01, -1.789764333471147e+01, -9.941116013963265e+00
s503        , -2.264989988763092e+01, -2.283628759276559e+01, -1.718209440017403e+01
s504        , -1.994570445298742e+01, -2.015895660863298e+01, -1.325662522769407e+01
s505        , -2.256898602446125e+01, -2.248761844337468e+01, -1.667088005818924e+01
s506        , -2.050664132584332e+01, -2.030354461344939e+01, -1.346861835031542e+01
s507        , -2.255451727781655e+01, -2.161190673996289e+01, -1.538692252133782e+01
s508        , -2.063695726234980e+01, -2.075459016388253e+01, -1.412993568989837e+01
s509        , -2.049565878814769e+01, -2.049682762589115e+01, -1.375200748352339e+01
s510        , -1.886667658587990e+01, -1.894659895392826e+01, -1.147908161139542e+01
s511        , -2.270091090950000e+01, -2.308787570398028e+01, -1.755096973930423e+01
s512        , -2.052865138648571e+01, -2.082564171829925e+01, -1.423411058951766e+01
s513        , -1.872228566034903e+01, -1.893072080942028e+01, -1.145580127469007e+01
s514        , -2.338235400416073e+01, -2.341715923542394e+01, -1.803376113093570e+01
s515        , -2.063189590001077e+01, -2.088333415542681e+01, -1.431869851860512e+01
s516        , -2.353360034901451e+01, -2.336045020856522e+01, -1.795061506567349e+01
s517        , -2.274108402549141e+01, -2.259502824525517e+01, -1.682836296508529e+01
s518        , -2.095244706423326e+01, -2.140595352451793e+01, -1.508495649509985e+01
s519        , -2.165153402286209e+01, -2.088896599323082e+01, -1.432695584869058e+01
s520        , -1.917430642162448e+01, -1.989359126601377e+01, -1.286754988435029e+01
s521        , -2.048146586988528e+01, -1.942859390100407e+01, -1.218577656889250e+01
s522        , -1.837039701152461e+01, -1.882037262383970e+01, -1.129401014639744e+01
s523        , -2.237538522976599e+01, -2.242330547667328e+01, -1.657658519152043e+01
s524        , -2.219430447580721e+01, -2.175276977428607e+01, -1.559345413885345e+01
s525        , -2.096151325596525e+01, -2.067464765995856e+01, -1.401272499141386e+01
s526        , -2.193172581512368e+01, -2.179884739230020e+01, -1.566101256555817e+01
s527        , -2.063376120076111e+01, -2.057515176556282e+01, -1.386684535660086e+01
s528        , -1.776721144005281e+01, -1.748338296683502e+01, -9.333732648545677e+00
s529        , -2.226349149791107e+01, -2.281982909346230e+01, -1.715796315453303e+01
s530        , -2.300566448791293e+01, -2.303128216249064e+01, -1.746799299724444e+01
s531        , -1.846679125419261e+01, -1.801125503460444e+01, -1.010769206608607e+01
s532        , -1.859817726729017e+01, -1.942022547041249e+01, -1.217350688072022e+01
s533        , -2.134099683522431e+01, -2.212697076609255e+01, -1.614210294856484e+01
s534        , -2.286936511308830e+01, -2.300725928066577e+01, -1.743277094864585e+01
s535        , -1.777040539985326e+01, -1.834194370293008e+01, -1.059254365182355e+01
s536        , -1.995222678224889e+01, -2.009285006917700e+01, -1.315970064710552e+01
s537        , -2.015268820600640e+01, -2.073989985289886e+01, -1.410839693983634e+01
s538        , -1.740140208992538e+01, -1.805790705633113e+01, -1.017609267632340e+01
s539        , -1.924950405987826e+01, -1.999614789211533e+01, -1.301791712567428e+01
s540        , -2.157643164881004e+01, -2.129294499203894e+01, -1.491926479948860e+01
s541        , -1.586673793577160e+01, -1.657012297015455e+01, -7.994722274156052e+00
s542        , -2.009907109345192e+01, -2.015728539982673e+01, -1.325417492226354e+01
s543        , -1.879069098033760e+01, -1.851645616861271e+01, -1.084841164435439e+01
s544        , -2.248614661420541e+01, -2.175303791628569e+01, -1.559384728529653e+01
s545        , -1.987972862262733e+01, -1.999381628819344e+01, -1.301449855719243e+01
s546        , -2.126472237694319e+01, -2.081786626916985e+01, -1.422271032334192e+01
s547        , -1.738356621674509e+01, -1.726279983284434e+01, -9.010316418882176e+00
s548        , -1.943625792183643e+01, -1.977528613078842e+01, -1.269409237609842e+01
s549        , -2.233202963006129e+01, -2.256622624928409e+01, -1.678613383915336e+01
s550        , -2.412763530103872e+01, -2.411331804451930e+01, -1.905446046189255e+01
s551        , -1.731823103856605e+01, -1.749287770608298e+01, -9.347653716370123e+00
s552        , -2.060923402045430e+01, -2.122758642025925e+01, -1.482343687974352e+01
s553        , -1.992869680942914e+01, -1.991122098424507e+01, -1.289339835652152e+01
s554        , -1.812921854031919e+01, -1.798952043467388e+01, -1.007582506775480e+01
s555        , -2.102602816640752e+01, -1.995671646466597e+01, -1.296010326037457e+01
s556        , -1.941820686683750e+01, -1.938297310641850e+01, -1.211888793097995e+01
s557        , -2.190718211184164e+01, -2.149878140295013e+01, -1.522105956838138e+01
s558        , -1.909304407213536e+01, -1.892633519670079e+01, -1.144937114422252e+01
s559        , -2.023025085829861e+01, -2.040839388812114e+01, -1.362234704427224e+01
s560        , -2.107002513254548e+01, -2.134377160900277e+01, -1.499378614900251e+01
s561        , -2.121559386756793e+01, -2.092602242563451e+01, -1.438128752598596e+01
s562        , -1.764234380631898e+01, -1.819868032245881e+01, -1.038249267683457e+01
s563        , -1.646928563220792e+01, -1.745457073994002e+01, -9.291488522161185e+00
s564        , -1.863449571719480e+01, -1.830307306408626e+01, -1.053555200775700e+01
s565        , -2.028655126138008e+01, -2.039935817758251e+01, -1.360909899859503e+01
s566        , -1.821002786093300e+01, -1.827621952969285e+01, -1.049617969179823e+01
s567        , -2.066943738863287e+01, -2.108267259147103e+01, -1.461096603809355e+01
s568        , -2.062629415098700e+01, -2.068104550609245e+01, -1.402210543332324e+01
s569        , -2.065075063553067e+01, -2.119957468385950e+01, -1.478236642250212e+01
s570        , -2.031634942577389e+01, -2.045800415145694e+01, -1.369508499132379e+01
s571        , -2.047206271335130e+01, -2.042404955917558e+01, -1.364530119318507e+01
s572        , -2.393038589894997e+01, -2.400997831452986e+01, -1.890294504345154e+01
s573        , -1.926109501090367e+01, -1.892197277661841e+01, -1.144297501850915e+01
s574        , -2.085894290369713e+01, -2.114710858458874e+01, -1.470544128455383e+01
s575        , -2.021973442813006e+01, -2.081108517588717e+01, -1.421276796926070e+01
s576        , -1.844714179521902e+01, -1.843267293126672e+01, -1.072556971060713e+01
s577        , -1.949977509463960e+01, -1.926652323015345e+01, -1.194815058019040e+01
s578        , -2.108198153892643e+01, -2.092651488161351e+01, -1.438200955877750e+01
s579        , -2.029210259566103e+01, -2.049297082037906e+01, -1.374635268356341e+01
s580        , -2.195204710511243e+01, -2.211089127215332e+01, -1.611852739584401e+01
s581        , -2.000078291173359e+01, -2.042836119202162e+01, -1.365162285528829e+01
s582        , -2.354247422413414e+01, -2.316264278597365e+01, -1.766059229894316e+01
s583        , -1.881717670098672e+01, -1.945955356994226e+01, -1.223116924791773e+01
s584        , -2.079214981383572e+01, -2.056325899808389e+01, -1.384940832980413e+01
s585        , -2.214462266832296e+01, -2.238320268440602e+01, -1.651778697952929e+01
s586        , -1.671124709479596e+01, -1.676059530259904e+01, -8.273990423537825e+00
s587        , -1.722924462132460e+01, -1.681681546889567e+01, -8.356419727563759e+00
s588        , -2.306180681354529e+01, -2.259088978092417e+01, -1.682229520049098e+01
s589        , -2.054966159202169e+01, -2.109039596314712e+01, -1.462228994895917e+01
s590        , -2.302597507766974e+01, -2.319555927613413e+01, -1.770885404474786e+01
s591        , -2.031576031139625e+01, -2.061269896295025e+01, -1.392189658737169e+01
s592        , -1.675983730084032e+01, -1.612010178991900e+01, -7.334906853333135e+00
s593        , -1.833051427645905e+01, -1.861452355790275e+01, -1.099219682286429e+01
s594        , -1.700453572465554e+01, -1.723160954213636e+01, -8.964585605105139e+00
s595        , -2.121342929627275e+01, -2.083001560056565e+01, -1.424052352094173e+01
s596        , -1.895402289388661e+01, -1.876089990181848e+01, -1.120681198588558e+01
s597        , -2.389559541191659e+01, -2.391883286750581e+01, -1.876930873003893e+01
s598        , -1.923753651242740e+01, -1.932449537937179e+01, -1.203314861964376e+01
s599        , -2.358158831573873e+01, -2.342435414468715e+01, -1.804431021682718e+01
s600        , -1.942143232536245e+01, -1.954217755913413e+01, -1.235231150653358e+01
s601        , -2.073803555561576e+01, -2.041613579729054e+01, -1.363369813457850e+01
s602        , -1.821856306700227e+01, -1.770049490061835e+01, -9.652059447919759e+00
s603        , -1.722454836479658e+01, -1.751302920772723e+01, -9.377199595812188e+00
s604        , -1.805154515236764e+01, -1.775065056670694e+01, -9.725597057659762e+00
s605        , -2.021935755598555e+01, -1.956740517421403e+01, -1.238929991994912e+01
s606        , -1.827906736534894e+01, -1.889133408704161e+01, -1.139805295540538e+01
s607        , -2.237721630921111e+01, -2.240733901492236e+01, -1.655317536517909e+01
s608        , -2.098562136420296e+01, -2.129668675864733e+01, -1.492475093084810e+01
s609        , -1.946776205882490e+01, -1.960978033568369e+01, -1.245142985121793e+01
s610        , -2.069261977150295e+01, -2.039162453184802e+01, -1.359776002403358e+01
s611        , -2.170289912291919e+01, -2.115882549966278e+01, -1.472262047875593e+01
s612        , -1.930046031145336e+01, -1.906933984840276e+01, -1.165904277432886e+01
s613        , -2.385958137896088e+01, -2.393153312566672e+01, -1.878792968956493e+01
s614        , -1.933674081040147e+01, -1.941869824232505e+01, -1.217126767801718e+01
s615        , -1.973716697922491e+01, -1.972898639488402e+01, -1.262620828292360e+01
s616        , -1.815004309366292e+01, -1.790865611883354e+01, -9.957262820178311e+00
s617        , -1.832352306169715e+01, -1.788766738497241e+01, -9.926489401340850e+00
s618        , -1.700993990522181e+01, -1.716337520692581e+01, -8.864541277018290e+00
s619        , -2.331208521979489e+01, -2.278283992359018e+01, -1.710373009671943e+01
s620        , -2.294394567846179e+01, -2.339407811578963e+01, -1.799991988227135e+01
s621        , -2.117716243218820e+01, -2.154740956870170e+01, -1.529235757624943e+01
s622        , -2.002792552777272e+01, -1.936717295700772e+01, -1.209572194970972e+01
s623        , -1.988853831837967e+01, -1.974220678240003e+01, -1.264559184959874e+01
s624        , -2.364575476956619e+01, -2.320227134825201e+01, -1.771869520086130e+01
s625        , -2.144171537166414e+01, -2.091331608055335e+01, -1.436265764189370e+01
s626        , -2.037069722396305e+01, -2.031556031545549e+01, -1.348623562217692e+01
s627        , -1.998545144661707e+01, -2.016873832519379e+01, -1.327096705806205e+01
s628        , -2.158119065398551e+01, -2.152613963403336e+01, -1.526117186430867e+01
s629        , -1.843917864187274e+01, -1.795398186782299e+01, -1.002371886593139e+01
s630        , -1.962256463480217e+01, -2.011761858993560e+01, -1.319601594217438e+01
s631        , -2.101091990223662e+01, -2.067570215992798e+01, -1.401427108606814e+01
s632        , -2.022844039713042e+01, -1.981929148221051e+01, -1.275861247146777e+01
s633        , -2.473876586737651e+01, -2.472866196678693e+01, -1.995667001747242e+01
s634        , -2.051539403555230e+01, -2.065790668190414e+01, -1.398817957896419e+01
s635        , -2.382235458298951e+01, -2.394903739210426e+01, -1.881359422588660e+01
s636        , -1.910586081968059e+01, -1.922246529305877e+01, -1.188355338436619e+01
s637        , -1.917066616024459e+01, -1.912718971412669e+01, -1.174386152325355e+01
s638        , -2.192001400012589e+01, -2.168982504418612e+01, -1.550116536356126e+01
s639        , -2.010078758798683e+01, -1.968953158413367e+01, -1.256836013332072e+01
s640        , -1.983289623130970e+01, -1.968863156925830e+01, -1.256704054277738e+01
s641        , -2.307886864739055e+01, -2.294225489684303e+01, -1.733746233484931e+01
s642        , -2.260273435105626e+01, -2.265532821567109e+01, -1.691677402683746e+01
s643        , -2.012782689900612e+01, -2.004028827126916e+01, -1.308263519701354e+01
s644        , -1.902512926743999e+01, -1.815721714504518e+01, -1.032169988517194e+01
s645        , -2.049081123370357e+01, -2.035231525103332e+01, -1.354012524860052e+01
s646        , -2.159630341817387e+01, -2.216886691483126e+01, -1.620353055736411e+01
s647        , -2.046804100673445e+01, -2.043410555965114e+01, -1.366004517519522e+01
s648        , -2.112203592795417e+01, -2.122974595025259e+01, -1.482660315558543e+01
s649        , -2.130712394597167e+01, -2.202789872327308e+01, -1.599684475962694e+01
s650        , -1.872664219670308e+01, -1.841122322517572e+01, -1.069412042005697e+01
s651        , -2.286060777226206e+01, -2.343466269309358e+01, -1.805942448145201e+01
s652        , -2.513277458672901e+01, -2.510207380073752e+01, -2.050416177381466e+01
s653        , -2.212366926194319e+01, -2.170669962613218e+01, -1.552590666436431e+01
s654        , -2.219498706816524e+01, -2.209057378883359e+01, -1.608873815614722e+01
s655        , -2.136195741190379e+01, -2.132516592393387e+01, -1.496650672647175e+01
s656        , -2.204727614381470e+01, -2.171051363323342e+01, -1.553149871383010e+01
s657        , -2.036339525797458e+01, -2.018872292042695e+01, -1.330026822141362e+01
s658        , -1.602366185676991e+01, -1.582626024779885e+01, -6.904080062763460e+00
s659        , -1.871169938684588e+01, -1.904967170187406e+01, -1.163020558410630e+01
s660        , -2.183022460938435e+01, -2.128492026369045e+01, -1.490749904324246e+01
s661        , -2.183692812512830e+01, -2.225040178490624e+01, -1.632307596316501e+01
s662        , -1.575332316936146e+01, -1.550280156526796e+01, -6.429828991688893e+00
s663        , -2.161244100467384e+01, -2.182547997706517e+01, -1.570006092793769e+01
s664        , -1.792030659393350e+01, -1.773512248973996e+01, -9.702829985600671e+00
s665        , -2.036353189911458e+01, -2.024542333878704e+01, -1.338340166500291e+01
s666        , -1.896012969757172e+01, -1.852014871423765e+01, -1.085382560852414e+01
s667        , -1.834472710605888e+01, -1.875268617054784e+01, -1.119476911592103e+01
s668        , -2.315183675604283e+01, -2.262917358743945e+01, -1.687842643834375e+01
s669        , -2.168824836514504e+01, -2.113302606264543e+01, -1.468479366717411e+01
s670        , -1.765957516951316e+01, -1.778711844594983e+01, -9.779065805678618e+00
s671        , -1.925271531654228e+01, -1.967233254785004e+01, -1.254314312162965e+01
s672        , -2.010246672918431e+01, -1.973320621667065e+01, -1.263239533280086e+01
s673        , -2.045224673553428e+01, -2.056567875543379e+01, -1.385295614773856e+01
s674        , -1.961862741224291e+01, -1.950764814596665e+01, -1.230168491320757e+01
s675        , -1.819835804307071e+01, -1.828076384566000e+01, -1.050284251098075e+01
s676        , -2.030955144796039e+01, -2.039381164827898e+01, -1.360096674676501e+01
s677        , -1.708028116046972e+01, -1.713362677085573e+01, -8.820924492461319e+00
s678        , -1.996975063415185e+01, -1.984501355484799e+01, -1.279632585236432e+01
s679        , -2.075675552323975e+01, -2.069979478816590e+01, -1.404959539598444e+01
s680        , -1.844365265503332e+01, -1.863090272054636e+01, -1.101621174608805e+01
s681        , -1.908965101407623e+01, -1.903015383766041e+01, -1.160158873593271e+01
s682        , -2.132701003782740e+01, -2.163520643120594e+01, -1.542108423695869e+01
s683        , -2.134055790648813e+01, -2.022288454825314e+01, -1.335035557247637e+01
s684        , -2.228765611405496e+01, -2.225390342070556e+01, -1.632821001773837e+01
s685        , -2.220524684044785e+01, -2.253157339670499e+01, -1.673532626050735e+01
s686        , -2.092862014660340e+01, -2.106191005923535e+01, -1.458052427324758e+01
s687        , -2.266843571203506e+01, -2.227706295864225e+01, -1.636216624233600e+01
s688        , -1.791243182954496e+01, -1.822466382093043e+01, -1.042058935701644e+01
s689        , -2.022924986754604e+01, -2.046005626311063e+01, -1.369809377174085e+01
s690        , -1.926971843911773e+01, -1.877641544781767e+01, -1.122956068519655e+01
s691        , -1.839442212707931e+01, -1.844307854747796e+01, -1.074082629483224e+01
s692        , -1.811967055159425e+01, -1.825455172927618e+01, -1.046441063407800e+01
s693        , -1.897178714286070e+01, -1.913030406350197e+01, -1.174842774332026e+01
s694        , -2.117746495604092e+01, -2.061539133496027e+01, -1.392584410950803e+01
s695        , -2.262578130233349e+01, -2.283722018245137e+01, -1.718346175149660e+01
s696        , -2.110358706695218e+01, -2.048595043790306e+01, -1.373605948666250e+01
s697        , -2.080079623838923e+01, -2.070241506664873e+01, -1.405343721549373e+01
s698        , -2.284382050270110e+01, -2.320084701422732e+01, -1.771660686014497e+01
s699        , -1.710021253686445e+01, -1.746116198811607e+01, -9.301152527723673e+00
s700        , -1.768315556313765e+01, -1.763108130226339e+01, -9.550286098973295e+00
s701        , -1.903295584190279e+01, -1.901546847375147e+01, -1.158005723920974e+01
s702        , -1.837939645173277e+01, -1.860823330886227e+01, -1.098297413846630e+01
s703        , -2.091048572489854e+01, -1.992819948888739e+01, -1.291829202748085e+01
s704        , -2.101614044515869e+01, -2.109620920122969e+01, -1.463081324586219e+01
s705        , -1.998067347119072e+01, -1.954513605076856e+01, -1.235664920993178e+01
s706        , -2.205053681559340e+01, -2.191094781407654e+01, -1.582537280062548e+01
s707        , -2.095566328486310e+01, -2.103286610855515e+01, -1.453794039635008e+01
s708        , -2.098548818691052e+01, -2.121240037044863e+01, -1.480117128361937e+01
s709        , -2.115794840593145e+01, -2.175173418487915e+01, -1.559193577062916e+01
s710        , -2.144561556804213e+01, -2.134811888155787e+01, -1.500016006560100e+01
s711        , -2.158487030708884e+01, -2.153265072231054e+01, -1.527071834043091e+01
s712        , -1.701606937532507e+01, -1.724454821210127e+01, -8.983556121033567e+00
s713        , -2.069677260469373e+01, -2.073972689568750e+01, -1.410814335213824e+01
s714        , -1.667903695847065e+01, -1.629468746375321e+01, -7.590882182739366e+00
s715        , -1.903979308955687e+01, -1.931844908188049e+01, -1.202428361395325e+01
s716        , -1.775292931769286e+01, -1.758173187762654e+01, -9.477930590356817e+00
s717        , -1.980553907801730e+01, -2.044689620761530e+01, -1.367879866311917e+01
s718        , -2.205506805307129e+01, -2.249002124240377e+01, -1.667440301204600e+01
s719        , -2.211926724507942e+01, -2.228535371750048e+01, -1.637432204918517e+01
s720        , -2.227273745316376e+01, -2.260654680051293e+01, -1.684525132660795e+01
s721        , -1.785735939085095e+01, -1.798952518343867e+01, -1.007583203033428e+01
s722        , -2.185625504194673e+01, -2.154165702173292e+01, -1.528392326389768e+01
s723        , -2.033801839240394e+01, -2.037870213725366e+01, -1.357881337084972e+01
s724        , -2.101306363073858e+01, -2.096792248464151e+01, -1.444272086797163e+01
s725        , -1.977835943733275e+01, -1.987222557294991e+01, -1.283622377264879e+01
s726        , -1.782642809085736e+01, -1.753268295689497e+01, -9.406015676804367e+00
s727        , -2.098840179836340e+01, -2.106625706625737e+01, -1.458689780052479e+01
s728        , -2.135488943619893e+01, -2.104730863894053e+01, -1.455911585360076e+01
s729        , -1.830313789299144e+01, -1.874673953991580e+01, -1.118605024053187e+01
s730        , -1.974102380594271e+01, -1.964898881206001e+01, -1.250891682844537e+01
s731        , -1.858542568590836e+01, -1.793606999529708e+01, -9.997456702665604e+00
s732        , -1.728575125425960e+01, -1.816901376923904e+01, -1.033899594788768e+01
s733        , -2.189672381410002e+01, -2.199832853438789e+01, -1.595348931886106e+01
s734        , -1.907291800543370e+01, -1.909774167026125e+01, -1.170068516998653e+01
s735        , -2.104653345651221e+01, -2.038496379674721e+01, -1.358799413761191e+01
s736        , -1.839280423093862e+01, -1.849216525988070e+01, -1.081279661805985e+01
s737        , -2.165426899727042e+01, -2.114633443395008e+01, -1.470430623457872e+01
s738        , -1.806822955624155e+01, -1.819265483344235e+01, -1.037365818026937e+01
s739        , -1.955458939471557e+01, -1.974981063723010e+01, -1.265674052636091e+01
s740        , -1.834079412742093e+01, -1.834479332458841e+01, -1.059672173142569e+01
s741        , -2.108323768665554e+01, -2.098000759587936e+01, -1.446043990677980e+01
s742        , -1.784982580383593e+01, -1.804361061089794e+01, -1.015513140700085e+01
s743        , -2.007117762213282e+01, -2.002705205721542e+01, -1.306322842566692e+01
s744        , -2.048858578542649e+01, -2.073089225503486e+01, -1.409519011261072e+01
s745        , -2.120349313282904e+01, -2.107429697451424e+01, -1.459868581336256e+01
s746        , -1.892251493836264e+01, -1.864002393197995e+01, -1.102958515210712e+01
s747        , -2.116880416688591e+01, -2.068087350635827e+01, -1.402185324946618e+01
s748        , -2.167842994358758e+01, -2.136731744535409e+01, -1.502830875949974e+01
s749        , -2.059667445248301e+01, -2.047310363377452e+01, -1.371722366327334e+01
s750        , -2.032384862658092e+01, -2.067735719436364e+01, -1.401669767683899e+01
s751        , -2.236553637276776e+01, -2.148767166428101e+01, -1.520477060862318e+01
s752        , -1.716732359631470e+01, -1.745065901900825e+01, -9.285753205900324e+00
s753        , -2.206691124025960e+01, -2.212503823935207e+01, -1.613926950205049e+01
s754        , -1.859855862913608e+01, -1.890784467852642e+01, -1.142226057795079e+01
s755        , -2.251644582892857e+01, -2.192519395898660e+01, -1.584626031995070e+01
s756        , -2.026279534630465e+01, -2.052903914830057e+01, -1.379923561443669e+01
s757        , -1.901185247831666e+01, -1.942545707066567e+01, -1.218117738751908e+01
s758        , -1.866312886885699e+01, -1.908013612229693e+01, -1.167487213595819e+01
s759        , -2.105033567951521e+01, -2.145479553263064e+01, -1.515656803596079e+01
s760        , -1.976737462921502e+01, -1.963351971937966e+01, -1.248623623840894e+01
s761        , -2.282845273202710e+01, -2.274553810081623e+01, -1.704903863113514e+01
s762        , -1.737428124739802e+01, -1.683997049894371e+01, -8.390369342751470e+00
s763        , -2.048674857080450e+01, -2.062971479154984e+01, -1.394684498224992e+01
s764        , -1.996103637141938e+01, -1.944477467857480e+01, -1.220950062240589e+01
s765        , -1.985538741097363e+01, -2.013954000984206e+01, -1.322815685361559e+01
s766        , -1.902823974868692e+01, -1.909868375632472e+01, -1.170206644477919e+01
s767        , -2.019726225103009e+01, -1.990493524070357e+01, -1.288418227802972e+01
s768        , -2.180287541987858e+01, -2.118410820261094e+01, -1.475968966131429e+01
s769        , -2.332774774981945e+01, -2.361938040334508e+01, -1.833025527581428e+01
s770        , -2.255011500408412e+01, -2.267424375681791e+01, -1.694450775647069e+01
s771        , -1.837836194936116e+01, -1.794806396565373e+01, -1.001504211185472e+01
s772        , -2.036442085092615e+01, -2.055302076661039e+01, -1.383439716298610e+01
s773        , -2.207703951964118e+01, -2.208871761889930e+01, -1.608601666302622e+01
s774        , -2.410464814655394e+01, -2.381147266056557e+01, -1.861189853862343e+01
s775        , -2.145476048405246e+01, -2.057863347924326e+01, -1.387195020161290e+01
s776        , -1.783304251394927e+01, -1.788386262146554e+01, -9.920910904717404e+00
s777        , -1.926023008452307e+01, -1.971698569497712e+01, -1.260861300695216e+01
s778        , -1.976550707196644e+01, -1.977678230648329e+01, -1.269628605017221e+01
s779        , -2.301809423461469e+01, -2.260907886848131e+01, -1.684896381296522e+01
s780        , -1.989864127452180e+01, -2.023370447807554e+01, -1.336621961813152e+01
s781        , -1.803783397921168e+01, -1.764101696627953e+01, -9.564853645173082e+00
s782        , -2.003060740563550e+01, -2.009605102823013e+01, -1.316439385319766e+01
s783        , -2.170310297580588e+01, -2.074211364212999e+01, -1.411164276989348e+01
s784        , -1.828106793020000e+01, -1.896690640737364e+01, -1.150885614541599e+01
s785        , -1.904288077315707e+01, -1.912960791367245e+01, -1.174740705715504e+01
s786        , -2.022975758111321e+01, -1.995919308352105e+01, -1.296373444793608e+01
s787        , -1.858814151939532e+01, -1.981290964251030e+01, -1.274925549799107e+01
s788        , -1.926046054059691e+01, -1.968219412254723e+01, -1.255760203899748e+01
s789        , -2.212378523930028e+01, -2.224990394354815e+01, -1.632234603439806e+01
s790        , -2.174169856486492e+01, -2.174757301095169e+01, -1.558583470950883e+01
s791        , -1.907773631846257e+01, -1.930968941483938e+01, -1.201144029979639e+01
s792        , -2.217884458062024e+01, -2.163457640237794e+01, -1.542016049657816e+01
s793        , -2.046845693654859e+01, -1.935282278717651e+01, -1.207468191034735e+01
s794        , -1.973890233992908e+01, -1.900558580493112e+01, -1.156556739390259e+01
s795        , -2.098054198937622e+01, -2.099844957297363e+01, -1.448747930272756e+01
s796        , -1.872193723420701e+01, -1.885014853823662e+01, -1.133766721933321e+01
s797        , -1.738396768625594e+01, -1.822874176396044e+01, -1.042656838603688e+01
s798        , -1.812351947027918e+01, -1.847430358219702e+01, -1.078660804984337e+01
s799        , -2.115781411801412e+01, -1.947129507195059e+01, -1.224838449117508e+01
s800        , -2.197753832223543e+01, -2.189904376449491e+01, -1.580791923215101e+01
s801        , -2.000340332694237e+01, -2.060592963879942e+01, -1.391197148904424e+01
s802        , -2.346278750692302e+01, -2.325061193438160e+01, -1.778957156308768e+01
s803        , -2.201425716118592e+01, -2.201606580244681e+01, -1.597949547924315e+01
s804        , -1.618324989548500e+01, -1.633757017431824e+01, -7.653756276137992e+00
s805        , -2.141738653455062e+01, -2.049090223957166e+01, -1.374331975627935e+01
s806        , -2.157933013723432e+01, -2.171981987869500e+01, -1.554514341442463e+01
s807        , -1.912040169626662e+01, -1.966990536072203e+01, -1.253958441024756e+01
s808        , -2.304047586711122e+01, -2.231000334122847e+01, -1.641046301891619e+01
s809        , -2.047218776779852e+01, -2.054552351477427e+01, -1.382340478619912e+01
s810        , -2.119146876442327e+01, -2.168783942530109e+01, -1.549825407400922e+01
s811        , -2.180116494254657e+01, -2.191269784697224e+01, -1.582793867694918e+01
s812        , -2.372646511684069e+01, -2.332859823738120e+01, -1.790391410426580e+01
s813        , -2.269928091374550e+01, -2.242190462068100e+01, -1.657453127400131e+01
s814        , -1.832573741415099e+01, -1.894668701131272e+01, -1.147921072003015e+01
s815        , -2.057906464758977e+01, -2.006550513029116e+01, -1.311960784003165e+01
s816        , -1.808215553271357e+01, -1.782774279020354e+01, -9.838628710663206e+00
s817        , -2.152086258044021e+01, -2.135048224472844e+01, -1.500362519909568e+01
s818        , -2.057353864229959e+01, -2.097910281982739e+01, -1.445911333545894e+01
s819        , -2.244567325669163e+01, -2.259996330618400e+01, -1.683559868963905e+01
s820        , -2.103220827040201e+01, -2.138658188604879e+01, -1.505655404128234e+01
s821        , -2.251724700203312e+01, -2.287386371738199e+01, -1.723718804368585e+01
s822        , -1.967652212859418e+01, -2.000344834750264e+01, -1.302862096197162e+01
s823        , -1.898228811729100e+01, -1.913712714095914e+01, -1.175843165407255e+01
s824        , -2.375965705343503e+01, -2.402510939735815e+01, -1.892513004767429e+01
s825        , -2.074394606294202e+01, -2.022122944995767e+01, -1.334792888807507e+01
s826        , -2.229590893513048e+01, -2.235156116643407e+01, -1.647139458198654e+01
s827        , -2.030439908572953e+01, -1.861604359924747e+01, -1.099442548845513e+01
s828        , -2.126632247755481e+01, -2.105425232490308e+01, -1.456929659903377e+01
s829        , -1.836528680868646e+01, -1.756561489279743e+01, -9.454300068962574e+00
s830        , -2.038358031572328e+01, -2.052040056652253e+01, -1.378656983397673e+01
s831        , -2.014217587228185e+01, -1.995547863077718e+01, -1.295828836382279e+01
s832        , -1.638297894992474e+01, -1.731858222606026e+01, -9.092103865497494e+00
s833        , -2.087813803835245e+01, -2.081010808379155e+01, -1.421133536906193e+01
s834        , -2.163260872857058e+01, -2.152150587598002e+01, -1.525437790625905e+01
s835        , -1.845033213930005e+01, -1.824296043417742e+01, -1.044741562231107e+01
s836        , -2.085703068105029e+01, -2.068769719711491e+01, -1.403185805943046e+01
s837        , -1.604298594536770e+01, -1.647593285321253e+01, -7.856621903824754e+00
s838        , -1.819387371328009e+01, -1.761292752629732e+01, -9.523669259911834e+00
s839        , -2.199016371973259e+01, -2.132914541557730e+01, -1.497234140730166e+01
s840        , -1.816847175772266e+01, -1.856523412833397e+01, -1.091992927826557e+01
s841        , -2.076446728280485e+01, -2.062341212436499e+01, -1.393760409052411e+01
s842        , -1.719569444321167e+01, -1.747813833708671e+01, -9.326043038064167e+00
s843        , -1.999816334280537e+01, -1.981117345532089e+01, -1.274670992206861e+01
s844        , -1.581596700213373e+01, -1.584921850815816e+01, -6.937741176696832e+00
s845        , -2.003183538643507e+01, -2.019330226650018e+01, -1.330698240129915e+01
s846        , -2.166933569232110e+01, -2.104401440833760e+01, -1.455428589392993e+01
s847        , -2.001719781047365e+01, -2.001385271143644e+01, -1.304387571012321e+01
s848        , -1.670780899311153e+01, -1.709280786699549e+01, -8.761076326617259e+00
s849        , -2.103364362191806e+01, -2.137454461253514e+01, -1.503890514154652e+01
s850        , -1.674889176362534e+01, -1.626307776560563e+01, -7.544536439024771e+00
s851        , -1.887785873496733e+01, -1.964957921455617e+01, -1.250978246919422e+01
s852        , -1.916613881673827e+01, -1.964735779373550e+01, -1.250652544979605e+01
s853        , -2.151831650372089e+01, -2.133375442752569e+01, -1.497909908292198e+01
s854        , -2.092228526657664e+01, -2.065028224134318e+01, -1.397700071966110e+01
s855        , -1.984690981488844e+01, -1.982749357657562e+01, -1.277063827954711e+01
s856        , -1.857995804240183e+01, -1.846511972306241e+01, -1.077314279054933e+01
s857        , -2.294003947989728e+01, -2.330537133041000e+01, -1.786985910403315e+01
s858        , -2.107902559750898e+01, -2.127801105181547e+01, -1.489736884328508e+01
s859        , -1.829183386036745e+01, -1.852675121744332e+01, -1.086350611607015e+01
s860        , -2.148418071954308e+01, -2.108988313745743e+01, -1.462153805035281e+01
s861        , -2.060440939951398e+01, -2.023523341537310e+01, -1.336846132685703e+01
s862        , -1.983634035476443e+01, -1.951307104940105e+01, -1.230963590633590e+01
s863        , -2.017821382918477e+01, -2.081541719446009e+01, -1.421911952066147e+01
s864        , -2.145828954671971e+01, -2.073064546304949e+01, -1.409482826929128e+01
s865        , -2.179521899962700e+01, -2.182304616157256e+01, -1.569649249813042e+01
s866        , -2.240641608733365e+01, -2.212967138074053e+01, -1.614606255595377e+01
s867        , -1.970162478711471e+01, -1.955367628688225e+01, -1.236917079720982e+01
s868        , -1.579821539399930e+01, -1.543212976550777e+01, -6.326210883593014e+00
s869        , -1.927595790821999e+01, -1.954753326554773e+01, -1.236016397623122e+01
s870        , -1.834436146157947e+01, -1.878459786361229e+01, -1.124155764080218e+01
s871        , -1.954632707936713e+01, -1.951798045840431e+01, -1.231683402035751e+01
s872        , -2.222687656829416e+01, -2.211412458123549e+01, -1.612326803314376e+01
s873        , -2.174135075548704e+01, -2.132898609848659e+01, -1.497210781857768e+01
s874        , -2.306987923711809e+01, -2.353009026717452e+01, -1.819933919594916e+01
s875        , -2.178123430913379e+01, -2.185913470875586e+01, -1.574940507423221e+01
s876        , -2.287277527114560e+01, -2.260896685100331e+01, -1.684879957434127e+01
s877        , -2.189016288213647e+01, -2.149859867365969e+01, -1.522079165298325e+01
s878        , -1.876974537203656e+01, -1.872647296133532e+01, -1.115633563672652e+01
s879        , -1.761744622782913e+01, -1.759752431037733e+01, -9.501085257556753e+00
s880        , -1.792977215528789e+01, -1.859869183054522e+01, -1.096898454240386e+01
s881        , -2.116921283478955e+01, -1.952753405083583e+01, -1.233084137798293e+01
s882        , -1.809005639564229e+01, -1.840022902294329e+01, -1.067800085837587e+01
s883        , -1.958200153707774e+01, -2.015415004889826e+01, -1.324957790998244e+01
s884        , -1.866641101726497e+01, -1.909444352858706e+01, -1.169584947595197e+01
s885        , -1.949202935470739e+01, -2.004812720694406e+01, -1.309412854636752e+01
s886        , -1.753621319174707e+01, -1.728451674463751e+01, -9.042157483087831e+00
s887        , -2.072504645987743e+01, -2.037658124494061e+01, -1.357570374509094e+01
s888        , -2.163711888094086e+01, -2.190645264016726e+01, -1.581878203291300e+01
s889        , -1.784767272504274e+01, -1.772062323945327e+01, -9.681571366340744e+00
s890        , -2.036577167825686e+01, -2.089403816263354e+01, -1.433439259997235e+01
s891        , -1.925489904031788e+01, -1.921102987109625e+01, -1.186678691184030e+01
s892        , -1.797999052112338e+01, -1.897769349826529e+01, -1.152467204304198e+01
s893        , -2.224398236502422e+01, -2.264919082884326e+01, -1.690777546710203e+01
s894        , -2.015695897880840e+01, -2.004275905453358e+01, -1.308625782850507e+01
s895        , -1.853378696029952e+01, -1.862053479919557e+01, -1.100101042959546e+01
s896        , -2.478440805107692e+01, -2.391200565687494e+01, -1.875929875927913e+01
s897        , -2.202247365131235e+01, -2.199820294222241e+01, -1.595330517720027e+01
s898        , -2.008627742560493e+01, -1.949240965273665e+01, -1.227934242519848e+01
s899        , -1.802005794967191e+01, -1.772935810259705e+01, -9.694378313333834e+00
s900        , -1.770516073583232e+01, -1.778718807289687e+01, -9.779167891836746e+00
s901        , -2.425916197575684e+01, -2.398352528516016e+01, -1.886415994294478e+01
s902        , -1.641892815066793e+01, -1.655378424312588e+01, -7.970766637124724e+00
s903        , -2.332207101034287e+01, -2.328616107719985e+01, -1.784169327126204e+01
s904        , -2.132463334662818e+01, -1.982140882043458e+01, -1.276171688626578e+01
s905        , -2.166343218809494e+01, -2.209579230134477e+01, -1.609638947386260e+01
s906        , -1.790842270146736e+01, -1.748656029022304e+01, -9.338391200321530e+00
s907        , -1.911599503394165e+01, -1.962078133602138e+01, -1.246755938019585e+01
s908        , -2.062377494321661e+01, -2.005246832471801e+01, -1.310049343890294e+01
s909        , -2.034650826700463e+01, -2.043052285440955e+01, -1.365479225762047e+01
s910        , -1.701866755175476e+01, -1.650288169825645e+01, -7.896133963066134e+00
s911        , -1.800428066961873e+01, -1.825311011727545e+01, -1.046229696060950e+01
s912        , -2.018815932170212e+01, -2.054775550755733e+01, -1.382667730607621e+01
s913        , -1.735412329082851e+01, -1.756163652396920e+01, -9.448467034390266e+00
s914        , -2.004618788210774e+01, -2.077526257477734e+01, -1.416024531996254e+01
s915        , -1.937730144245923e+01, -1.939930127826441e+01, -1.214282809213445e+01
s916        , -2.191302790761547e+01, -2.212841872241622e+01, -1.614422592400020e+01
s917        , -1.792924589211810e+01, -1.753062137755400e+01, -9.402993014982730e+00
s918        , -2.621730238337609e+01, -2.588614659786612e+01, -2.165375949346515e+01
s919        , -1.919355775511356e+01, -1.914725397336812e+01, -1.177327948897674e+01
s920        , -1.675861595936722e+01, -1.638851509632750e+01, -7.728451083028502e+00
s921        , -2.192756432754418e+01, -2.181931192824160e+01, -1.569101741196797e+01
s922        , -2.290193110331377e+01, -2.297756964527237e+01, -1.738924037690494e+01
s923        , -1.925371616601646e+01, -1.907542186224769e+01, -1.166796014688996e+01
s924        , -1.798705044323696e+01, -1.816090112288581e+01, -1.032710128736360e+01
s925        , -2.338449219749342e+01, -2.374350854014254e+01, -1.851225039607532e+01
s926        , -1.762302148317026e+01, -1.766782801132248e+01, -9.604163663778117e+00
s927        , -1.720744831710588e+01, -1.723511952449304e+01, -8.969731897296414e+00
s928        , -1.827654667645005e+01, -1.863251265420777e+01, -1.101857221066828e+01
s929        , -2.066098735264480e+01, -2.103836806236369e+01, -1.454600729214737e+01
s930        , -1.982419875205301e+01, -2.048035038911102e+01, -1.372784876522843e+01
s931        , -2.184683786579889e+01, -2.231072273181672e+01, -1.641151778039092e+01
s932        , -2.007807490293144e+01, -2.033214451067127e+01, -1.351055116159126e+01
s933        , -2.186904116931162e+01, -2.229158005781194e+01, -1.638345103140473e+01
s934        , -1.595875499840616e+01, -1.608337378319250e+01, -7.281056709654236e+00
s935        , -1.706347068237267e+01, -1.665659912882342e+01, -8.121512535435281e+00
s936        , -1.818003510858343e+01, -1.750033336283429e+01, -9.358585106964460e+00
s937        , -2.175658784400171e+01, -2.178194384924028e+01, -1.563622880233252e+01
s938        , -2.010166135357230e+01, -1.992244416283452e+01, -1.290985364047079e+01
s939        , -1.813809060682595e+01, -1.782634736312692e+01, -9.836582752952260e+00
s940        , -2.094308051046411e+01, -2.090865871017856e+01, -1.435582906375397e+01
s941        , -1.827480816862776e+01, -1.846473260248328e+01, -1.077257519920242e+01
s942        , -1.770857434290158e+01, -1.777373741461593e+01, -9.759446705048727e+00
s943        , -1.938132201948424e+01, -1.967161465607667e+01, -1.254209055769854e+01
s944        , -1.770272330222015e+01, -1.817330596805633e+01, -1.034528911606123e+01
s945        , -1.924477319915050e+01, -1.920683036860829e+01, -1.186062965386439e+01
s946        , -2.185513295241253e+01, -2.178687526867851e+01, -1.564345918777837e+01
s947        , -2.017292248813791e+01, -1.974115867575033e+01, -1.264405512874979e+01
s948        , -1.792501053388721e+01, -1.827557912770519e+01, -1.049524074242086e+01
s949        , -2.005207290213696e+01, -2.002768441736211e+01, -1.306415558419772e+01
s950        , -2.257823345395823e+01, -2.238364305737272e+01, -1.651843264886019e+01
s951        , -1.571913272603913e+01, -1.609878735851618e+01, -7.303655900837321e+00
s952        , -2.233989362366768e+01, -2.302376209801286e+01, -1.745696717284787e+01
s953        , -2.342860552534396e+01, -2.338391211022256e+01, -1.798501461217314e+01
s954        , -2.204077204416149e+01, -2.245289276148625e+01, -1.661996569812160e+01
s955        , -1.756302978982562e+01, -1.809569134913921e+01, -1.023149153343189e+01
s956        , -2.291971088639473e+01, -2.279354474375350e+01, -1.711942537003345e+01
s957        , -1.872997367448807e+01, -1.851656450108239e+01, -1.084857048006525e+01
s958        , -2.138547156076431e+01, -2.146242244621652e+01, -1.516775052118207e+01
s959        , -1.926386090665138e+01, -1.892291958940748e+01, -1.144436322356772e+01
s960        , -1.680470785163838e+01, -1.761656851219284e+01, -9.529007627851769e+00
s961        , -2.001579976967623e+01, -2.005752208010064e+01, -1.310790319177898e+01
s962        , -1.871905926332032e+01, -1.830739629450353e+01, -1.054189067407397e+01
s963        , -1.918665598310528e+01, -1.993601869220836e+01, -1.292975644550452e+01
s964        , -1.746488927974545e+01, -1.757843423812159e+01, -9.473095632596504e+00
s965        , -1.971186761143078e+01, -1.936430356710298e+01, -1.209151488615217e+01
s966        , -1.765956881606673e+01, -1.740164278163854e+01, -9.213886212283885e+00
s967        , -2.223688117086612e+01, -2.139678092060775e+01, -1.507150773807497e+01
s968        , -1.998239594820018e+01, -2.036313412316231e+01, -1.355598774347884e+01
s969        , -2.101894011109180e+01, -2.104744780842572e+01, -1.455931990215774e+01
s970        , -1.986554229461376e+01, -2.011841952915015e+01, -1.319719026922411e+01
s971        , -1.914500631305469e+01, -1.848023309275734e+01, -1.079530182399770e+01
s972        , -1.930540895911451e+01, -1.982357084118521e+01, -1.276488681402486e+01
s973        , -2.013055280326089e+01, -2.035868521114058e+01, -1.354946480436677e+01
s974        , -1.991254970003848e+01, -1.992352645835150e+01, -1.291144048860896e+01
s975        , -2.002907222040815e+01, -2.057793379390231e+01, -1.387092433172509e+01
s976        , -2.147573630129902e+01, -2.142639858889203e+01, -1.511493279254143e+01
s977        , -1.918950409415471e+01, -1.928282959359363e+01, -1.197205876613343e+01
s978        , -1.698999961978807e+01, -1.774303314480197e+01, -9.714428489022202e+00
s979        , -2.115978794608996e+01, -2.104103141532597e+01, -1.454991226691918e+01
s980        , -1.730989298326385e+01, -1.695670954965789e+01, -8.561530677498263e+00
s981        , -2.142850865946883e+01, -2.125320628243131e+01, -1.486100040093519e+01
s982        , -2.110948756566415e+01, -2.154167649374280e+01, -1.528395181351480e+01
s983        , -1.831465175322002e+01, -1.845839604462518e+01, -1.076328461739576e+01
s984        , -2.150201864035685e+01, -2.143598777149733e+01, -1.512899233203411e+01
s985        , -1.659952594735737e+01, -1.614733377022061e+01, -7.374834041944895e+00
s986        , -2.105203087443673e+01, -2.087242305789152e+01, -1.430270080399061e+01
s987        , -2.066592788190784e+01, -2.081962412392087e+01, -1.422528766797197e+01
s988        , -2.133344594608628e+01, -2.130349271948260e+01, -1.493472974542363e+01
s989        , -2.008246059204520e+01, -2.015312373947698e+01, -1.324807314795694e+01
s990        , -2.181814335912880e+01, -2.223748998880659e+01, -1.630414484936141e+01
s991        , -1.674874949890157e+01, -1.654803335356807e+01, -7.962334754848189e+00
s992        , -1.990187356431624e+01, -1.970009198395365e+01, -1.258384365933528e+01
s993        , -2.167451347953028e+01, -2.145923919572487e+01, -1.516308327916108e+01
s994        , -2.085856003252748e+01, -2.008125034605249e+01, -1.314269327827273e+01
s995        , -1.532250426373563e+01, -1.518732854714268e+01, -5.967286401796443e+00
s996        , -2.197589637081217e+01, -2.189341978022623e+01, -1.579967341682073e+01
s997        , -1.843774602570321e+01, -1.794892207649431e+01, -1.001630026322683e+01
s998        , -2.004154224207673e+01, -1.966812034745909e+01, -1.253696724614733e+01
s999        , -1.918982967461324e+01, -1.942998139709941e+01, -1.218781089829797e+01
s1000       , -2.386287011937712e+01, -2.392751141206688e+01, -1.878203310343109e+01
s1001       , -2.142986106465667e+01, -2.138888302187660e+01, -1.505992793782606e+01
s1002       , -1.703565403983971e+01, -1.784516373566738e+01, -9.864171082816302e+00
s1003       , -2.272857267296788e+01, -2.281962873700285e+01, -1.715766939440038e+01
s1004       , -1.957549960274314e+01, -1.899423024553624e+01, -1.154891801487360e+01
s1005       , -2.033955634118916e+01, -2.022974331942476e+01, -1.336041181690593e+01
s1006       , -2.103463075725037e+01, -2.132626520536813e+01, -1.496811847914919e+01
s1007       , -1.845815321471510e+01, -1.939582948299842e+01, -1.213773778937749e+01
s1008       , -2.105860584214290e+01, -2.077924920034524e+01, -1.416609046046320e+01
s1009       , -2.225664818829298e+01, -2.189383141039879e+01, -1.580027694382670e+01
s1010       , -2.029000137617794e+01, -2.055493571639762e+01, -1.383720483839161e+01
s1011       , -2.150175758271834e+01, -2.052878176732745e+01, -1.379885824567596e+01
s1012       , -1.789395613621291e+01, -1.747898977591016e+01, -9.327291407008284e+00
s1013       , -1.907481979836395e+01, -1.933992338074967e+01, -1.205576896212691e+01
s1014       , -1.701362802016618e+01, -1.654846382540238e+01, -7.962965907262750e+00
s1015       , -1.771043360260808e+01, -1.760273880821205e+01, -9.508730689003762e+00
s1016       , -2.325177194237830e+01, -2.279374241379276e+01, -1.711971519137045e+01
s1017       , -2.061131053204120e+01, -2.092128679378266e+01, -1.437434420184828e+01
s1018       , -1.637685178145171e+01, -1.625073551805960e+01, -7.526440390180534e+00
s1019       , -2.229355013298489e+01, -2.231358755414738e+01, -1.641571814702854e+01
s1020       , -1.626620443538163e+01, -1.704845352822094e+01, -8.696044550360565e+00
s1021       , -2.225684084822025e+01, -2.211009462780720e+01, -1.611735936587661e+01
s1022       , -1.619907626993357e+01, -1.635683919968139e+01, -7.682008279904075e+00
s1023       , -2.164326276096592e+01, -2.151208223255538e+01, -1.524056107824073e+01
s1024       , -1.814482992541786e+01, -1.812812697853256e+01, -1.027904824719951e+01
s1025       , -1.966276460675046e+01, -2.002337759594748e+01, -1.305784097655501e+01
s1026       , -1.787958226759213e+01, -1.801262953143604e+01, -1.010970733613378e+01
s1027       , -2.228548280106830e+01, -2.280379903834724e+01, -1.713446008839730e+01
s1028       , -1.939576101741603e+01, -1.948895758327112e+01, -1.227428104416320e+01
s1029       , -2.072177297910414e+01, -2.008385217772279e+01, -1.314650805129642e+01
s1030       , -2.116639743005703e+01, -2.107324559851373e+01, -1.459714429903237e+01
s1031       , -1.871817432191781e+01, -1.905687909796707e+01, -1.164077297803130e+01
s1032       , -1.793076662035363e+01, -1.886245457647440e+01, -1.135571017854299e+01
s1033       , -2.190726556241366e+01, -2.147666387116577e+01, -1.518863112015985e+01
s1034       , -1.655942363042545e+01, -1.717698407572143e+01, -8.884494430082341e+00
s1035       , -1.920990065585595e+01, -1.937624329218100e+01, -1.210902076159283e+01
s1036       , -1.624542641970273e+01, -1.613330522605182e+01, -7.354265566102447e+00
s1037       , -1.865413258865576e+01, -1.921416847452809e+01, -1.187138869290114e+01
s1038       , -2.303917859954092e+01, -2.299930548257866e+01, -1.742110918946100e+01
s1039       , -2.268866240524940e+01, -2.329448731821287e+01, -1.785390110160239e+01
s1040       , -2.002650999928207e+01, -2.031688215744900e+01, -1.348817369036018e+01
s1041       , -2.439240447433291e+01, -2.432391676828405e+01, -1.936323767427371e+01
