# c0 + a0 * ((S - E_T) + (face-area-avg - O))
# Property Label: $ln_{D}$; Unit of the Property: Unitless
# RMSE: 0.429150007248404; Max AE: 2.31191443482623
# Coefficients
# Task   a0                      c0
# all ,  6.737411349022089e-01, -1.152936900050008e+01, 
# Feature Rung, Units, and Expressions
# 0;  2; Unitless;                                         11|0|sub|33|12|sub|add; ((S - E_T) + (face-area-avg - O)); $\left(\left(S - E_{T}\right) + \left(face-area-avg - O\right)\right)$; ((S - E_T) + (face_sub_area_sub_avg - O)); ((newdata$S - newdata$E_T) + (newdata$face_sub_area_sub_avg - newdata$O)); S,E_T,face-area-avg,O
# Number of Samples Per Task
# Task, n_samples               
# all , 1041                  

# Sample ID , Property Value        ,  Property Value (EST) ,  Feature 0 Value      
s1          , -2.244947812336508e+01, -2.189528245827389e+01, -1.538560274975401e+01
s2          , -2.298888400764099e+01, -2.297665175389671e+01, -1.699062467821289e+01
s3          , -1.755271246623431e+01, -1.789876479112092e+01, -9.453773060101689e+00
s4          , -1.917258847351942e+01, -1.891935496081374e+01, -1.096858359611113e+01
s5          , -2.000094091703784e+01, -2.046815310565659e+01, -1.326738660012788e+01
s6          , -2.179532463031582e+01, -2.135438293310133e+01, -1.458277285389041e+01
s7          , -2.156980503382011e+01, -2.106553811545403e+01, -1.415405505311487e+01
s8          , -2.070680399014268e+01, -2.081848505044975e+01, -1.378736664386382e+01
s9          , -2.311678210871720e+01, -2.289229285833261e+01, -1.686541502246530e+01
s10         , -1.955558688693647e+01, -1.944755693845142e+01, -1.175256716231323e+01
s11         , -1.929232032084748e+01, -1.948099241029029e+01, -1.180219374752049e+01
s12         , -1.972420304545977e+01, -1.859716723128844e+01, -1.049037659221183e+01
s13         , -1.649771434553038e+01, -1.711584895130993e+01, -8.291730549628245e+00
s14         , -1.814284237715737e+01, -1.834746104100516e+01, -1.011975028286600e+01
s15         , -2.140988745272463e+01, -2.141214414144246e+01, -1.466850490341047e+01
s16         , -2.271802967642396e+01, -2.237609821679936e+01, -1.609925333989537e+01
s17         , -1.845283706311921e+01, -1.859552917990231e+01, -1.048794531512145e+01
s18         , -2.106370881996578e+01, -2.117536126036879e+01, -1.431706001039820e+01
s19         , -2.166440903696862e+01, -2.229567794052670e+01, -1.597988957819729e+01
s20         , -1.957524373940041e+01, -1.927056511908733e+01, -1.148986712784111e+01
s21         , -2.230012329283520e+01, -2.238271863942934e+01, -1.610907969943766e+01
s22         , -1.709175230426198e+01, -1.661714573212827e+01, -7.551530503427941e+00
s23         , -2.271630669020732e+01, -2.325847582607681e+01, -1.740892194044108e+01
s24         , -1.997593461761007e+01, -2.035505296665981e+01, -1.309951776573766e+01
s25         , -2.228124530569044e+01, -2.261765996773699e+01, -1.645779126852087e+01
s26         , -1.806502239865187e+01, -1.774617245808252e+01, -9.227287953087192e+00
s27         , -2.017409009594002e+01, -2.019720158854470e+01, -1.286522692324958e+01
s28         , -1.658938425028538e+01, -1.721295497853867e+01, -8.435860130261366e+00
s29         , -2.262132344831001e+01, -2.327089239173534e+01, -1.742735122286916e+01
s30         , -1.697997334312175e+01, -1.756366951247818e+01, -8.956408031779086e+00
s31         , -1.964904728113367e+01, -1.925617923036762e+01, -1.146851487847638e+01
s32         , -2.151059652715050e+01, -2.154881208397455e+01, -1.487135424042167e+01
s33         , -2.289264810431292e+01, -2.358330862654903e+01, -1.789105488979612e+01
s34         , -2.302504917991390e+01, -2.228122555542945e+01, -1.595843863161178e+01
s35         , -2.244061385591441e+01, -2.234926747901551e+01, -1.605942982846950e+01
s36         , -2.239655424600443e+01, -2.151117654631087e+01, -1.481549370925618e+01
s37         , -2.226102540809307e+01, -2.192651235911980e+01, -1.543195571712989e+01
s38         , -2.102436377352775e+01, -2.089910824701435e+01, -1.390703158992105e+01
s39         , -2.141661104833067e+01, -2.012926703704042e+01, -1.276439509335968e+01
s40         , -1.990275935468409e+01, -1.923500102539457e+01, -1.143708113653018e+01
s41         , -1.952311408648237e+01, -1.890787071379106e+01, -1.095153810723155e+01
s42         , -1.862175379272403e+01, -1.919478609470888e+01, -1.137739214234175e+01
s43         , -2.257821044890805e+01, -2.200303912556700e+01, -1.554554053848462e+01
s44         , -1.984867902879579e+01, -1.969984833087323e+01, -1.212703055686079e+01
s45         , -1.928264199244582e+01, -1.962857985370307e+01, -1.202125034918428e+01
s46         , -2.007096062658339e+01, -2.019091197027337e+01, -1.285589155993938e+01
s47         , -1.842882744186564e+01, -1.898628970557919e+01, -1.106793146326364e+01
s48         , -1.712958329507449e+01, -1.678768926953481e+01, -7.804659678079409e+00
s49         , -2.142142340445580e+01, -2.209617343076425e+01, -1.568377509234004e+01
s50         , -2.022197746600499e+01, -2.018975766351507e+01, -1.285417828061220e+01
s51         , -2.208446385448407e+01, -2.258719184462114e+01, -1.641256896942483e+01
s52         , -2.030062191637932e+01, -2.008845601515809e+01, -1.270382135105991e+01
s53         , -1.881589086732163e+01, -1.853943927997695e+01, -1.040469390442422e+01
s54         , -2.389190768082197e+01, -2.459038463317735e+01, -1.938580703488297e+01
s55         , -1.989931101552115e+01, -1.967107837009929e+01, -1.208432875451631e+01
s56         , -2.293632659980805e+01, -2.316317372921832e+01, -1.726746984271170e+01
s57         , -2.165250835772914e+01, -2.183129674754289e+01, -1.529063198514382e+01
s58         , -2.493828100106786e+01, -2.483086499291933e+01, -1.974273990907489e+01
s59         , -2.019609135900962e+01, -1.986159155792229e+01, -1.236709787451467e+01
s60         , -1.686951544328429e+01, -1.731773851662102e+01, -8.591385053194211e+00
s61         , -1.698686520707895e+01, -1.773090413423602e+01, -9.204625949751573e+00
s62         , -1.961666852236879e+01, -1.991681363794211e+01, -1.244906122387710e+01
s63         , -2.363642228074260e+01, -2.325956091628466e+01, -1.741053248513195e+01
s64         , -2.123215125329894e+01, -2.145838929729049e+01, -1.473714425679468e+01
s65         , -2.229595939650926e+01, -2.197632438556914e+01, -1.550588919672450e+01
s66         , -2.209517036440609e+01, -2.200143792587874e+01, -1.554316395851152e+01
s67         , -2.100952424313996e+01, -2.066208608856672e+01, -1.355523154956573e+01
s68         , -2.306714632630091e+01, -2.312556301039891e+01, -1.721164614890552e+01
s69         , -2.116954741071400e+01, -2.153367895751627e+01, -1.484889290375343e+01
s70         , -2.268552320802911e+01, -2.161150407895156e+01, -1.496440480796065e+01
s71         , -1.844586653395837e+01, -1.916218169755236e+01, -1.132899907938701e+01
s72         , -2.185924535832699e+01, -2.170013566435056e+01, -1.509595620182332e+01
s73         , -1.814705961150877e+01, -1.874744169294087e+01, -1.071342139958319e+01
s74         , -2.269683109870329e+01, -2.358919822252808e+01, -1.789979652018493e+01
s75         , -2.162544692540680e+01, -2.105448816540637e+01, -1.413765416934032e+01
s76         , -1.799713371423827e+01, -1.868358490356833e+01, -1.061864198644583e+01
s77         , -1.808839931225978e+01, -1.794286998491231e+01, -9.519236175691015e+00
s78         , -1.710463489071706e+01, -1.747496113622902e+01, -8.824742661128921e+00
s79         , -2.130172009097587e+01, -2.134249611062044e+01, -1.456512984255401e+01
s80         , -2.075517304342145e+01, -2.086048901295090e+01, -1.384971100778225e+01
s81         , -1.679587307458704e+01, -1.762669043546081e+01, -9.049946810573971e+00
s82         , -1.961963418382102e+01, -1.945254353571990e+01, -1.175996851724045e+01
s83         , -1.732943596118787e+01, -1.773085101739677e+01, -9.204547111104942e+00
s84         , -2.091958911511147e+01, -2.140706977907261e+01, -1.466097328316795e+01
s85         , -1.931803893900067e+01, -1.913705996404058e+01, -1.129171215684305e+01
s86         , -2.124992178205270e+01, -2.020557604604169e+01, -1.287765670831563e+01
s87         , -2.000999990609716e+01, -1.972365435003887e+01, -1.216236463093228e+01
s88         , -1.933594922663024e+01, -1.968278629678032e+01, -1.210170623983600e+01
s89         , -2.128477820873118e+01, -2.125039175201955e+01, -1.442842398650699e+01
s90         , -2.009844325702736e+01, -2.040559642169021e+01, -1.317453686790028e+01
s91         , -2.185233402642529e+01, -2.228542784474758e+01, -1.596467587778904e+01
s92         , -1.852873985612102e+01, -1.818331161254929e+01, -9.876111561772181e+00
s93         , -2.244477787769646e+01, -2.187422559511193e+01, -1.535434910934060e+01
s94         , -2.069748145715988e+01, -2.073021903072047e+01, -1.365635784069479e+01
s95         , -1.839144268754908e+01, -1.796132024188684e+01, -9.546620961952010e+00
s96         , -2.061908691885885e+01, -2.053747455890290e+01, -1.337027693835307e+01
s97         , -2.336181657728519e+01, -2.377723536197007e+01, -1.817889056640089e+01
s98         , -1.913590175727989e+01, -1.864169879938630e+01, -1.055647255368866e+01
s99         , -1.764848235022367e+01, -1.768964985800624e+01, -9.143394307370450e+00
s100        , -2.003395952271198e+01, -1.930517755903369e+01, -1.154124062747371e+01
s101        , -2.047737186068138e+01, -2.037752095366785e+01, -1.313286586613426e+01
s102        , -1.813404261594337e+01, -1.788846621169922e+01, -9.438487397867044e+00
s103        , -2.094885731266024e+01, -2.065380600153560e+01, -1.354294183382451e+01
s104        , -1.695125455205811e+01, -1.672263050582804e+01, -7.708096235035057e+00
s105        , -2.089913046364001e+01, -2.148555289791094e+01, -1.477746181974769e+01
s106        , -2.193421435204462e+01, -2.222794810349768e+01, -1.587936159568238e+01
s107        , -1.938858975045087e+01, -1.953436109838841e+01, -1.188140620069194e+01
s108        , -2.184761912256448e+01, -2.199209555941986e+01, -1.552929755497030e+01
s109        , -1.765266017099491e+01, -1.850034688769293e+01, -1.034667103739282e+01
s110        , -2.222643790681205e+01, -2.146602052503439e+01, -1.474847090340800e+01
s111        , -2.198367498730207e+01, -2.174088749658200e+01, -1.515644209190832e+01
s112        , -2.341727175416096e+01, -2.274547721368515e+01, -1.664750396279878e+01
s113        , -2.064750776227555e+01, -2.012826494132953e+01, -1.276290773321649e+01
s114        , -2.335281852671257e+01, -2.321012912887161e+01, -1.733716337516925e+01
s115        , -2.467653405274963e+01, -2.480634986798098e+01, -1.970635334505442e+01
s116        , -2.119630992652875e+01, -2.067055752996009e+01, -1.356780528293975e+01
s117        , -1.681518237222159e+01, -1.731874578110989e+01, -8.592880085093991e+00
s118        , -1.725426000439147e+01, -1.754645232602740e+01, -8.930853429931476e+00
s119        , -2.026224064054247e+01, -2.042129247320675e+01, -1.319783372585274e+01
s120        , -2.061376236446881e+01, -2.026170595142026e+01, -1.296096749709019e+01
s121        , -2.090204853596659e+01, -2.137868973459113e+01, -1.461885021391880e+01
s122        , -1.679179791839329e+01, -1.760594834041010e+01, -9.019160364599113e+00
s123        , -1.729435756680531e+01, -1.743128612798881e+01, -8.759918048265487e+00
s124        , -1.927065840811719e+01, -1.973678751760983e+01, -1.218185752945162e+01
s125        , -2.074667074869674e+01, -2.063713050135877e+01, -1.351819122960431e+01
s126        , -1.981090987888966e+01, -1.929047900074890e+01, -1.151942429843670e+01
s127        , -1.791042209268825e+01, -1.756687061839201e+01, -8.961159271903828e+00
s128        , -2.199486439730610e+01, -2.205635719986611e+01, -1.562467786814589e+01
s129        , -1.847106084369403e+01, -1.813905042285083e+01, -9.810416909322480e+00
s130        , -2.183307419908922e+01, -2.074721523391246e+01, -1.368158444823221e+01
s131        , -1.937195493711046e+01, -1.958311376619048e+01, -1.195376732765378e+01
s132        , -1.756898825137140e+01, -1.795497409480377e+01, -9.537201695776449e+00
s133        , -1.952720456066259e+01, -1.948353162084587e+01, -1.180596256973431e+01
s134        , -1.792604080418195e+01, -1.841142150845971e+01, -1.021468358015358e+01
s135        , -2.163690184151209e+01, -2.179030666738625e+01, -1.522979247567467e+01
s136        , -2.266590946104735e+01, -2.248666502925755e+01, -1.626336208542155e+01
s137        , -1.871948299194560e+01, -1.839857657562406e+01, -1.019561849392056e+01
s138        , -2.098569970792443e+01, -2.091931472091571e+01, -1.393702304042716e+01
s139        , -1.946420871832499e+01, -1.969736857552796e+01, -1.212334998101821e+01
s140        , -1.890485827097119e+01, -1.956466449421583e+01, -1.192638400337847e+01
s141        , -2.048387804329865e+01, -2.125020322041564e+01, -1.442814415855209e+01
s142        , -1.712146112463541e+01, -1.719794047956056e+01, -8.413574866381362e+00
s143        , -2.146398341435241e+01, -2.181368471994053e+01, -1.526449134048076e+01
s144        , -2.296743054539722e+01, -2.183225614885613e+01, -1.529205597614503e+01
s145        , -2.169591974109321e+01, -2.175262490532911e+01, -1.517386333597235e+01
s146        , -2.268369172314783e+01, -2.263443501587540e+01, -1.648268962676174e+01
s147        , -2.121406114253308e+01, -2.178922553099525e+01, -1.522818779943480e+01
s148        , -2.139826235530006e+01, -2.088999216041353e+01, -1.389350104216528e+01
s149        , -1.818204101397333e+01, -1.838218137662880e+01, -1.017128392661283e+01
s150        , -2.236615053154114e+01, -2.186514519778785e+01, -1.534087153337902e+01
s151        , -2.007280490017163e+01, -1.979856022779064e+01, -1.227354364891318e+01
s152        , -2.043501428229088e+01, -2.035906061631803e+01, -1.310546611808042e+01
s153        , -2.294208833005412e+01, -2.252186706220051e+01, -1.631561068821478e+01
s154        , -1.941555486932839e+01, -1.983994892935765e+01, -1.233497481204531e+01
s155        , -2.030625886040805e+01, -2.066216787639897e+01, -1.355535294312182e+01
s156        , -1.755225478861601e+01, -1.756434439573447e+01, -8.957409726972280e+00
s157        , -1.981494689568535e+01, -1.920492507463670e+01, -1.139244091909380e+01
s158        , -2.120666701656112e+01, -2.116761531179559e+01, -1.430556308944157e+01
s159        , -2.199339551508707e+01, -2.177201067415657e+01, -1.520263665531298e+01
s160        , -1.822712376873660e+01, -1.819498732637862e+01, -9.893441235180090e+00
s161        , -1.850131544535105e+01, -1.949554087613797e+01, -1.182378730191997e+01
s162        , -2.165239460618542e+01, -2.118855584492360e+01, -1.433664406705034e+01
s163        , -2.054863013411503e+01, -2.038809389093266e+01, -1.314855874388373e+01
s164        , -2.244259094688993e+01, -2.299206118800279e+01, -1.701349612439276e+01
s165        , -2.169401378729562e+01, -2.111485896675642e+01, -1.422725950620135e+01
s166        , -1.893544650248816e+01, -1.891113540849513e+01, -1.095638372899183e+01
s167        , -1.990371422830687e+01, -2.025163068870342e+01, -1.294601329258209e+01
s168        , -2.358382467591309e+01, -2.420088462480510e+01, -1.880769180902728e+01
s169        , -2.234616115486217e+01, -2.302316927591549e+01, -1.705966829097306e+01
s170        , -1.980105726485419e+01, -1.988280307681151e+01, -1.239858106262713e+01
s171        , -2.225344967355102e+01, -2.206475375656084e+01, -1.563714045393701e+01
s172        , -2.076076397080535e+01, -2.074546792928425e+01, -1.367899101206260e+01
s173        , -2.167162181633835e+01, -2.148119541656645e+01, -1.477099422986968e+01
s174        , -2.217746151284670e+01, -2.214790442551131e+01, -1.576055679983451e+01
s175        , -1.912249737452136e+01, -1.945928583802700e+01, -1.176997577664295e+01
s176        , -2.262880123350610e+01, -2.256047288865547e+01, -1.637291137011624e+01
s177        , -1.998504477748202e+01, -2.035288248893416e+01, -1.309629623507371e+01
s178        , -1.778030448780716e+01, -1.855224520576905e+01, -1.042370109446905e+01
s179        , -2.322340610724453e+01, -2.323087661477989e+01, -1.736795782252221e+01
s180        , -1.682543251402466e+01, -1.688837630093361e+01, -7.954104362666489e+00
s181        , -1.586682207916231e+01, -1.626613369029910e+01, -7.030541025948412e+00
s182        , -2.348293513803748e+01, -2.326808203834532e+01, -1.742317995701580e+01
s183        , -2.155098810628208e+01, -2.133280952660101e+01, -1.455075253424132e+01
s184        , -2.324937775466465e+01, -2.306681321284711e+01, -1.712444678625960e+01
s185        , -2.378592453308165e+01, -2.385405989080878e+01, -1.829291734146170e+01
s186        , -2.071202883303041e+01, -2.111098233333271e+01, -1.422150561465031e+01
s187        , -2.027503475690737e+01, -2.010476792579848e+01, -1.272803229766145e+01
s188        , -2.214013663755619e+01, -2.228264957591722e+01, -1.596055223343004e+01
s189        , -2.074030596943589e+01, -2.060747826421217e+01, -1.347417990891969e+01
s190        , -1.914542963593283e+01, -1.909481004001349e+01, -1.122900272463178e+01
s191        , -1.679323473828856e+01, -1.687161559763538e+01, -7.929227295748705e+00
s192        , -1.690928184419942e+01, -1.730951866231584e+01, -8.579184737851472e+00
s193        , -2.273712334380998e+01, -2.295185221545478e+01, -1.695381597356770e+01
s194        , -2.090019731082972e+01, -2.132822320976939e+01, -1.454394529538646e+01
s195        , -1.910778599576077e+01, -1.910197178503143e+01, -1.123963254170385e+01
s196        , -1.918378235513936e+01, -1.917383782286598e+01, -1.134629967854860e+01
s197        , -2.010118773573690e+01, -2.050038968677710e+01, -1.331523373228375e+01
s198        , -2.040069724820686e+01, -2.051026698482315e+01, -1.332989410781132e+01
s199        , -2.033728659050214e+01, -1.977818154498065e+01, -1.224329659740586e+01
s200        , -1.788348829912646e+01, -1.794362532930212e+01, -9.520357295288267e+00
s201        , -1.891783601993355e+01, -1.959793972795483e+01, -1.197577275525248e+01
s202        , -2.174492495952721e+01, -2.189022409437181e+01, -1.537809487523064e+01
s203        , -2.185008698942601e+01, -2.163710062825430e+01, -1.500239647564538e+01
s204        , -2.086349108831322e+01, -2.103531121635739e+01, -1.410919079066927e+01
s205        , -2.088054945703831e+01, -2.127882062602183e+01, -1.447061953095212e+01
s206        , -2.114956534802060e+01, -2.129361841077979e+01, -1.449258313684077e+01
s207        , -1.936064601068155e+01, -1.940193121475451e+01, -1.168484720084236e+01
s208        , -2.173553987268506e+01, -2.148873617117405e+01, -1.478218659176797e+01
s209        , -1.958079034508013e+01, -1.967028141677396e+01, -1.208314587687377e+01
s210        , -2.077095411669474e+01, -2.129326542366736e+01, -1.449205921586557e+01
s211        , -2.106003856984427e+01, -2.078051220469003e+01, -1.373100546329671e+01
s212        , -1.921431398034701e+01, -1.883635709247409e+01, -1.084539404445684e+01
s213        , -1.891211086691480e+01, -1.846015576979294e+01, -1.028701738732168e+01
s214        , -1.797391097043976e+01, -1.772800030991691e+01, -9.200315949710477e+00
s215        , -2.046416066581664e+01, -2.055343398235243e+01, -1.339396470598780e+01
s216        , -2.054695205981560e+01, -1.999455668415358e+01, -1.256445130796740e+01
s217        , -2.064527960557822e+01, -2.043489743654446e+01, -1.321802688704318e+01
s218        , -2.267569057486860e+01, -2.268546774142353e+01, -1.655843492848736e+01
s219        , -1.969996813819463e+01, -2.025525490249404e+01, -1.295139253039744e+01
s220        , -2.056541179285701e+01, -2.141718496504057e+01, -1.467598674374495e+01
s221        , -2.147236245537334e+01, -2.144908108647893e+01, -1.472332854875880e+01
s222        , -1.817717386569833e+01, -1.819273700518297e+01, -9.890101196878918e+00
s223        , -2.049263974761081e+01, -2.052145979834770e+01, -1.334650703664218e+01
s224        , -2.147370851727396e+01, -2.134950625297967e+01, -1.457553464344277e+01
s225        , -2.297636192643720e+01, -2.249250432498728e+01, -1.627202905768617e+01
s226        , -2.349615644619751e+01, -2.270132572084199e+01, -1.658197212786107e+01
s227        , -1.994214785348108e+01, -2.051620915388531e+01, -1.333871376977694e+01
s228        , -1.935600154849446e+01, -1.972685796194281e+01, -1.216711959057178e+01
s229        , -1.931982821700711e+01, -1.956417233258669e+01, -1.192565351268457e+01
s230        , -1.663964761443124e+01, -1.719010098130245e+01, -8.401939094343714e+00
s231        , -1.912412961575534e+01, -1.929742682726809e+01, -1.152973660706574e+01
s232        , -2.205202611453251e+01, -2.222576034388554e+01, -1.587611441438559e+01
s233        , -2.108987100746543e+01, -2.080263105780013e+01, -1.376383536185012e+01
s234        , -2.119865480781422e+01, -2.118072443596848e+01, -1.432502030155730e+01
s235        , -1.634470488909293e+01, -1.595955504178895e+01, -6.575501794070945e+00
s236        , -2.035495556536669e+01, -2.092340631333384e+01, -1.394309598477651e+01
s237        , -2.057488800817375e+01, -2.026807416518751e+01, -1.297041951573259e+01
s238        , -2.181497599002021e+01, -2.099160588188060e+01, -1.404432116610176e+01
s239        , -1.938605784207409e+01, -1.887098474542339e+01, -1.089679012398274e+01
s240        , -1.879589433372550e+01, -1.852271049082250e+01, -1.037986420606110e+01
s241        , -1.732119998261703e+01, -1.692042392456183e+01, -8.001671034742806e+00
s242        , -2.017650413285683e+01, -2.024036040449310e+01, -1.292928537791803e+01
s243        , -1.996072124442394e+01, -1.999679533174046e+01, -1.256777401971961e+01
s244        , -2.121993688931675e+01, -2.111472735258982e+01, -1.422706415792918e+01
s245        , -2.152256201120388e+01, -2.168093144157206e+01, -1.506745234213054e+01
s246        , -1.806013829922115e+01, -1.808330142368612e+01, -9.727671480437838e+00
s247        , -1.662499542985015e+01, -1.698095320327510e+01, -8.091511591564460e+00
s248        , -2.087245838906029e+01, -2.068721878271939e+01, -1.359253474043638e+01
s249        , -2.031192930505803e+01, -1.976959014031271e+01, -1.223054480859131e+01
s250        , -1.829082894515480e+01, -1.824904814927907e+01, -9.973680989144787e+00
s251        , -2.316191337748571e+01, -2.307269179735085e+01, -1.713317207287076e+01
s252        , -1.836403387539604e+01, -1.853758560108808e+01, -1.040194258230235e+01
s253        , -1.948978591890307e+01, -2.010133789562921e+01, -1.272294127680556e+01
s254        , -1.974328758235917e+01, -2.015926604656826e+01, -1.280892111080732e+01
s255        , -2.045692599174058e+01, -2.021613689009924e+01, -1.289333163672724e+01
s256        , -1.776850461240055e+01, -1.756163248053175e+01, -8.953384567957588e+00
s257        , -2.163660994039700e+01, -2.151544522341149e+01, -1.482182949147205e+01
s258        , -1.860059101905129e+01, -1.894757761311745e+01, -1.101047305608569e+01
s259        , -2.094542362420654e+01, -2.104261711764237e+01, -1.412003457162089e+01
s260        , -1.742875942837962e+01, -1.722684162698617e+01, -8.456471382459174e+00
s261        , -2.065616574581777e+01, -2.039041228790816e+01, -1.315199982363290e+01
s262        , -2.014040040752147e+01, -1.923047219453495e+01, -1.143035922120542e+01
s263        , -1.686996628366655e+01, -1.670196473451666e+01, -7.677423072538637e+00
s264        , -2.074271161967796e+01, -2.022798855567599e+01, -1.291092246644327e+01
s265        , -2.059536695716665e+01, -2.053470080009518e+01, -1.336615998799331e+01
s266        , -2.198651133619990e+01, -2.178343927516515e+01, -1.521959955161921e+01
s267        , -1.899333543245141e+01, -1.902929795275497e+01, -1.113176643629378e+01
s268        , -1.857298059991068e+01, -1.816098698583493e+01, -9.842976243832004e+00
s269        , -2.106917022960664e+01, -2.110155556414601e+01, -1.420751393639532e+01
s270        , -1.920756052964929e+01, -1.983535641130931e+01, -1.232815836903711e+01
s271        , -1.965184309682283e+01, -2.011127990824182e+01, -1.273769770490171e+01
s272        , -2.112049940018463e+01, -2.074568124195685e+01, -1.367930762130842e+01
s273        , -1.945398506004425e+01, -1.922412201615366e+01, -1.142093397157716e+01
s274        , -2.135203005648119e+01, -2.170537678311678e+01, -1.510373533017799e+01
s275        , -2.088724638081418e+01, -2.073285125492638e+01, -1.366026471838054e+01
s276        , -1.839432489855567e+01, -1.888498599428133e+01, -1.091757147179220e+01
s277        , -2.199306195501885e+01, -1.968114752019262e+01, -1.209927388636548e+01
s278        , -2.276883612887764e+01, -2.250676979889435e+01, -1.629320258141519e+01
s279        , -2.262380984036664e+01, -2.308451983628676e+01, -1.715072783475492e+01
s280        , -1.620731240668889e+01, -1.674935459012259e+01, -7.747761446063666e+00
s281        , -2.072632910940930e+01, -1.980447675750045e+01, -1.228232525568069e+01
s282        , -1.840721485531197e+01, -1.877386338088981e+01, -1.075263777896127e+01
s283        , -1.945843055355910e+01, -1.965602441763988e+01, -1.206198493182306e+01
s284        , -2.290375248734285e+01, -2.361104886670371e+01, -1.793222832973861e+01
s285        , -2.162506652538119e+01, -2.132354000564290e+01, -1.453699425160438e+01
s286        , -2.308167299949378e+01, -2.399366718861518e+01, -1.850012941531950e+01
s287        , -1.888746545864790e+01, -1.821029647045414e+01, -9.916163825923695e+00
s288        , -2.031934863671701e+01, -2.061285137409293e+01, -1.348215494503135e+01
s289        , -2.410980627565496e+01, -2.451216725608134e+01, -1.926971292537403e+01
s290        , -2.087284446952964e+01, -2.085588366944362e+01, -1.384287552859193e+01
s291        , -2.204275686911580e+01, -2.052322288397765e+01, -1.334912389575708e+01
s292        , -1.820983264392220e+01, -1.822454430698723e+01, -9.937311171387703e+00
s293        , -1.668568749246811e+01, -1.686381826937322e+01, -7.917654114510039e+00
s294        , -2.280852590517532e+01, -2.345741299347885e+01, -1.770419434863523e+01
s295        , -1.673628435422914e+01, -1.713552119144319e+01, -8.320929063885677e+00
s296        , -2.103716924286631e+01, -2.036915606576814e+01, -1.312045028473901e+01
s297        , -2.124288787488653e+01, -2.083597493169151e+01, -1.381332599284183e+01
s298        , -2.177880180045448e+01, -2.145374753495413e+01, -1.473025472297241e+01
s299        , -1.893486515270964e+01, -1.887251650751621e+01, -1.089906364123360e+01
s300        , -1.774017522269403e+01, -1.728517881631530e+01, -8.543058331521728e+00
s301        , -2.283171483494903e+01, -2.309007944828026e+01, -1.715897968655006e+01
s302        , -1.721456897049112e+01, -1.772289700118918e+01, -9.192741365848280e+00
s303        , -2.130552121943375e+01, -2.053093974800066e+01, -1.336057764798216e+01
s304        , -2.313677054561944e+01, -2.309912578711602e+01, -1.717240671121447e+01
s305        , -1.858159986173835e+01, -1.898618063700167e+01, -1.106776957827270e+01
s306        , -2.163460095493751e+01, -2.161707787149005e+01, -1.497267770722381e+01
s307        , -1.987289536762319e+01, -2.006676039133644e+01, -1.267161963040231e+01
s308        , -2.028550026196297e+01, -1.926061059015331e+01, -1.147509212240009e+01
s309        , -2.129242792516701e+01, -2.143046757307205e+01, -1.469570144920584e+01
s310        , -1.894855963686166e+01, -1.902288640125468e+01, -1.112225009363909e+01
s311        , -2.010039836844276e+01, -2.044761201555466e+01, -1.323689849566485e+01
s312        , -1.830057188159682e+01, -1.885073050510881e+01, -1.086672777619760e+01
s313        , -1.990312271450173e+01, -1.919486124581749e+01, -1.137750368534353e+01
s314        , -1.980645538479249e+01, -1.967464941473386e+01, -1.208962907603383e+01
s315        , -1.914671781515828e+01, -1.974460562728532e+01, -1.219346155549438e+01
s316        , -2.257620253811652e+01, -2.232412070265846e+01, -1.602210573609285e+01
s317        , -1.647333233405121e+01, -1.637546585380256e+01, -7.192817244275690e+00
s318        , -2.027102701488289e+01, -1.968810356756661e+01, -1.210959839679486e+01
s319        , -1.996146248057647e+01, -1.983929646989854e+01, -1.233400639936379e+01
s320        , -2.548773082504399e+01, -2.494968455731997e+01, -1.991909779824828e+01
s321        , -1.727661852750149e+01, -1.772644890246226e+01, -9.198013273839466e+00
s322        , -2.011073789818953e+01, -2.065861663962530e+01, -1.355008202141361e+01
s323        , -2.178223238748198e+01, -2.152737730449893e+01, -1.483953967787646e+01
s324        , -1.879130547869734e+01, -1.898753357583535e+01, -1.106977767717537e+01
s325        , -2.032679436678044e+01, -2.001555576842735e+01, -1.259561919009000e+01
s326        , -2.071891083121713e+01, -2.046404144956762e+01, -1.326128387628339e+01
s327        , -1.834375983430116e+01, -1.906540304035899e+01, -1.118535539759308e+01
s328        , -2.099505369246730e+01, -2.108305539621605e+01, -1.418005506981945e+01
s329        , -2.140321290954873e+01, -2.064675524060013e+01, -1.353247674483080e+01
s330        , -2.114112529442132e+01, -2.162281410810655e+01, -1.498119171404236e+01
s331        , -1.934637322166436e+01, -1.983466500046173e+01, -1.232713214277341e+01
s332        , -1.962462779654497e+01, -2.043325036384606e+01, -1.321558222007382e+01
s333        , -2.293624249800790e+01, -2.327762931508225e+01, -1.743735049855222e+01
s334        , -1.807355423930957e+01, -1.817889008747903e+01, -9.869548915020758e+00
s335        , -1.850164643907080e+01, -1.868647540010578e+01, -1.062293220473250e+01
s336        , -2.151296308555482e+01, -2.142202647882792e+01, -1.468317275857548e+01
s337        , -1.775953587894473e+01, -1.651442315612375e+01, -7.399064562604208e+00
s338        , -2.118082550420247e+01, -2.134395278752406e+01, -1.456729191464394e+01
s339        , -1.761381998690202e+01, -1.848563241817512e+01, -1.032483109211481e+01
s340        , -1.906967392812366e+01, -1.911159486863436e+01, -1.125391559954970e+01
s341        , -2.371082699534004e+01, -2.392695088697171e+01, -1.840110577228018e+01
s342        , -1.901967676945428e+01, -1.935801824054423e+01, -1.161966938708655e+01
s343        , -1.943128604912865e+01, -1.859194500087072e+01, -1.048262549888059e+01
s344        , -2.171448714042025e+01, -2.217320715285599e+01, -1.579811236239988e+01
s345        , -1.896311499883081e+01, -1.868627672394283e+01, -1.062263731972006e+01
s346        , -2.211462969107367e+01, -2.191033872807085e+01, -1.540795001195457e+01
s347        , -1.640817037109120e+01, -1.687124740569131e+01, -7.928680807008455e+00
s348        , -2.058778590237884e+01, -2.061121320326026e+01, -1.347972349065251e+01
s349        , -1.918353701640313e+01, -1.893264824624999e+01, -1.098831414950561e+01
s350        , -2.047073332015930e+01, -2.106455072048362e+01, -1.415258951253962e+01
s351        , -2.167714580870165e+01, -2.220664722934153e+01, -1.584774578205207e+01
s352        , -2.086238589025425e+01, -2.082539084584450e+01, -1.379761656781386e+01
s353        , -1.920058764071421e+01, -1.968845836488164e+01, -1.211012500456252e+01
s354        , -2.053223705409261e+01, -2.069516073381000e+01, -1.360432257804817e+01
s355        , -1.704257081119439e+01, -1.779686306439662e+01, -9.302525464481617e+00
s356        , -2.127143545968418e+01, -2.108347786016392e+01, -1.418068211175883e+01
s357        , -1.906625211198675e+01, -1.927328033993178e+01, -1.149389719325317e+01
s358        , -2.032987192881253e+01, -2.002532065414138e+01, -1.261011271766041e+01
s359        , -2.136102912880764e+01, -2.154661110370579e+01, -1.486808743637076e+01
s360        , -1.881386071055488e+01, -1.851362444247019e+01, -1.036637824256323e+01
s361        , -2.182643688719446e+01, -2.126087000163149e+01, -1.444397632414697e+01
s362        , -2.091897008712596e+01, -2.112413057395171e+01, -1.424102088533496e+01
s363        , -1.798497754334610e+01, -1.871009303468565e+01, -1.065798666906070e+01
s364        , -1.789393844733154e+01, -1.755236021005134e+01, -8.939622204343337e+00
s365        , -2.184332997178521e+01, -2.087144827940553e+01, -1.386597729447145e+01
s366        , -2.293131491804218e+01, -2.271718249658652e+01, -1.660550754068224e+01
s367        , -2.320311495695380e+01, -2.261098268722078e+01, -1.644788051768452e+01
s368        , -1.944159222026194e+01, -1.989100675212806e+01, -1.241075736431269e+01
s369        , -2.221834550731525e+01, -2.257432014095737e+01, -1.639346414860127e+01
s370        , -1.739352775780219e+01, -1.809699058391826e+01, -9.747989610833915e+00
s371        , -2.131349702655302e+01, -2.078700585251446e+01, -1.374064365738645e+01
s372        , -2.230067528571091e+01, -2.205053542682414e+01, -1.561603690392330e+01
s373        , -1.609460498694387e+01, -1.629968495455162e+01, -7.080339475997615e+00
s374        , -1.846307154319872e+01, -1.889139678002118e+01, -1.092708667786727e+01
s375        , -2.092466765927065e+01, -2.099569967398730e+01, -1.405039737533797e+01
s376        , -2.335896110191541e+01, -2.413281365595024e+01, -1.870665750174140e+01
s377        , -2.209438728501526e+01, -2.252913684928172e+01, -1.632640086667444e+01
s378        , -2.111108779470583e+01, -2.158838303823697e+01, -1.493008741287101e+01
s379        , -1.875225846070942e+01, -1.831245777111511e+01, -1.006779669405160e+01
s380        , -1.834869608623442e+01, -1.830607931317846e+01, -1.005832947050503e+01
s381        , -2.068155326614140e+01, -2.029215376093206e+01, -1.300615964572784e+01
s382        , -1.804666933121612e+01, -1.811807381980124e+01, -9.779282394947563e+00
s383        , -2.062194236740874e+01, -2.105558609640176e+01, -1.413928377296480e+01
s384        , -1.800916137079852e+01, -1.843003209468396e+01, -1.024230633503696e+01
s385        , -2.216424509641620e+01, -2.189425338185703e+01, -1.538407534350916e+01
s386        , -2.182057698940036e+01, -2.189877701322792e+01, -1.539078954149493e+01
s387        , -1.799817167842237e+01, -1.758041283973945e+01, -8.981259308321221e+00
s388        , -2.351217009702901e+01, -2.411495612362947e+01, -1.868015246680188e+01
s389        , -2.149803565649794e+01, -2.179928882446394e+01, -1.524312423859128e+01
s390        , -2.025125341850577e+01, -2.003614560879547e+01, -1.262617965211538e+01
s391        , -1.925641978436478e+01, -1.922006821112334e+01, -1.141491711314248e+01
s392        , -1.954014294555121e+01, -2.046772157768282e+01, -1.326674610491181e+01
s393        , -2.007195889273447e+01, -2.007087150647926e+01, -1.267772155134769e+01
s394        , -1.933645012315517e+01, -1.905350113917072e+01, -1.116769000569150e+01
s395        , -2.191328817199827e+01, -2.079553803620189e+01, -1.375330754748523e+01
s396        , -1.985518647713905e+01, -1.907614802392595e+01, -1.120130363499516e+01
s397        , -1.859895904181181e+01, -1.883067921968266e+01, -1.083696666412145e+01
s398        , -2.089338265909714e+01, -2.113539799757917e+01, -1.425774455418011e+01
s399        , -1.650074457052408e+01, -1.688913703759194e+01, -7.955233485736056e+00
s400        , -1.659170957499870e+01, -1.713054391837178e+01, -8.313541548394090e+00
s401        , -1.654426837808786e+01, -1.698937559862974e+01, -8.104012528375844e+00
s402        , -1.877939202276407e+01, -1.861101814922903e+01, -1.051093481141957e+01
s403        , -2.106694758002669e+01, -2.093445550410620e+01, -1.395949574159702e+01
s404        , -2.165676773412189e+01, -2.167055962599488e+01, -1.505205797916251e+01
s405        , -2.212611753855641e+01, -2.205001803774910e+01, -1.561526896940329e+01
s406        , -1.885653015374473e+01, -1.893583513202376e+01, -1.099304428339337e+01
s407        , -1.790225292709843e+01, -1.761259069493368e+01, -9.029019276545380e+00
s408        , -1.653237145459570e+01, -1.704001784335000e+01, -8.179178259094680e+00
s409        , -1.984138826084547e+01, -1.990267355719231e+01, -1.242807381488973e+01
s410        , -1.632163885458830e+01, -1.719649041898391e+01, -8.411422614571986e+00
s411        , -1.826950002229553e+01, -1.833180908991162e+01, -1.009651888094809e+01
s412        , -2.254085603631221e+01, -2.260509947575832e+01, -1.643914836351182e+01
s413        , -1.907038707751166e+01, -1.936483958273317e+01, -1.162979396140089e+01
s414        , -1.996831080241482e+01, -2.008838600682904e+01, -1.270371744122655e+01
s415        , -2.069762370804266e+01, -2.003764071478188e+01, -1.262839876255551e+01
s416        , -1.735494379178349e+01, -1.794956043209920e+01, -9.529166469152857e+00
s417        , -1.714858900796163e+01, -1.694835824348231e+01, -8.043132536012932e+00
s418        , -2.014294405560549e+01, -2.007189286613892e+01, -1.267923750399886e+01
s419        , -1.771416578387462e+01, -1.797163625903999e+01, -9.561932506132326e+00
s420        , -2.335906844703241e+01, -2.345140461316278e+01, -1.769527641264348e+01
s421        , -2.045819521600993e+01, -2.013312392808081e+01, -1.277011968228648e+01
s422        , -1.913624718404630e+01, -1.903628249578164e+01, -1.114213324138383e+01
s423        , -2.001718266940652e+01, -2.017730518718810e+01, -1.283569569778940e+01
s424        , -2.199980092896302e+01, -2.157951466308492e+01, -1.491692453073031e+01
s425        , -1.799669141475633e+01, -1.832827809316165e+01, -1.009127800048666e+01
s426        , -2.179879403652462e+01, -2.158318441405798e+01, -1.492237135708981e+01
s427        , -1.855895626610580e+01, -1.908607389327047e+01, -1.121603610245234e+01
s428        , -2.201089453299450e+01, -2.234011884954780e+01, -1.604585097897706e+01
s429        , -2.010895188317044e+01, -2.036369430751524e+01, -1.311234367231776e+01
s430        , -2.197039083997888e+01, -2.131377071116363e+01, -1.452249418032598e+01
s431        , -2.053790779896415e+01, -2.035161941434468e+01, -1.309442151713820e+01
s432        , -2.056150222449639e+01, -1.981633940552803e+01, -1.229993238609482e+01
s433        , -1.961788415450921e+01, -1.988263175245865e+01, -1.239832677452745e+01
s434        , -2.169585176655818e+01, -2.149423148921233e+01, -1.479034301528675e+01
s435        , -1.969212203292086e+01, -1.981091150827955e+01, -1.229187603185534e+01
s436        , -1.841763911968392e+01, -1.831577477603691e+01, -1.007271995723084e+01
s437        , -2.085473352476042e+01, -2.017621088920217e+01, -1.283407148645771e+01
s438        , -2.075193174001312e+01, -2.118069457224111e+01, -1.432497597633235e+01
s439        , -1.747889033992054e+01, -1.733730940341402e+01, -8.620433133798402e+00
s440        , -2.292628299240021e+01, -2.298311532875332e+01, -1.700021823651263e+01
s441        , -1.928590410708185e+01, -1.913919967872575e+01, -1.129488802747692e+01
s442        , -2.265396374356312e+01, -2.246101688177787e+01, -1.622529383316410e+01
s443        , -1.939450551490213e+01, -1.892912897636437e+01, -1.098309067463773e+01
s444        , -2.014197468633274e+01, -2.028352599254043e+01, -1.299335388407149e+01
s445        , -2.136890748153691e+01, -2.143764788875923e+01, -1.470635882978601e+01
s446        , -1.984877428373165e+01, -1.986335448942665e+01, -1.236971450486873e+01
s447        , -2.124129540469972e+01, -2.093139592910362e+01, -1.395495456866859e+01
s448        , -1.996883442559681e+01, -2.036610635025151e+01, -1.311592374574851e+01
s449        , -2.213132573342666e+01, -2.212903198993412e+01, -1.573254539515766e+01
s450        , -2.393776981346641e+01, -2.280993294673116e+01, -1.674317235783505e+01
s451        , -1.778758837631850e+01, -1.788415338501111e+01, -9.432086086644256e+00
s452        , -2.093231028730361e+01, -2.084861327467070e+01, -1.383208444816610e+01
s453        , -1.913112365245808e+01, -1.904479800636232e+01, -1.115477238443082e+01
s454        , -1.694745233262931e+01, -1.740695426546348e+01, -8.723803491405517e+00
s455        , -1.959305905778561e+01, -1.939191016259679e+01, -1.166997345833417e+01
s456        , -1.690137029519855e+01, -1.736548424594829e+01, -8.662251632142530e+00
s457        , -1.744399185749123e+01, -1.732338251725691e+01, -8.599762158796803e+00
s458        , -2.020627098912283e+01, -2.033200712983427e+01, -1.306531199198912e+01
s459        , -1.884232545378780e+01, -1.898984236123540e+01, -1.107320449094768e+01
s460        , -2.233016805188693e+01, -2.249200477664310e+01, -1.627128760326354e+01
s461        , -1.623645396367353e+01, -1.626350644949947e+01, -7.026641544881385e+00
s462        , -2.313545884021418e+01, -2.279542696596095e+01, -1.672164186189419e+01
s463        , -2.090493117250811e+01, -2.040851977404029e+01, -1.317887585241324e+01
s464        , -1.633431188033305e+01, -1.677484193932084e+01, -7.785591033538613e+00
s465        , -1.999082968954132e+01, -2.040998703918760e+01, -1.318105364009949e+01
s466        , -1.900684695054017e+01, -1.811893386847150e+01, -9.780558921829632e+00
s467        , -1.783078222536251e+01, -1.794174088199062e+01, -9.517560305147869e+00
s468        , -1.945030486126850e+01, -1.840431443708388e+01, -1.020413491241213e+01
s469        , -2.270314762369042e+01, -2.258254956578827e+01, -1.640567866899283e+01
s470        , -2.119907484802825e+01, -2.123047866979862e+01, -1.439886800248084e+01
s471        , -1.972012875359749e+01, -1.984055710727952e+01, -1.233587749987357e+01
s472        , -1.766462305551830e+01, -1.784720825655110e+01, -9.377250295052914e+00
s473        , -2.127822401317911e+01, -2.144816694953970e+01, -1.472197174138597e+01
s474        , -1.654177405306909e+01, -1.680687247835440e+01, -7.833132347812390e+00
s475        , -2.297159509003216e+01, -2.356806655128382e+01, -1.786843184590639e+01
s476        , -2.252587602064435e+01, -2.233134134029303e+01, -1.603282296450672e+01
s477        , -2.178946083596680e+01, -2.082081033833580e+01, -1.379081795144412e+01
s478        , -1.788602657411998e+01, -1.794529822800461e+01, -9.522840294493500e+00
s479        , -1.952938513246325e+01, -1.899837876906593e+01, -1.108587465072910e+01
s480        , -2.203955610850313e+01, -2.200022025091179e+01, -1.554135662494694e+01
s481        , -1.615402914764109e+01, -1.728859379107840e+01, -8.548127006397271e+00
s482        , -2.215324565636576e+01, -2.192120176095510e+01, -1.542407346400685e+01
s483        , -2.217560840271064e+01, -2.197555956191701e+01, -1.550475400753609e+01
s484        , -2.403070638423247e+01, -2.431798884410659e+01, -1.898150369794882e+01
s485        , -1.896886917982663e+01, -1.912076416156420e+01, -1.126752511877724e+01
s486        , -2.293847835350512e+01, -2.324586139657397e+01, -1.739019897868415e+01
s487        , -1.935879902533930e+01, -1.969278744703159e+01, -1.211655044294780e+01
s488        , -2.071941340396909e+01, -2.041060013873971e+01, -1.318196363285539e+01
s489        , -2.120929532988995e+01, -2.102899025607012e+01, -1.409980890798494e+01
s490        , -2.336106814107168e+01, -2.330744872425977e+01, -1.748160994425439e+01
s491        , -1.878377211600346e+01, -1.863905414748799e+01, -1.055254723020564e+01
s492        , -2.196689093989351e+01, -2.213903310536211e+01, -1.574738954658303e+01
s493        , -2.118321097196467e+01, -2.051005497080883e+01, -1.332957942609852e+01
s494        , -2.014379663919148e+01, -2.006181356437005e+01, -1.266427730452947e+01
s495        , -1.971897958689983e+01, -1.968531299991302e+01, -1.210545649791259e+01
s496        , -2.171934681583978e+01, -2.163096170827529e+01, -1.499328478621306e+01
s497        , -1.930074135275753e+01, -1.922877495155235e+01, -1.142784008901254e+01
s498        , -2.146882601091719e+01, -2.181613315931082e+01, -1.526812543560047e+01
s499        , -1.852368794388046e+01, -1.835480566238312e+01, -1.013065153409956e+01
s500        , -2.050589701281523e+01, -2.059384786113199e+01, -1.345394898880204e+01
s501        , -2.141899489528082e+01, -2.122010644159182e+01, -1.438347302706746e+01
s502        , -1.777920620854658e+01, -1.783541214923153e+01, -9.359741927657055e+00
s503        , -2.264989988763092e+01, -2.286914628264727e+01, -1.683105972710590e+01
s504        , -1.994570445298742e+01, -1.999058267994546e+01, -1.255855289386998e+01
s505        , -2.256898602446125e+01, -2.248251620423731e+01, -1.625720419360626e+01
s506        , -2.050664132584332e+01, -2.015885408079991e+01, -1.280830965078654e+01
s507        , -2.255451727781655e+01, -2.163191424115252e+01, -1.499469858274097e+01
s508        , -2.063695726234980e+01, -2.077919294199024e+01, -1.372904734818179e+01
s509        , -2.049565878814769e+01, -2.042782676696558e+01, -1.320753224865375e+01
s510        , -1.886667658587990e+01, -1.897307809192196e+01, -1.104832213117328e+01
s511        , -2.270091090950000e+01, -2.309733054635857e+01, -1.716974212586491e+01
s512        , -2.052865138648571e+01, -2.067762242788569e+01, -1.357829135475518e+01
s513        , -1.872228566034903e+01, -1.896469241748244e+01, -1.103587569736495e+01
s514        , -2.338235400416073e+01, -2.345871025001728e+01, -1.770611980111427e+01
s515        , -2.063189590001077e+01, -2.073673741572914e+01, -1.366603275093999e+01
s516        , -2.353360034901451e+01, -2.338432368005903e+01, -1.759571156551048e+01
s517        , -2.274108402549141e+01, -2.259266804077414e+01, -1.642069701129331e+01
s518        , -2.095244706423326e+01, -2.124886869816779e+01, -1.442616339445931e+01
s519        , -2.165153402286209e+01, -2.094558584511406e+01, -1.397601594562088e+01
s520        , -1.917430642162448e+01, -1.993862886944511e+01, -1.248144047218611e+01
s521        , -2.048146586988528e+01, -1.930913227830843e+01, -1.154711041791674e+01
s522        , -1.837039701152461e+01, -1.884053047332062e+01, -1.085158838324712e+01
s523        , -2.237538522976599e+01, -2.236518865075973e+01, -1.608306082102652e+01
s524        , -2.219430447580721e+01, -2.179927659891591e+01, -1.524310609282670e+01
s525        , -2.096151325596525e+01, -2.051607626546065e+01, -1.333851653018776e+01
s526        , -2.193172581512368e+01, -2.188175614677490e+01, -1.536552632752256e+01
s527        , -2.063376120076111e+01, -2.064898781814065e+01, -1.353579044711921e+01
s528        , -1.776721144005281e+01, -1.756177081580875e+01, -8.953589892035092e+00
s529        , -2.226349149791107e+01, -2.284419760663541e+01, -1.679402966508441e+01
s530        , -2.300566448791293e+01, -2.307253806158798e+01, -1.713294389062850e+01
s531        , -1.846679125419261e+01, -1.785860792470322e+01, -9.394170247778932e+00
s532        , -1.859817726729017e+01, -1.923383914105216e+01, -1.143535661017693e+01
s533        , -2.134099683522431e+01, -2.214218438958457e+01, -1.575206683888302e+01
s534        , -2.286936511308830e+01, -2.307921823440997e+01, -1.714285893436848e+01
s535        , -1.777040539985326e+01, -1.829003766328886e+01, -1.003451965831071e+01
s536        , -1.995222678224889e+01, -2.003882467371483e+01, -1.263015605311061e+01
s537        , -2.015268820600640e+01, -2.083798927891873e+01, -1.381631578687825e+01
s538        , -1.740140208992538e+01, -1.817398744632242e+01, -9.862272171917756e+00
s539        , -1.924950405987826e+01, -1.988882024770837e+01, -1.240751204603477e+01
s540        , -2.157643164881004e+01, -2.134739265457450e+01, -1.457239753588665e+01
s541        , -1.586673793577160e+01, -1.660631613088483e+01, -7.535456672274664e+00
s542        , -2.009907109345192e+01, -2.007276930468015e+01, -1.268053835754013e+01
s543        , -1.879069098033760e+01, -1.853181765149267e+01, -1.039338150550800e+01
s544        , -2.248614661420541e+01, -2.179435655007908e+01, -1.523580351238155e+01
s545        , -1.987972862262733e+01, -2.006319194888993e+01, -1.266632317118133e+01
s546        , -2.126472237694319e+01, -2.074150470661689e+01, -1.367310860046259e+01
s547        , -1.738356621674509e+01, -1.732058536772985e+01, -8.595610490771580e+00
s548        , -1.943625792183643e+01, -1.989015430781867e+01, -1.240949212420010e+01
s549        , -2.233202963006129e+01, -2.258803485847303e+01, -1.641382021238480e+01
s550        , -2.412763530103872e+01, -2.412845333961682e+01, -1.870018570403223e+01
s551        , -1.731823103856605e+01, -1.748652796886024e+01, -8.841910727663702e+00
s552        , -2.060923402045430e+01, -2.124434912027479e+01, -1.441945521284641e+01
s553        , -1.992869680942914e+01, -1.987124135865487e+01, -1.238142058724912e+01
s554        , -1.812921854031919e+01, -1.798427119539786e+01, -9.580685905180314e+00
s555        , -2.102602816640752e+01, -2.001506842283729e+01, -1.259489584760010e+01
s556        , -1.941820686683750e+01, -1.949974298969184e+01, -1.183002428721920e+01
s557        , -2.190718211184164e+01, -2.155541946564446e+01, -1.488116124392438e+01
s558        , -1.909304407213536e+01, -1.901843160460757e+01, -1.111563806356354e+01
s559        , -2.023025085829861e+01, -2.035625798736566e+01, -1.310130631722045e+01
s560        , -2.107002513254548e+01, -2.116024914088533e+01, -1.429462985332362e+01
s561        , -2.121559386756793e+01, -2.098847089551562e+01, -1.403966806388999e+01
s562        , -1.764234380631898e+01, -1.811652284841837e+01, -9.776980366315911e+00
s563        , -1.646928563220792e+01, -1.749578171437704e+01, -8.855645595608415e+00
s564        , -1.863449571719480e+01, -1.811544144004449e+01, -9.775375286385557e+00
s565        , -2.028655126138008e+01, -2.039776713797748e+01, -1.316291625679738e+01
s566        , -1.821002786093300e+01, -1.831918755351682e+01, -1.007778537078972e+01
s567        , -2.066943738863287e+01, -2.106723297308930e+01, -1.415657064485695e+01
s568        , -2.062629415098700e+01, -2.074056728404156e+01, -1.367171723139401e+01
s569        , -2.065075063553067e+01, -2.124045090028079e+01, -1.441366928143736e+01
s570        , -2.031634942577389e+01, -2.036005868052712e+01, -1.310694749446876e+01
s571        , -2.047206271335130e+01, -2.026701669710571e+01, -1.296884996917084e+01
s572        , -2.393038589894997e+01, -2.402822921805971e+01, -1.855142809318567e+01
s573        , -1.926109501090367e+01, -1.881343814341412e+01, -1.081137660382173e+01
s574        , -2.085894290369713e+01, -2.115144942586895e+01, -1.428156887996082e+01
s575        , -2.021973442813006e+01, -2.081413839513366e+01, -1.378091512251399e+01
s576        , -1.844714179521902e+01, -1.846755113145293e+01, -1.029799394979780e+01
s577        , -1.949977509463960e+01, -1.926155636835652e+01, -1.147649589330587e+01
s578        , -2.108198153892643e+01, -2.082696163775002e+01, -1.379994801504803e+01
s579        , -2.029210259566103e+01, -2.048597409603346e+01, -1.329383739770231e+01
s580        , -2.195204710511243e+01, -2.218429260739427e+01, -1.581456594369990e+01
s581        , -2.000078291173359e+01, -2.040275147894525e+01, -1.317031426281120e+01
s582        , -2.354247422413414e+01, -2.318894406828768e+01, -1.730571945778544e+01
s583        , -1.881717670098672e+01, -1.927291390109657e+01, -1.149335330656402e+01
s584        , -2.079214981383572e+01, -2.057428829368077e+01, -1.342491770892619e+01
s585        , -2.214462266832296e+01, -2.242018312223506e+01, -1.616468634250118e+01
s586        , -1.671124709479596e+01, -1.682061500816910e+01, -7.853529691989230e+00
s587        , -1.722924462132460e+01, -1.691549843571250e+01, -7.994360379961368e+00
s588        , -2.306180681354529e+01, -2.262677353127028e+01, -1.647131807141470e+01
s589        , -2.054966159202169e+01, -2.118125574790910e+01, -1.432580890108478e+01
s590        , -2.302597507766974e+01, -2.323507025489752e+01, -1.737418223112722e+01
s591        , -2.031576031139625e+01, -2.045193264627280e+01, -1.324331139001599e+01
s592        , -1.675983730084032e+01, -1.618608084837044e+01, -6.911722628523000e+00
s593        , -1.833051427645905e+01, -1.865705415490397e+01, -1.057926373374613e+01
s594        , -1.700453572465554e+01, -1.731153951817705e+01, -8.582184192325190e+00
s595        , -2.121342929627275e+01, -2.089003446071282e+01, -1.389356382636695e+01
s596        , -1.895402289388661e+01, -1.891026410012794e+01, -1.095509048990926e+01
s597        , -2.389559541191659e+01, -2.394044546070798e+01, -1.842113508775047e+01
s598        , -1.923753651242740e+01, -1.934715503544146e+01, -1.160354567941900e+01
s599        , -2.358158831573873e+01, -2.345407692982252e+01, -1.769924279753718e+01
s600        , -1.942143232536245e+01, -1.968030153911532e+01, -1.209801823930243e+01
s601        , -2.073803555561576e+01, -2.032728525431337e+01, -1.305830355020595e+01
s602        , -1.821856306700227e+01, -1.769045050103831e+01, -9.144582661458681e+00
s603        , -1.722454836479658e+01, -1.758084349587317e+01, -8.981898509509062e+00
s604        , -1.805154515236764e+01, -1.772070503983389e+01, -9.189487948115950e+00
s605        , -2.021935755598555e+01, -1.947342848704995e+01, -1.179096699758867e+01
s606        , -1.827906736534894e+01, -1.890061211095774e+01, -1.094076452898720e+01
s607        , -2.237721630921111e+01, -2.245762355862933e+01, -1.622025729468848e+01
s608        , -2.098562136420296e+01, -2.123500928491901e+01, -1.440559256609390e+01
s609        , -1.946776205882490e+01, -1.964147589160789e+01, -1.204039128809503e+01
s610        , -2.069261977150295e+01, -2.043416085043628e+01, -1.321693360941766e+01
s611        , -2.170289912291919e+01, -2.118862450338779e+01, -1.433674597334733e+01
s612        , -1.930046031145336e+01, -1.910321996283329e+01, -1.124148514908849e+01
s613        , -2.385958137896088e+01, -2.394651840841182e+01, -1.843014885786074e+01
s614        , -1.933674081040147e+01, -1.946147976316809e+01, -1.177323210912353e+01
s615        , -1.973716697922491e+01, -1.973000038098787e+01, -1.217178372473589e+01
s616        , -1.815004309366292e+01, -1.784207270064015e+01, -9.369627848322397e+00
s617        , -1.832352306169715e+01, -1.781301961669862e+01, -9.326505820533868e+00
s618        , -1.700993990522181e+01, -1.723303707263955e+01, -8.465666970100223e+00
s619        , -2.331208521979489e+01, -2.281850114732866e+01, -1.675588970601767e+01
s620        , -2.294394567846179e+01, -2.341288687096416e+01, -1.763810646976295e+01
s621        , -2.117716243218820e+01, -2.143024290754501e+01, -1.469536798949052e+01
s622        , -2.002792552777272e+01, -1.946382766448353e+01, -1.177671698067703e+01
s623        , -1.988853831837967e+01, -1.978320190374563e+01, -1.225074806282024e+01
s624        , -2.364575476956619e+01, -2.323125901246360e+01, -1.736852539612564e+01
s625        , -2.144171537166414e+01, -2.096315480448754e+01, -1.400209266628309e+01
s626        , -2.037069722396305e+01, -2.025775744291946e+01, -1.295510692498578e+01
s627        , -1.998545144661707e+01, -2.011953493710774e+01, -1.274995022807164e+01
s628        , -2.158119065398551e+01, -2.157537928829586e+01, -1.491078660241507e+01
s629        , -1.843917864187274e+01, -1.787635725947394e+01, -9.420514690549664e+00
s630        , -1.962256463480217e+01, -1.993859391245756e+01, -1.248138858729184e+01
s631        , -2.101091990223662e+01, -2.078129279480699e+01, -1.373216405385400e+01
s632        , -2.022844039713042e+01, -1.986053785277925e+01, -1.236553391309321e+01
s633        , -2.473876586737651e+01, -2.472017897067737e+01, -1.957845422647660e+01
s634        , -2.051539403555230e+01, -2.049065040027793e+01, -1.330077820033735e+01
s635        , -2.382235458298951e+01, -2.396821061978270e+01, -1.846234551358968e+01
s636        , -1.910586081968059e+01, -1.941476114478462e+01, -1.170389001916750e+01
s637        , -1.917066616024459e+01, -1.919128028430671e+01, -1.137218864470659e+01
s638        , -2.192001400012589e+01, -2.173288616794522e+01, -1.514456612319826e+01
s639        , -2.010078758798683e+01, -1.962667851086437e+01, -1.201842828186466e+01
s640        , -1.983289623130970e+01, -1.973254178001638e+01, -1.217555579518974e+01
s641        , -2.307886864739055e+01, -2.296888502055529e+01, -1.697909690747266e+01
s642        , -2.260273435105626e+01, -2.265641415656005e+01, -1.651531215720563e+01
s643        , -2.012782689900612e+01, -1.998357542115984e+01, -1.254815237292416e+01
s644        , -1.902512926743999e+01, -1.811087836223468e+01, -9.768602540039193e+00
s645        , -2.049081123370357e+01, -2.019978056875245e+01, -1.286905477355313e+01
s646        , -2.159630341817387e+01, -2.217820716479113e+01, -1.580553362804052e+01
s647        , -2.046804100673445e+01, -2.042025321678925e+01, -1.319629120994617e+01
s648        , -2.112203592795417e+01, -2.131507185537485e+01, -1.452442540308174e+01
s649        , -2.130712394597167e+01, -2.207143812942055e+01, -1.564706173158124e+01
s650        , -1.872664219670308e+01, -1.836885356833341e+01, -1.015150213267899e+01
s651        , -2.286060777226206e+01, -2.348888901943986e+01, -1.775091262711111e+01
s652        , -2.513277458672901e+01, -2.510895214024940e+01, -2.015549064214456e+01
s653        , -2.212366926194319e+01, -2.174817584759620e+01, -1.516725982387783e+01
s654        , -2.219498706816524e+01, -2.214988996380962e+01, -1.576350383423015e+01
s655        , -2.136195741190379e+01, -2.129907961568198e+01, -1.450068892795145e+01
s656        , -2.204727614381470e+01, -2.176494177987113e+01, -1.519214465190211e+01
s657        , -2.036339525797458e+01, -2.010444421226270e+01, -1.272755182598026e+01
s658        , -1.602366185676991e+01, -1.592201160138901e+01, -6.519777958230963e+00
s659        , -1.871169938684588e+01, -1.890695660961835e+01, -1.095018134849241e+01
s660        , -2.183022460938435e+01, -2.124776614071361e+01, -1.442452692401529e+01
s661        , -2.183692812512830e+01, -2.228703147610125e+01, -1.596705606696051e+01
s662        , -1.575332316936146e+01, -1.560006447965212e+01, -6.041928076341803e+00
s663        , -2.161244100467384e+01, -2.177050498655181e+01, -1.520040183911021e+01
s664        , -1.792030659393350e+01, -1.783206541447625e+01, -9.354774537984811e+00
s665        , -2.036353189911458e+01, -2.015553962027032e+01, -1.280339016412038e+01
s666        , -1.896012969757172e+01, -1.837406963770305e+01, -1.015924408147717e+01
s667        , -1.834472710605888e+01, -1.889986238997211e+01, -1.093965175592527e+01
s668        , -2.315183675604283e+01, -2.267064225962377e+01, -1.653643021327591e+01
s669        , -2.168824836514504e+01, -2.106423741124046e+01, -1.415212448342542e+01
s670        , -1.765957516951316e+01, -1.778624157949354e+01, -9.286760529920183e+00
s671        , -1.925271531654228e+01, -1.966458713993315e+01, -1.207469414883488e+01
s672        , -2.010246672918431e+01, -1.982943156388668e+01, -1.231936441670780e+01
s673        , -2.045224673553428e+01, -2.052341368869501e+01, -1.334940709757967e+01
s674        , -1.961862741224291e+01, -1.953535205585547e+01, -1.188287702890137e+01
s675        , -1.819835804307071e+01, -1.828255494420042e+01, -1.002341343560765e+01
s676        , -2.030955144796039e+01, -2.035294390444769e+01, -1.309638739102419e+01
s677        , -1.708028116046972e+01, -1.717334036370539e+01, -8.377062154627858e+00
s678        , -1.996975063415185e+01, -1.970165059801581e+01, -1.212970557111956e+01
s679        , -2.075675552323975e+01, -2.056455070015873e+01, -1.341046468978041e+01
s680        , -1.844365265503332e+01, -1.854232078592814e+01, -1.040897077843699e+01
s681        , -1.908965101407623e+01, -1.919878534167777e+01, -1.138332802299637e+01
s682        , -2.132701003782740e+01, -2.150584057451048e+01, -1.480757379532490e+01
s683        , -2.134055790648813e+01, -2.029522306029819e+01, -1.301071525203882e+01
s684        , -2.228765611405496e+01, -2.228860120875862e+01, -1.596938594200606e+01
s685        , -2.220524684044785e+01, -2.254654333785423e+01, -1.635223644011770e+01
s686        , -2.092862014660340e+01, -2.098733332203793e+01, -1.403797962092762e+01
s687        , -2.266843571203506e+01, -2.231633399639531e+01, -1.601054832055181e+01
s688        , -1.791243182954496e+01, -1.842018263755285e+01, -1.022768728237582e+01
s689        , -2.022924986754604e+01, -2.039771445729585e+01, -1.316283806551753e+01
s690        , -1.926971843911773e+01, -1.878108858866968e+01, -1.076336179061142e+01
s691        , -1.839442212707931e+01, -1.858887499666983e+01, -1.047806884641891e+01
s692        , -1.811967055159425e+01, -1.830661678931037e+01, -1.005912721923085e+01
s693        , -1.897178714286070e+01, -1.918309623182066e+01, -1.136004146819905e+01
s694        , -2.117746495604092e+01, -2.066643610918275e+01, -1.356168806586062e+01
s695        , -2.262578130233349e+01, -2.287507650838851e+01, -1.683986166220239e+01
s696        , -2.110358706695218e+01, -2.053975703515734e+01, -1.337366470278690e+01
s697        , -2.080079623838923e+01, -2.062448130265167e+01, -1.349941666167038e+01
s698        , -2.284382050270110e+01, -2.324151184398205e+01, -1.738374315705385e+01
s699        , -1.710021253686445e+01, -1.743883473062609e+01, -8.771122058598596e+00
s700        , -1.768315556313765e+01, -1.765685920264739e+01, -9.094724790756164e+00
s701        , -1.903295584190279e+01, -1.917588060684508e+01, -1.134933167982220e+01
s702        , -1.837939645173277e+01, -1.857928819127374e+01, -1.046383963448653e+01
s703        , -2.091048572489854e+01, -2.001865418845290e+01, -1.260021801872763e+01
s704        , -2.101614044515869e+01, -2.095798620915334e+01, -1.399442118080231e+01
s705        , -1.998067347119072e+01, -1.952628625782186e+01, -1.186942112193061e+01
s706        , -2.205053681559340e+01, -2.189367213262015e+01, -1.538321262457044e+01
s707        , -2.095566328486310e+01, -2.091432257479682e+01, -1.392961344962103e+01
s708        , -2.098548818691052e+01, -2.121439373891786e+01, -1.437499395049336e+01
s709        , -2.115794840593145e+01, -2.157602958045458e+01, -1.491175179828190e+01
s710        , -2.144561556804213e+01, -2.138574336716825e+01, -1.462931956514544e+01
s711        , -2.158487030708884e+01, -2.157420659051999e+01, -1.490904602622768e+01
s712        , -1.701606937532507e+01, -1.728717024197169e+01, -8.546014104226154e+00
s713        , -2.069677260469373e+01, -2.060652507214216e+01, -1.347276513398518e+01
s714        , -1.667903695847065e+01, -1.637718681802072e+01, -7.195371584702611e+00
s715        , -1.903979308955687e+01, -1.924487691816782e+01, -1.145173942628220e+01
s716        , -1.775292931769286e+01, -1.765787966290070e+01, -9.096239408463841e+00
s717        , -1.980553907801730e+01, -2.034103101086928e+01, -1.307870568367208e+01
s718        , -2.205506805307129e+01, -2.253949398500725e+01, -1.634177344107875e+01
s719        , -2.211926724507942e+01, -2.228888503981516e+01, -1.596980721813399e+01
s720        , -2.227273745316376e+01, -2.263738125011225e+01, -1.648706257370564e+01
s721        , -1.785735939085095e+01, -1.796946024843672e+01, -9.558702763297065e+00
s722        , -2.185625504194673e+01, -2.158386245722938e+01, -1.492337774238569e+01
s723        , -2.033801839240394e+01, -2.039098437520811e+01, -1.315284894397055e+01
s724        , -2.101306363073858e+01, -2.097801704994097e+01, -1.402415194793224e+01
s725        , -1.977835943733275e+01, -1.999114036234874e+01, -1.255938063374572e+01
s726        , -1.782642809085736e+01, -1.756020148614318e+01, -8.951260615129957e+00
s727        , -2.098840179836340e+01, -2.107136278063995e+01, -1.416270031000090e+01
s728        , -2.135488943619893e+01, -2.112297504035581e+01, -1.423930578507458e+01
s729        , -1.830313789299144e+01, -1.892791065977080e+01, -1.098128238873911e+01
s730        , -1.974102380594271e+01, -1.948146649393576e+01, -1.180289740597463e+01
s731        , -1.858542568590836e+01, -1.786188264219592e+01, -9.399030745859070e+00
s732        , -1.728575125425960e+01, -1.804190794308128e+01, -9.666233224020788e+00
s733        , -2.189672381410002e+01, -2.200595447436478e+01, -1.554986764372840e+01
s734        , -1.907291800543370e+01, -1.904637186020658e+01, -1.115710837634631e+01
s735        , -2.104653345651221e+01, -2.031662905607332e+01, -1.304248709238852e+01
s736        , -1.839280423093862e+01, -1.867252678187658e+01, -1.060222897391192e+01
s737        , -2.165426899727042e+01, -2.115856726007131e+01, -1.429213352242308e+01
s738        , -1.806822955624155e+01, -1.821178467982659e+01, -9.918372700067419e+00
s739        , -1.955458939471557e+01, -1.975844253692005e+01, -1.221399898287997e+01
s740        , -1.834079412742093e+01, -1.817110767284851e+01, -9.857997869333676e+00
s741        , -2.108323768665554e+01, -2.087479899723256e+01, -1.387095059601628e+01
s742        , -1.784982580383593e+01, -1.814210690668462e+01, -9.814953494184905e+00
s743        , -2.007117762213282e+01, -1.993355374650152e+01, -1.247390772306232e+01
s744        , -2.048858578542649e+01, -2.069135573071615e+01, -1.359867500378451e+01
s745        , -2.120349313282904e+01, -2.110075229931891e+01, -1.420632169090891e+01
s746        , -1.892251493836264e+01, -1.872973998482809e+01, -1.068714764665975e+01
s747        , -2.116880416688591e+01, -2.068396653807996e+01, -1.358770759767940e+01
s748        , -2.167842994358758e+01, -2.126388758666543e+01, -1.444845517348185e+01
s749        , -2.059667445248301e+01, -2.051182181219612e+01, -1.333220185969469e+01
s750        , -2.032384862658092e+01, -2.066360300979396e+01, -1.355748303926802e+01
s751        , -2.236553637276776e+01, -2.152778343596323e+01, -1.484014247833389e+01
s752        , -1.716732359631470e+01, -1.742673335505319e+01, -8.753160596924358e+00
s753        , -2.206691124025960e+01, -2.214536530789927e+01, -1.575678811557211e+01
s754        , -1.859855862913608e+01, -1.882611290330361e+01, -1.083018911093002e+01
s755        , -2.251644582892857e+01, -2.196419046963258e+01, -1.548787943702901e+01
s756        , -2.026279534630465e+01, -2.034004391090435e+01, -1.307724058095860e+01
s757        , -1.901185247831666e+01, -1.923808709749221e+01, -1.144166163776096e+01
s758        , -1.866312886885699e+01, -1.897685353440000e+01, -1.105392583010521e+01
s759        , -2.105033567951521e+01, -2.148551861891173e+01, -1.477741094115732e+01
s760        , -1.976737462921502e+01, -1.971450366895083e+01, -1.214878273632319e+01
s761        , -2.282845273202710e+01, -2.279367606793112e+01, -1.671904309221971e+01
s762        , -1.737428124739802e+01, -1.681854827334307e+01, -7.850462141681009e+00
s763        , -2.048674857080450e+01, -2.054735839206892e+01, -1.338494701362976e+01
s764        , -1.996103637141938e+01, -1.955727869525591e+01, -1.191542163433594e+01
s765        , -1.985538741097363e+01, -2.001378503763550e+01, -1.259299098364671e+01
s766        , -1.902823974868692e+01, -1.903942723390424e+01, -1.114680081763781e+01
s767        , -2.019726225103009e+01, -1.987191025558955e+01, -1.238241339724695e+01
s768        , -2.180287541987858e+01, -2.125127159169327e+01, -1.442972988817775e+01
s769        , -2.332774774981945e+01, -2.361548504761092e+01, -1.793881272940993e+01
s770        , -2.255011500408412e+01, -2.250637342386604e+01, -1.629261426194386e+01
s771        , -1.837836194936116e+01, -1.795166055089729e+01, -9.532283569607767e+00
s772        , -2.036442085092615e+01, -2.053730220027828e+01, -1.337002111513596e+01
s773        , -2.207703951964118e+01, -2.211862578018675e+01, -1.571709998265680e+01
s774        , -2.410464814655394e+01, -2.383469827794359e+01, -1.826417987559805e+01
s775        , -2.145476048405246e+01, -2.057783018785518e+01, -1.343017476388533e+01
s776        , -1.783304251394927e+01, -1.791735276871618e+01, -9.481362258136862e+00
s777        , -1.926023008452307e+01, -1.974294118163082e+01, -1.219099110272214e+01
s778        , -1.976550707196644e+01, -1.978159048816658e+01, -1.224835631991548e+01
s779        , -2.301809423461469e+01, -2.265017485694300e+01, -1.650605147933719e+01
s780        , -1.989864127452180e+01, -2.005280507572326e+01, -1.265090645899234e+01
s781        , -1.803783397921168e+01, -1.768044701102831e+01, -9.129734985560951e+00
s782        , -2.003060740563550e+01, -2.006598407604233e+01, -1.267046738474905e+01
s783        , -2.170310297580588e+01, -2.080017676300812e+01, -1.376019257582317e+01
s784        , -1.828106793020000e+01, -1.890387172904136e+01, -1.094560261577566e+01
s785        , -1.904288077315707e+01, -1.922345876141490e+01, -1.141994953600628e+01
s786        , -2.022975758111321e+01, -1.986791704186803e+01, -1.237648647143722e+01
s787        , -1.858814151939532e+01, -1.959195687640216e+01, -1.196689271031721e+01
s788        , -1.926046054059691e+01, -1.972498271485556e+01, -1.216433625586042e+01
s789        , -2.212378523930028e+01, -2.229133988224478e+01, -1.597345081699185e+01
s790        , -2.174169856486492e+01, -2.179488430695559e+01, -1.523658683530658e+01
s791        , -1.907773631846257e+01, -1.929510676459454e+01, -1.152629305500492e+01
s792        , -2.217884458062024e+01, -2.168006644041957e+01, -1.506616846452878e+01
s793        , -2.046845693654859e+01, -1.935167781223251e+01, -1.161025860899500e+01
s794        , -1.973890233992908e+01, -1.900022018925945e+01, -1.108860777788749e+01
s795        , -2.098054198937622e+01, -2.088217787961106e+01, -1.388190269912569e+01
s796        , -1.872193723420701e+01, -1.887014787519636e+01, -1.089554799969542e+01
s797        , -1.738396768625594e+01, -1.826535641100270e+01, -9.997886519843153e+00
s798        , -1.812351947027918e+01, -1.835781117559775e+01, -1.013511246584163e+01
s799        , -2.115781411801412e+01, -1.955554353272857e+01, -1.191284622007452e+01
s800        , -2.197753832223543e+01, -2.194206543342001e+01, -1.545504036120831e+01
s801        , -2.000340332694237e+01, -2.060114799077340e+01, -1.346478420319409e+01
s802        , -2.346278750692302e+01, -2.326716960282227e+01, -1.742182567496921e+01
s803        , -2.201425716118592e+01, -2.205520175965431e+01, -1.562296290649082e+01
s804        , -1.618324989548500e+01, -1.634649480222498e+01, -7.149816972989328e+00
s805        , -2.141738653455062e+01, -2.053905166159959e+01, -1.337261775237641e+01
s806        , -2.157933013723432e+01, -2.164822237991784e+01, -1.501890393093851e+01
s807        , -1.912040169626662e+01, -1.976667973233145e+01, -1.222622503675241e+01
s808        , -2.304047586711122e+01, -2.233557859958573e+01, -1.603911211485423e+01
s809        , -2.047218776779852e+01, -2.037727508475259e+01, -1.313250093529877e+01
s810        , -2.119146876442327e+01, -2.172725545349240e+01, -1.513620873760738e+01
s811        , -2.180116494254657e+01, -2.194970943117612e+01, -1.546638596170697e+01
s812        , -2.372646511684069e+01, -2.334047020026769e+01, -1.753062205632131e+01
s813        , -2.269928091374550e+01, -2.245969690377094e+01, -1.622333465635486e+01
s814        , -1.832573741415099e+01, -1.891756274068699e+01, -1.096592349413145e+01
s815        , -2.057906464758977e+01, -2.009526129166636e+01, -1.271392207989437e+01
s816        , -1.808215553271357e+01, -1.783060867697479e+01, -9.352612375952543e+00
s817        , -2.152086258044021e+01, -2.146939573186089e+01, -1.475348055274015e+01
s818        , -2.057353864229959e+01, -2.093119448920994e+01, -1.395465558158997e+01
s819        , -2.244567325669163e+01, -2.263164467526555e+01, -1.647854806486905e+01
s820        , -2.103220827040201e+01, -2.119842675056623e+01, -1.435129495465582e+01
s821        , -2.251724700203312e+01, -2.293203019807586e+01, -1.692439515249553e+01
s822        , -1.967652212859418e+01, -1.989948996806856e+01, -1.242334857405341e+01
s823        , -1.898228811729100e+01, -1.915201387949254e+01, -1.131390749964950e+01
s824        , -2.375965705343503e+01, -2.405708379003392e+01, -1.859425547966905e+01
s825        , -2.074394606294202e+01, -2.013173239699231e+01, -1.276805430284561e+01
s826        , -2.229590893513048e+01, -2.236051502141817e+01, -1.607612398861499e+01
s827        , -2.030439908572953e+01, -1.867717485163900e+01, -1.060912786952870e+01
s828        , -2.126632247755481e+01, -2.092505136737066e+01, -1.394553765554827e+01
s829        , -1.836528680868646e+01, -1.750125628968041e+01, -8.863771231731505e+00
s830        , -2.038358031572328e+01, -2.040923224653648e+01, -1.317993333942017e+01
s831        , -2.014217587228185e+01, -2.003433085606581e+01, -1.262348610612917e+01
s832        , -1.638297894992474e+01, -1.735759381631371e+01, -8.650540265230470e+00
s833        , -2.087813803835245e+01, -2.072828821962297e+01, -1.365349203512426e+01
s834        , -2.163260872857058e+01, -2.155666149277115e+01, -1.488300472217196e+01
s835        , -1.845033213930005e+01, -1.825012045127711e+01, -9.975272552940568e+00
s836        , -2.085703068105029e+01, -2.061328295740532e+01, -1.348279552238374e+01
s837        , -1.604298594536770e+01, -1.654697035814405e+01, -7.447372733701743e+00
s838        , -1.819387371328009e+01, -1.761216946272163e+01, -9.028394062809372e+00
s839        , -2.199016371973259e+01, -2.136937349228739e+01, -1.460502258514400e+01
s840        , -1.816847175772266e+01, -1.862446126659061e+01, -1.053088775278707e+01
s841        , -2.076446728280485e+01, -2.050431398883364e+01, -1.332105837598329e+01
s842        , -1.719569444321167e+01, -1.747685357909685e+01, -8.827551518670489e+00
s843        , -1.999816334280537e+01, -1.972518164379325e+01, -1.216463151605366e+01
s844        , -1.581596700213373e+01, -1.586719520022457e+01, -6.438416737541360e+00
s845        , -2.003183538643507e+01, -2.010946940992729e+01, -1.273501047352940e+01
s846        , -2.166933569232110e+01, -2.111200001649446e+01, -1.422301611046099e+01
s847        , -2.001719781047365e+01, -1.988248202795863e+01, -1.239810454600042e+01
s848        , -1.670780899311153e+01, -1.711547186177023e+01, -8.291170854635370e+00
s849        , -2.103364362191806e+01, -2.136697772974559e+01, -1.460146667558513e+01
s850        , -1.674889176362534e+01, -1.634585176301876e+01, -7.148862542314239e+00
s851        , -1.887785873496733e+01, -1.945197123451381e+01, -1.175911907941271e+01
s852        , -1.916613881673827e+01, -1.974964869859548e+01, -1.220094673199454e+01
s853        , -2.151831650372089e+01, -2.136799796436564e+01, -1.460298095839674e+01
s854        , -2.092228526657664e+01, -2.057437361099513e+01, -1.342504434111464e+01
s855        , -1.984690981488844e+01, -1.987569971617599e+01, -1.238803790255044e+01
s856        , -1.857995804240183e+01, -1.845631505687264e+01, -1.028131681076291e+01
s857        , -2.294003947989728e+01, -2.336651847997195e+01, -1.756928420466712e+01
s858        , -2.107902559750898e+01, -2.137476304648094e+01, -1.461302202872010e+01
s859        , -1.829183386036745e+01, -1.860405064857576e+01, -1.050059330146518e+01
s860        , -2.148418071954308e+01, -2.110916244007768e+01, -1.421880443884144e+01
s861        , -2.060440939951398e+01, -2.022107627042472e+01, -1.290066290992640e+01
s862        , -1.983634035476443e+01, -1.950230888645114e+01, -1.183383271841982e+01
s863        , -2.017821382918477e+01, -2.087758269634142e+01, -1.387508230026389e+01
s864        , -2.145828954671971e+01, -2.070983478191595e+01, -1.362610252786240e+01
s865        , -2.179521899962700e+01, -2.188107749015407e+01, -1.536451903171462e+01
s866        , -2.240641608733365e+01, -2.216444240410635e+01, -1.578510328770399e+01
s867        , -1.970162478711471e+01, -1.961184155816627e+01, -1.199640654097709e+01
s868        , -1.579821539399930e+01, -1.552855012642968e+01, -5.935782927236687e+00
s869        , -1.927595790821999e+01, -1.946516674716423e+01, -1.177870451359038e+01
s870        , -1.834436146157947e+01, -1.862354378280108e+01, -1.052952597785304e+01
s871        , -1.954632707936713e+01, -1.954227931724807e+01, -1.189315881374979e+01
s872        , -2.222687656829416e+01, -2.217033401077229e+01, -1.579384790245398e+01
s873        , -2.174135075548704e+01, -2.131494658109714e+01, -1.452423946478703e+01
s874        , -2.306987923711809e+01, -2.356261229482812e+01, -1.786033636802453e+01
s875        , -2.178123430913379e+01, -2.185316986332873e+01, -1.532309714817563e+01
s876        , -2.287277527114560e+01, -2.264108449882423e+01, -1.649255911907024e+01
s877        , -2.189016288213647e+01, -2.155765755727954e+01, -1.488448313050536e+01
s878        , -1.876974537203656e+01, -1.859826209644104e+01, -1.049200164536041e+01
s879        , -1.761744622782913e+01, -1.755098601022900e+01, -8.937582548827059e+00
s880        , -1.792977215528789e+01, -1.860440578110167e+01, -1.050112040676945e+01
s881        , -2.116921283478955e+01, -1.960416331624154e+01, -1.198501011358537e+01
s882        , -1.809005639564229e+01, -1.842034979379747e+01, -1.022793538396256e+01
s883        , -1.958200153707774e+01, -1.996914421137171e+01, -1.252673285578241e+01
s884        , -1.866641101726497e+01, -1.912277185574231e+01, -1.127050503802828e+01
s885        , -1.949202935470739e+01, -1.989099083708130e+01, -1.241073374241115e+01
s886        , -1.753621319174707e+01, -1.738323515448540e+01, -8.688598410775361e+00
s887        , -2.072504645987743e+01, -2.024618577907265e+01, -1.293793168772126e+01
s888        , -2.163711888094086e+01, -2.190588530056849e+01, -1.540134001403153e+01
s889        , -1.784767272504274e+01, -1.769795057967740e+01, -9.155714650067596e+00
s890        , -2.036577167825686e+01, -2.091411325031206e+01, -1.392930275984134e+01
s891        , -1.925489904031788e+01, -1.921552548185832e+01, -1.140817456911528e+01
s892        , -1.797999052112338e+01, -1.919237866755287e+01, -1.137381891958408e+01
s893        , -2.224398236502422e+01, -2.256406230667447e+01, -1.637823896232198e+01
s894        , -2.015695897880840e+01, -2.000392100874692e+01, -1.257835030286060e+01
s895        , -1.853378696029952e+01, -1.883562012117795e+01, -1.084430019511626e+01
s896        , -2.478440805107692e+01, -2.395645849231980e+01, -1.844490242327785e+01
s897        , -2.202247365131235e+01, -2.203473085801011e+01, -1.559257897921707e+01
s898        , -2.008627742560493e+01, -1.939117152047825e+01, -1.166887712907611e+01
s899        , -1.802005794967191e+01, -1.762628958716412e+01, -9.049351851655889e+00
s900        , -1.770516073583232e+01, -1.781919654571229e+01, -9.335673924860108e+00
s901        , -2.425916197575684e+01, -2.400917903739160e+01, -1.852315287043134e+01
s902        , -1.641892815066793e+01, -1.665826761757481e+01, -7.612565644843965e+00
s903        , -2.332207101034287e+01, -2.330954507581410e+01, -1.748472145317930e+01
s904        , -2.132463334662818e+01, -1.990855996933361e+01, -1.243681071966868e+01
s905        , -2.166343218809494e+01, -2.205794700874478e+01, -1.562703754131456e+01
s906        , -1.790842270146736e+01, -1.744846179444057e+01, -8.785411024071776e+00
s907        , -1.911599503394165e+01, -1.964012865262163e+01, -1.203839164918853e+01
s908        , -2.062377494321661e+01, -1.991205531731994e+01, -1.244199868846746e+01
s909        , -2.034650826700463e+01, -2.047401240777435e+01, -1.327608326686563e+01
s910        , -1.701866755175476e+01, -1.655965568407203e+01, -7.466200923448259e+00
s911        , -1.800428066961873e+01, -1.823297979325961e+01, -9.949831538388311e+00
s912        , -2.018815932170212e+01, -2.058633632990324e+01, -1.344280000169167e+01
s913        , -1.735412329082851e+01, -1.761306696534055e+01, -9.029726180699205e+00
s914        , -2.004618788210774e+01, -2.079426308722368e+01, -1.375141520499319e+01
s915        , -1.937730144245923e+01, -1.934197042324116e+01, -1.159585042091138e+01
s916        , -2.191302790761547e+01, -2.212952157951709e+01, -1.573327206829310e+01
s917        , -1.792924589211810e+01, -1.743784559808411e+01, -8.769653939033457e+00
s918        , -2.621730238337609e+01, -2.587533965848726e+01, -2.129300099817930e+01
s919        , -1.919355775511356e+01, -1.902997252305773e+01, -1.113276766698583e+01
s920        , -1.675861595936722e+01, -1.641873878149010e+01, -7.257045069245619e+00
s921        , -2.192756432754418e+01, -2.187487523342683e+01, -1.535531333474001e+01
s922        , -2.290193110331377e+01, -2.303808156448019e+01, -1.708180184908935e+01
s923        , -1.925371616601646e+01, -1.893174087847895e+01, -1.098696738926784e+01
s924        , -1.798705044323696e+01, -1.828730965062572e+01, -1.003047060664707e+01
s925        , -2.338449219749342e+01, -2.376915678125571e+01, -1.816689993632673e+01
s926        , -1.762302148317026e+01, -1.767443933218851e+01, -9.120818090735060e+00
s927        , -1.720744831710588e+01, -1.725290894342540e+01, -8.495161786070961e+00
s928        , -1.827654667645005e+01, -1.861349815030373e+01, -1.051461575198595e+01
s929        , -2.066098735264480e+01, -2.102735815025886e+01, -1.409738645561158e+01
s930        , -1.982419875205301e+01, -2.053735327457843e+01, -1.337009692214477e+01
s931        , -2.184683786579889e+01, -2.240238082878054e+01, -1.613826329582599e+01
s932        , -2.007807490293144e+01, -2.024408876351552e+01, -1.293481919325047e+01
s933        , -2.186904116931162e+01, -2.225935216149875e+01, -1.592597305574356e+01
s934        , -1.595875499840616e+01, -1.609246712785330e+01, -6.772776502677909e+00
s935        , -1.706347068237267e+01, -1.688722417924611e+01, -7.952394326529743e+00
s936        , -1.818003510858343e+01, -1.737273071925384e+01, -8.673007207140337e+00
s937        , -2.175658784400171e+01, -2.182722067228909e+01, -1.528458207213920e+01
s938        , -2.010166135357230e+01, -1.983328728546591e+01, -1.232508726986237e+01
s939        , -1.813809060682595e+01, -1.790338976054893e+01, -9.460637669056702e+00
s940        , -2.094308051046411e+01, -2.091360770390422e+01, -1.392855240279522e+01
s941        , -1.827480816862776e+01, -1.833365647932721e+01, -1.009926086792185e+01
s942        , -1.770857434290158e+01, -1.784701760522217e+01, -9.376967320897041e+00
s943        , -1.938132201948424e+01, -1.965097538419396e+01, -1.205449090602536e+01
s944        , -1.770272330222015e+01, -1.811387043782418e+01, -9.773043526991742e+00
s945        , -1.924477319915050e+01, -1.918744660246199e+01, -1.136649850401884e+01
s946        , -2.185513295241253e+01, -2.185373733599040e+01, -1.532393941923832e+01
s947        , -2.017292248813791e+01, -1.970292596365956e+01, -1.213159853204724e+01
s948        , -1.792501053388721e+01, -1.828154356304384e+01, -1.002191229354553e+01
s949        , -2.005207290213696e+01, -2.015271991157423e+01, -1.279920501265786e+01
s950        , -2.257823345395823e+01, -2.242914157945716e+01, -1.617798292891698e+01
s951        , -1.571913272603913e+01, -1.615903106891982e+01, -6.871574004594089e+00
s952        , -2.233989362366768e+01, -2.302304415135688e+01, -1.705948257489885e+01
s953        , -2.342860552534396e+01, -2.342430655810958e+01, -1.765505613567147e+01
s954        , -2.204077204416149e+01, -2.253293120924688e+01, -1.633203264387876e+01
s955        , -1.756302978982562e+01, -1.813832234486222e+01, -9.809336259869907e+00
s956        , -2.291971088639473e+01, -2.283700186609468e+01, -1.678334939017174e+01
s957        , -1.872997367448807e+01, -1.848567201032548e+01, -1.032488985674756e+01
s958        , -2.138547156076431e+01, -2.135800414143947e+01, -1.458814763086416e+01
s959        , -1.926386090665138e+01, -1.880587665325739e+01, -1.080015346519323e+01
s960        , -1.680470785163838e+01, -1.751903521022569e+01, -8.890159587175855e+00
s961        , -2.001579976967623e+01, -2.006626349533206e+01, -1.267088211271393e+01
s962        , -1.871905926332032e+01, -1.851194721953570e+01, -1.036388882511845e+01
s963        , -1.918665598310528e+01, -1.973099994632119e+01, -1.217326732916723e+01
s964        , -1.746488927974545e+01, -1.761035273319599e+01, -9.025697582764547e+00
s965        , -1.971186761143078e+01, -1.952850751741218e+01, -1.187271802555614e+01
s966        , -1.765956881606673e+01, -1.750554734992044e+01, -8.870140236112769e+00
s967        , -2.223688117086612e+01, -2.145446308395548e+01, -1.473131677628085e+01
s968        , -1.998239594820018e+01, -2.038389158496145e+01, -1.314232147298914e+01
s969        , -2.101894011109180e+01, -2.102742898442353e+01, -1.409749159119112e+01
s970        , -1.986554229461376e+01, -2.001052680197565e+01, -1.258815494872015e+01
s971        , -1.914500631305469e+01, -1.835624618789743e+01, -1.013278963349662e+01
s972        , -1.930540895911451e+01, -1.986327649958559e+01, -1.236959874847949e+01
s973        , -2.013055280326089e+01, -2.028190937026212e+01, -1.299095441312552e+01
s974        , -1.991254970003848e+01, -1.996760744548849e+01, -1.252445191165772e+01
s975        , -2.002907222040815e+01, -2.069820505025384e+01, -1.360884110346711e+01
s976        , -2.147573630129902e+01, -2.144411107136439e+01, -1.471595180588669e+01
s977        , -1.918950409415471e+01, -1.932662580291031e+01, -1.157307517455050e+01
s978        , -1.698999961978807e+01, -1.778663679733537e+01, -9.287347131837981e+00
s979        , -2.115978794608996e+01, -2.108142473225226e+01, -1.417763475750762e+01
s980        , -1.730989298326385e+01, -1.697254136163220e+01, -8.079026319095362e+00
s981        , -2.142850865946883e+01, -2.119668906339412e+01, -1.434871579319142e+01
s982        , -2.110948756566415e+01, -2.151160994777125e+01, -1.481613698519397e+01
s983        , -1.831465175322002e+01, -1.835939718595322e+01, -1.013746650105385e+01
s984        , -2.150201864035685e+01, -2.141760648590725e+01, -1.467661238591646e+01
s985        , -1.659952594735737e+01, -1.641129747944040e+01, -7.246000319765121e+00
s986        , -2.105203087443673e+01, -2.076473301229828e+01, -1.370758520353471e+01
s987        , -2.066592788190784e+01, -2.094266225100451e+01, -1.397167660227655e+01
s988        , -2.133344594608628e+01, -2.134036713035610e+01, -1.456196990447979e+01
s989        , -2.008246059204520e+01, -2.026917109464362e+01, -1.297204763282279e+01
s990        , -2.181814335912880e+01, -2.226707546032639e+01, -1.593743635882475e+01
s991        , -1.674874949890157e+01, -1.660477593381139e+01, -7.533170635407307e+00
s992        , -1.990187356431624e+01, -1.956563047471455e+01, -1.192781775953297e+01
s993        , -2.167451347953028e+01, -2.153680562960615e+01, -1.485353366550584e+01
s994        , -2.085856003252748e+01, -2.012597611713143e+01, -1.275951054684990e+01
s995        , -1.532250426373563e+01, -1.527101091909479e+01, -5.553530465581265e+00
s996        , -2.197589637081217e+01, -2.194462778860758e+01, -1.545884353583255e+01
s997        , -1.843774602570321e+01, -1.797411553970428e+01, -9.565612377429845e+00
s998        , -2.004154224207673e+01, -1.964168874166620e+01, -1.204070721070578e+01
s999        , -1.918982967461324e+01, -1.957479486337053e+01, -1.194141999959408e+01
s1000       , -2.386287011937712e+01, -2.394265833619957e+01, -1.842441954728093e+01
s1001       , -2.142986106465667e+01, -2.129921043983868e+01, -1.450088310365176e+01
s1002       , -1.703565403983971e+01, -1.778429267126696e+01, -9.283867863693320e+00
s1003       , -2.272857267296788e+01, -2.286339528074551e+01, -1.682252380491883e+01
s1004       , -1.957549960274314e+01, -1.886029520743460e+01, -1.088092418165708e+01
s1005       , -2.033955634118916e+01, -2.013171378984939e+01, -1.276802668520145e+01
s1006       , -2.103463075725037e+01, -2.117002784738014e+01, -1.430914389438218e+01
s1007       , -1.845815321471510e+01, -1.919808245982890e+01, -1.138228477090375e+01
s1008       , -2.105860584214290e+01, -2.084578175486598e+01, -1.382788176607050e+01
s1009       , -2.225664818829298e+01, -2.192288419520237e+01, -1.542657061634046e+01
s1010       , -2.029000137617794e+01, -2.055241931852209e+01, -1.339245869161851e+01
s1011       , -2.150175758271834e+01, -2.067847195789410e+01, -1.357955226931777e+01
s1012       , -1.789395613621291e+01, -1.746849917788750e+01, -8.815151502141056e+00
s1013       , -1.907481979836395e+01, -1.938598806816078e+01, -1.166118359212409e+01
s1014       , -1.701362802016618e+01, -1.663562027162545e+01, -7.578951331013092e+00
s1015       , -1.771043360260808e+01, -1.781997456934878e+01, -9.336828706119837e+00
s1016       , -2.325177194237830e+01, -2.283197341947199e+01, -1.677588592035789e+01
s1017       , -2.061131053204120e+01, -2.090504794557629e+01, -1.391584758504772e+01
s1018       , -1.637685178145171e+01, -1.636200584103718e+01, -7.172839225912102e+00
s1019       , -2.229355013298489e+01, -2.235104704958120e+01, -1.606207115534345e+01
s1020       , -1.626620443538163e+01, -1.702814823520813e+01, -8.161560798133815e+00
s1021       , -2.225684084822025e+01, -2.214622165682729e+01, -1.575805915111330e+01
s1022       , -1.619907626993357e+01, -1.634398339417195e+01, -7.146089416628383e+00
s1023       , -2.164326276096592e+01, -2.136228894217395e+01, -1.459450734457692e+01
s1024       , -1.814482992541786e+01, -1.815919818237256e+01, -9.840321213035002e+00
s1025       , -1.966276460675046e+01, -2.002986379161282e+01, -1.261685586756783e+01
s1026       , -1.787958226759213e+01, -1.808951395965352e+01, -9.736892434370391e+00
s1027       , -2.228548280106830e+01, -2.283506037206404e+01, -1.678046772846212e+01
s1028       , -1.939576101741603e+01, -1.931442243739591e+01, -1.155496233434790e+01
s1029       , -2.072177297910414e+01, -2.002107322457420e+01, -1.260380847208723e+01
s1030       , -2.116639743005703e+01, -2.097207815428246e+01, -1.401533714451465e+01
s1031       , -1.871817432191781e+01, -1.900402355496598e+01, -1.109425292185971e+01
s1032       , -1.793076662035363e+01, -1.904357214591910e+01, -1.115295290157649e+01
s1033       , -2.190726556241366e+01, -2.151163201237748e+01, -1.481616973457660e+01
s1034       , -1.655942363042545e+01, -1.714422315597340e+01, -8.333844951129935e+00
s1035       , -1.920990065585595e+01, -1.940226961388367e+01, -1.168534946960945e+01
s1036       , -1.624542641970273e+01, -1.622369214173257e+01, -6.967547175093975e+00
s1037       , -1.865413258865576e+01, -1.916194322864983e+01, -1.132864513201735e+01
s1038       , -2.303917859954092e+01, -2.305546836271787e+01, -1.710760819716131e+01
s1039       , -2.268866240524940e+01, -2.331014839932910e+01, -1.748561693585618e+01
s1040       , -2.002650999928207e+01, -2.042572247290954e+01, -1.320440895107398e+01
s1041       , -2.439240447433291e+01, -2.434839483874794e+01, -1.902663378288235e+01
