# c0 + a0 * (Na-Na / E_T)
# Property Label: $ln_{D}$; Unit of the Property: Unitless
# RMSE: 0.754540857992959; Max AE: 3.69827929207091
# Coefficients
# Task   a0                      c0
# all ,  3.340701070513496e+01, -2.809891438064408e+01, 
# Feature Rung, Units, and Expressions
# 0;  1; A;                                                23|0|div; (Na-Na / E_T); $\left(\frac{ Na-Na }{ E_{T} } \right)$; (Na_sub_Na ./ E_T); (newdata$Na_sub_Na / newdata$E_T); Na-Na,E_T
# Number of Samples Per Task
# Task, n_samples               
# all , 1041                  

# Sample ID , Property Value        ,  Property Value (EST) ,  Feature 0 Value      
s1          , -2.244947812336508e+01, -2.171915103054701e+01,  1.909707937177522e-01
s2          , -2.298888400764099e+01, -2.235617552032426e+01,  1.719022067256412e-01
s3          , -1.755271246623431e+01, -1.872571770106957e+01,  2.805757378984454e-01
s4          , -1.917258847351942e+01, -1.811672201782147e+01,  2.988053151756033e-01
s5          , -2.000094091703784e+01, -2.076870999190646e+01,  2.194211404736942e-01
s6          , -2.179532463031582e+01, -2.081762577510526e+01,  2.179569034118822e-01
s7          , -2.156980503382011e+01, -2.076466942387450e+01,  2.195420901769650e-01
s8          , -2.070680399014268e+01, -2.018509189754125e+01,  2.368910691517334e-01
s9          , -2.311678210871720e+01, -2.235460396695711e+01,  1.719492493473536e-01
s10         , -1.955558688693647e+01, -2.036743564046434e+01,  2.314328213446330e-01
s11         , -1.929232032084748e+01, -1.912934575789102e+01,  2.684936015952591e-01
s12         , -1.972420304545977e+01, -1.759833847436119e+01,  3.143225234656766e-01
s13         , -1.649771434553038e+01, -1.586189151505743e+01,  3.663010430234545e-01
s14         , -1.814284237715737e+01, -1.930507705434087e+01,  2.632332896804656e-01
s15         , -2.140988745272463e+01, -2.229085424910858e+01,  1.738575229852200e-01
s16         , -2.271802967642396e+01, -2.196724474611130e+01,  1.835443969726474e-01
s17         , -1.845283706311921e+01, -1.872302284374430e+01,  2.806564053173012e-01
s18         , -2.106370881996578e+01, -2.098943466822555e+01,  2.128140040774655e-01
s19         , -2.166440903696862e+01, -2.192628519867637e+01,  1.847704733730908e-01
s20         , -1.957524373940041e+01, -1.932033836323075e+01,  2.627764601537358e-01
s21         , -2.230012329283520e+01, -2.223916001976640e+01,  1.754049295999111e-01
s22         , -1.709175230426198e+01, -1.611900324186146e+01,  3.586047026033730e-01
s23         , -2.271630669020732e+01, -2.251965314201949e+01,  1.670086943087969e-01
s24         , -1.997593461761007e+01, -2.051881284258689e+01,  2.269015209101619e-01
s25         , -2.228124530569044e+01, -2.259141615229840e+01,  1.648605520846295e-01
s26         , -1.806502239865187e+01, -1.890606589399881e+01,  2.751772245588032e-01
s27         , -2.017409009594002e+01, -2.061808493766720e+01,  2.239299262363216e-01
s28         , -1.658938425028538e+01, -1.722651789211097e+01,  3.254525400221434e-01
s29         , -2.262132344831001e+01, -2.276594806104707e+01,  1.596361424453126e-01
s30         , -1.697997334312175e+01, -1.722739149499163e+01,  3.254263897362538e-01
s31         , -1.964904728113367e+01, -2.024633882754796e+01,  2.350577135561879e-01
s32         , -2.151059652715050e+01, -2.216798117951544e+01,  1.775355853739105e-01
s33         , -2.289264810431292e+01, -2.272280130907999e+01,  1.609276902688490e-01
s34         , -2.302504917991390e+01, -2.233751766371369e+01,  1.724607079568722e-01
s35         , -2.244061385591441e+01, -2.209687869778880e+01,  1.796639554443197e-01
s36         , -2.239655424600443e+01, -2.044076463873045e+01,  2.292378030919272e-01
s37         , -2.226102540809307e+01, -2.130662935141364e+01,  2.033191502580745e-01
s38         , -2.102436377352775e+01, -2.182436675028416e+01,  1.878212835545761e-01
s39         , -2.141661104833067e+01, -1.951578854706335e+01,  2.569258862859411e-01
s40         , -1.990275935468409e+01, -2.034134795844883e+01,  2.322137257555595e-01
s41         , -1.952311408648237e+01, -1.981342963294295e+01,  2.480163466534756e-01
s42         , -1.862175379272403e+01, -1.857071689702998e+01,  2.852155066406323e-01
s43         , -2.257821044890805e+01, -2.161764149783705e+01,  1.940093634840186e-01
s44         , -1.984867902879579e+01, -2.069822356423830e+01,  2.215310696825749e-01
s45         , -1.928264199244582e+01, -2.009490414566045e+01,  2.395907345805514e-01
s46         , -2.007096062658339e+01, -1.982925475924414e+01,  2.475426399084792e-01
s47         , -1.842882744186564e+01, -1.930181440666696e+01,  2.633309532428450e-01
s48         , -1.712958329507449e+01, -1.711538302845589e+01,  3.287792328722162e-01
s49         , -2.142142340445580e+01, -2.166234522433176e+01,  1.926712094393696e-01
s50         , -2.022197746600499e+01, -2.041184449820761e+01,  2.301034938530100e-01
s51         , -2.208446385448407e+01, -2.206230139094310e+01,  1.806989868977739e-01
s52         , -2.030062191637932e+01, -2.002835414835249e+01,  2.415828313262121e-01
s53         , -1.881589086732163e+01, -1.736460581202969e+01,  3.213190387897957e-01
s54         , -2.389190768082197e+01, -2.329732145130977e+01,  1.437300982034965e-01
s55         , -1.989931101552115e+01, -1.996891613184155e+01,  2.433620392007378e-01
s56         , -2.293632659980805e+01, -2.268346037189549e+01,  1.621053154545246e-01
s57         , -2.165250835772914e+01, -2.052251597044553e+01,  2.267906720859041e-01
s58         , -2.493828100106786e+01, -2.327299750009527e+01,  1.444582073848055e-01
s59         , -2.019609135900962e+01, -2.032737617982942e+01,  2.326319546938720e-01
s60         , -1.686951544328429e+01, -1.711381389132541e+01,  3.288262031666952e-01
s61         , -1.698686520707895e+01, -1.693864272522910e+01,  3.340697482310064e-01
s62         , -1.961666852236879e+01, -2.041394929362345e+01,  2.300404892509397e-01
s63         , -2.363642228074260e+01, -2.272976493776380e+01,  1.607192421456309e-01
s64         , -2.123215125329894e+01, -2.156244527757739e+01,  1.956615981226351e-01
s65         , -2.229595939650926e+01, -2.171537424332686e+01,  1.910838474493024e-01
s66         , -2.209517036440609e+01, -2.204463792165231e+01,  1.812277223014501e-01
s67         , -2.100952424313996e+01, -2.058886515339404e+01,  2.248045864844672e-01
s68         , -2.306714632630091e+01, -2.272150797209328e+01,  1.609664048068880e-01
s69         , -2.116954741071400e+01, -2.160409588682352e+01,  1.944148355908495e-01
s70         , -2.268552320802911e+01, -2.120084761112327e+01,  2.064856035880070e-01
s71         , -1.844586653395837e+01, -1.872440786388781e+01,  2.806149463506268e-01
s72         , -2.185924535832699e+01, -2.154759292945371e+01,  1.961061858846105e-01
s73         , -1.814705961150877e+01, -1.843887927564980e+01,  2.891619124577777e-01
s74         , -2.269683109870329e+01, -2.297186702277696e+01,  1.534721978904577e-01
s75         , -2.162544692540680e+01, -2.077826827490830e+01,  2.191350243920666e-01
s76         , -1.799713371423827e+01, -1.934793603615146e+01,  2.619503559217738e-01
s77         , -1.808839931225978e+01, -1.868826230541843e+01,  2.816969215919443e-01
s78         , -1.710463489071706e+01, -1.736362430659259e+01,  3.213484190131795e-01
s79         , -2.130172009097587e+01, -2.093127897615161e+01,  2.145548270618160e-01
s80         , -2.075517304342145e+01, -2.068273567000631e+01,  2.219946817779129e-01
s81         , -1.679587307458704e+01, -1.808979953084479e+01,  2.996112085018369e-01
s82         , -1.961963418382102e+01, -2.038113319532970e+01,  2.310228009753678e-01
s83         , -1.732943596118787e+01, -1.843486024424264e+01,  2.892822174872409e-01
s84         , -2.091958911511147e+01, -2.181910355380520e+01,  1.879788312180116e-01
s85         , -1.931803893900067e+01, -1.876986271337377e+01,  2.792543083130855e-01
s86         , -2.124992178205270e+01, -1.993203148493633e+01,  2.444661381945324e-01
s87         , -2.000999990609716e+01, -2.024814108127398e+01,  2.350037651876276e-01
s88         , -1.933594922663024e+01, -2.054616463875952e+01,  2.260827767126027e-01
s89         , -2.128477820873118e+01, -2.100131386602323e+01,  2.124584141115590e-01
s90         , -2.009844325702736e+01, -2.081399417948797e+01,  2.180656110017153e-01
s91         , -2.185233402642529e+01, -2.199451202735762e+01,  1.827281826310833e-01
s92         , -1.852873985612102e+01, -1.813869063118855e+01,  2.981477102925751e-01
s93         , -2.244477787769646e+01, -2.124475655914880e+01,  2.051712403121937e-01
s94         , -2.069748145715988e+01, -2.130446854534616e+01,  2.033838314738392e-01
s95         , -1.839144268754908e+01, -1.777227616887085e+01,  3.091159009382998e-01
s96         , -2.061908691885885e+01, -2.120248355039880e+01,  2.064366336490334e-01
s97         , -2.336181657728519e+01, -2.285029919802156e+01,  1.571111892934423e-01
s98         , -1.913590175727989e+01, -1.907372394624559e+01,  2.701585758168787e-01
s99         , -1.764848235022367e+01, -1.653452286638475e+01,  3.461666060555897e-01
s100        , -2.003395952271198e+01, -1.941249744518792e+01,  2.600177852525122e-01
s101        , -2.047737186068138e+01, -2.029946945280462e+01,  2.334673101008887e-01
s102        , -1.813404261594337e+01, -1.862800747875435e+01,  2.835005797281336e-01
s103        , -2.094885731266024e+01, -2.127706685709765e+01,  2.042040691326461e-01
s104        , -1.695125455205811e+01, -1.728921763208258e+01,  3.235756962504864e-01
s105        , -2.089913046364001e+01, -2.125442512384100e+01,  2.048818230764664e-01
s106        , -2.193421435204462e+01, -2.194925392940488e+01,  1.840829311403769e-01
s107        , -1.938858975045087e+01, -2.032556491709741e+01,  2.326861727365458e-01
s108        , -2.184761912256448e+01, -2.174687321491802e+01,  1.901409623803811e-01
s109        , -1.765266017099491e+01, -1.880448720833821e+01,  2.782178643381950e-01
s110        , -2.222643790681205e+01, -2.154074911038689e+01,  1.963110476463293e-01
s111        , -2.198367498730207e+01, -2.165013254191446e+01,  1.930367818793910e-01
s112        , -2.341727175416096e+01, -2.171419845990212e+01,  1.911190431582244e-01
s113        , -2.064750776227555e+01, -2.086148977748632e+01,  2.166438855316467e-01
s114        , -2.335281852671257e+01, -2.235178963870430e+01,  1.720334929894337e-01
s115        , -2.467653405274963e+01, -2.285409280894159e+01,  1.569976319640090e-01
s116        , -2.119630992652875e+01, -2.040815863317750e+01,  2.302138259345795e-01
s117        , -1.681518237222159e+01, -1.750984422597985e+01,  3.169714958374469e-01
s118        , -1.725426000439147e+01, -1.804468596552230e+01,  3.009616305949921e-01
s119        , -2.026224064054247e+01, -2.044340732368645e+01,  2.291586973922485e-01
s120        , -2.061376236446881e+01, -2.083200786364112e+01,  2.175263923235718e-01
s121        , -2.090204853596659e+01, -2.156900217853277e+01,  1.954653249207836e-01
s122        , -1.679179791839329e+01, -1.795799966480421e+01,  3.035564841568155e-01
s123        , -1.729435756680531e+01, -1.694173631687069e+01,  3.339771451642762e-01
s124        , -1.927065840811719e+01, -2.099030620186339e+01,  2.127879157319523e-01
s125        , -2.074667074869674e+01, -2.119678742964843e+01,  2.066071403968727e-01
s126        , -1.981090987888966e+01, -1.945008878337058e+01,  2.588925322774867e-01
s127        , -1.791042209268825e+01, -1.789788829885816e+01,  3.053558479633118e-01
s128        , -2.199486439730610e+01, -2.195529862147750e+01,  1.839019903155311e-01
s129        , -1.847106084369403e+01, -1.880010551368438e+01,  2.783490252700276e-01
s130        , -2.183307419908922e+01, -2.087559012770974e+01,  2.162218079519473e-01
s131        , -1.937195493711046e+01, -1.989171926974938e+01,  2.456728374572339e-01
s132        , -1.756898825137140e+01, -1.747584008405311e+01,  3.179893702658676e-01
s133        , -1.952720456066259e+01, -1.992682763377051e+01,  2.446219094250609e-01
s134        , -1.792604080418195e+01, -1.856104885316957e+01,  2.855049082858662e-01
s135        , -2.163690184151209e+01, -2.135578434116929e+01,  2.018477528262744e-01
s136        , -2.266590946104735e+01, -2.255189669887609e+01,  1.660435209461994e-01
s137        , -1.871948299194560e+01, -1.864520148190567e+01,  2.829858972471693e-01
s138        , -2.098569970792443e+01, -2.114648313061784e+01,  2.081129410647203e-01
s139        , -1.946420871832499e+01, -2.027130864707844e+01,  2.343102710582382e-01
s140        , -1.890485827097119e+01, -1.988223606722548e+01,  2.459567060921023e-01
s141        , -2.048387804329865e+01, -2.068474178161716e+01,  2.219346311607369e-01
s142        , -1.712146112463541e+01, -1.709025943368301e+01,  3.295312784531463e-01
s143        , -2.146398341435241e+01, -2.171172722387288e+01,  1.911930167337429e-01
s144        , -2.296743054539722e+01, -2.091231025522278e+01,  2.151226336547569e-01
s145        , -2.169591974109321e+01, -2.229961647260326e+01,  1.735952360188100e-01
s146        , -2.268369172314783e+01, -2.214090455696816e+01,  1.783460925691300e-01
s147        , -2.121406114253308e+01, -2.177315030994219e+01,  1.893543881114019e-01
s148        , -2.139826235530006e+01, -2.073657560928516e+01,  2.203830458325699e-01
s149        , -1.818204101397333e+01, -1.847043826210730e+01,  2.882172309136533e-01
s150        , -2.236615053154114e+01, -2.142165297887406e+01,  1.998760517876463e-01
s151        , -2.007280490017163e+01, -2.121501599253780e+01,  2.060614895737486e-01
s152        , -2.043501428229088e+01, -2.102241767952309e+01,  2.118266960064541e-01
s153        , -2.294208833005412e+01, -2.166897311391337e+01,  1.924728112755794e-01
s154        , -1.941555486932839e+01, -2.071376297697871e+01,  2.210659154406232e-01
s155        , -2.030625886040805e+01, -1.991944530202264e+01,  2.448428909373856e-01
s156        , -1.755225478861601e+01, -1.769697986998907e+01,  3.113698080461936e-01
s157        , -1.981494689568535e+01, -2.039747461474882e+01,  2.305336395965374e-01
s158        , -2.120666701656112e+01, -2.215416054511967e+01,  1.779492899857287e-01
s159        , -2.199339551508707e+01, -2.154655960744151e+01,  1.961371171768868e-01
s160        , -1.822712376873660e+01, -1.883560250617675e+01,  2.772864640966954e-01
s161        , -1.850131544535105e+01, -1.915710477807706e+01,  2.676626676206194e-01
s162        , -2.165239460618542e+01, -2.138156587401212e+01,  2.010760126346605e-01
s163        , -2.054863013411503e+01, -2.080068191253965e+01,  2.184640982254249e-01
s164        , -2.244259094688993e+01, -2.319421026069452e+01,  1.468166117358013e-01
s165        , -2.169401378729562e+01, -2.075576389681221e+01,  2.198086667689532e-01
s166        , -1.893544650248816e+01, -1.873767738260506e+01,  2.802177387454816e-01
s167        , -1.990371422830687e+01, -2.106232318710680e+01,  2.106321710626952e-01
s168        , -2.358382467591309e+01, -2.318297302991970e+01,  1.471529851657381e-01
s169        , -2.234616115486217e+01, -2.256551115240827e+01,  1.656359881186637e-01
s170        , -1.980105726485419e+01, -2.017090365309524e+01,  2.373157777427306e-01
s171        , -2.225344967355102e+01, -2.153604728231813e+01,  1.964517913994972e-01
s172        , -2.076076397080535e+01, -2.132479863397866e+01,  2.027752739224935e-01
s173        , -2.167162181633835e+01, -2.172323329486766e+01,  1.908485958845882e-01
s174        , -2.217746151284670e+01, -2.167884169028009e+01,  1.921774069230673e-01
s175        , -1.912249737452136e+01, -1.893966838817019e+01,  2.741713729886650e-01
s176        , -2.262880123350610e+01, -2.192101941430272e+01,  1.849280985021435e-01
s177        , -1.998504477748202e+01, -2.000600396224976e+01,  2.422518581451637e-01
s178        , -1.778030448780716e+01, -1.889928831683699e+01,  2.753801034461614e-01
s179        , -2.322340610724453e+01, -2.263632064045931e+01,  1.635163884730673e-01
s180        , -1.682543251402466e+01, -1.661914015729299e+01,  3.436336858953543e-01
s181        , -1.586682207916231e+01, -1.594736490489328e+01,  3.637424965377998e-01
s182        , -2.348293513803748e+01, -2.297554614511638e+01,  1.533620676434897e-01
s183        , -2.155098810628208e+01, -2.162654302518800e+01,  1.937429066187361e-01
s184        , -2.324937775466465e+01, -2.262103288697404e+01,  1.639740095879947e-01
s185        , -2.378592453308165e+01, -2.318506479322166e+01,  1.470903706648350e-01
s186        , -2.071202883303041e+01, -2.121283553303564e+01,  2.061267590922159e-01
s187        , -2.027503475690737e+01, -1.996219368430169e+01,  2.435632678470001e-01
s188        , -2.214013663755619e+01, -2.234481627010823e+01,  1.722422326655941e-01
s189        , -2.074030596943589e+01, -1.971119768494454e+01,  2.510765410809494e-01
s190        , -1.914542963593283e+01, -1.967039364375032e+01,  2.522979625829919e-01
s191        , -1.679323473828856e+01, -1.507967537323392e+01,  3.897157732047238e-01
s192        , -1.690928184419942e+01, -1.754753131581740e+01,  3.158433766480289e-01
s193        , -2.273712334380998e+01, -2.268907502555306e+01,  1.619372473293299e-01
s194        , -2.090019731082972e+01, -2.072178642365017e+01,  2.208257428989291e-01
s195        , -1.910778599576077e+01, -1.915519345348100e+01,  2.677198808987823e-01
s196        , -1.918378235513936e+01, -2.020803669249148e+01,  2.362042434086954e-01
s197        , -2.010118773573690e+01, -2.063688800815204e+01,  2.233670781967049e-01
s198        , -2.040069724820686e+01, -2.037607814537431e+01,  2.311741180147763e-01
s199        , -2.033728659050214e+01, -1.909949707938789e+01,  2.693870870605282e-01
s200        , -1.788348829912646e+01, -1.900544211731107e+01,  2.722025129274813e-01
s201        , -1.891783601993355e+01, -2.020242039780185e+01,  2.363723606562756e-01
s202        , -2.174492495952721e+01, -2.207230510649214e+01,  1.803995373110589e-01
s203        , -2.185008698942601e+01, -2.161456384969828e+01,  1.941014893005405e-01
s204        , -2.086349108831322e+01, -2.103749424257991e+01,  2.113753966313054e-01
s205        , -2.088054945703831e+01, -2.062305397936207e+01,  2.237811837541304e-01
s206        , -2.114956534802060e+01, -2.132548216303100e+01,  2.027548132755242e-01
s207        , -1.936064601068155e+01, -2.021756399090177e+01,  2.359190548147688e-01
s208        , -2.173553987268506e+01, -2.188942053765575e+01,  1.858739741126816e-01
s209        , -1.958079034508013e+01, -1.993482279536791e+01,  2.443825835641520e-01
s210        , -2.077095411669474e+01, -2.129648100406816e+01,  2.036229292293524e-01
s211        , -2.106003856984427e+01, -2.093370533314020e+01,  2.144821968881674e-01
s212        , -1.921431398034701e+01, -1.966447302280995e+01,  2.524751894828374e-01
s213        , -1.891211086691480e+01, -1.897591455298924e+01,  2.730863862133151e-01
s214        , -1.797391097043976e+01, -1.864684635606913e+01,  2.829366598527199e-01
s215        , -2.046416066581664e+01, -2.122247622544188e+01,  2.058381761809423e-01
s216        , -2.054695205981560e+01, -2.023887121439074e+01,  2.352812478682857e-01
s217        , -2.064527960557822e+01, -2.080926187120674e+01,  2.182072671445831e-01
s218        , -2.267569057486860e+01, -2.225612090607182e+01,  1.748972252005226e-01
s219        , -1.969996813819463e+01, -2.070757719492084e+01,  2.212510796300347e-01
s220        , -2.056541179285701e+01, -2.079113642877601e+01,  2.187498311767474e-01
s221        , -2.147236245537334e+01, -2.173148325732644e+01,  1.906016428563273e-01
s222        , -1.817717386569833e+01, -1.924158411426221e+01,  2.651338769745243e-01
s223        , -2.049263974761081e+01, -2.071667359995597e+01,  2.209787893279954e-01
s224        , -2.147370851727396e+01, -2.117766676223540e+01,  2.071794953310450e-01
s225        , -2.297636192643720e+01, -2.170524050991758e+01,  1.913871889694019e-01
s226        , -2.349615644619751e+01, -2.202410251025849e+01,  1.818424259507849e-01
s227        , -1.994214785348108e+01, -2.115190114921506e+01,  2.079507589812936e-01
s228        , -1.935600154849446e+01, -2.022718738321871e+01,  2.356309897615417e-01
s229        , -1.931982821700711e+01, -2.008262349049726e+01,  2.399583417056421e-01
s230        , -1.663964761443124e+01, -1.749330351141897e+01,  3.174666228844873e-01
s231        , -1.912412961575534e+01, -2.027235007737918e+01,  2.342790970537774e-01
s232        , -2.205202611453251e+01, -2.198210922284945e+01,  1.830994461547083e-01
s233        , -2.108987100746543e+01, -2.060791967109596e+01,  2.242342116649390e-01
s234        , -2.119865480781422e+01, -2.148715609329792e+01,  1.979152922631857e-01
s235        , -1.634470488909293e+01, -1.533551345672667e+01,  3.820575578154186e-01
s236        , -2.035495556536669e+01, -2.116625608878537e+01,  2.075210605656823e-01
s237        , -2.057488800817375e+01, -2.007335700755147e+01,  2.402357230920694e-01
s238        , -2.181497599002021e+01, -2.055305760988598e+01,  2.258764436411615e-01
s239        , -1.938605784207409e+01, -1.867467760123846e+01,  2.821035639072318e-01
s240        , -1.879589433372550e+01, -1.956247851058436e+01,  2.555282765466827e-01
s241        , -1.732119998261703e+01, -1.688807437305128e+01,  3.355834530226192e-01
s242        , -2.017650413285683e+01, -2.007282973766502e+01,  2.402515063026988e-01
s243        , -1.996072124442394e+01, -1.877473033704298e+01,  2.791086016615035e-01
s244        , -2.121993688931675e+01, -2.109750262879538e+01,  2.095791154032384e-01
s245        , -2.152256201120388e+01, -2.202643291710395e+01,  1.817726679330434e-01
s246        , -1.806013829922115e+01, -1.901477826652441e+01,  2.719230461623838e-01
s247        , -1.662499542985015e+01, -1.639657999584864e+01,  3.502957654034181e-01
s248        , -2.087245838906029e+01, -2.026845733198499e+01,  2.343956218583625e-01
s249        , -2.031192930505803e+01, -2.019815059602459e+01,  2.365001722050237e-01
s250        , -1.829082894515480e+01, -1.858211180254064e+01,  2.848744134009156e-01
s251        , -2.316191337748571e+01, -2.126131232902398e+01,  2.046756626018351e-01
s252        , -1.836403387539604e+01, -1.888749242895340e+01,  2.757331996267118e-01
s253        , -1.948978591890307e+01, -2.077909563761498e+01,  2.191102582519895e-01
s254        , -1.974328758235917e+01, -1.981137844773335e+01,  2.480777464963919e-01
s255        , -2.045692599174058e+01, -2.088827301628779e+01,  2.158421604375379e-01
s256        , -1.776850461240055e+01, -1.779799160143686e+01,  3.083461393815723e-01
s257        , -2.163660994039700e+01, -2.169211355883835e+01,  1.917801289781651e-01
s258        , -1.860059101905129e+01, -2.025523272952071e+01,  2.347914849477306e-01
s259        , -2.094542362420654e+01, -2.136640306783831e+01,  2.015298935971819e-01
s260        , -1.742875942837962e+01, -1.784732445362140e+01,  3.068694178448871e-01
s261        , -2.065616574581777e+01, -2.073167881246117e+01,  2.205296257486005e-01
s262        , -2.014040040752147e+01, -1.919414020418925e+01,  2.665540552266798e-01
s263        , -1.686996628366655e+01, -1.682641039771833e+01,  3.374292923848185e-01
s264        , -2.074271161967796e+01, -2.071217380821898e+01,  2.211134853586193e-01
s265        , -2.059536695716665e+01, -2.031283878591658e+01,  2.330671146679610e-01
s266        , -2.198651133619990e+01, -2.162700331416007e+01,  1.937291284038538e-01
s267        , -1.899333543245141e+01, -1.972968181277559e+01,  2.505232402186184e-01
s268        , -1.857298059991068e+01, -1.878565836632511e+01,  2.787814838185277e-01
s269        , -2.106917022960664e+01, -2.172203835224581e+01,  1.908843651017862e-01
s270        , -1.920756052964929e+01, -2.001711023496811e+01,  2.419194047922915e-01
s271        , -1.965184309682283e+01, -2.070830484118542e+01,  2.212292983856425e-01
s272        , -2.112049940018463e+01, -2.129567450659647e+01,  2.036470707928945e-01
s273        , -1.945398506004425e+01, -1.882246350501954e+01,  2.776797648105240e-01
s274        , -2.135203005648119e+01, -2.161445947293554e+01,  1.941046136975019e-01
s275        , -2.088724638081418e+01, -2.077211095990846e+01,  2.193193364532141e-01
s276        , -1.839432489855567e+01, -1.960878871246918e+01,  2.541420345301919e-01
s277        , -2.199306195501885e+01, -1.857341361238187e+01,  2.851347836039114e-01
s278        , -2.276883612887764e+01, -2.132957760060443e+01,  2.026322211163639e-01
s279        , -2.262380984036664e+01, -2.236524027553044e+01,  1.716308638244104e-01
s280        , -1.620731240668889e+01, -1.652617790414903e+01,  3.464164027916516e-01
s281        , -2.072632910940930e+01, -1.937981520916159e+01,  2.609960899656993e-01
s282        , -1.840721485531197e+01, -1.881267089855260e+01,  2.779728950924691e-01
s283        , -1.945843055355910e+01, -2.012930563317902e+01,  2.385609660741077e-01
s284        , -2.290375248734285e+01, -2.244638815610784e+01,  1.692017964261433e-01
s285        , -2.162506652538119e+01, -2.149487692639797e+01,  1.976841781066930e-01
s286        , -2.308167299949378e+01, -2.320235231828540e+01,  1.465728887142253e-01
s287        , -1.888746545864790e+01, -1.812151740216189e+01,  2.986617709242859e-01
s288        , -2.031934863671701e+01, -2.148117924360301e+01,  1.980942023053819e-01
s289        , -2.410980627565496e+01, -2.313493866147158e+01,  1.485908381024194e-01
s290        , -2.087284446952964e+01, -2.145945173037467e+01,  1.987445901362513e-01
s291        , -2.204275686911580e+01, -1.945973144512682e+01,  2.586038904160117e-01
s292        , -1.820983264392220e+01, -1.714529995538730e+01,  3.278837044696460e-01
s293        , -1.668568749246811e+01, -1.692648985222341e+01,  3.344335303458731e-01
s294        , -2.280852590517532e+01, -2.260191059966632e+01,  1.645464130118298e-01
s295        , -1.673628435422914e+01, -1.517285933756077e+01,  3.869264196421038e-01
s296        , -2.103716924286631e+01, -1.990047070875521e+01,  2.454108733119509e-01
s297        , -2.124288787488653e+01, -2.144984738564647e+01,  1.990320850220693e-01
s298        , -2.177880180045448e+01, -2.155932421489501e+01,  1.957550235030119e-01
s299        , -1.893486515270964e+01, -1.961793870418729e+01,  2.538681401731400e-01
s300        , -1.774017522269403e+01, -1.750043243222824e+01,  3.172532269337929e-01
s301        , -2.283171483494903e+01, -2.254030886279466e+01,  1.663903893380980e-01
s302        , -1.721456897049112e+01, -1.805993508816989e+01,  3.005051658492480e-01
s303        , -2.130552121943375e+01, -1.992456352544007e+01,  2.446896828738865e-01
s304        , -2.313677054561944e+01, -2.276853889362150e+01,  1.595585888863516e-01
s305        , -1.858159986173835e+01, -1.946479916435602e+01,  2.584521941366310e-01
s306        , -2.163460095493751e+01, -2.153273572989830e+01,  1.965509188685504e-01
s307        , -1.987289536762319e+01, -1.981617293926796e+01,  2.479342289701779e-01
s308        , -2.028550026196297e+01, -1.781699743627119e+01,  3.077772218270480e-01
s309        , -2.129242792516701e+01, -2.170297531993816e+01,  1.914549947961312e-01
s310        , -1.894855963686166e+01, -1.895227342833552e+01,  2.737940557759224e-01
s311        , -2.010039836844276e+01, -2.118300343881946e+01,  2.070197481261494e-01
s312        , -1.830057188159682e+01, -1.950387799347866e+01,  2.572824148508527e-01
s313        , -1.990312271450173e+01, -1.989610755791549e+01,  2.455414791562821e-01
s314        , -1.980645538479249e+01, -2.016848806821806e+01,  2.373880854657564e-01
s315        , -1.914671781515828e+01, -1.973020642857385e+01,  2.505075364550315e-01
s316        , -2.257620253811652e+01, -2.191963618324704e+01,  1.849695039145549e-01
s317        , -1.647333233405121e+01, -1.594289699335079e+01,  3.638762382718906e-01
s318        , -2.027102701488289e+01, -2.040787813845188e+01,  2.302222222178655e-01
s319        , -1.996146248057647e+01, -2.027462310695000e+01,  2.342110565580000e-01
s320        , -2.548773082504399e+01, -2.263475021872707e+01,  1.635633972206052e-01
s321        , -1.727661852750149e+01, -1.802792181035097e+01,  3.014634460767572e-01
s322        , -2.011073789818953e+01, -2.065680204057618e+01,  2.227709748039198e-01
s323        , -2.178223238748198e+01, -2.186010940892099e+01,  1.867513686510155e-01
s324        , -1.879130547869734e+01, -1.966550616760757e+01,  2.524442634952733e-01
s325        , -2.032679436678044e+01, -2.083795698637078e+01,  2.173483122558231e-01
s326        , -2.071891083121713e+01, -1.971334729790365e+01,  2.510121949178615e-01
s327        , -1.834375983430116e+01, -1.932361141587232e+01,  2.626784851307546e-01
s328        , -2.099505369246730e+01, -1.956611719360687e+01,  2.554193568036197e-01
s329        , -2.140321290954873e+01, -2.013316666100003e+01,  2.384453906981758e-01
s330        , -2.114112529442132e+01, -2.057743409898835e+01,  2.251467617993012e-01
s331        , -1.934637322166436e+01, -2.016811496357417e+01,  2.373992539192042e-01
s332        , -1.962462779654497e+01, -2.076983212868503e+01,  2.193875506147128e-01
s333        , -2.293624249800790e+01, -2.292333871116570e+01,  1.549248364410781e-01
s334        , -1.807355423930957e+01, -1.878388944975423e+01,  2.788344342781332e-01
s335        , -1.850164643907080e+01, -1.967425425971956e+01,  2.521823995353637e-01
s336        , -2.151296308555482e+01, -2.179246284672656e+01,  1.887762897908180e-01
s337        , -1.775953587894473e+01, -1.603213744144485e+01,  3.612049292798427e-01
s338        , -2.118082550420247e+01, -2.146419215203222e+01,  1.986026911289025e-01
s339        , -1.761381998690202e+01, -1.783402819888597e+01,  3.072674257616322e-01
s340        , -1.906967392812366e+01, -1.964072328639380e+01,  2.531861102121949e-01
s341        , -2.371082699534004e+01, -2.287557751465881e+01,  1.563545122935047e-01
s342        , -1.901967676945428e+01, -2.002927634359463e+01,  2.415552264845136e-01
s343        , -1.943128604912865e+01, -1.895542984967546e+01,  2.736995719752675e-01
s344        , -2.171448714042025e+01, -2.173837524112650e+01,  1.903953393393533e-01
s345        , -1.896311499883081e+01, -1.932012018102488e+01,  2.627829911842371e-01
s346        , -2.211462969107367e+01, -2.182319951699482e+01,  1.878562233251425e-01
s347        , -1.640817037109120e+01, -1.516833719038260e+01,  3.870617848568514e-01
s348        , -2.058778590237884e+01, -2.085061707739636e+01,  2.169693471596243e-01
s349        , -1.918353701640313e+01, -1.906956571416470e+01,  2.702830476565651e-01
s350        , -2.047073332015930e+01, -2.114617518306284e+01,  2.081221591165155e-01
s351        , -2.167714580870165e+01, -2.224533234121553e+01,  1.752201683381626e-01
s352        , -2.086238589025425e+01, -2.094701079861013e+01,  2.140839132588009e-01
s353        , -1.920058764071421e+01, -2.062325104396952e+01,  2.237752848543699e-01
s354        , -2.053223705409261e+01, -2.129344605594095e+01,  2.037137768707054e-01
s355        , -1.704257081119439e+01, -1.712125670568369e+01,  3.286034111777927e-01
s356        , -2.127143545968418e+01, -2.085406259759428e+01,  2.168662095209911e-01
s357        , -1.906625211198675e+01, -1.928539514924832e+01,  2.638224446116347e-01
s358        , -2.032987192881253e+01, -2.024704056403823e+01,  2.350367078907465e-01
s359        , -2.136102912880764e+01, -2.174673623887994e+01,  1.901450625987243e-01
s360        , -1.881386071055488e+01, -2.026721601178090e+01,  2.344327793345298e-01
s361        , -2.182643688719446e+01, -2.171919073952755e+01,  1.909696050756168e-01
s362        , -2.091897008712596e+01, -2.129414706571140e+01,  2.036927929587761e-01
s363        , -1.798497754334610e+01, -1.904155075708798e+01,  2.711216428042721e-01
s364        , -1.789393844733154e+01, -1.759304146392381e+01,  3.144810833106184e-01
s365        , -2.184332997178521e+01, -2.078019226013838e+01,  2.190774321325536e-01
s366        , -2.293131491804218e+01, -2.213387124809838e+01,  1.785566264876497e-01
s367        , -2.320311495695380e+01, -2.217301732651579e+01,  1.773848341724698e-01
s368        , -1.944159222026194e+01, -2.048431359469119e+01,  2.279342157597611e-01
s369        , -2.221834550731525e+01, -2.196510042129803e+01,  1.836085848412419e-01
s370        , -1.739352775780219e+01, -1.771857691537543e+01,  3.107233256183886e-01
s371        , -2.131349702655302e+01, -2.138810642025419e+01,  2.008802289921253e-01
s372        , -2.230067528571091e+01, -2.203998821635933e+01,  1.813669058199642e-01
s373        , -1.609460498694387e+01, -1.641984984721346e+01,  3.495992094747776e-01
s374        , -1.846307154319872e+01, -1.943030242192345e+01,  2.594848139881064e-01
s375        , -2.092466765927065e+01, -2.084464763625118e+01,  2.171480354355036e-01
s376        , -2.335896110191541e+01, -2.300818048428098e+01,  1.523851966671356e-01
s377        , -2.209438728501526e+01, -2.220002611581045e+01,  1.765763574867511e-01
s378        , -2.111108779470583e+01, -2.210409850142140e+01,  1.794478390220413e-01
s379        , -1.875225846070942e+01, -1.896649301713563e+01,  2.733684089281507e-01
s380        , -1.834869608623442e+01, -1.819076850171354e+01,  2.965888198254016e-01
s381        , -2.068155326614140e+01, -2.132535623082627e+01,  2.027585829095642e-01
s382        , -1.804666933121612e+01, -1.881639482446412e+01,  2.778614237026944e-01
s383        , -2.062194236740874e+01, -2.111495126578577e+01,  2.090568107545404e-01
s384        , -1.800916137079852e+01, -1.839597692242584e+01,  2.904461444892706e-01
s385        , -2.216424509641620e+01, -2.086053619119341e+01,  2.166724300279302e-01
s386        , -2.182057698940036e+01, -2.206553636960615e+01,  1.806021515750447e-01
s387        , -1.799817167842237e+01, -1.798512718985886e+01,  3.027444532542575e-01
s388        , -2.351217009702901e+01, -2.301853922509684e+01,  1.520751198120918e-01
s389        , -2.149803565649794e+01, -2.027441027367887e+01,  2.342174274743626e-01
s390        , -2.025125341850577e+01, -2.103080905575746e+01,  2.115755099213408e-01
s391        , -1.925641978436478e+01, -1.963705209695900e+01,  2.532960029968923e-01
s392        , -1.954014294555121e+01, -2.063903356611492e+01,  2.233028534152116e-01
s393        , -2.007195889273447e+01, -2.023879569323942e+01,  2.352835085060897e-01
s394        , -1.933645012315517e+01, -1.982985618169284e+01,  2.475246370271677e-01
s395        , -2.191328817199827e+01, -2.033706523454768e+01,  2.323419241130525e-01
s396        , -1.985518647713905e+01, -1.750778505354148e+01,  3.170331347687640e-01
s397        , -1.859895904181181e+01, -1.958152257241344e+01,  2.549582147115437e-01
s398        , -2.089338265909714e+01, -2.143304417551316e+01,  1.995350695686851e-01
s399        , -1.650074457052408e+01, -1.721068067141445e+01,  3.259266087987934e-01
s400        , -1.659170957499870e+01, -1.720623501695236e+01,  3.260596842930762e-01
s401        , -1.654426837808786e+01, -1.667840273232670e+01,  3.418597296573422e-01
s402        , -1.877939202276407e+01, -1.857978446550410e+01,  2.849440795274988e-01
s403        , -2.106694758002669e+01, -2.168320998971278e+01,  1.920466469615954e-01
s404        , -2.165676773412189e+01, -2.121151477816485e+01,  2.061662943527172e-01
s405        , -2.212611753855641e+01, -2.168271968191665e+01,  1.920613237550523e-01
s406        , -1.885653015374473e+01, -1.912651857899105e+01,  2.685782299065113e-01
s407        , -1.790225292709843e+01, -1.797555288298888e+01,  3.030310489917358e-01
s408        , -1.653237145459570e+01, -1.716322580739230e+01,  3.273471149446742e-01
s409        , -1.984138826084547e+01, -1.994728295519970e+01,  2.440096031756412e-01
s410        , -1.632163885458830e+01, -1.605331497280987e+01,  3.605710045162073e-01
s411        , -1.826950002229553e+01, -1.880514472870934e+01,  2.781981822308391e-01
s412        , -2.254085603631221e+01, -2.246339115161983e+01,  1.686928315366455e-01
s413        , -1.907038707751166e+01, -1.983747829065380e+01,  2.472964780629240e-01
s414        , -1.996831080241482e+01, -2.063220623187349e+01,  2.235072217228610e-01
s415        , -2.069762370804266e+01, -1.964801751089013e+01,  2.529677660879417e-01
s416        , -1.735494379178349e+01, -1.852917424454016e+01,  2.864590376125141e-01
s417        , -1.714858900796163e+01, -1.758287590748387e+01,  3.147853774161181e-01
s418        , -2.014294405560549e+01, -2.090898125077187e+01,  2.152222835300571e-01
s419        , -1.771416578387462e+01, -1.841065161472110e+01,  2.900068746478354e-01
s420        , -2.335906844703241e+01, -2.259090634105939e+01,  1.648758126909586e-01
s421        , -2.045819521600993e+01, -1.932543539066560e+01,  2.626238865673159e-01
s422        , -1.913624718404630e+01, -1.982933910163689e+01,  2.475401152170756e-01
s423        , -2.001718266940652e+01, -1.955821588108121e+01,  2.556558734017493e-01
s424        , -2.199980092896302e+01, -2.141286682536037e+01,  2.001390550713357e-01
s425        , -1.799669141475633e+01, -1.930285000111629e+01,  2.632999539278070e-01
s426        , -2.179879403652462e+01, -2.177992155020018e+01,  1.891516989118878e-01
s427        , -1.855895626610580e+01, -2.006248502287878e+01,  2.405611633048634e-01
s428        , -2.201089453299450e+01, -2.185406835625252e+01,  1.869322005345322e-01
s429        , -2.010895188317044e+01, -2.017498084435191e+01,  2.371937317658351e-01
s430        , -2.197039083997888e+01, -2.073279876138294e+01,  2.204961013805673e-01
s431        , -2.053790779896415e+01, -2.084615180056696e+01,  2.171030100266440e-01
s432        , -2.056150222449639e+01, -1.906895196621968e+01,  2.703014194872698e-01
s433        , -1.961788415450921e+01, -2.022125915553307e+01,  2.358084443604568e-01
s434        , -2.169585176655818e+01, -2.148486710552557e+01,  1.979838104491601e-01
s435        , -1.969212203292086e+01, -2.037956889619448e+01,  2.310696264500871e-01
s436        , -1.841763911968392e+01, -1.900047405512566e+01,  2.723512260891965e-01
s437        , -2.085473352476042e+01, -2.079066901875515e+01,  2.187638225519406e-01
s438        , -2.075193174001312e+01, -2.117650907861560e+01,  2.072141492433635e-01
s439        , -1.747889033992054e+01, -1.835043787830702e+01,  2.918093027951951e-01
s440        , -2.292628299240021e+01, -2.229033382620312e+01,  1.738731012394392e-01
s441        , -1.928590410708185e+01, -1.958803069249622e+01,  2.547634017083623e-01
s442        , -2.265396374356312e+01, -2.251930529140743e+01,  1.670191068121821e-01
s443        , -1.939450551490213e+01, -1.889692343263059e+01,  2.754508935035918e-01
s444        , -2.014197468633274e+01, -2.064571729205664e+01,  2.231027838549414e-01
s445        , -2.136890748153691e+01, -2.158806599168088e+01,  1.948946718528881e-01
s446        , -1.984877428373165e+01, -1.992545125848212e+01,  2.446631096180544e-01
s447        , -2.124129540469972e+01, -2.102368723217774e+01,  2.117886934247252e-01
s448        , -1.996883442559681e+01, -2.079897119120487e+01,  2.185153066783415e-01
s449        , -2.213132573342666e+01, -2.167741908411842e+01,  1.922199909834678e-01
s450        , -2.393776981346641e+01, -2.226002855860914e+01,  1.747802541679506e-01
s451        , -1.778758837631850e+01, -1.752750489022765e+01,  3.164428443994693e-01
s452        , -2.093231028730361e+01, -2.079521106281759e+01,  2.186278617471104e-01
s453        , -1.913112365245808e+01, -1.883920378402039e+01,  2.771786640341448e-01
s454        , -1.694745233262931e+01, -1.704056523125837e+01,  3.310188165888766e-01
s455        , -1.959305905778561e+01, -2.026837699078379e+01,  2.343980267787521e-01
s456        , -1.690137029519855e+01, -1.729132883169921e+01,  3.235124999461158e-01
s457        , -1.744399185749123e+01, -1.763756313917858e+01,  3.131483787580400e-01
s458        , -2.020627098912283e+01, -2.078986570850128e+01,  2.187878687098253e-01
s459        , -1.884232545378780e+01, -1.895999007333883e+01,  2.735630669852334e-01
s460        , -2.233016805188693e+01, -2.182984801105452e+01,  1.876572083902720e-01
s461        , -1.623645396367353e+01, -1.498795056726966e+01,  3.924614485593332e-01
s462        , -2.313545884021418e+01, -2.265881096636273e+01,  1.628431667322199e-01
s463        , -2.090493117250811e+01, -2.039919824244986e+01,  2.304820448065621e-01
s464        , -1.633431188033305e+01, -1.592078764258023e+01,  3.645380559653593e-01
s465        , -1.999082968954132e+01, -2.066493678007502e+01,  2.225274708409150e-01
s466        , -1.900684695054017e+01, -1.772781313166226e+01,  3.104468502291851e-01
s467        , -1.783078222536251e+01, -1.802937270601591e+01,  3.014200152029879e-01
s468        , -1.945030486126850e+01, -1.792354332506763e+01,  3.045878946005905e-01
s469        , -2.270314762369042e+01, -2.249635205423579e+01,  1.677061852632963e-01
s470        , -2.119907484802825e+01, -2.130895450930185e+01,  2.032495493617615e-01
s471        , -1.972012875359749e+01, -2.052538312879089e+01,  2.267048470364653e-01
s472        , -1.766462305551830e+01, -1.881076632491268e+01,  2.780299062886139e-01
s473        , -2.127822401317911e+01, -2.137869172041126e+01,  2.011620470789341e-01
s474        , -1.654177405306909e+01, -1.533149148711971e+01,  3.821779507964744e-01
s475        , -2.297159509003216e+01, -2.271915009905236e+01,  1.610369849932366e-01
s476        , -2.252587602064435e+01, -2.191907930364938e+01,  1.849861734574413e-01
s477        , -2.178946083596680e+01, -2.137375158812127e+01,  2.013099241917233e-01
s478        , -1.788602657411998e+01, -1.892313260140014e+01,  2.746663525280200e-01
s479        , -1.952938513246325e+01, -1.904161587959567e+01,  2.711196934377674e-01
s480        , -2.203955610850313e+01, -2.198717528809474e+01,  1.829477993854119e-01
s481        , -1.615402914764109e+01, -1.555794309418626e+01,  3.753993853909878e-01
s482        , -2.215324565636576e+01, -2.149620823145266e+01,  1.976443270387112e-01
s483        , -2.217560840271064e+01, -2.164744966320420e+01,  1.931170907323421e-01
s484        , -2.403070638423247e+01, -2.350311511871489e+01,  1.375699041884872e-01
s485        , -1.896886917982663e+01, -1.913125346898990e+01,  2.684364964829303e-01
s486        , -2.293847835350512e+01, -2.282873319571114e+01,  1.577567424828843e-01
s487        , -1.935879902533930e+01, -1.968623842693584e+01,  2.518236674320318e-01
s488        , -2.071941340396909e+01, -2.075886107787606e+01,  2.197159562570435e-01
s489        , -2.120929532988995e+01, -2.134110848974236e+01,  2.022870573649672e-01
s490        , -2.336106814107168e+01, -2.288113459721896e+01,  1.561881674921336e-01
s491        , -1.878377211600346e+01, -1.914993891923569e+01,  2.678771692683309e-01
s492        , -2.196689093989351e+01, -2.180494114574142e+01,  1.884027664269648e-01
s493        , -2.118321097196467e+01, -1.986850603796096e+01,  2.463676985447259e-01
s494        , -2.014379663919148e+01, -1.990749957856962e+01,  2.452004722713893e-01
s495        , -1.971897958689983e+01, -2.026308090289437e+01,  2.345565590082943e-01
s496        , -2.171934681583978e+01, -2.162696077045475e+01,  1.937304019001775e-01
s497        , -1.930074135275753e+01, -2.020120763551347e+01,  2.364086632844600e-01
s498        , -2.146882601091719e+01, -2.085772414906034e+01,  2.167566052376753e-01
s499        , -1.852368794388046e+01, -1.890036472506699e+01,  2.753478824180813e-01
s500        , -2.050589701281523e+01, -2.039850587466929e+01,  2.305027700305783e-01
s501        , -2.141899489528082e+01, -2.119338792621271e+01,  2.067089005772648e-01
s502        , -1.777920620854658e+01, -1.758780229875585e+01,  3.146379116247168e-01
s503        , -2.264989988763092e+01, -2.288847314857740e+01,  1.559684964948324e-01
s504        , -1.994570445298742e+01, -1.982003660039490e+01,  2.478185747692963e-01
s505        , -2.256898602446125e+01, -2.245273393170880e+01,  1.690118430161550e-01
s506        , -2.050664132584332e+01, -2.031675544597777e+01,  2.329498740056416e-01
s507        , -2.255451727781655e+01, -2.160071377243834e+01,  1.945160752502439e-01
s508        , -2.063695726234980e+01, -2.144503998263430e+01,  1.991759890383433e-01
s509        , -2.049565878814769e+01, -2.036581516840369e+01,  2.314813282905237e-01
s510        , -1.886667658587990e+01, -1.906507521358851e+01,  2.704174655670997e-01
s511        , -2.270091090950000e+01, -2.211722966765070e+01,  1.790547728376646e-01
s512        , -2.052865138648571e+01, -2.105610054001342e+01,  2.108184387640558e-01
s513        , -1.872228566034903e+01, -1.942685548592919e+01,  2.595879940069560e-01
s514        , -2.338235400416073e+01, -2.309730957461182e+01,  1.497172210401770e-01
s515        , -2.063189590001077e+01, -2.046904207502004e+01,  2.283913509343491e-01
s516        , -2.353360034901451e+01, -2.313756272710354e+01,  1.485122897505441e-01
s517        , -2.274108402549141e+01, -2.255475705175085e+01,  1.659578996106058e-01
s518        , -2.095244706423326e+01, -2.121684793385195e+01,  2.060066525417759e-01
s519        , -2.165153402286209e+01, -2.050793931363748e+01,  2.272270073490829e-01
s520        , -1.917430642162448e+01, -1.936733335272625e+01,  2.613697198167959e-01
s521        , -2.048146586988528e+01, -1.887939872340482e+01,  2.759754752861540e-01
s522        , -1.837039701152461e+01, -1.986652037490366e+01,  2.464271370582408e-01
s523        , -2.237538522976599e+01, -2.219902615622030e+01,  1.766062901137368e-01
s524        , -2.219430447580721e+01, -2.183817420934458e+01,  1.874079733310936e-01
s525        , -2.096151325596525e+01, -2.048568235999759e+01,  2.278932433627253e-01
s526        , -2.193172581512368e+01, -2.237881080852341e+01,  1.712246457071190e-01
s527        , -2.063376120076111e+01, -2.109868138113041e+01,  2.095438308234404e-01
s528        , -1.776721144005281e+01, -1.648868089043948e+01,  3.475388322733108e-01
s529        , -2.226349149791107e+01, -2.238286298686569e+01,  1.711033484627158e-01
s530        , -2.300566448791293e+01, -2.271047336411873e+01,  1.612967129590284e-01
s531        , -1.846679125419261e+01, -1.810721884715284e+01,  2.990897815336533e-01
s532        , -1.859817726729017e+01, -1.951507387398619e+01,  2.569472791930610e-01
s533        , -2.134099683522431e+01, -2.163772760644317e+01,  1.934081091909179e-01
s534        , -2.286936511308830e+01, -2.234537793059689e+01,  1.722254200122976e-01
s535        , -1.777040539985326e+01, -1.861075582557478e+01,  2.840169878956238e-01
s536        , -1.995222678224889e+01, -2.036278811410738e+01,  2.315719396392321e-01
s537        , -2.015268820600640e+01, -2.097208057762574e+01,  2.133334785899558e-01
s538        , -1.740140208992538e+01, -1.824971287885307e+01,  2.948243884711628e-01
s539        , -1.924950405987826e+01, -2.042470734193790e+01,  2.297184595904769e-01
s540        , -2.157643164881004e+01, -2.094047789999841e+01,  2.142794679784189e-01
s541        , -1.586673793577160e+01, -1.618217673668985e+01,  3.567136775312409e-01
s542        , -2.009907109345192e+01, -2.028339016133585e+01,  2.339486249844829e-01
s543        , -1.879069098033760e+01, -1.836259615016947e+01,  2.914453590718324e-01
s544        , -2.248614661420541e+01, -2.129804723047421e+01,  2.035760460640230e-01
s545        , -1.987972862262733e+01, -2.038417615764449e+01,  2.309317134386334e-01
s546        , -2.126472237694319e+01, -2.159850715659570e+01,  1.945821277283334e-01
s547        , -1.738356621674509e+01, -1.773619771819802e+01,  3.101958673858004e-01
s548        , -1.943625792183643e+01, -2.056808095292974e+01,  2.254267373451878e-01
s549        , -2.233202963006129e+01, -2.249187678210895e+01,  1.678401473279161e-01
s550        , -2.412763530103872e+01, -2.329353916314486e+01,  1.438433165994283e-01
s551        , -1.731823103856605e+01, -1.765954081477283e+01,  3.124905026077839e-01
s552        , -2.060923402045430e+01, -2.145570807519800e+01,  1.988566520986253e-01
s553        , -1.992869680942914e+01, -2.067192939271825e+01,  2.223181551165916e-01
s554        , -1.812921854031919e+01, -1.879570079839569e+01,  2.784808752977830e-01
s555        , -2.102602816640752e+01, -1.925684470725921e+01,  2.646770688772150e-01
s556        , -1.941820686683750e+01, -2.020638638556227e+01,  2.362536434266672e-01
s557        , -2.190718211184164e+01, -2.129667024598330e+01,  2.036172644927852e-01
s558        , -1.909304407213536e+01, -1.967813572813730e+01,  2.520662122939490e-01
s559        , -2.023025085829861e+01, -2.084827219800062e+01,  2.170395383963213e-01
s560        , -2.107002513254548e+01, -2.050951428670999e+01,  2.271798623624688e-01
s561        , -2.121559386756793e+01, -2.012295015177017e+01,  2.387512100161637e-01
s562        , -1.764234380631898e+01, -1.835059116354062e+01,  2.918047143800582e-01
s563        , -1.646928563220792e+01, -1.756171180967863e+01,  3.154189000617699e-01
s564        , -1.863449571719480e+01, -1.849920573491670e+01,  2.873561100829597e-01
s565        , -2.028655126138008e+01, -2.069143622568649e+01,  2.217342407657859e-01
s566        , -1.821002786093300e+01, -1.863040042920242e+01,  2.834289495404106e-01
s567        , -2.066943738863287e+01, -2.127834739264092e+01,  2.041657377909233e-01
s568        , -2.062629415098700e+01, -2.092563786215859e+01,  2.147236872463685e-01
s569        , -2.065075063553067e+01, -2.171415794917337e+01,  1.911202557997596e-01
s570        , -2.031634942577389e+01, -2.036028404821232e+01,  2.316468959385897e-01
s571        , -2.047206271335130e+01, -2.050614515245694e+01,  2.272807134767092e-01
s572        , -2.393038589894997e+01, -2.295532950110880e+01,  1.539672293619693e-01
s573        , -1.926109501090367e+01, -1.823368264157425e+01,  2.953042349746501e-01
s574        , -2.085894290369713e+01, -2.195608271246459e+01,  1.838785194640380e-01
s575        , -2.021973442813006e+01, -1.995655332677980e+01,  2.437321053874696e-01
s576        , -1.844714179521902e+01, -1.925097437772568e+01,  2.648527903623054e-01
s577        , -1.949977509463960e+01, -1.928774894549392e+01,  2.637519864594111e-01
s578        , -2.108198153892643e+01, -2.088540582857588e+01,  2.159279863660300e-01
s579        , -2.029210259566103e+01, -2.087169577958433e+01,  2.163383807324269e-01
s580        , -2.195204710511243e+01, -2.062740402245790e+01,  2.236509702748634e-01
s581        , -2.000078291173359e+01, -2.105160910816906e+01,  2.109528845510198e-01
s582        , -2.354247422413414e+01, -2.244369172421624e+01,  1.692825109778105e-01
s583        , -1.881717670098672e+01, -1.893548813219981e+01,  2.742965040878608e-01
s584        , -2.079214981383572e+01, -2.129258918208391e+01,  2.037394263927354e-01
s585        , -2.214462266832296e+01, -2.226208707720435e+01,  1.747186348086676e-01
s586        , -1.671124709479596e+01, -1.604960970842567e+01,  3.606819172948725e-01
s587        , -1.722924462132460e+01, -1.696966430567883e+01,  3.331411533105110e-01
s588        , -2.306180681354529e+01, -2.207938701604657e+01,  1.801875485875857e-01
s589        , -2.054966159202169e+01, -2.129845701790604e+01,  2.035637795539947e-01
s590        , -2.302597507766974e+01, -2.239018268430853e+01,  1.708842418354439e-01
s591        , -2.031576031139625e+01, -2.019936684478775e+01,  2.364637652132730e-01
s592        , -1.675983730084032e+01, -1.596493572478428e+01,  3.632165344861190e-01
s593        , -1.833051427645905e+01, -1.767051025934130e+01,  3.121621450463941e-01
s594        , -1.700453572465554e+01, -1.726800178787828e+01,  3.242107678643927e-01
s595        , -2.121342929627275e+01, -2.089375863293665e+01,  2.156779548850784e-01
s596        , -1.895402289388661e+01, -1.987155507373601e+01,  2.462764292060242e-01
s597        , -2.389559541191659e+01, -2.259000951630754e+01,  1.649026580965465e-01
s598        , -1.923753651242740e+01, -1.973226840886944e+01,  2.504458134737749e-01
s599        , -2.358158831573873e+01, -2.274996712246930e+01,  1.601145132495377e-01
s600        , -1.942143232536245e+01, -2.139058497227420e+01,  2.008060364209342e-01
s601        , -2.073803555561576e+01, -2.071136690719243e+01,  2.211376390021067e-01
s602        , -1.821856306700227e+01, -1.848614090992038e+01,  2.877471904197081e-01
s603        , -1.722454836479658e+01, -1.780486756262244e+01,  3.081403154829218e-01
s604        , -1.805154515236764e+01, -1.747174077744117e+01,  3.181120782401943e-01
s605        , -2.021935755598555e+01, -1.982904949194360e+01,  2.475487843463144e-01
s606        , -1.827906736534894e+01, -1.858967823129360e+01,  2.846479211589208e-01
s607        , -2.237721630921111e+01, -2.142413673019592e+01,  1.998017035814036e-01
s608        , -2.098562136420296e+01, -2.091856360372259e+01,  2.149354469425125e-01
s609        , -1.946776205882490e+01, -2.057452272320874e+01,  2.252339104461917e-01
s610        , -2.069261977150295e+01, -2.061798821287010e+01,  2.239328215805940e-01
s611        , -2.170289912291919e+01, -2.054211616704477e+01,  2.262039630034230e-01
s612        , -1.930046031145336e+01, -1.953175589179965e+01,  2.564479223975457e-01
s613        , -2.385958137896088e+01, -2.322970097138158e+01,  1.457542386010028e-01
s614        , -1.933674081040147e+01, -2.020963009019174e+01,  2.361565469022848e-01
s615        , -1.973716697922491e+01, -1.990593312949128e+01,  2.452473621021547e-01
s616        , -1.815004309366292e+01, -1.769729228576860e+01,  3.113604562432954e-01
s617        , -1.832352306169715e+01, -1.692237807814177e+01,  3.345566115194009e-01
s618        , -1.700993990522181e+01, -1.694484036027846e+01,  3.338842292360846e-01
s619        , -2.331208521979489e+01, -2.213322261024554e+01,  1.785760427071541e-01
s620        , -2.294394567846179e+01, -2.275194116443129e+01,  1.600554225999906e-01
s621        , -2.117716243218820e+01, -2.162809508642737e+01,  1.936964474711915e-01
s622        , -2.002792552777272e+01, -1.912938885096798e+01,  2.684923116541344e-01
s623        , -1.988853831837967e+01, -2.008412680143107e+01,  2.399133418417788e-01
s624        , -2.364575476956619e+01, -2.248716252586271e+01,  1.679812631041181e-01
s625        , -2.144171537166414e+01, -2.030523822742105e+01,  2.332946285440937e-01
s626        , -2.037069722396305e+01, -2.036593603948528e+01,  2.314777101553169e-01
s627        , -1.998545144661707e+01, -2.067058169463615e+01,  2.223584968907775e-01
s628        , -2.158119065398551e+01, -2.146206841097471e+01,  1.986662628467150e-01
s629        , -1.843917864187274e+01, -1.837561938137272e+01,  2.910555237968898e-01
s630        , -1.962256463480217e+01, -1.940512585718902e+01,  2.602384451632107e-01
s631        , -2.101091990223662e+01, -2.085677567071595e+01,  2.167849968334623e-01
s632        , -2.022844039713042e+01, -2.067807637534694e+01,  2.221341523429538e-01
s633        , -2.473876586737651e+01, -2.346131492386310e+01,  1.388211443913518e-01
s634        , -2.051539403555230e+01, -2.066159145858510e+01,  2.226276091477945e-01
s635        , -2.382235458298951e+01, -2.340978928628445e+01,  1.403635044077398e-01
s636        , -1.910586081968059e+01, -1.984827896171546e+01,  2.469731725401106e-01
s637        , -1.917066616024459e+01, -1.956750288794754e+01,  2.553778776556377e-01
s638        , -2.192001400012589e+01, -2.173130111793294e+01,  1.906070949871722e-01
s639        , -2.010078758798683e+01, -1.987008603615531e+01,  2.463204031369355e-01
s640        , -1.983289623130970e+01, -2.091978471382487e+01,  2.148988944322310e-01
s641        , -2.307886864739055e+01, -2.249541103444386e+01,  1.677343535959925e-01
s642        , -2.260273435105626e+01, -2.224413799840285e+01,  1.752559196007709e-01
s643        , -2.012782689900612e+01, -2.049710696485182e+01,  2.275512611077110e-01
s644        , -1.902512926743999e+01, -1.773607554499874e+01,  3.101995244983854e-01
s645        , -2.049081123370357e+01, -2.061709126402331e+01,  2.239596707008192e-01
s646        , -2.159630341817387e+01, -2.218483610473390e+01,  1.770310527963859e-01
s647        , -2.046804100673445e+01, -2.123565217758794e+01,  2.054437693822508e-01
s648        , -2.112203592795417e+01, -2.072846355531939e+01,  2.206258707305344e-01
s649        , -2.130712394597167e+01, -2.188751823700062e+01,  1.859309172696707e-01
s650        , -1.872664219670308e+01, -1.715006489666996e+01,  3.277410714958456e-01
s651        , -2.286060777226206e+01, -2.272735620075732e+01,  1.607913448856141e-01
s652        , -2.513277458672901e+01, -2.348766548576890e+01,  1.380323709767418e-01
s653        , -2.212366926194319e+01, -2.116721940490426e+01,  2.074922248183779e-01
s654        , -2.219498706816524e+01, -2.115489622475878e+01,  2.078611048793401e-01
s655        , -2.136195741190379e+01, -2.104888671831315e+01,  2.110343761241490e-01
s656        , -2.204727614381470e+01, -2.193952927275097e+01,  1.843740274237212e-01
s657        , -2.036339525797458e+01, -2.045880844752371e+01,  2.286976826677286e-01
s658        , -1.602366185676991e+01, -1.558576609825431e+01,  3.745665361332789e-01
s659        , -1.871169938684588e+01, -1.929863343865934e+01,  2.634261718194396e-01
s660        , -2.183022460938435e+01, -2.215220621706062e+01,  1.780077905225263e-01
s661        , -2.183692812512830e+01, -2.245066549632200e+01,  1.690737592230569e-01
s662        , -1.575332316936146e+01, -1.446170577205331e+01,  4.082139742750047e-01
s663        , -2.161244100467384e+01, -2.185973772105829e+01,  1.867624946947667e-01
s664        , -1.792030659393350e+01, -1.851757952572009e+01,  2.868061120311865e-01
s665        , -2.036353189911458e+01, -1.967469495915327e+01,  2.521692077105219e-01
s666        , -1.896012969757172e+01, -1.827479408454136e+01,  2.940736117581650e-01
s667        , -1.834472710605888e+01, -1.983983160800467e+01,  2.472260342458570e-01
s668        , -2.315183675604283e+01, -2.215260090329014e+01,  1.779959760494206e-01
s669        , -2.168824836514504e+01, -2.154673397052041e+01,  1.961318978209724e-01
s670        , -1.765957516951316e+01, -1.821470288757703e+01,  2.958723718296578e-01
s671        , -1.925271531654228e+01, -1.971468237217903e+01,  2.509722310226430e-01
s672        , -2.010246672918431e+01, -1.936290707026509e+01,  2.615022154327677e-01
s673        , -2.045224673553428e+01, -2.094361514316619e+01,  2.141855582540359e-01
s674        , -1.961862741224291e+01, -2.061712000441277e+01,  2.239588103906969e-01
s675        , -1.819835804307071e+01, -1.853056767663023e+01,  2.864173268440059e-01
s676        , -2.030955144796039e+01, -2.097688768473973e+01,  2.131895834310497e-01
s677        , -1.708028116046972e+01, -1.633442770134831e+01,  3.521562220317863e-01
s678        , -1.996975063415185e+01, -1.923352551699001e+01,  2.653751017085576e-01
s679        , -2.075675552323975e+01, -2.047235697313151e+01,  2.282921233159090e-01
s680        , -1.844365265503332e+01, -1.926121880006906e+01,  2.645461354977381e-01
s681        , -1.908965101407623e+01, -1.949856083996469e+01,  2.574415776553582e-01
s682        , -2.132701003782740e+01, -2.137636895520167e+01,  2.012315763531961e-01
s683        , -2.134055790648813e+01, -1.981189465931951e+01,  2.480622943031169e-01
s684        , -2.228765611405496e+01, -2.190898150782517e+01,  1.852884392277413e-01
s685        , -2.220524684044785e+01, -2.209044344915815e+01,  1.798565871253596e-01
s686        , -2.092862014660340e+01, -2.137098783628127e+01,  2.013926538877260e-01
s687        , -2.266843571203506e+01, -2.200025386695797e+01,  1.825563073426588e-01
s688        , -1.791243182954496e+01, -1.855940496315665e+01,  2.855541162209140e-01
s689        , -2.022924986754604e+01, -2.081831773603674e+01,  2.179361903664203e-01
s690        , -1.926971843911773e+01, -1.826712706829164e+01,  2.943031149698527e-01
s691        , -1.839442212707931e+01, -1.982607955365336e+01,  2.476376859938296e-01
s692        , -1.811967055159425e+01, -1.874362843379599e+01,  2.800396009514881e-01
s693        , -1.897178714286070e+01, -1.956322129702333e+01,  2.555060420987841e-01
s694        , -2.117746495604092e+01, -2.089180112714180e+01,  2.157365505437001e-01
s695        , -2.262578130233349e+01, -2.249866294962148e+01,  1.676370112984034e-01
s696        , -2.110358706695218e+01, -2.043440869584407e+01,  2.294280608477759e-01
s697        , -2.080079623838923e+01, -2.140648691943908e+01,  2.003300301327564e-01
s698        , -2.284382050270110e+01, -2.259934858149316e+01,  1.646231040452112e-01
s699        , -1.710021253686445e+01, -1.789945036041334e+01,  3.053090894679477e-01
s700        , -1.768315556313765e+01, -1.811690330213707e+01,  2.987998886405205e-01
s701        , -1.903295584190279e+01, -1.875561472510749e+01,  2.796808052658370e-01
s702        , -1.837939645173277e+01, -1.915987196605720e+01,  2.675798350677591e-01
s703        , -2.091048572489854e+01, -2.014287438435783e+01,  2.381548012933503e-01
s704        , -2.101614044515869e+01, -2.119612196020020e+01,  2.066270604506034e-01
s705        , -1.998067347119072e+01, -2.034982718716305e+01,  2.319599099086685e-01
s706        , -2.205053681559340e+01, -2.150230814266679e+01,  1.974617332931056e-01
s707        , -2.095566328486310e+01, -2.137833712682470e+01,  2.011726614254163e-01
s708        , -2.098548818691052e+01, -2.167032374932284e+01,  1.924323815759157e-01
s709        , -2.115794840593145e+01, -2.186569257904125e+01,  1.865842429488827e-01
s710        , -2.144561556804213e+01, -2.153945874047396e+01,  1.963496733684664e-01
s711        , -2.158487030708884e+01, -2.132268362786756e+01,  2.028385841698475e-01
s712        , -1.701606937532507e+01, -1.779902062374650e+01,  3.083153367958896e-01
s713        , -2.069677260469373e+01, -2.117342692781547e+01,  2.073064098418148e-01
s714        , -1.667903695847065e+01, -1.622784099404936e+01,  3.553467711126282e-01
s715        , -1.903979308955687e+01, -1.943112230515283e+01,  2.594602717374807e-01
s716        , -1.775292931769286e+01, -1.808811252839070e+01,  2.996617069576546e-01
s717        , -1.980553907801730e+01, -2.015899565128445e+01,  2.376722299232594e-01
s718        , -2.205506805307129e+01, -2.198235399578208e+01,  1.830921191617369e-01
s719        , -2.211926724507942e+01, -2.179969749472063e+01,  1.885597290198492e-01
s720        , -2.227273745316376e+01, -2.176783136587541e+01,  1.895136045140227e-01
s721        , -1.785735939085095e+01, -1.813525231713096e+01,  2.982506322237809e-01
s722        , -2.185625504194673e+01, -2.162416742873101e+01,  1.938140173349253e-01
s723        , -2.033801839240394e+01, -2.120309589879680e+01,  2.064183037121404e-01
s724        , -2.101306363073858e+01, -2.114919509335593e+01,  2.080317616152321e-01
s725        , -1.977835943733275e+01, -1.913078871032105e+01,  2.684504084929856e-01
s726        , -1.782642809085736e+01, -1.748297869056199e+01,  3.177756843850240e-01
s727        , -2.098840179836340e+01, -2.183713845830379e+01,  1.874389773335150e-01
s728        , -2.135488943619893e+01, -2.172387302293304e+01,  1.908294463692058e-01
s729        , -1.830313789299144e+01, -1.906504621139709e+01,  2.704183337139590e-01
s730        , -1.974102380594271e+01, -1.947843886391550e+01,  2.580439055986392e-01
s731        , -1.858542568590836e+01, -1.735960767548769e+01,  3.214686521923871e-01
s732        , -1.728575125425960e+01, -1.875056012564306e+01,  2.798321088203227e-01
s733        , -2.189672381410002e+01, -2.161914670970010e+01,  1.939643067180500e-01
s734        , -1.907291800543370e+01, -1.865781449708818e+01,  2.826083413115654e-01
s735        , -2.104653345651221e+01, -2.126099689363102e+01,  2.046851047933484e-01
s736        , -1.839280423093862e+01, -1.835271943479401e+01,  2.917410070561025e-01
s737        , -2.165426899727042e+01, -2.092642518019253e+01,  2.147001197969823e-01
s738        , -1.806822955624155e+01, -1.903839561942452e+01,  2.712160881795650e-01
s739        , -1.955458939471557e+01, -1.933270035350428e+01,  2.624064183567418e-01
s740        , -1.834079412742093e+01, -1.697219008104234e+01,  3.330655471634717e-01
s741        , -2.108323768665554e+01, -2.164381011124976e+01,  1.932260364858718e-01
s742        , -1.784982580383593e+01, -1.864386949025069e+01,  2.830257688677323e-01
s743        , -2.007117762213282e+01, -1.993767565991740e+01,  2.442971863828635e-01
s744        , -2.048858578542649e+01, -2.081459671775658e+01,  2.180475747196330e-01
s745        , -2.120349313282904e+01, -2.144453015473841e+01,  1.991912501432767e-01
s746        , -1.892251493836264e+01, -1.933841041210135e+01,  2.622354943956767e-01
s747        , -2.116880416688591e+01, -2.099996189057796e+01,  2.124988839236354e-01
s748        , -2.167842994358758e+01, -2.177660203399621e+01,  1.892510647675540e-01
s749        , -2.059667445248301e+01, -2.097472769256162e+01,  2.132542402839834e-01
s750        , -2.032384862658092e+01, -2.045842978495739e+01,  2.287090174911183e-01
s751        , -2.236553637276776e+01, -2.139238381361193e+01,  2.007521901982477e-01
s752        , -1.716732359631470e+01, -1.739121633078659e+01,  3.205224838692800e-01
s753        , -2.206691124025960e+01, -2.170620452619087e+01,  1.913583322637899e-01
s754        , -1.859855862913608e+01, -1.961098743148445e+01,  2.540762184344423e-01
s755        , -2.251644582892857e+01, -2.188408295089579e+01,  1.860337485626336e-01
s756        , -2.026279534630465e+01, -1.995134413844180e+01,  2.438880363800382e-01
s757        , -1.901185247831666e+01, -1.903362836514869e+01,  2.713587903901250e-01
s758        , -1.866312886885699e+01, -1.951975225705763e+01,  2.568072372386122e-01
s759        , -2.105033567951521e+01, -2.207096149876763e+01,  1.804397566451493e-01
s760        , -1.976737462921502e+01, -2.073018375266690e+01,  2.205743786242011e-01
s761        , -2.282845273202710e+01, -2.251267809551612e+01,  1.672174842111600e-01
s762        , -1.737428124739802e+01, -1.699518875986825e+01,  3.323771084693035e-01
s763        , -2.048674857080450e+01, -2.053300209273479e+01,  2.264767822146487e-01
s764        , -1.996103637141938e+01, -1.918393169162639e+01,  2.668596351737442e-01
s765        , -1.985538741097363e+01, -2.040343227071131e+01,  2.303553040963912e-01
s766        , -1.902823974868692e+01, -1.920610669712898e+01,  2.661958521822545e-01
s767        , -2.019726225103009e+01, -2.030783662553276e+01,  2.332168485195762e-01
s768        , -2.180287541987858e+01, -2.096092817504007e+01,  2.136673127867389e-01
s769        , -2.332774774981945e+01, -2.297205956991652e+01,  1.534664342158431e-01
s770        , -2.255011500408412e+01, -2.214311582352380e+01,  1.782799008773572e-01
s771        , -1.837836194936116e+01, -1.797665229064043e+01,  3.029981395027291e-01
s772        , -2.036442085092615e+01, -2.100247050086193e+01,  2.124237915932827e-01
s773        , -2.207703951964118e+01, -2.164516388159432e+01,  1.931855129455732e-01
s774        , -2.410464814655394e+01, -2.292261775714196e+01,  1.549464173610261e-01
s775        , -2.145476048405246e+01, -1.996594496936063e+01,  2.434509774929768e-01
s776        , -1.783304251394927e+01, -1.794396605102345e+01,  3.039765640587446e-01
s777        , -1.926023008452307e+01, -2.036090405531627e+01,  2.316283367472446e-01
s778        , -1.976550707196644e+01, -2.037641818755451e+01,  2.311639392477145e-01
s779        , -2.301809423461469e+01, -2.208427342664478e+01,  1.800412795711408e-01
s780        , -1.989864127452180e+01, -1.981135562754926e+01,  2.480784295920539e-01
s781        , -1.803783397921168e+01, -1.746778910918347e+01,  3.182303668321483e-01
s782        , -2.003060740563550e+01, -2.004972304012828e+01,  2.409431784113076e-01
s783        , -2.170310297580588e+01, -2.055233963505196e+01,  2.258979353825316e-01
s784        , -1.828106793020000e+01, -1.833859528049038e+01,  2.921637971832495e-01
s785        , -1.904288077315707e+01, -1.965186744429378e+01,  2.528525228104863e-01
s786        , -2.022975758111321e+01, -1.997026308557887e+01,  2.433217197076467e-01
s787        , -1.858814151939532e+01, -1.857590484184886e+01,  2.850602115480940e-01
s788        , -1.926046054059691e+01, -2.035077300223031e+01,  2.319315980349840e-01
s789        , -2.212378523930028e+01, -2.226869593731533e+01,  1.745208062699423e-01
s790        , -2.174169856486492e+01, -2.199628642164597e+01,  1.826750682023781e-01
s791        , -1.907773631846257e+01, -1.975720521312062e+01,  2.496993592498014e-01
s792        , -2.217884458062024e+01, -2.123434781209458e+01,  2.054828140458059e-01
s793        , -2.046845693654859e+01, -1.943860562494921e+01,  2.592362672654125e-01
s794        , -1.973890233992908e+01, -1.894997900212216e+01,  2.738627367553017e-01
s795        , -2.098054198937622e+01, -2.159937640818417e+01,  1.945561076933133e-01
s796        , -1.872193723420701e+01, -1.994706222749031e+01,  2.440162104028288e-01
s797        , -1.738396768625594e+01, -1.855444138741871e+01,  2.857026950860434e-01
s798        , -1.812351947027918e+01, -1.838066250233370e+01,  2.909045638380508e-01
s799        , -2.115781411801412e+01, -1.848858453516572e+01,  2.876740433408836e-01
s800        , -2.197753832223543e+01, -2.237356175094438e+01,  1.713817701390344e-01
s801        , -2.000340332694237e+01, -2.059769985117466e+01,  2.245401300846235e-01
s802        , -2.346278750692302e+01, -2.253242840265123e+01,  1.666262817444251e-01
s803        , -2.201425716118592e+01, -2.230618556983060e+01,  1.733985977357465e-01
s804        , -1.618324989548500e+01, -1.546046858435442e+01,  3.783171714417121e-01
s805        , -2.141738653455062e+01, -2.029067651330652e+01,  2.337305165151266e-01
s806        , -2.157933013723432e+01, -2.145614533465577e+01,  1.988435632454614e-01
s807        , -1.912040169626662e+01, -2.019924869863158e+01,  2.364673017810074e-01
s808        , -2.304047586711122e+01, -2.136837643349884e+01,  2.014708231919323e-01
s809        , -2.047218776779852e+01, -2.038330620555218e+01,  2.309577544424211e-01
s810        , -2.119146876442327e+01, -2.152249773282991e+01,  1.968573813999859e-01
s811        , -2.180116494254657e+01, -2.146231967163670e+01,  1.986587416511130e-01
s812        , -2.372646511684069e+01, -2.249238420268847e+01,  1.678249582831974e-01
s813        , -2.269928091374550e+01, -2.223164615404346e+01,  1.756298484287539e-01
s814        , -1.832573741415099e+01, -1.854032708983386e+01,  2.861251901637812e-01
s815        , -2.057906464758977e+01, -2.058082151157833e+01,  2.250453635443099e-01
s816        , -1.808215553271357e+01, -1.781897862928714e+01,  3.077179171190201e-01
s817        , -2.152086258044021e+01, -2.141167490332345e+01,  2.001747338708380e-01
s818        , -2.057353864229959e+01, -2.136936980238690e+01,  2.014410878499460e-01
s819        , -2.244567325669163e+01, -2.243096836859225e+01,  1.696633698261609e-01
s820        , -2.103220827040201e+01, -2.084759733777375e+01,  2.170597395520854e-01
s821        , -2.251724700203312e+01, -2.243564206036537e+01,  1.695234683002692e-01
s822        , -1.967652212859418e+01, -2.079404029208508e+01,  2.186629074069225e-01
s823        , -1.898228811729100e+01, -1.815869900502334e+01,  2.975487828994180e-01
s824        , -2.375965705343503e+01, -2.339536768697651e+01,  1.407951982050458e-01
s825        , -2.074394606294202e+01, -2.072540266103625e+01,  2.207174950398796e-01
s826        , -2.229590893513048e+01, -2.236519331391465e+01,  1.716322695657444e-01
s827        , -2.030439908572953e+01, -1.660611979365861e+01,  3.440234353329589e-01
s828        , -2.126632247755481e+01, -2.083173395680888e+01,  2.175345914059340e-01
s829        , -1.836528680868646e+01, -1.736829575675781e+01,  3.212085845872129e-01
s830        , -2.038358031572328e+01, -1.983775938897504e+01,  2.472880637117052e-01
s831        , -2.014217587228185e+01, -2.022768211813919e+01,  2.356161804472679e-01
s832        , -1.638297894992474e+01, -1.700093464001626e+01,  3.322051122317854e-01
s833        , -2.087813803835245e+01, -2.130656242902204e+01,  2.033211535020099e-01
s834        , -2.163260872857058e+01, -2.161539181209068e+01,  1.940767052095692e-01
s835        , -1.845033213930005e+01, -1.903688363140751e+01,  2.712613477818191e-01
s836        , -2.085703068105029e+01, -2.076781029450697e+01,  2.194480718686468e-01
s837        , -1.604298594536770e+01, -1.676411853812301e+01,  3.392939267319361e-01
s838        , -1.819387371328009e+01, -1.728907299285363e+01,  3.235800258575330e-01
s839        , -2.199016371973259e+01, -2.098573073776985e+01,  2.129248769265329e-01
s840        , -1.816847175772266e+01, -1.801338116484192e+01,  3.018987033835958e-01
s841        , -2.076446728280485e+01, -2.067630910554105e+01,  2.221870535085649e-01
s842        , -1.719569444321167e+01, -1.748432682670751e+01,  3.177353294979192e-01
s843        , -1.999816334280537e+01, -2.064188801900915e+01,  2.232174086886712e-01
s844        , -1.581596700213373e+01, -1.591209768833300e+01,  3.647981796359244e-01
s845        , -2.003183538643507e+01, -2.058615342300454e+01,  2.248857589788707e-01
s846        , -2.166933569232110e+01, -1.994383680019502e+01,  2.441127598164761e-01
s847        , -2.001719781047365e+01, -1.993215892492856e+01,  2.444623234266277e-01
s848        , -1.670780899311153e+01, -1.691743429451248e+01,  3.347045979307839e-01
s849        , -2.103364362191806e+01, -2.159013065024793e+01,  1.948328687006912e-01
s850        , -1.674889176362534e+01, -1.634964023737653e+01,  3.517008524639285e-01
s851        , -1.887785873496733e+01, -1.860209524384546e+01,  2.842762323340372e-01
s852        , -1.916613881673827e+01, -2.003233248133395e+01,  2.414637445567742e-01
s853        , -2.151831650372089e+01, -2.120212940881297e+01,  2.064472344653994e-01
s854        , -2.092228526657664e+01, -2.154294622065245e+01,  1.962452797066308e-01
s855        , -1.984690981488844e+01, -2.098698210220963e+01,  2.128874187878557e-01
s856        , -1.857995804240183e+01, -1.893221225312709e+01,  2.743945637167705e-01
s857        , -2.294003947989728e+01, -2.297584287274005e+01,  1.533531854472858e-01
s858        , -2.107902559750898e+01, -2.143922975778364e+01,  1.993499113596769e-01
s859        , -1.829183386036745e+01, -1.986697994686445e+01,  2.464133803062570e-01
s860        , -2.148418071954308e+01, -2.084285479330111e+01,  2.172017021034343e-01
s861        , -2.060440939951398e+01, -2.101756603026144e+01,  2.119719244827305e-01
s862        , -1.983634035476443e+01, -2.000464340971878e+01,  2.422925847023220e-01
s863        , -2.017821382918477e+01, -2.129896366741857e+01,  2.035486135902693e-01
s864        , -2.145828954671971e+01, -2.044951564239643e+01,  2.289758519780361e-01
s865        , -2.179521899962700e+01, -2.175244106686193e+01,  1.899742952100361e-01
s866        , -2.240641608733365e+01, -2.172332711722698e+01,  1.908457874214143e-01
s867        , -1.970162478711471e+01, -2.028790154003950e+01,  2.338135821114924e-01
s868        , -1.579821539399930e+01, -1.417646316670569e+01,  4.167523798170418e-01
s869        , -1.927595790821999e+01, -1.976303858088445e+01,  2.495247441722861e-01
s870        , -1.834436146157947e+01, -1.780415179298222e+01,  3.081617412143810e-01
s871        , -1.954632707936713e+01, -1.991186387985837e+01,  2.450698319897051e-01
s872        , -2.222687656829416e+01, -2.053710021564895e+01,  2.263541096729379e-01
s873        , -2.174135075548704e+01, -2.195199715992639e+01,  1.840008157261690e-01
s874        , -2.306987923711809e+01, -2.253881146931376e+01,  1.664352120698926e-01
s875        , -2.178123430913379e+01, -2.197991086711644e+01,  1.831652513760259e-01
s876        , -2.287277527114560e+01, -2.240458878685203e+01,  1.704530119157526e-01
s877        , -2.189016288213647e+01, -2.199569321978683e+01,  1.826928250099050e-01
s878        , -1.876974537203656e+01, -1.771390823062232e+01,  3.108630772649611e-01
s879        , -1.761744622782913e+01, -1.762271114225739e+01,  3.135929560071772e-01
s880        , -1.792977215528789e+01, -1.922335423082557e+01,  2.656795673266943e-01
s881        , -2.116921283478955e+01, -1.865704884652398e+01,  2.826312601704526e-01
s882        , -1.809005639564229e+01, -1.968710407107454e+01,  2.517977553818235e-01
s883        , -1.958200153707774e+01, -1.982034125049270e+01,  2.478094554230466e-01
s884        , -1.866641101726497e+01, -1.985582944412583e+01,  2.467471576333289e-01
s885        , -1.949202935470739e+01, -1.845615410433301e+01,  2.886448105585481e-01
s886        , -1.753621319174707e+01, -1.802811939996110e+01,  3.014575314616524e-01
s887        , -2.072504645987743e+01, -2.038981183754100e+01,  2.307630159174379e-01
s888        , -2.163711888094086e+01, -2.140683935565522e+01,  2.003194803646475e-01
s889        , -1.784767272504274e+01, -1.851289496057927e+01,  2.869463390386902e-01
s890        , -2.036577167825686e+01, -2.140068513237849e+01,  2.005036998786607e-01
s891        , -1.925489904031788e+01, -1.855615164214562e+01,  2.856515006004907e-01
s892        , -1.797999052112338e+01, -1.949264929541493e+01,  2.576185328640100e-01
s893        , -2.224398236502422e+01, -2.261399240332222e+01,  1.641847582752674e-01
s894        , -2.015695897880840e+01, -2.072900560585650e+01,  2.206096450783233e-01
s895        , -1.853378696029952e+01, -1.956698882505906e+01,  2.553932655301477e-01
s896        , -2.478440805107692e+01, -2.246940589432227e+01,  1.685127872113532e-01
s897        , -2.202247365131235e+01, -2.170724697998668e+01,  1.913271276221951e-01
s898        , -2.008627742560493e+01, -1.899293535545268e+01,  2.725768882934421e-01
s899        , -1.802005794967191e+01, -1.849164836170683e+01,  2.875823312578075e-01
s900        , -1.770516073583232e+01, -1.785431905935318e+01,  3.066600424597766e-01
s901        , -2.425916197575684e+01, -2.318451966473273e+01,  1.471066884519530e-01
s902        , -1.641892815066793e+01, -1.703727724121345e+01,  3.311172387456490e-01
s903        , -2.332207101034287e+01, -2.233433331053450e+01,  1.725560278646394e-01
s904        , -2.132463334662818e+01, -1.929842183388037e+01,  2.634325059623185e-01
s905        , -2.166343218809494e+01, -2.192491889176696e+01,  1.848113721808734e-01
s906        , -1.790842270146736e+01, -1.750099066916288e+01,  3.172365167606031e-01
s907        , -1.911599503394165e+01, -1.956446604814262e+01,  2.554687819221621e-01
s908        , -2.062377494321661e+01, -2.026565382006363e+01,  2.344795417261443e-01
s909        , -2.034650826700463e+01, -2.004709422617304e+01,  2.410218688987160e-01
s910        , -1.701866755175476e+01, -1.745502624904662e+01,  3.186124082021322e-01
s911        , -1.800428066961873e+01, -1.885301310133886e+01,  2.767652981858697e-01
s912        , -2.018815932170212e+01, -2.107203022181660e+01,  2.103416022717466e-01
s913        , -1.735412329082851e+01, -1.783541169113210e+01,  3.072260125307883e-01
s914        , -2.004618788210774e+01, -2.022191096045505e+01,  2.357889333384224e-01
s915        , -1.937730144245923e+01, -1.959003312344547e+01,  2.547034612675091e-01
s916        , -2.191302790761547e+01, -2.157186642762613e+01,  1.953795869564192e-01
s917        , -1.792924589211810e+01, -1.755099040908803e+01,  3.157398327152550e-01
s918        , -2.621730238337609e+01, -2.384217594895380e+01,  1.274205126960364e-01
s919        , -1.919355775511356e+01, -1.935918532515599e+01,  2.616136215427594e-01
s920        , -1.675861595936722e+01, -1.651954811655688e+01,  3.466148577701789e-01
s921        , -2.192756432754418e+01, -2.184654417355266e+01,  1.871574281900765e-01
s922        , -2.290193110331377e+01, -2.251663091017675e+01,  1.670991613029680e-01
s923        , -1.925371616601646e+01, -1.944428292002540e+01,  2.590663240422280e-01
s924        , -1.798705044323696e+01, -1.831155631243906e+01,  2.929731772349391e-01
s925        , -2.338449219749342e+01, -2.307968845287379e+01,  1.502446888191281e-01
s926        , -1.762302148317026e+01, -1.754491997559216e+01,  3.159215440796584e-01
s927        , -1.720744831710588e+01, -1.720778813853374e+01,  3.260131934054269e-01
s928        , -1.827654667645005e+01, -1.815785896275371e+01,  2.975739285874607e-01
s929        , -2.066098735264480e+01, -2.185295630298548e+01,  1.869654885553269e-01
s930        , -1.982419875205301e+01, -2.004209051023690e+01,  2.411716493139797e-01
s931        , -2.184683786579889e+01, -2.190136301705672e+01,  1.855164898856016e-01
s932        , -2.007807490293144e+01, -2.050892270383120e+01,  2.271975707077026e-01
s933        , -2.186904116931162e+01, -2.257217510409128e+01,  1.654365104778227e-01
s934        , -1.595875499840616e+01, -1.637982708276722e+01,  3.507972443663009e-01
s935        , -1.706347068237267e+01, -1.717629028024306e+01,  3.269560451489936e-01
s936        , -1.818003510858343e+01, -1.693416352414255e+01,  3.342038279044645e-01
s937        , -2.175658784400171e+01, -2.192192454092151e+01,  1.849010045898273e-01
s938        , -2.010166135357230e+01, -2.022287986070151e+01,  2.357599304367554e-01
s939        , -1.813809060682595e+01, -1.864957219133460e+01,  2.828550651452638e-01
s940        , -2.094308051046411e+01, -2.137830235128524e+01,  2.011737023907324e-01
s941        , -1.827480816862776e+01, -1.770869866814156e+01,  3.110190194570580e-01
s942        , -1.770857434290158e+01, -1.899972583971854e+01,  2.723736230469405e-01
s943        , -1.938132201948424e+01, -2.000875200551693e+01,  2.421695986670132e-01
s944        , -1.770272330222015e+01, -1.851024665092322e+01,  2.870256131072209e-01
s945        , -1.924477319915050e+01, -1.935425662767427e+01,  2.617611563678659e-01
s946        , -2.185513295241253e+01, -2.233056999453780e+01,  1.726686783507878e-01
s947        , -2.017292248813791e+01, -2.018113873147538e+01,  2.370094025788324e-01
s948        , -1.792501053388721e+01, -1.893967333837401e+01,  2.741712248100727e-01
s949        , -2.005207290213696e+01, -2.045290468576430e+01,  2.288744049076058e-01
s950        , -2.257823345395823e+01, -2.173417973961016e+01,  1.905209267962307e-01
s951        , -1.571913272603913e+01, -1.518224644329732e+01,  3.866454275527667e-01
s952        , -2.233989362366768e+01, -2.252612695217633e+01,  1.668149083333324e-01
s953        , -2.342860552534396e+01, -2.296475154312271e+01,  1.536851914958137e-01
s954        , -2.204077204416149e+01, -2.216868261325339e+01,  1.775145887710077e-01
s955        , -1.756302978982562e+01, -1.868991695956273e+01,  2.816473914451464e-01
s956        , -2.291971088639473e+01, -2.225558300318910e+01,  1.749133266975247e-01
s957        , -1.872997367448807e+01, -1.903400778455831e+01,  2.713474329115120e-01
s958        , -2.138547156076431e+01, -2.150521616059881e+01,  1.973746851594762e-01
s959        , -1.926386090665138e+01, -1.910785155053092e+01,  2.691370056863888e-01
s960        , -1.680470785163838e+01, -1.811633420432135e+01,  2.988169239215501e-01
s961        , -2.001579976967623e+01, -2.009600027492969e+01,  2.395579232261049e-01
s962        , -1.871905926332032e+01, -1.896370148571763e+01,  2.734519701735025e-01
s963        , -1.918665598310528e+01, -1.882177168851880e+01,  2.777004735326197e-01
s964        , -1.746488927974545e+01, -1.818874316817244e+01,  2.966494458286970e-01
s965        , -1.971186761143078e+01, -2.022619794382608e+01,  2.356606074786539e-01
s966        , -1.765956881606673e+01, -1.836321788761868e+01,  2.914267480846148e-01
s967        , -2.223688117086612e+01, -2.113269328166721e+01,  2.085257241500537e-01
s968        , -1.998239594820018e+01, -2.111436164178614e+01,  2.090744604630054e-01
s969        , -2.101894011109180e+01, -2.149147661216188e+01,  1.977859625574513e-01
s970        , -1.986554229461376e+01, -2.068110197923477e+01,  2.220435844105357e-01
s971        , -1.914500631305469e+01, -1.874933247743567e+01,  2.798688570411745e-01
s972        , -1.930540895911451e+01, -2.085876998544881e+01,  2.167252993421047e-01
s973        , -2.013055280326089e+01, -1.963987757093790e+01,  2.532114257204684e-01
s974        , -1.991254970003848e+01, -1.982522633287221e+01,  2.476632261652829e-01
s975        , -2.002907222040815e+01, -2.101852339035626e+01,  2.119432670220774e-01
s976        , -2.147573630129902e+01, -2.170608841081362e+01,  1.913618080425201e-01
s977        , -1.918950409415471e+01, -1.962846578784629e+01,  2.535530241709356e-01
s978        , -1.698999961978807e+01, -1.819979355159627e+01,  2.963186654568355e-01
s979        , -2.115978794608996e+01, -2.188695862955976e+01,  1.859476684673700e-01
s980        , -1.730989298326385e+01, -1.726551443727851e+01,  3.242852238108324e-01
s981        , -2.142850865946883e+01, -2.176241798823929e+01,  1.896756476756782e-01
s982        , -2.110948756566415e+01, -2.095272984779987e+01,  2.139127201748036e-01
s983        , -1.831465175322002e+01, -1.801977278742707e+01,  3.017073775974738e-01
s984        , -2.150201864035685e+01, -2.175226911829667e+01,  1.899794422902935e-01
s985        , -1.659952594735737e+01, -1.588526913549363e+01,  3.656012611530398e-01
s986        , -2.105203087443673e+01, -2.136494686704894e+01,  2.015734832736790e-01
s987        , -2.066592788190784e+01, -2.090344841489935e+01,  2.153879025350424e-01
s988        , -2.133344594608628e+01, -2.127365699795903e+01,  2.043061392989569e-01
s989        , -2.008246059204520e+01, -2.128326306109548e+01,  2.040185929745870e-01
s990        , -2.181814335912880e+01, -2.197546256153619e+01,  1.832984062284464e-01
s991        , -1.674874949890157e+01, -1.609941365319161e+01,  3.591910941498285e-01
s992        , -1.990187356431624e+01, -1.896286563069162e+01,  2.734769905212788e-01
s993        , -2.167451347953028e+01, -2.150482692748208e+01,  1.973863363999948e-01
s994        , -2.085856003252748e+01, -1.980741171800786e+01,  2.481964859358620e-01
s995        , -1.532250426373563e+01, -1.475133201108698e+01,  3.995443497584612e-01
s996        , -2.197589637081217e+01, -2.183643508469871e+01,  1.874600320040838e-01
s997        , -1.843774602570321e+01, -1.819333113927014e+01,  2.965121102514977e-01
s998        , -2.004154224207673e+01, -1.977944225310198e+01,  2.490337193283600e-01
s999        , -1.918982967461324e+01, -2.021253466555479e+01,  2.360696018179525e-01
s1000       , -2.386287011937712e+01, -2.310810024856643e+01,  1.493942147691326e-01
s1001       , -2.142986106465667e+01, -2.136040606020855e+01,  2.017094070437063e-01
s1002       , -1.703565403983971e+01, -1.784392274020376e+01,  3.069712441785172e-01
s1003       , -2.272857267296788e+01, -2.218268752988170e+01,  1.770953678849511e-01
s1004       , -1.957549960274314e+01, -1.893716972459528e+01,  2.742461675758543e-01
s1005       , -2.033955634118916e+01, -2.120550385957575e+01,  2.063462242076257e-01
s1006       , -2.103463075725037e+01, -2.153771630403936e+01,  1.964018311759991e-01
s1007       , -1.845815321471510e+01, -1.916952788446485e+01,  2.672907963838471e-01
s1008       , -2.105860584214290e+01, -2.127970603434047e+01,  2.041250684322806e-01
s1009       , -2.225664818829298e+01, -2.153629125633188e+01,  1.964444883212332e-01
s1010       , -2.029000137617794e+01, -2.098908468379517e+01,  2.128244804542197e-01
s1011       , -2.150175758271834e+01, -2.040650681122014e+01,  2.302632713031562e-01
s1012       , -1.789395613621291e+01, -1.686346109127449e+01,  3.363202229777054e-01
s1013       , -1.907481979836395e+01, -2.009605085130804e+01,  2.395564092810593e-01
s1014       , -1.701362802016618e+01, -1.631165643583812e+01,  3.528378533729195e-01
s1015       , -1.771043360260808e+01, -1.840301615754749e+01,  2.902354331752958e-01
s1016       , -2.325177194237830e+01, -2.232617423199808e+01,  1.728002603884182e-01
s1017       , -2.061131053204120e+01, -2.035539385828957e+01,  2.317932780847182e-01
s1018       , -1.637685178145171e+01, -1.638337040631968e+01,  3.506911790980332e-01
s1019       , -2.229355013298489e+01, -2.209723859671575e+01,  1.796531822886451e-01
s1020       , -1.626620443538163e+01, -1.726836751224106e+01,  3.241998203310739e-01
s1021       , -2.225684084822025e+01, -2.201761542023958e+01,  1.820366094434706e-01
s1022       , -1.619907626993357e+01, -1.585605168646172e+01,  3.664758514984555e-01
s1023       , -2.164326276096592e+01, -2.131763901590570e+01,  2.029895887600632e-01
s1024       , -1.814482992541786e+01, -1.859271451817524e+01,  2.845570334435116e-01
s1025       , -1.966276460675046e+01, -2.040347785591360e+01,  2.303539395563944e-01
s1026       , -1.787958226759213e+01, -1.860022276853274e+01,  2.843322827041002e-01
s1027       , -2.228548280106830e+01, -2.234779402704490e+01,  1.721530969759942e-01
s1028       , -1.939576101741603e+01, -1.913280166329339e+01,  2.683901530876125e-01
s1029       , -2.072177297910414e+01, -2.104198338158310e+01,  2.112410194778745e-01
s1030       , -2.116639743005703e+01, -2.129512069398019e+01,  2.036636485292616e-01
s1031       , -1.871817432191781e+01, -1.988435915400046e+01,  2.458931539594762e-01
s1032       , -1.793076662035363e+01, -1.856833809797709e+01,  2.852867132228041e-01
s1033       , -2.190726556241366e+01, -2.118111078459054e+01,  2.070764025285927e-01
s1034       , -1.655942363042545e+01, -1.736947806105738e+01,  3.211731936834889e-01
s1035       , -1.920990065585595e+01, -1.863013979894167e+01,  2.834367512040509e-01
s1036       , -1.624542641970273e+01, -1.655813392941177e+01,  3.454598363528044e-01
s1037       , -1.865413258865576e+01, -1.994366642871838e+01,  2.441178596884205e-01
s1038       , -2.303917859954092e+01, -2.252835433198117e+01,  1.667482343101911e-01
s1039       , -2.268866240524940e+01, -2.219745274392565e+01,  1.766533883802814e-01
s1040       , -2.002650999928207e+01, -2.054311090790156e+01,  2.261741865931487e-01
s1041       , -2.439240447433291e+01, -2.328203818303743e+01,  1.441875850587927e-01
