# c0 + a0 * (face-area-max - E_T)
# Property Label: $ln_{D}$; Unit of the Property: Unitless
# RMSE: 0.783072898041744; Max AE: 2.84226124285114
# Coefficients
# Task   a0                      c0
# all ,  6.949824095636021e-01, -1.120932554763963e+01, 
# Feature Rung, Units, and Expressions
# 0;  1; Unitless;                                         32|0|sub; (face-area-max - E_T); $\left(face-area-max - E_{T}\right)$; (face_sub_area_sub_max - E_T); (newdata$face_sub_area_sub_max - newdata$E_T); face-area-max,E_T
# Number of Samples Per Task
# Task, n_samples               
# all , 1041                  

# Sample ID , Property Value        ,  Property Value (EST) ,  Feature 0 Value      
s1          , -2.244947812336508e+01, -2.153065407216037e+01, -1.485120829317360e+01
s2          , -2.298888400764099e+01, -2.289701054905031e+01, -1.681723859564975e+01
s3          , -1.755271246623431e+01, -1.786547034561951e+01, -9.577429164227990e+00
s4          , -1.917258847351942e+01, -1.986691231941654e+01, -1.245727467722993e+01
s5          , -2.000094091703784e+01, -1.974111673866216e+01, -1.227626926036858e+01
s6          , -2.179532463031582e+01, -2.109349195551383e+01, -1.422218213275459e+01
s7          , -2.156980503382011e+01, -2.079206366409239e+01, -1.378846138346150e+01
s8          , -2.070680399014268e+01, -2.230848543524385e+01, -1.597041843774675e+01
s9          , -2.311678210871720e+01, -2.249102186458864e+01, -1.623306742976860e+01
s10         , -1.955558688693647e+01, -2.000442106615498e+01, -1.265513399689933e+01
s11         , -1.929232032084748e+01, -2.038459741843840e+01, -1.320216417644321e+01
s12         , -1.972420304545977e+01, -1.900230594654083e+01, -1.121320524327317e+01
s13         , -1.649771434553038e+01, -1.713155378626699e+01, -8.521407386909381e+00
s14         , -1.814284237715737e+01, -1.938830674250621e+01, -1.176861612943898e+01
s15         , -2.140988745272463e+01, -2.206540943827702e+01, -1.562065994944276e+01
s16         , -2.271802967642396e+01, -2.195235388500070e+01, -1.545798597133832e+01
s17         , -1.845283706311921e+01, -1.869623692389535e+01, -1.077280701385946e+01
s18         , -2.106370881996578e+01, -2.069000498177434e+01, -1.364161064175405e+01
s19         , -2.166440903696862e+01, -2.113777868826362e+01, -1.428590566322151e+01
s20         , -1.957524373940041e+01, -2.013137568673444e+01, -1.283780713917234e+01
s21         , -2.230012329283520e+01, -2.236415466526992e+01, -1.605052007666597e+01
s22         , -1.709175230426198e+01, -1.673220867897411e+01, -7.946795566815062e+00
s23         , -2.271630669020732e+01, -2.324934882885660e+01, -1.732421298083965e+01
s24         , -1.997593461761007e+01, -2.038225043742993e+01, -1.319878713987915e+01
s25         , -2.228124530569044e+01, -2.246509164745057e+01, -1.619575682049094e+01
s26         , -1.806502239865187e+01, -1.720002994809337e+01, -8.619936732233922e+00
s27         , -2.017409009594002e+01, -2.062422361176773e+01, -1.354695879287068e+01
s28         , -1.658938425028538e+01, -1.765010239659804e+01, -9.267539379885511e+00
s29         , -2.262132344831001e+01, -2.313865912814426e+01, -1.716494319330381e+01
s30         , -1.697997334312175e+01, -1.767620832696239e+01, -9.305102820348331e+00
s31         , -1.964904728113367e+01, -1.877556356514350e+01, -1.088694895494536e+01
s32         , -2.151059652715050e+01, -2.207400813928853e+01, -1.563303249426287e+01
s33         , -2.289264810431292e+01, -2.330220076389780e+01, -1.740026085530943e+01
s34         , -2.302504917991390e+01, -2.327259936228836e+01, -1.735766783251906e+01
s35         , -2.244061385591441e+01, -2.198875233197155e+01, -1.551035916304790e+01
s36         , -2.239655424600443e+01, -2.145815081514407e+01, -1.474688441962142e+01
s37         , -2.226102540809307e+01, -2.158577135786071e+01, -1.493051574749457e+01
s38         , -2.102436377352775e+01, -2.140211309642848e+01, -1.466625256772926e+01
s39         , -2.141661104833067e+01, -1.903271106143895e+01, -1.125695471733137e+01
s40         , -1.990275935468409e+01, -1.968420573793928e+01, -1.219438085579929e+01
s41         , -1.952311408648237e+01, -1.917156579889790e+01, -1.145675076331496e+01
s42         , -1.862175379272403e+01, -1.991458019293108e+01, -1.252586328157242e+01
s43         , -2.257821044890805e+01, -2.112534757707302e+01, -1.426801871958159e+01
s44         , -1.984867902879579e+01, -1.922078457289899e+01, -1.152757093562981e+01
s45         , -1.928264199244582e+01, -1.977866052089681e+01, -1.233029045819748e+01
s46         , -2.007096062658339e+01, -2.059479020482220e+01, -1.350460749513927e+01
s47         , -1.842882744186564e+01, -1.941944140113341e+01, -1.181341533327315e+01
s48         , -1.712958329507449e+01, -1.741987234927290e+01, -8.936264740186781e+00
s49         , -2.142142340445580e+01, -2.197871325824116e+01, -1.549591408703987e+01
s50         , -2.022197746600499e+01, -2.101437525550205e+01, -1.410834227303575e+01
s51         , -2.208446385448407e+01, -2.211003858768617e+01, -1.568487617822066e+01
s52         , -2.030062191637932e+01, -2.095504696958815e+01, -1.402297567224488e+01
s53         , -1.881589086732163e+01, -1.798985947272699e+01, -9.756410855556815e+00
s54         , -2.389190768082197e+01, -2.446034038821133e+01, -1.906669098127585e+01
s55         , -1.989931101552115e+01, -2.053488678890641e+01, -1.341841334822063e+01
s56         , -2.293632659980805e+01, -2.327276362339434e+01, -1.735790418541623e+01
s57         , -2.165250835772914e+01, -2.140538410825088e+01, -1.467095917868428e+01
s58         , -2.493828100106786e+01, -2.426334730979166e+01, -1.878324052884878e+01
s59         , -2.019609135900962e+01, -1.995598157213738e+01, -1.258543511912769e+01
s60         , -1.686951544328429e+01, -1.765056799192056e+01, -9.268209318169012e+00
s61         , -1.698686520707895e+01, -1.811523529773553e+01, -9.936812292029519e+00
s62         , -1.961666852236879e+01, -2.052984012596464e+01, -1.341115177890273e+01
s63         , -2.363642228074260e+01, -2.308428632126151e+01, -1.708670695863868e+01
s64         , -2.123215125329894e+01, -2.111845699697406e+01, -1.425810396489983e+01
s65         , -2.229595939650926e+01, -2.140774365703784e+01, -1.467435429884055e+01
s66         , -2.209517036440609e+01, -2.183036734410801e+01, -1.528246132608969e+01
s67         , -2.100952424313996e+01, -1.816726300028882e+01, -1.001167419045650e+01
s68         , -2.306714632630091e+01, -2.279748255820918e+01, -1.667402922880603e+01
s69         , -2.116954741071400e+01, -2.125848796471273e+01, -1.445959247138821e+01
s70         , -2.268552320802911e+01, -2.143614825526521e+01, -1.471522525879075e+01
s71         , -1.844586653395837e+01, -1.999665568520550e+01, -1.264396050409919e+01
s72         , -2.185924535832699e+01, -2.169702189071221e+01, -1.509059250817310e+01
s73         , -1.814705961150877e+01, -1.898352172002615e+01, -1.118617689513630e+01
s74         , -2.269683109870329e+01, -2.357360528100809e+01, -1.779078083592406e+01
s75         , -2.162544692540680e+01, -2.092459073128855e+01, -1.397915263747378e+01
s76         , -1.799713371423827e+01, -1.905835586227197e+01, -1.129385464527218e+01
s77         , -1.808839931225978e+01, -1.848921968540844e+01, -1.047493294447559e+01
s78         , -1.710463489071706e+01, -1.810333602977795e+01, -9.919690609820258e+00
s79         , -2.130172009097587e+01, -2.144955379801499e+01, -1.473451429771506e+01
s80         , -2.075517304342145e+01, -2.125422643946056e+01, -1.445346062518099e+01
s81         , -1.679587307458704e+01, -1.795522298053899e+01, -9.706572914752314e+00
s82         , -1.961963418382102e+01, -1.940899938131162e+01, -1.179839046404179e+01
s83         , -1.732943596118787e+01, -1.809475196462199e+01, -9.907339124318129e+00
s84         , -2.091958911511147e+01, -2.205537563683341e+01, -1.560622245965088e+01
s85         , -1.931803893900067e+01, -1.855087099303405e+01, -1.056364210714969e+01
s86         , -2.124992178205270e+01, -2.006929785238511e+01, -1.274848425344879e+01
s87         , -2.000999990609716e+01, -1.964176972304172e+01, -1.213332029611663e+01
s88         , -1.933594922663024e+01, -1.989349011024683e+01, -1.249551707079926e+01
s89         , -2.128477820873118e+01, -2.051816248472167e+01, -1.339434899212386e+01
s90         , -2.009844325702736e+01, -2.047827858445586e+01, -1.333696063276832e+01
s91         , -2.185233402642529e+01, -2.209506225396021e+01, -1.566332695119006e+01
s92         , -1.852873985612102e+01, -1.812036573859707e+01, -9.944194408167917e+00
s93         , -2.244477787769646e+01, -2.154431147149318e+01, -1.487085972484277e+01
s94         , -2.069748145715988e+01, -2.052565101284782e+01, -1.340512412545542e+01
s95         , -1.839144268754908e+01, -1.809310864473080e+01, -9.904974575419370e+00
s96         , -2.061908691885885e+01, -2.094884432981094e+01, -1.401405078480621e+01
s97         , -2.336181657728519e+01, -2.382701331981378e+01, -1.815540594775216e+01
s98         , -1.913590175727989e+01, -1.880055846673788e+01, -1.092291375239984e+01
s99         , -1.764848235022367e+01, -1.891259950230332e+01, -1.108412795584391e+01
s100        , -2.003395952271198e+01, -1.956520872421461e+01, -1.202315779736332e+01
s101        , -2.047737186068138e+01, -1.975812135798819e+01, -1.230073695781247e+01
s102        , -1.813404261594337e+01, -1.838964361954755e+01, -1.033165440319077e+01
s103        , -2.094885731266024e+01, -2.111625833404436e+01, -1.425494034104483e+01
s104        , -1.695125455205811e+01, -1.669631677849771e+01, -7.895151237429895e+00
s105        , -2.089913046364001e+01, -2.077877716339352e+01, -1.376934363239898e+01
s106        , -2.193421435204462e+01, -2.195767351114807e+01, -1.546564030341086e+01
s107        , -1.938858975045087e+01, -1.966678992627133e+01, -1.216932149972309e+01
s108        , -2.184761912256448e+01, -2.121200727333937e+01, -1.439271208602342e+01
s109        , -1.765266017099491e+01, -1.927077355197834e+01, -1.159949934473983e+01
s110        , -2.222643790681205e+01, -2.092476451673168e+01, -1.397940269480005e+01
s111        , -2.198367498730207e+01, -2.117833194240055e+01, -1.434425714604881e+01
s112        , -2.341727175416096e+01, -2.215368501865327e+01, -1.574767838783991e+01
s113        , -2.064750776227555e+01, -2.008245141637991e+01, -1.276741072383681e+01
s114        , -2.335281852671257e+01, -2.237679449844232e+01, -1.606870734730543e+01
s115        , -2.467653405274963e+01, -2.467836864935399e+01, -1.938040864972673e+01
s116        , -2.119630992652875e+01, -1.991113871226482e+01, -1.252091138549721e+01
s117        , -1.681518237222159e+01, -1.787680794012386e+01, -9.593742662740080e+00
s118        , -1.725426000439147e+01, -1.821398998132955e+01, -1.007890895841283e+01
s119        , -2.026224064054247e+01, -1.938028295011368e+01, -1.175707081220201e+01
s120        , -2.061376236446881e+01, -2.050149498269457e+01, -1.337036636781891e+01
s121        , -2.090204853596659e+01, -2.072447251941479e+01, -1.369120547633712e+01
s122        , -1.679179791839329e+01, -1.817886615756698e+01, -1.002836980335042e+01
s123        , -1.729435756680531e+01, -1.829586133279449e+01, -1.019671244572173e+01
s124        , -1.927065840811719e+01, -1.848087199654440e+01, -1.046292157735440e+01
s125        , -2.074667074869674e+01, -2.086640999417810e+01, -1.389543722783201e+01
s126        , -1.981090987888966e+01, -1.997956985049387e+01, -1.261937594702765e+01
s127        , -1.791042209268825e+01, -1.831791584306504e+01, -1.022844635720935e+01
s128        , -2.199486439730610e+01, -2.180394288704063e+01, -1.524443956222380e+01
s129        , -1.847106084369403e+01, -1.861643829073118e+01, -1.065798593052546e+01
s130        , -2.183307419908922e+01, -1.945592840630366e+01, -1.186591595007748e+01
s131        , -1.937195493711046e+01, -1.974031388168368e+01, -1.227511404123291e+01
s132        , -1.756898825137140e+01, -1.755559816673870e+01, -9.131558629065253e+00
s133        , -1.952720456066259e+01, -1.972357135745564e+01, -1.225102346858294e+01
s134        , -1.792604080418195e+01, -1.877937875503472e+01, -1.089243857574543e+01
s135        , -2.163690184151209e+01, -2.044153904283817e+01, -1.328409664497220e+01
s136        , -2.266590946104735e+01, -2.197649313563749e+01, -1.549271958517461e+01
s137        , -1.871948299194560e+01, -1.844832334770057e+01, -1.041608780372800e+01
s138        , -2.098569970792443e+01, -2.023911530730910e+01, -1.299283209964913e+01
s139        , -1.946420871832499e+01, -1.995501101682597e+01, -1.258403860131940e+01
s140        , -1.890485827097119e+01, -2.011690292579932e+01, -1.281698249564760e+01
s141        , -2.048387804329865e+01, -2.143447860972756e+01, -1.471282283030526e+01
s142        , -1.712146112463541e+01, -1.765478603248500e+01, -9.274278594896590e+00
s143        , -2.146398341435241e+01, -2.111414772274072e+01, -1.425190341338364e+01
s144        , -2.296743054539722e+01, -2.070354057404682e+01, -1.366108680702991e+01
s145        , -2.169591974109321e+01, -2.189578186864598e+01, -1.537658532640654e+01
s146        , -2.268369172314783e+01, -2.231886897206655e+01, -1.598535915664815e+01
s147        , -2.121406114253308e+01, -2.153978343937584e+01, -1.486434440581449e+01
s148        , -2.139826235530006e+01, -2.075218447236134e+01, -1.373107979914760e+01
s149        , -1.818204101397333e+01, -1.855156206783991e+01, -1.056463648455601e+01
s150        , -2.236615053154114e+01, -2.137924474512935e+01, -1.463334763231731e+01
s151        , -2.007280490017163e+01, -2.024248608982680e+01, -1.299768226919489e+01
s152        , -2.043501428229088e+01, -2.050610916060809e+01, -1.337700564077032e+01
s153        , -2.294208833005412e+01, -2.180809807982406e+01, -1.525041840820068e+01
s154        , -1.941555486932839e+01, -1.964625838475768e+01, -1.213977896565155e+01
s155        , -2.030625886040805e+01, -2.168385943686036e+01, -1.507165324630010e+01
s156        , -1.755225478861601e+01, -1.691243147145897e+01, -8.206115500679317e+00
s157        , -1.981494689568535e+01, -1.958612115413298e+01, -1.205324838617621e+01
s158        , -2.120666701656112e+01, -2.095003800594120e+01, -1.401576834788959e+01
s159        , -2.199339551508707e+01, -2.070752983989948e+01, -1.366682690317877e+01
s160        , -1.822712376873660e+01, -1.839587519260579e+01, -1.034062092230333e+01
s161        , -1.850131544535105e+01, -2.026481255808746e+01, -1.302980749704731e+01
s162        , -2.165239460618542e+01, -1.962824761279195e+01, -1.211386352992557e+01
s163        , -2.054863013411503e+01, -2.109327927388426e+01, -1.422187610827593e+01
s164        , -2.244259094688993e+01, -2.318253657863970e+01, -1.722807781353540e+01
s165        , -2.169401378729562e+01, -2.076197650893697e+01, -1.374516941701546e+01
s166        , -1.893544650248816e+01, -1.902328768538360e+01, -1.124339555968124e+01
s167        , -1.990371422830687e+01, -2.092196728827230e+01, -1.397537780377994e+01
s168        , -2.358382467591309e+01, -2.423283463401443e+01, -1.873933628701855e+01
s169        , -2.234616115486217e+01, -2.318113538338873e+01, -1.722606165423167e+01
s170        , -1.980105726485419e+01, -1.999715318228824e+01, -1.264467634535774e+01
s171        , -2.225344967355102e+01, -2.160922569359796e+01, -1.496426384732343e+01
s172        , -2.076076397080535e+01, -2.135981071011147e+01, -1.460538428425203e+01
s173        , -2.167162181633835e+01, -2.163836373122864e+01, -1.500619014247811e+01
s174        , -2.217746151284670e+01, -2.175672720831749e+01, -1.517650161433705e+01
s175        , -1.912249737452136e+01, -1.953137286639637e+01, -1.197447187761540e+01
s176        , -2.262880123350610e+01, -2.236384058780650e+01, -1.605006815520854e+01
s177        , -1.998504477748202e+01, -1.929930727216879e+01, -1.164055609638965e+01
s178        , -1.778030448780716e+01, -1.936505807656109e+01, -1.173516396485871e+01
s179        , -2.322340610724453e+01, -2.295795701697362e+01, -1.690493357480984e+01
s180        , -1.682543251402466e+01, -1.704879410427675e+01, -8.402325693831413e+00
s181        , -1.586682207916231e+01, -1.699618130811318e+01, -8.326621912786644e+00
s182        , -2.348293513803748e+01, -2.228051187149686e+01, -1.593016768699098e+01
s183        , -2.155098810628208e+01, -2.142424682822540e+01, -1.469810046990972e+01
s184        , -2.324937775466465e+01, -2.265086907399794e+01, -1.646306923587138e+01
s185        , -2.378592453308165e+01, -2.380224040212034e+01, -1.811976055967824e+01
s186        , -2.071202883303041e+01, -2.101056686094050e+01, -1.410286242993592e+01
s187        , -2.027503475690737e+01, -2.097367784199383e+01, -1.404978336140262e+01
s188        , -2.214013663755619e+01, -2.218389881874350e+01, -1.579115258182592e+01
s189        , -2.074030596943589e+01, -2.059138103307854e+01, -1.349970208789910e+01
s190        , -1.914542963593283e+01, -1.958204299548739e+01, -1.204738038349087e+01
s191        , -1.679323473828856e+01, -1.789945921632708e+01, -9.626335251979050e+00
s192        , -1.690928184419942e+01, -1.805473996319762e+01, -9.849766442083631e+00
s193        , -2.273712334380998e+01, -2.231989030070505e+01, -1.598682873145240e+01
s194        , -2.090019731082972e+01, -2.092107229453309e+01, -1.397409001041008e+01
s195        , -1.910778599576077e+01, -1.957829791703740e+01, -1.204199164501569e+01
s196        , -1.918378235513936e+01, -1.908443665221554e+01, -1.133138191155213e+01
s197        , -2.010118773573690e+01, -2.104120374169628e+01, -1.414694538848881e+01
s198        , -2.040069724820686e+01, -1.959810900166251e+01, -1.207049752423291e+01
s199        , -2.033728659050214e+01, -1.903742616447127e+01, -1.126373920995657e+01
s200        , -1.788348829912646e+01, -1.805860096413725e+01, -9.855321979729615e+00
s201        , -1.891783601993355e+01, -2.036166904625973e+01, -1.316917287786766e+01
s202        , -2.174492495952721e+01, -2.147710834020308e+01, -1.477416212449300e+01
s203        , -2.185008698942601e+01, -2.167799287860040e+01, -1.506321194162931e+01
s204        , -2.086349108831322e+01, -2.114409073294581e+01, -1.429498797177397e+01
s205        , -2.088054945703831e+01, -2.003695912178470e+01, -1.270195252810525e+01
s206        , -2.114956534802060e+01, -1.973694043458778e+01, -1.227026003766465e+01
s207        , -1.936064601068155e+01, -1.822242339368936e+01, -1.009104367181529e+01
s208        , -2.173553987268506e+01, -2.231199111943140e+01, -1.597546271532747e+01
s209        , -1.958079034508013e+01, -2.047317058407564e+01, -1.332961080590950e+01
s210        , -2.077095411669474e+01, -2.082476754580361e+01, -1.383551851938493e+01
s211        , -2.106003856984427e+01, -2.093413754232673e+01, -1.399288940391105e+01
s212        , -1.921431398034701e+01, -1.890674340435825e+01, -1.107570170236688e+01
s213        , -1.891211086691480e+01, -1.924857138918545e+01, -1.156755297820254e+01
s214        , -1.797391097043976e+01, -1.807186926975231e+01, -9.874413550152799e+00
s215        , -2.046416066581664e+01, -2.113218467277341e+01, -1.427785651634636e+01
s216        , -2.054695205981560e+01, -1.959621046076622e+01, -1.206776574157169e+01
s217        , -2.064527960557822e+01, -2.031566205114426e+01, -1.310297408710350e+01
s218        , -2.267569057486860e+01, -2.171056194463943e+01, -1.511007509325855e+01
s219        , -1.969996813819463e+01, -2.052929876869762e+01, -1.341037282786804e+01
s220        , -2.056541179285701e+01, -2.087673929928921e+01, -1.391029991351868e+01
s221        , -2.147236245537334e+01, -2.209297519025863e+01, -1.566032390582826e+01
s222        , -1.817717386569833e+01, -1.855643400358457e+01, -1.057164664147166e+01
s223        , -2.049263974761081e+01, -2.060927125733602e+01, -1.352544406929503e+01
s224        , -2.147370851727396e+01, -2.132330801062660e+01, -1.455286108512847e+01
s225        , -2.297636192643720e+01, -2.191243007035867e+01, -1.540054017977204e+01
s226        , -2.349615644619751e+01, -2.232847175183440e+01, -1.599917645566997e+01
s227        , -1.994214785348108e+01, -1.928031399120432e+01, -1.161322694286993e+01
s228        , -1.935600154849446e+01, -2.021326645245311e+01, -1.295563856136631e+01
s229        , -1.931982821700711e+01, -2.040576998551144e+01, -1.323262907279409e+01
s230        , -1.663964761443124e+01, -1.761687392213847e+01, -9.219727415147540e+00
s231        , -1.912412961575534e+01, -1.984203435667074e+01, -1.242147814137026e+01
s232        , -2.205202611453251e+01, -2.194977884646997e+01, -1.545428078614904e+01
s233        , -2.108987100746543e+01, -1.988748988161924e+01, -1.248688342979624e+01
s234        , -2.119865480781422e+01, -2.120815550928488e+01, -1.438716983919604e+01
s235        , -1.634470488909293e+01, -1.671274429458582e+01, -7.918788549485642e+00
s236        , -2.035495556536669e+01, -2.118932126816399e+01, -1.436006952577557e+01
s237        , -2.057488800817375e+01, -1.982058956740649e+01, -1.239062154849948e+01
s238        , -2.181497599002021e+01, -1.969823123293475e+01, -1.221456193492080e+01
s239        , -1.938605784207409e+01, -1.943004425772691e+01, -1.182867162817731e+01
s240        , -1.879589433372550e+01, -1.850119607888892e+01, -1.049216560146904e+01
s241        , -1.732119998261703e+01, -1.750318026217806e+01, -9.056135274690634e+00
s242        , -2.017650413285683e+01, -2.104735039787832e+01, -1.415578972195317e+01
s243        , -1.996072124442394e+01, -2.015636536247700e+01, -1.287376441722525e+01
s244        , -2.121993688931675e+01, -2.055741472141118e+01, -1.345082846002025e+01
s245        , -2.152256201120388e+01, -2.177702587003131e+01, -1.520570906107885e+01
s246        , -1.806013829922115e+01, -1.814160121429845e+01, -9.974749822821812e+00
s247        , -1.662499542985015e+01, -1.659521454628832e+01, -7.749676717761290e+00
s248        , -2.087245838906029e+01, -2.003718825922888e+01, -1.270228223061429e+01
s249        , -2.031192930505803e+01, -1.955514246170146e+01, -1.200867359981441e+01
s250        , -1.829082894515480e+01, -1.801366532126424e+01, -9.790664742000063e+00
s251        , -2.316191337748571e+01, -2.267199335841197e+01, -1.649346465901209e+01
s252        , -1.836403387539604e+01, -1.857796769590081e+01, -1.060263115564053e+01
s253        , -1.948978591890307e+01, -2.081402907560832e+01, -1.382006709205739e+01
s254        , -1.974328758235917e+01, -2.077692187333462e+01, -1.376667408273360e+01
s255        , -2.045692599174058e+01, -2.075099190341376e+01, -1.372936382917316e+01
s256        , -1.776850461240055e+01, -1.778629597729700e+01, -9.463506326422312e+00
s257        , -2.163660994039700e+01, -2.152646010015753e+01, -1.484517364834643e+01
s258        , -1.860059101905129e+01, -1.940919728645977e+01, -1.179867522685798e+01
s259        , -2.094542362420654e+01, -2.145654711027497e+01, -1.474457687219715e+01
s260        , -1.742875942837962e+01, -1.784001576561900e+01, -9.540802942254262e+00
s261        , -2.065616574581777e+01, -2.104258674264822e+01, -1.414893536828242e+01
s262        , -2.014040040752147e+01, -1.917076176139368e+01, -1.145559384553811e+01
s263        , -1.686996628366655e+01, -1.668095762051593e+01, -7.873051170190171e+00
s264        , -2.074271161967796e+01, -2.001537000911232e+01, -1.267088827039843e+01
s265        , -2.059536695716665e+01, -1.998455643904625e+01, -1.262655107618742e+01
s266        , -2.198651133619990e+01, -2.145538748966094e+01, -1.474290831109679e+01
s267        , -1.899333543245141e+01, -1.929535403248168e+01, -1.163486783776223e+01
s268        , -1.857298059991068e+01, -1.854022207739942e+01, -1.054831953856653e+01
s269        , -2.106917022960664e+01, -2.181524272823633e+01, -1.526069873805358e+01
s270        , -1.920756052964929e+01, -1.993857227157329e+01, -1.256038513178339e+01
s271        , -1.965184309682283e+01, -2.061631039409991e+01, -1.353557257998396e+01
s272        , -2.112049940018463e+01, -2.162447152312747e+01, -1.498620084791468e+01
s273        , -1.945398506004425e+01, -1.804167531036604e+01, -9.830967904664840e+00
s274        , -2.135203005648119e+01, -2.096544246181923e+01, -1.403793359360811e+01
s275        , -2.088724638081418e+01, -2.048704433914705e+01, -1.334957354867895e+01
s276        , -1.839432489855567e+01, -1.912172426214704e+01, -1.138503450680977e+01
s277        , -2.199306195501885e+01, -1.918865643023778e+01, -1.148134222218457e+01
s278        , -2.276883612887764e+01, -2.279065937345858e+01, -1.666421144830296e+01
s279        , -2.262380984036664e+01, -2.318609892213506e+01, -1.723320361736344e+01
s280        , -1.620731240668889e+01, -1.713704437698103e+01, -8.529307717390388e+00
s281        , -2.072632910940930e+01, -1.912306685283406e+01, -1.138696634086563e+01
s282        , -1.840721485531197e+01, -1.751797328766898e+01, -9.077420742189314e+00
s283        , -1.945843055355910e+01, -2.006311447325985e+01, -1.273958707987983e+01
s284        , -2.290375248734285e+01, -2.381670530484978e+01, -1.814057389614604e+01
s285        , -2.162506652538119e+01, -2.108361525537333e+01, -1.420797069372450e+01
s286        , -2.308167299949378e+01, -2.395848125778474e+01, -1.834457323625017e+01
s287        , -1.888746545864790e+01, -1.812098632023415e+01, -9.945087353987185e+00
s288        , -2.031934863671701e+01, -1.976942389099474e+01, -1.231700000684942e+01
s289        , -2.410980627565496e+01, -2.435459972935719e+01, -1.891454229751200e+01
s290        , -2.087284446952964e+01, -2.133268411110568e+01, -1.456635221864504e+01
s291        , -2.204275686911580e+01, -1.979876939232969e+01, -1.235922481848656e+01
s292        , -1.820983264392220e+01, -1.787739439722617e+01, -9.594586507266557e+00
s293        , -1.668568749246811e+01, -1.647327908967633e+01, -7.574225576935217e+00
s294        , -2.280852590517532e+01, -2.334508415952294e+01, -1.746196514456196e+01
s295        , -1.673628435422914e+01, -1.766540421670646e+01, -9.289556944499900e+00
s296        , -2.103716924286631e+01, -1.988118385479158e+01, -1.247780978024643e+01
s297        , -2.124288787488653e+01, -2.099253465217769e+01, -1.407691614911692e+01
s298        , -2.177880180045448e+01, -2.131533759806207e+01, -1.454139257534342e+01
s299        , -1.893486515270964e+01, -1.964396669210226e+01, -1.213648148268813e+01
s300        , -1.774017522269403e+01, -1.754649021719094e+01, -9.118453333992411e+00
s301        , -2.283171483494903e+01, -2.281976767421551e+01, -1.670609495550597e+01
s302        , -1.721456897049112e+01, -1.799286339816358e+01, -9.760733159827035e+00
s303        , -2.130552121943375e+01, -1.965233354245602e+01, -1.214852042099595e+01
s304        , -2.313677054561944e+01, -2.249250278713978e+01, -1.623519830751566e+01
s305        , -1.858159986173835e+01, -1.935374202293186e+01, -1.171888146119601e+01
s306        , -2.163460095493751e+01, -2.193055728347548e+01, -1.542662316096316e+01
s307        , -1.987289536762319e+01, -2.122843038302351e+01, -1.441634305776910e+01
s308        , -2.028550026196297e+01, -1.853312252838762e+01, -1.053810410157977e+01
s309        , -2.129242792516701e+01, -2.180039301842073e+01, -1.523933170831117e+01
s310        , -1.894855963686166e+01, -1.937580823202866e+01, -1.175063220595322e+01
s311        , -2.010039836844276e+01, -2.090412022079613e+01, -1.394969792004393e+01
s312        , -1.830057188159682e+01, -1.923667187343363e+01, -1.155043093944576e+01
s313        , -1.990312271450173e+01, -1.958277555324958e+01, -1.204843445011487e+01
s314        , -1.980645538479249e+01, -1.976512029747375e+01, -1.231080762922694e+01
s315        , -1.914671781515828e+01, -1.839357370196550e+01, -1.033730934116310e+01
s316        , -2.257620253811652e+01, -2.193739640553229e+01, -1.543646387342249e+01
s317        , -1.647333233405121e+01, -1.684467537572706e+01, -8.108622247901224e+00
s318        , -2.027102701488289e+01, -2.010269473678797e+01, -1.279653854078511e+01
s319        , -1.996146248057647e+01, -1.947341375239154e+01, -1.189107535821108e+01
s320        , -2.548773082504399e+01, -2.454672567715048e+01, -1.919098950703767e+01
s321        , -1.727661852750149e+01, -1.819062667980223e+01, -1.004529184637398e+01
s322        , -2.011073789818953e+01, -2.054954289763511e+01, -1.343950180819749e+01
s323        , -2.178223238748198e+01, -2.163884870194333e+01, -1.500688795972933e+01
s324        , -1.879130547869734e+01, -1.907886316701804e+01, -1.132336230541417e+01
s325        , -2.032679436678044e+01, -2.060903741918661e+01, -1.352510760301013e+01
s326        , -2.071891083121713e+01, -1.950948339488519e+01, -1.194297543797900e+01
s327        , -1.834375983430116e+01, -1.988842815140238e+01, -1.248823349243125e+01
s328        , -2.099505369246730e+01, -2.066132778905342e+01, -1.360034744958358e+01
s329        , -2.140321290954873e+01, -2.016074515326776e+01, -1.288006643398206e+01
s330        , -2.114112529442132e+01, -2.085299933808074e+01, -1.387614083138684e+01
s331        , -1.934637322166436e+01, -1.982808138153618e+01, -1.240140141001338e+01
s332        , -1.962462779654497e+01, -1.928502144497464e+01, -1.162000042908416e+01
s333        , -2.293624249800790e+01, -2.297274927549018e+01, -1.692621793872037e+01
s334        , -1.807355423930957e+01, -1.846765776384643e+01, -1.044390781165886e+01
s335        , -1.850164643907080e+01, -1.825695645338175e+01, -1.014073278511828e+01
s336        , -2.151296308555482e+01, -2.125850550235532e+01, -1.445961770604502e+01
s337        , -1.775953587894473e+01, -1.512489898859015e+01, -5.634061218051852e+00
s338        , -2.118082550420247e+01, -2.104374714562577e+01, -1.415060505511417e+01
s339        , -1.761381998690202e+01, -1.895591184511727e+01, -1.114644945091765e+01
s340        , -1.906967392812366e+01, -1.947746564775200e+01, -1.189690557104050e+01
s341        , -2.371082699534004e+01, -2.362952765421914e+01, -1.787124671886082e+01
s342        , -1.901967676945428e+01, -1.981861106191067e+01, -1.238777470594837e+01
s343        , -1.943128604912865e+01, -1.858982871235418e+01, -1.061969779832120e+01
s344        , -2.171448714042025e+01, -2.225795650396061e+01, -1.589771309932680e+01
s345        , -1.896311499883081e+01, -1.947274805533107e+01, -1.189011749647053e+01
s346        , -2.211462969107367e+01, -2.083721879231953e+01, -1.385343443544925e+01
s347        , -1.640817037109120e+01, -1.797990788937478e+01, -9.742091668171250e+00
s348        , -2.058778590237884e+01, -2.089157732333402e+01, -1.393165012877683e+01
s349        , -1.918353701640313e+01, -2.000759792762813e+01, -1.265970513629714e+01
s350        , -2.047073332015930e+01, -2.099568742049020e+01, -1.408145262121912e+01
s351        , -2.167714580870165e+01, -2.137978428351366e+01, -1.463412396618834e+01
s352        , -2.086238589025425e+01, -2.159889476910103e+01, -1.494939883152623e+01
s353        , -1.920058764071421e+01, -2.048078221672321e+01, -1.334056307253211e+01
s354        , -2.053223705409261e+01, -1.903189067933751e+01, -1.125577428155323e+01
s355        , -1.704257081119439e+01, -1.793143467432908e+01, -9.672344269706688e+00
s356        , -2.127143545968418e+01, -2.094061458880789e+01, -1.400220913113297e+01
s357        , -1.906625211198675e+01, -1.950485960635390e+01, -1.193632233645057e+01
s358        , -2.032987192881253e+01, -2.054388753355613e+01, -1.343136438773741e+01
s359        , -2.136102912880764e+01, -2.132145893188684e+01, -1.455020047283914e+01
s360        , -1.881386071055488e+01, -1.821997510801152e+01, -1.008752086944771e+01
s361        , -2.182643688719446e+01, -2.079073332844621e+01, -1.378654718300424e+01
s362        , -2.091897008712596e+01, -2.182433879877801e+01, -1.527378694059872e+01
s363        , -1.798497754334610e+01, -1.891808806929394e+01, -1.109202537441897e+01
s364        , -1.789393844733154e+01, -1.748446729606312e+01, -9.029209462098208e+00
s365        , -2.184332997178521e+01, -2.069353031540241e+01, -1.364668319262665e+01
s366        , -2.293131491804218e+01, -2.250726819274763e+01, -1.625644403316952e+01
s367        , -2.320311495695380e+01, -2.189467252044908e+01, -1.537498910155016e+01
s368        , -1.944159222026194e+01, -2.060967066770196e+01, -1.352601877501484e+01
s369        , -2.221834550731525e+01, -2.223250652080669e+01, -1.586109349168824e+01
s370        , -1.739352775780219e+01, -1.845108249705931e+01, -1.042005790328847e+01
s371        , -2.131349702655302e+01, -2.170469460882934e+01, -1.510163266978229e+01
s372        , -2.230067528571091e+01, -2.169540509126087e+01, -1.508826611914642e+01
s373        , -1.609460498694387e+01, -1.732788935208469e+01, -8.803911754093265e+00
s374        , -1.846307154319872e+01, -1.764634063535656e+01, -9.262126636786244e+00
s375        , -2.092466765927065e+01, -2.140623389207008e+01, -1.467218192016306e+01
s376        , -2.335896110191541e+01, -2.377816115465347e+01, -1.808511328352346e+01
s377        , -2.209438728501526e+01, -2.213797192527032e+01, -1.572506904814048e+01
s378        , -2.111108779470583e+01, -2.175760133455524e+01, -1.517775938176499e+01
s379        , -1.875225846070942e+01, -1.806920410177597e+01, -9.870578679025616e+00
s380        , -1.834869608623442e+01, -1.899844152914176e+01, -1.120764478973377e+01
s381        , -2.068155326614140e+01, -2.043486745047230e+01, -1.327449698852900e+01
s382        , -1.804666933121612e+01, -1.875371355848245e+01, -1.085550930070322e+01
s383        , -2.062194236740874e+01, -2.102224622166892e+01, -1.411966769085722e+01
s384        , -1.800916137079852e+01, -1.840993120981839e+01, -1.036084591939558e+01
s385        , -2.216424509641620e+01, -2.182945867082536e+01, -1.528115384942533e+01
s386        , -2.182057698940036e+01, -2.202803830700568e+01, -1.556688717655373e+01
s387        , -1.799817167842237e+01, -1.686321762054115e+01, -8.135302412116793e+00
s388        , -2.351217009702901e+01, -2.395876796646757e+01, -1.834498577717046e+01
s389        , -2.149803565649794e+01, -2.182244079208277e+01, -1.527105592659157e+01
s390        , -2.025125341850577e+01, -2.048109355111347e+01, -1.334101104702179e+01
s391        , -1.925641978436478e+01, -1.948863468303436e+01, -1.191297653215933e+01
s392        , -1.954014294555121e+01, -2.056425871656557e+01, -1.346067618430824e+01
s393        , -2.007195889273447e+01, -2.085217582541672e+01, -1.387495589108808e+01
s394        , -1.933645012315517e+01, -1.913939314674723e+01, -1.141045800581787e+01
s395        , -2.191328817199827e+01, -1.991690130526592e+01, -1.252920309608125e+01
s396        , -1.985518647713905e+01, -1.794786027202436e+01, -9.695978821415107e+00
s397        , -1.859895904181181e+01, -1.896112166292559e+01, -1.115394578138102e+01
s398        , -2.089338265909714e+01, -2.135533229851229e+01, -1.459894036345985e+01
s399        , -1.650074457052408e+01, -1.737131855342813e+01, -8.866401395191826e+00
s400        , -1.659170957499870e+01, -1.735732517972306e+01, -8.846266534924126e+00
s401        , -1.654426837808786e+01, -1.726942397806345e+01, -8.719786784573602e+00
s402        , -1.877939202276407e+01, -1.822200259194972e+01, -1.009043818636149e+01
s403        , -2.106694758002669e+01, -2.115182421433533e+01, -1.430611556476495e+01
s404        , -2.165676773412189e+01, -2.176762841813113e+01, -1.519218720531551e+01
s405        , -2.212611753855641e+01, -2.108898498885382e+01, -1.421569712450404e+01
s406        , -1.885653015374473e+01, -1.938815854821584e+01, -1.176840289484725e+01
s407        , -1.790225292709843e+01, -1.845446262247675e+01, -1.042492151619568e+01
s408        , -1.653237145459570e+01, -1.773270902367534e+01, -9.386400844493194e+00
s409        , -1.984138826084547e+01, -2.098901781232431e+01, -1.407185581981220e+01
s410        , -1.632163885458830e+01, -1.722809805338076e+01, -8.660323517426116e+00
s411        , -1.826950002229553e+01, -1.852954094181068e+01, -1.053295060916377e+01
s412        , -2.254085603631221e+01, -2.310332081097874e+01, -1.711409540682858e+01
s413        , -1.907038707751166e+01, -2.029742593261812e+01, -1.307673440351554e+01
s414        , -1.996831080241482e+01, -2.032092388259068e+01, -1.311054525922816e+01
s415        , -2.069762370804266e+01, -2.026586548648832e+01, -1.303132254028634e+01
s416        , -1.735494379178349e+01, -1.850640644946364e+01, -1.049966272729988e+01
s417        , -1.714858900796163e+01, -1.721283180398949e+01, -8.638357134995143e+00
s418        , -2.014294405560549e+01, -2.090218280010043e+01, -1.394691019380937e+01
s419        , -1.771416578387462e+01, -1.830777081245887e+01, -1.021384882140620e+01
s420        , -2.335906844703241e+01, -2.332444618092665e+01, -1.743226945973269e+01
s421        , -2.045819521600993e+01, -1.912017347344404e+01, -1.138280309968110e+01
s422        , -1.913624718404630e+01, -1.964411630323223e+01, -1.213669675594959e+01
s423        , -2.001718266940652e+01, -2.032710756524970e+01, -1.311944286954741e+01
s424        , -2.199980092896302e+01, -2.122612892293039e+01, -1.441303152058276e+01
s425        , -1.799669141475633e+01, -1.965239813857733e+01, -1.214861336740786e+01
s426        , -2.179879403652462e+01, -2.105361650308107e+01, -1.416480592886219e+01
s427        , -1.855895626610580e+01, -1.990835956965007e+01, -1.251691251793379e+01
s428        , -2.201089453299450e+01, -2.228973701064776e+01, -1.594344160446566e+01
s429        , -2.010895188317044e+01, -1.943974762238042e+01, -1.184263365731643e+01
s430        , -2.197039083997888e+01, -2.044904865409914e+01, -1.329490211451736e+01
s431        , -2.053790779896415e+01, -2.104152454176234e+01, -1.414740698300063e+01
s432        , -2.056150222449639e+01, -1.941650962129260e+01, -1.180919683824297e+01
s433        , -1.961788415450921e+01, -1.944493553847358e+01, -1.185009847372297e+01
s434        , -2.169585176655818e+01, -2.122849827687624e+01, -1.441644074923840e+01
s435        , -1.969212203292086e+01, -2.043493053353330e+01, -1.327458775782062e+01
s436        , -1.841763911968392e+01, -1.874933573601647e+01, -1.084921011614008e+01
s437        , -2.085473352476042e+01, -2.043179380864801e+01, -1.327007437037063e+01
s438        , -2.075193174001312e+01, -2.023826362882328e+01, -1.299160663196232e+01
s439        , -1.747889033992054e+01, -1.699485203180154e+01, -8.324709236590305e+00
s440        , -2.292628299240021e+01, -2.254733211409373e+01, -1.631409142221820e+01
s441        , -1.928590410708185e+01, -1.946469809470823e+01, -1.187853452615062e+01
s442        , -2.265396374356312e+01, -2.288877841127149e+01, -1.680539349329100e+01
s443        , -1.939450551490213e+01, -1.932830101076237e+01, -1.168227476177543e+01
s444        , -2.014197468633274e+01, -2.011130081763749e+01, -1.280892170434594e+01
s445        , -2.136890748153691e+01, -2.187600085211168e+01, -1.534812271172437e+01
s446        , -1.984877428373165e+01, -2.060509298186819e+01, -1.351943200998196e+01
s447        , -2.124129540469972e+01, -2.015472358370496e+01, -1.287140208582025e+01
s448        , -1.996883442559681e+01, -2.017332003166213e+01, -1.289816024214373e+01
s449        , -2.213132573342666e+01, -2.110864495907899e+01, -1.424398556742667e+01
s450        , -2.393776981346641e+01, -2.211352600268690e+01, -1.568989416853631e+01
s451        , -1.778758837631850e+01, -1.865182850026661e+01, -1.070890838417094e+01
s452        , -2.093231028730361e+01, -2.138634494167396e+01, -1.464356400102954e+01
s453        , -1.913112365245808e+01, -1.987476635489518e+01, -1.246857573373232e+01
s454        , -1.694745233262931e+01, -1.752298684428410e+01, -9.084634675299171e+00
s455        , -1.959305905778561e+01, -1.979931818885835e+01, -1.236001447376576e+01
s456        , -1.690137029519855e+01, -1.849007214311658e+01, -1.047615953337398e+01
s457        , -1.744399185749123e+01, -1.710168080653784e+01, -8.478423594344168e+00
s458        , -2.020627098912283e+01, -1.928176430357900e+01, -1.161531377608287e+01
s459        , -1.884232545378780e+01, -1.846898462557910e+01, -1.044581701355291e+01
s460        , -2.233016805188693e+01, -2.211369441688523e+01, -1.569013649725717e+01
s461        , -1.623645396367353e+01, -1.654873238142627e+01, -7.682794212215225e+00
s462        , -2.313545884021418e+01, -2.219571830562617e+01, -1.580815946821616e+01
s463        , -2.090493117250811e+01, -2.115333723264449e+01, -1.430829262462768e+01
s464        , -1.633431188033305e+01, -1.806590629829037e+01, -9.865833517939205e+00
s465        , -1.999082968954132e+01, -2.100723289286449e+01, -1.409806523215059e+01
s466        , -1.900684695054017e+01, -1.855796480708609e+01, -1.057384929218693e+01
s467        , -1.783078222536251e+01, -1.800776300947420e+01, -9.782171992099036e+00
s468        , -1.945030486126850e+01, -1.904700872310891e+01, -1.127752741309059e+01
s469        , -2.270314762369042e+01, -2.259923675603208e+01, -1.638877625053053e+01
s470        , -2.119907484802825e+01, -2.117363779279211e+01, -1.433750280299805e+01
s471        , -1.972012875359749e+01, -2.047464079446355e+01, -1.333172627008193e+01
s472        , -1.766462305551830e+01, -1.892263134638453e+01, -1.109856262921573e+01
s473        , -2.127822401317911e+01, -2.123745638404106e+01, -1.442933043830326e+01
s474        , -1.654177405306909e+01, -1.823590919957081e+01, -1.011044820018302e+01
s475        , -2.297159509003216e+01, -2.293358234218948e+01, -1.686986121261949e+01
s476        , -2.252587602064435e+01, -2.141942633760568e+01, -1.469116433663010e+01
s477        , -2.178946083596680e+01, -1.923022584980939e+01, -1.154115585055784e+01
s478        , -1.788602657411998e+01, -1.741416621417541e+01, -8.928054266052527e+00
s479        , -1.952938513246325e+01, -1.924357866903991e+01, -1.156036902638328e+01
s480        , -2.203955610850313e+01, -2.186922677094901e+01, -1.533837558565405e+01
s481        , -1.615402914764109e+01, -1.827729706801636e+01, -1.017000059730274e+01
s482        , -2.215324565636576e+01, -2.082204495153857e+01, -1.383160101841285e+01
s483        , -2.217560840271064e+01, -2.151453572838155e+01, -1.482801584462093e+01
s484        , -2.403070638423247e+01, -2.432817409052328e+01, -1.887651883321957e+01
s485        , -1.896886917982663e+01, -1.997314496489362e+01, -1.261013127333255e+01
s486        , -2.293847835350512e+01, -2.299598068083732e+01, -1.695964526727927e+01
s487        , -1.935879902533930e+01, -1.861988965877539e+01, -1.066295205340384e+01
s488        , -2.071941340396909e+01, -2.111901107064583e+01, -1.425890121338288e+01
s489        , -2.120929532988995e+01, -2.162434075443923e+01, -1.498601268676637e+01
s490        , -2.336106814107168e+01, -2.319505743146318e+01, -1.724609388509517e+01
s491        , -1.878377211600346e+01, -1.881904447346242e+01, -1.094951299645287e+01
s492        , -2.196689093989351e+01, -2.125857236437585e+01, -1.445971391282609e+01
s493        , -2.118321097196467e+01, -1.917399622767523e+01, -1.146024787165020e+01
s494        , -2.014379663919148e+01, -2.112094049579524e+01, -1.426167743494310e+01
s495        , -1.971897958689983e+01, -1.999067569250872e+01, -1.263535598028033e+01
s496        , -2.171934681583978e+01, -2.155480797615410e+01, -1.488596299151035e+01
s497        , -1.930074135275753e+01, -1.942481486576007e+01, -1.182114713274421e+01
s498        , -2.146882601091719e+01, -2.058750830389078e+01, -1.349412967464883e+01
s499        , -1.852368794388046e+01, -1.792205128678661e+01, -9.658842650941452e+00
s500        , -2.050589701281523e+01, -1.982399198319875e+01, -1.239551723470022e+01
s501        , -2.141899489528082e+01, -2.060556435400556e+01, -1.352011026043965e+01
s502        , -1.777920620854658e+01, -1.800259204938617e+01, -9.774731573439702e+00
s503        , -2.264989988763092e+01, -2.213684490873829e+01, -1.572344740057570e+01
s504        , -1.994570445298742e+01, -2.060477784635954e+01, -1.351897856611876e+01
s505        , -2.256898602446125e+01, -2.243956409248949e+01, -1.615902559591634e+01
s506        , -2.050664132584332e+01, -2.042660982996359e+01, -1.326261521944380e+01
s507        , -2.255451727781655e+01, -2.125284036239880e+01, -1.445146621921806e+01
s508        , -2.063695726234980e+01, -2.120872774699573e+01, -1.438799322364862e+01
s509        , -2.049565878814769e+01, -2.059192068189949e+01, -1.350047858067578e+01
s510        , -1.886667658587990e+01, -1.838510919473666e+01, -1.032512988580947e+01
s511        , -2.270091090950000e+01, -2.209352570762987e+01, -1.566111603720261e+01
s512        , -2.052865138648571e+01, -2.107743575169444e+01, -1.419907909647851e+01
s513        , -1.872228566034903e+01, -1.908499180441628e+01, -1.133218071191469e+01
s514        , -2.338235400416073e+01, -2.287271093149202e+01, -1.678227423220127e+01
s515        , -2.063189590001077e+01, -2.169083917359039e+01, -1.508169628715118e+01
s516        , -2.353360034901451e+01, -2.275335337397284e+01, -1.661053239258532e+01
s517        , -2.274108402549141e+01, -2.277679384181410e+01, -1.664426053810194e+01
s518        , -2.095244706423326e+01, -2.220267790752595e+01, -1.581817353735519e+01
s519        , -2.165153402286209e+01, -1.962013279192571e+01, -1.210218723315234e+01
s520        , -1.917430642162448e+01, -1.934101987657042e+01, -1.170057575131563e+01
s521        , -2.048146586988528e+01, -1.967148010172900e+01, -1.217607012442657e+01
s522        , -1.837039701152461e+01, -1.948377636117683e+01, -1.190598596406626e+01
s523        , -2.237538522976599e+01, -2.195563191431474e+01, -1.546270267965918e+01
s524        , -2.219430447580721e+01, -2.133026989599569e+01, -1.456287843991802e+01
s525        , -2.096151325596525e+01, -2.105715814460262e+01, -1.416990194492362e+01
s526        , -2.193172581512368e+01, -2.143267476023554e+01, -1.471022729771740e+01
s527        , -2.063376120076111e+01, -1.881389365200882e+01, -1.094210155497936e+01
s528        , -1.776721144005281e+01, -1.820836433665561e+01, -1.007081430076893e+01
s529        , -2.226349149791107e+01, -2.256818992124914e+01, -1.634410341513829e+01
s530        , -2.300566448791293e+01, -2.301822532941945e+01, -1.699165276599582e+01
s531        , -1.846679125419261e+01, -1.842988686493674e+01, -1.038955981897599e+01
s532        , -1.859817726729017e+01, -2.035520645921200e+01, -1.315987395611251e+01
s533        , -2.134099683522431e+01, -2.164746334896645e+01, -1.501928344903175e+01
s534        , -2.286936511308830e+01, -2.275044933066243e+01, -1.660635380724208e+01
s535        , -1.777040539985326e+01, -1.868795853684763e+01, -1.076089536410574e+01
s536        , -1.995222678224889e+01, -2.041749986998591e+01, -1.324950703159283e+01
s537        , -2.015268820600640e+01, -2.042235308918127e+01, -1.325649025754010e+01
s538        , -1.740140208992538e+01, -1.832030273927939e+01, -1.023188082717796e+01
s539        , -1.924950405987826e+01, -2.054310121074328e+01, -1.343023295937025e+01
s540        , -2.157643164881004e+01, -2.033299849311484e+01, -1.312791923928579e+01
s541        , -1.586673793577160e+01, -1.723389443453122e+01, -8.668663845282902e+00
s542        , -2.009907109345192e+01, -2.060797521523482e+01, -1.352357921331685e+01
s543        , -1.879069098033760e+01, -1.834009719071804e+01, -1.026036277314704e+01
s544        , -2.248614661420541e+01, -2.129373937397777e+01, -1.451031520735958e+01
s545        , -1.987972862262733e+01, -1.929494316603451e+01, -1.163427664805509e+01
s546        , -2.126472237694319e+01, -2.073156659493180e+01, -1.370141303759247e+01
s547        , -1.738356621674509e+01, -1.775306792508171e+01, -9.415694969245431e+00
s548        , -1.943625792183643e+01, -1.907974837066637e+01, -1.132463601196581e+01
s549        , -2.233202963006129e+01, -2.277428479001955e+01, -1.664065030025992e+01
s550        , -2.412763530103872e+01, -2.385053968016519e+01, -1.818925768274238e+01
s551        , -1.731823103856605e+01, -1.754058589975683e+01, -9.109957698199539e+00
s552        , -2.060923402045430e+01, -2.088785519282676e+01, -1.392629440976000e+01
s553        , -1.992869680942914e+01, -2.020579665594149e+01, -1.294489038068025e+01
s554        , -1.812921854031919e+01, -1.815748400601461e+01, -9.997603338964961e+00
s555        , -2.102602816640752e+01, -1.947133263400010e+01, -1.188808086746886e+01
s556        , -1.941820686683750e+01, -1.881653088463348e+01, -1.094589623033857e+01
s557        , -2.190718211184164e+01, -2.119503484024491e+01, -1.436829070087625e+01
s558        , -1.909304407213536e+01, -1.891956605745311e+01, -1.109415202991245e+01
s559        , -2.023025085829861e+01, -2.075668020033399e+01, -1.373754863621570e+01
s560        , -2.107002513254548e+01, -2.180464570209807e+01, -1.524545083250600e+01
s561        , -2.121559386756793e+01, -1.945037852222372e+01, -1.185793030324158e+01
s562        , -1.764234380631898e+01, -1.908905655462902e+01, -1.133802942140259e+01
s563        , -1.646928563220792e+01, -1.837469830237141e+01, -1.031014980541897e+01
s564        , -1.863449571719480e+01, -1.870427533251029e+01, -1.078437336216457e+01
s565        , -2.028655126138008e+01, -2.087452404897316e+01, -1.390711242231665e+01
s566        , -1.821002786093300e+01, -1.885642632948695e+01, -1.100330120103203e+01
s567        , -2.066943738863287e+01, -2.123029155264222e+01, -1.441902106744690e+01
s568        , -2.062629415098700e+01, -2.114016905163245e+01, -1.428934512202785e+01
s569        , -2.065075063553067e+01, -2.090756258515050e+01, -1.395465108764501e+01
s570        , -2.031634942577389e+01, -2.074770837707220e+01, -1.372463921126000e+01
s571        , -2.047206271335130e+01, -2.087406382557765e+01, -1.390645021362017e+01
s572        , -2.393038589894997e+01, -2.393363669895884e+01, -1.830882476480108e+01
s573        , -1.926109501090367e+01, -1.946029545508372e+01, -1.187219963254192e+01
s574        , -2.085894290369713e+01, -2.136515278622322e+01, -1.461307091924916e+01
s575        , -2.021973442813006e+01, -2.068020821136179e+01, -1.362751421243767e+01
s576        , -1.844714179521902e+01, -1.816734594437123e+01, -1.001179353748064e+01
s577        , -1.949977509463960e+01, -1.948785591937407e+01, -1.191185598054597e+01
s578        , -2.108198153892643e+01, -2.122406050072515e+01, -1.441005529819674e+01
s579        , -2.029210259566103e+01, -2.103092816136523e+01, -1.413216000660051e+01
s580        , -2.195204710511243e+01, -2.227585702713495e+01, -1.592346989968320e+01
s581        , -2.000078291173359e+01, -2.103265498181114e+01, -1.413464470322327e+01
s582        , -2.354247422413414e+01, -2.266379620610195e+01, -1.648166989673146e+01
s583        , -1.881717670098672e+01, -2.002505072743784e+01, -1.268481771406825e+01
s584        , -2.079214981383572e+01, -2.123076633892683e+01, -1.441970423047099e+01
s585        , -2.214462266832296e+01, -2.234337667166453e+01, -1.602062292629286e+01
s586        , -1.671124709479596e+01, -1.645550630644067e+01, -7.548652579703782e+00
s587        , -1.722924462132460e+01, -1.687818456680841e+01, -8.156838131670701e+00
s588        , -2.306180681354529e+01, -2.184975019894715e+01, -1.531035103174614e+01
s589        , -2.054966159202169e+01, -2.040338111916379e+01, -1.322919176802957e+01
s590        , -2.302597507766974e+01, -2.250543737356203e+01, -1.625380969428496e+01
s591        , -2.031576031139625e+01, -2.124432558081104e+01, -1.443921442482645e+01
s592        , -1.675983730084032e+01, -1.646460397100746e+01, -7.561743075868297e+00
s593        , -1.833051427645905e+01, -1.789388416174560e+01, -9.618313387677503e+00
s594        , -1.700453572465554e+01, -1.795935990995533e+01, -9.712525481838053e+00
s595        , -2.121342929627275e+01, -2.047605301227501e+01, -1.333375828958636e+01
s596        , -1.895402289388661e+01, -1.712963118066750e+01, -8.518640977899544e+00
s597        , -2.389559541191659e+01, -2.334958666261506e+01, -1.746844373025012e+01
s598        , -1.923753651242740e+01, -1.904703750686568e+01, -1.127756882961621e+01
s599        , -2.358158831573873e+01, -2.321221103286342e+01, -1.727077595066143e+01
s600        , -1.942143232536245e+01, -1.896373681840536e+01, -1.115770869026013e+01
s601        , -2.073803555561576e+01, -2.075172482047631e+01, -1.373041841278919e+01
s602        , -1.821856306700227e+01, -1.766472773069115e+01, -9.288583558690405e+00
s603        , -1.722454836479658e+01, -1.779538718939957e+01, -9.476587538230651e+00
s604        , -1.805154515236764e+01, -1.832272955376319e+01, -1.023537273495923e+01
s605        , -2.021935755598555e+01, -1.960384531493274e+01, -1.207875142129749e+01
s606        , -1.827906736534894e+01, -1.888570735602501e+01, -1.104543324082919e+01
s607        , -2.237721630921111e+01, -2.186722069302300e+01, -1.533548906953737e+01
s608        , -2.098562136420296e+01, -2.096432400992337e+01, -1.403632426957275e+01
s609        , -1.946776205882490e+01, -2.004895429063519e+01, -1.271921220070332e+01
s610        , -2.069261977150295e+01, -2.028484129063703e+01, -1.305862654667210e+01
s611        , -2.170289912291919e+01, -2.065408183750539e+01, -1.358992135613385e+01
s612        , -1.930046031145336e+01, -1.896744739403558e+01, -1.116304778313379e+01
s613        , -2.385958137896088e+01, -2.357246314412424e+01, -1.778913743190672e+01
s614        , -1.933674081040147e+01, -1.988149847415642e+01, -1.247826248143788e+01
s615        , -1.973716697922491e+01, -1.959878827317404e+01, -1.207147491805207e+01
s616        , -1.815004309366292e+01, -1.753295199474696e+01, -9.098973384201337e+00
s617        , -1.832352306169715e+01, -1.847192599132983e+01, -1.045004930160834e+01
s618        , -1.700993990522181e+01, -1.841687522379323e+01, -1.037083755929796e+01
s619        , -2.331208521979489e+01, -2.198500055905536e+01, -1.550496079200344e+01
s620        , -2.294394567846179e+01, -2.296508872178662e+01, -1.691519528030751e+01
s621        , -2.117716243218820e+01, -2.210885609696855e+01, -1.568317470966355e+01
s622        , -2.002792552777272e+01, -1.894648419810188e+01, -1.113288414784573e+01
s623        , -1.988853831837967e+01, -1.993629269118543e+01, -1.255710507698417e+01
s624        , -2.364575476956619e+01, -2.289291789380577e+01, -1.681134973402072e+01
s625        , -2.144171537166414e+01, -2.034061058458055e+01, -1.313887216609510e+01
s626        , -2.037069722396305e+01, -2.057553762432068e+01, -1.347690523931727e+01
s627        , -1.998545144661707e+01, -2.063143656415255e+01, -1.355733740430829e+01
s628        , -2.158119065398551e+01, -2.114419328067194e+01, -1.429513552619365e+01
s629        , -1.843917864187274e+01, -1.813638162282612e+01, -9.967239429176589e+00
s630        , -1.962256463480217e+01, -2.031202891215464e+01, -1.309774641667670e+01
s631        , -2.101091990223662e+01, -2.022986515374740e+01, -1.297952218930548e+01
s632        , -2.022844039713042e+01, -2.038350013726938e+01, -1.320058531465631e+01
s633        , -2.473876586737651e+01, -2.476681734310873e+01, -1.950767617842616e+01
s634        , -2.051539403555230e+01, -2.133094827101836e+01, -1.456385454379251e+01
s635        , -2.382235458298951e+01, -2.395697101882148e+01, -1.834240017554752e+01
s636        , -1.910586081968059e+01, -1.882869944943722e+01, -1.096340539983162e+01
s637        , -1.917066616024459e+01, -1.951073784544328e+01, -1.194478044849556e+01
s638        , -2.192001400012589e+01, -2.148519867526889e+01, -1.478580318900697e+01
s639        , -2.010078758798683e+01, -2.022078058371944e+01, -1.296645053468093e+01
s640        , -1.983289623130970e+01, -1.910968183757677e+01, -1.136770683864931e+01
s641        , -2.307886864739055e+01, -2.294236532851765e+01, -1.688249892287993e+01
s642        , -2.260273435105626e+01, -2.212535306439211e+01, -1.570691195422765e+01
s643        , -2.012782689900612e+01, -2.050786898055843e+01, -1.337953781989619e+01
s644        , -1.902512926743999e+01, -1.821700409113731e+01, -1.008324591682541e+01
s645        , -2.049081123370357e+01, -2.044356576251661e+01, -1.328701286220381e+01
s646        , -2.159630341817387e+01, -2.199927345935732e+01, -1.552549785899327e+01
s647        , -2.046804100673445e+01, -2.109856016913503e+01, -1.422947471102917e+01
s648        , -2.112203592795417e+01, -2.122839613102359e+01, -1.441629377306859e+01
s649        , -2.130712394597167e+01, -2.164428784599471e+01, -1.501471426436170e+01
s650        , -1.872664219670308e+01, -1.890947722568063e+01, -1.107963535778715e+01
s651        , -2.286060777226206e+01, -2.348453969917913e+01, -1.766262567601881e+01
s652        , -2.513277458672901e+01, -2.448648952926338e+01, -1.910431659696370e+01
s653        , -2.212366926194319e+01, -2.120566940869033e+01, -1.438359262549922e+01
s654        , -2.219498706816524e+01, -2.161521199613110e+01, -1.497287745027331e+01
s655        , -2.136195741190379e+01, -2.131292855342337e+01, -1.453792623633173e+01
s656        , -2.204727614381470e+01, -2.135698268574437e+01, -1.460131508145180e+01
s657        , -2.036339525797458e+01, -2.029276837609552e+01, -1.307003271371951e+01
s658        , -1.602366185676991e+01, -1.642479668292744e+01, -7.504464952663689e+00
s659        , -1.871169938684588e+01, -1.965495885541260e+01, -1.215229794531952e+01
s660        , -2.183022460938435e+01, -2.196591831974559e+01, -1.547750363762488e+01
s661        , -2.183692812512830e+01, -2.103205428147521e+01, -1.413378036431674e+01
s662        , -1.575332316936146e+01, -1.612395565540722e+01, -7.071589208788198e+00
s663        , -2.161244100467384e+01, -2.142785555777220e+01, -1.470329301794711e+01
s664        , -1.792030659393350e+01, -1.796573832836354e+01, -9.721703294571778e+00
s665        , -2.036353189911458e+01, -1.985160806663129e+01, -1.243525361227254e+01
s666        , -1.896012969757172e+01, -1.857641160872238e+01, -1.060039212461325e+01
s667        , -1.834472710605888e+01, -1.796632351290348e+01, -9.722545308026920e+00
s668        , -2.315183675604283e+01, -2.220741836120236e+01, -1.582499450665050e+01
s669        , -2.168824836514504e+01, -2.159689117298823e+01, -1.494651588645420e+01
s670        , -1.765957516951316e+01, -1.845044980323540e+01, -1.041914752942115e+01
s671        , -1.925271531654228e+01, -1.938491665710090e+01, -1.176373818525125e+01
s672        , -2.010246672918431e+01, -1.890965696924334e+01, -1.107989398816432e+01
s673        , -2.045224673553428e+01, -2.102111945610742e+01, -1.411804640441025e+01
s674        , -1.961862741224291e+01, -1.959292738843664e+01, -1.206304177692970e+01
s675        , -1.819835804307071e+01, -1.801774780649016e+01, -9.796538970138414e+00
s676        , -2.030955144796039e+01, -2.088780243329472e+01, -1.392621849484285e+01
s677        , -1.708028116046972e+01, -1.792522866992535e+01, -9.663414540956245e+00
s678        , -1.996975063415185e+01, -2.031143378570887e+01, -1.309689009795902e+01
s679        , -2.075675552323975e+01, -2.102390846241044e+01, -1.412205946469011e+01
s680        , -1.844365265503332e+01, -1.860192389945315e+01, -1.063710138571065e+01
s681        , -1.908965101407623e+01, -1.846263782196216e+01, -1.043668469087884e+01
s682        , -2.132701003782740e+01, -2.189420401976241e+01, -1.537431498278078e+01
s683        , -2.134055790648813e+01, -1.956123049802449e+01, -1.201743358602304e+01
s684        , -2.228765611405496e+01, -2.209074512728718e+01, -1.565711510091353e+01
s685        , -2.220524684044785e+01, -2.006119679092033e+01, -1.273682775487660e+01
s686        , -2.092862014660340e+01, -2.149335681048555e+01, -1.479754181016399e+01
s687        , -2.266843571203506e+01, -2.171967036896060e+01, -1.512318107147588e+01
s688        , -1.791243182954496e+01, -1.732449070898168e+01, -8.799021496359774e+00
s689        , -2.022924986754604e+01, -2.090861092236973e+01, -1.395615952470011e+01
s690        , -1.926971843911773e+01, -1.921834236433622e+01, -1.152405687753400e+01
s691        , -1.839442212707931e+01, -1.755616325369980e+01, -9.132371724408854e+00
s692        , -1.811967055159425e+01, -1.810487378701352e+01, -9.921903266161497e+00
s693        , -1.897178714286070e+01, -1.916833366927117e+01, -1.145210009938123e+01
s694        , -2.117746495604092e+01, -2.011731901147420e+01, -1.281758119522498e+01
s695        , -2.262578130233349e+01, -2.297143375451085e+01, -1.692432505487003e+01
s696        , -2.110358706695218e+01, -1.942304795834533e+01, -1.181860475556972e+01
s697        , -2.080079623838923e+01, -2.137961676838366e+01, -1.463388293112371e+01
s698        , -2.284382050270110e+01, -2.270396783702054e+01, -1.653947226750487e+01
s699        , -1.710021253686445e+01, -1.761346294021124e+01, -9.214819403260776e+00
s700        , -1.768315556313765e+01, -1.834084230206827e+01, -1.026143490294482e+01
s701        , -1.903295584190279e+01, -1.755777625879703e+01, -9.134692653795017e+00
s702        , -1.837939645173277e+01, -1.904507642648741e+01, -1.127474705981128e+01
s703        , -2.091048572489854e+01, -1.839051500059442e+01, -1.033290822060380e+01
s704        , -2.101614044515869e+01, -2.168035183697249e+01, -1.506660621224628e+01
s705        , -1.998067347119072e+01, -2.003814018798608e+01, -1.270365194694682e+01
s706        , -2.205053681559340e+01, -2.061310531702665e+01, -1.353096084157281e+01
s707        , -2.095566328486310e+01, -2.163495127357163e+01, -1.500128000718539e+01
s708        , -2.098548818691052e+01, -2.159386445252304e+01, -1.494216078275153e+01
s709        , -2.115794840593145e+01, -2.202629422725585e+01, -1.556437764577161e+01
s710        , -2.144561556804213e+01, -2.085774465000748e+01, -1.388296879114732e+01
s711        , -2.158487030708884e+01, -2.089253892195607e+01, -1.393303375893612e+01
s712        , -1.701606937532507e+01, -1.765788818484845e+01, -9.278742236451777e+00
s713        , -2.069677260469373e+01, -2.119208186334520e+01, -1.436404170570879e+01
s714        , -1.667903695847065e+01, -1.628968726645257e+01, -7.310057994134034e+00
s715        , -1.903979308955687e+01, -1.986459198772228e+01, -1.245393598597340e+01
s716        , -1.775292931769286e+01, -1.785643309859050e+01, -9.564425601972811e+00
s717        , -1.980553907801730e+01, -2.061284253032399e+01, -1.353058272163906e+01
s718        , -2.205506805307129e+01, -2.242857776639242e+01, -1.614321753236553e+01
s719        , -2.211926724507942e+01, -2.198438317887395e+01, -1.550407245271180e+01
s720        , -2.227273745316376e+01, -2.178706594604994e+01, -1.522015557926474e+01
s721        , -1.785735939085095e+01, -1.886905677178033e+01, -1.102147495927335e+01
s722        , -2.185625504194673e+01, -2.112012227700702e+01, -1.426050011192462e+01
s723        , -2.033801839240394e+01, -2.069593221588593e+01, -1.365013925201817e+01
s724        , -2.101306363073858e+01, -2.067963912309293e+01, -1.362669535967098e+01
s725        , -1.977835943733275e+01, -1.844389986062664e+01, -1.040972291302997e+01
s726        , -1.782642809085736e+01, -1.757458884492395e+01, -9.158884037484112e+00
s727        , -2.098840179836340e+01, -2.154868017396704e+01, -1.487714578678295e+01
s728        , -2.135488943619893e+01, -2.053248674056424e+01, -1.341495995384814e+01
s729        , -1.830313789299144e+01, -1.842302694943597e+01, -1.037968918713499e+01
s730        , -1.974102380594271e+01, -2.033675734749701e+01, -1.313332779974782e+01
s731        , -1.858542568590836e+01, -1.800188523720203e+01, -9.773714551750492e+00
s732        , -1.728575125425960e+01, -1.835879267858143e+01, -1.028726343653955e+01
s733        , -2.189672381410002e+01, -2.131388933087990e+01, -1.453930868492800e+01
s734        , -1.907291800543370e+01, -1.947417347515571e+01, -1.189216851215817e+01
s735        , -2.104653345651221e+01, -2.091692286829949e+01, -1.396811946183720e+01
s736        , -1.839280423093862e+01, -1.747462974497518e+01, -9.015054354065873e+00
s737        , -2.165426899727042e+01, -2.053365826320924e+01, -1.341664564060637e+01
s738        , -1.806822955624155e+01, -1.802181145567603e+01, -9.802386095374903e+00
s739        , -1.955458939471557e+01, -1.950036944162126e+01, -1.192986150424698e+01
s740        , -1.834079412742093e+01, -1.912936240101800e+01, -1.139602491284862e+01
s741        , -2.108323768665554e+01, -2.140635521889403e+01, -1.467235649555128e+01
s742        , -1.784982580383593e+01, -1.829629887458105e+01, -1.019734201818362e+01
s743        , -2.007117762213282e+01, -2.073636510460542e+01, -1.370831754281100e+01
s744        , -2.048858578542649e+01, -2.144740482871497e+01, -1.473142217729524e+01
s745        , -2.120349313282904e+01, -2.100113343656659e+01, -1.408928881390753e+01
s746        , -1.892251493836264e+01, -1.909940549119734e+01, -1.135292035450522e+01
s747        , -2.116880416688591e+01, -2.095173503906647e+01, -1.401821018397337e+01
s748        , -2.167842994358758e+01, -2.191868988487064e+01, -1.540954733509832e+01
s749        , -2.059667445248301e+01, -1.967457273214872e+01, -1.218052006499653e+01
s750        , -2.032384862658092e+01, -2.052847129872038e+01, -1.340918219344932e+01
s751        , -2.236553637276776e+01, -2.157427518278602e+01, -1.491397406972476e+01
s752        , -1.716732359631470e+01, -1.766525036958046e+01, -9.289335576125842e+00
s753        , -2.206691124025960e+01, -2.217647288671628e+01, -1.578046751710336e+01
s754        , -1.859855862913608e+01, -1.939879361103277e+01, -1.178370553081411e+01
s755        , -2.251644582892857e+01, -2.125200455674444e+01, -1.445026359071574e+01
s756        , -2.026279534630465e+01, -2.097548277669424e+01, -1.405238045548093e+01
s757        , -1.901185247831666e+01, -2.011274019853967e+01, -1.281099280842335e+01
s758        , -1.866312886885699e+01, -1.945049456884814e+01, -1.185809728102811e+01
s759        , -2.105033567951521e+01, -2.137188523651307e+01, -1.462275814326694e+01
s760        , -1.976737462921502e+01, -1.961067081381745e+01, -1.208857253157420e+01
s761        , -2.282845273202710e+01, -2.279457608565993e+01, -1.666984714806664e+01
s762        , -1.737428124739802e+01, -1.662344867530183e+01, -7.790302392058913e+00
s763        , -2.048674857080450e+01, -2.093745193868724e+01, -1.399765844024190e+01
s764        , -1.996103637141938e+01, -1.787695814474660e+01, -9.593958789969596e+00
s765        , -1.985538741097363e+01, -2.068954921946249e+01, -1.364095485204546e+01
s766        , -1.902823974868692e+01, -1.902341493602690e+01, -1.124357865876625e+01
s767        , -2.019726225103009e+01, -1.988513372892086e+01, -1.248349319622205e+01
s768        , -2.180287541987858e+01, -2.083131450441656e+01, -1.384493884214830e+01
s769        , -2.332774774981945e+01, -2.420263223989700e+01, -1.869587850491958e+01
s770        , -2.255011500408412e+01, -2.339628126642610e+01, -1.753563191108532e+01
s771        , -1.837836194936116e+01, -1.790065838370888e+01, -9.628060716343763e+00
s772        , -2.036442085092615e+01, -2.091885446345289e+01, -1.397089880578435e+01
s773        , -2.207703951964118e+01, -2.154201664173245e+01, -1.486755772794449e+01
s774        , -2.410464814655394e+01, -2.345956343069030e+01, -1.762668768946672e+01
s775        , -2.145476048405246e+01, -2.048930794286193e+01, -1.335283061487764e+01
s776        , -1.783304251394927e+01, -1.815315416670371e+01, -9.991373196660174e+00
s777        , -1.926023008452307e+01, -1.980627225720972e+01, -1.237002058076310e+01
s778        , -1.976550707196644e+01, -2.025141019682367e+01, -1.301052303591655e+01
s779        , -2.301809423461469e+01, -2.230339509042595e+01, -1.596309401521771e+01
s780        , -1.989864127452180e+01, -2.103742675193722e+01, -1.414151073329887e+01
s781        , -1.803783397921168e+01, -1.776679292717335e+01, -9.435443673533159e+00
s782        , -2.003060740563550e+01, -2.043699183833508e+01, -1.327755373907915e+01
s783        , -2.170310297580588e+01, -1.969647453648755e+01, -1.221203425015782e+01
s784        , -1.828106793020000e+01, -1.943472721068557e+01, -1.183540986053285e+01
s785        , -1.904288077315707e+01, -1.973756783693092e+01, -1.227116279769785e+01
s786        , -2.022975758111321e+01, -1.995075169346750e+01, -1.257790992338473e+01
s787        , -1.858814151939532e+01, -2.016563149886066e+01, -1.288709732501709e+01
s788        , -1.926046054059691e+01, -1.955449819942036e+01, -1.200774658026364e+01
s789        , -2.212378523930028e+01, -2.224017158875355e+01, -1.587212264557959e+01
s790        , -2.174169856486492e+01, -2.159527294463249e+01, -1.494418744139793e+01
s791        , -1.907773631846257e+01, -1.971884718331033e+01, -1.224422592366626e+01
s792        , -2.217884458062024e+01, -2.121373058461339e+01, -1.439519173335019e+01
s793        , -2.046845693654859e+01, -1.930806157988791e+01, -1.165315254142000e+01
s794        , -1.973890233992908e+01, -1.910753546373895e+01, -1.136461845280201e+01
s795        , -2.098054198937622e+01, -2.113501621918408e+01, -1.428193078696345e+01
s796        , -1.872193723420701e+01, -1.920230909412724e+01, -1.150098684009371e+01
s797        , -1.738396768625594e+01, -1.829870068462119e+01, -1.020079794743750e+01
s798        , -1.812351947027918e+01, -1.895351026687791e+01, -1.114299385519853e+01
s799        , -2.115781411801412e+01, -1.882501799124189e+01, -1.095810820360814e+01
s800        , -2.197753832223543e+01, -2.242090229618222e+01, -1.613217341080997e+01
s801        , -2.000340332694237e+01, -2.066530167698980e+01, -1.360606541867416e+01
s802        , -2.346278750692302e+01, -2.326027123276143e+01, -1.733992906768518e+01
s803        , -2.201425716118592e+01, -2.111356414550350e+01, -1.425106371265281e+01
s804        , -1.618324989548500e+01, -1.638948275991668e+01, -7.453652266580113e+00
s805        , -2.141738653455062e+01, -1.944003495330906e+01, -1.184304709357709e+01
s806        , -2.157933013723432e+01, -2.152116281766928e+01, -1.483755146623743e+01
s807        , -1.912040169626662e+01, -2.053955215559569e+01, -1.342512627595100e+01
s808        , -2.304047586711122e+01, -2.205126081928447e+01, -1.560030170900696e+01
s809        , -2.047218776779852e+01, -2.123999370365068e+01, -1.443298135028995e+01
s810        , -2.119146876442327e+01, -2.163779223639562e+01, -1.500536782694154e+01
s811        , -2.180116494254657e+01, -2.140645028010177e+01, -1.467249327772941e+01
s812        , -2.372646511684069e+01, -2.318761422909650e+01, -1.723538397033437e+01
s813        , -2.269928091374550e+01, -2.109096017991791e+01, -1.421853919796792e+01
s814        , -1.832573741415099e+01, -1.918120805663113e+01, -1.147062486660239e+01
s815        , -2.057906464758977e+01, -2.022556333503871e+01, -1.297333236543441e+01
s816        , -1.808215553271357e+01, -1.832110721366297e+01, -1.023303837357411e+01
s817        , -2.152086258044021e+01, -2.134969284671572e+01, -1.459082583894964e+01
s818        , -2.057353864229959e+01, -2.136315247130683e+01, -1.461019269544254e+01
s819        , -2.244567325669163e+01, -2.261013816585061e+01, -1.640446212929310e+01
s820        , -2.103220827040201e+01, -2.194354117947956e+01, -1.544530549856684e+01
s821        , -2.251724700203312e+01, -2.242406783463986e+01, -1.613672825768678e+01
s822        , -1.967652212859418e+01, -2.077119760463046e+01, -1.375843751641855e+01
s823        , -1.898228811729100e+01, -1.903317065998878e+01, -1.125761602694657e+01
s824        , -2.375965705343503e+01, -2.354786933601304e+01, -1.775374976198479e+01
s825        , -2.074394606294202e+01, -2.083145127580480e+01, -1.384513564049363e+01
s826        , -2.229590893513048e+01, -2.230291038566651e+01, -1.596239658064560e+01
s827        , -2.030439908572953e+01, -1.825342955849785e+01, -1.013565798777755e+01
s828        , -2.126632247755481e+01, -2.127123194784103e+01, -1.447792960187228e+01
s829        , -1.836528680868646e+01, -1.773922462387608e+01, -9.395776046096968e+00
s830        , -2.038358031572328e+01, -2.076937613016112e+01, -1.375581662350921e+01
s831        , -2.014217587228185e+01, -1.924031734076263e+01, -1.155567634893936e+01
s832        , -1.638297894992474e+01, -1.688988407258076e+01, -8.173672379000354e+00
s833        , -2.087813803835245e+01, -2.122618240417790e+01, -1.441310847396572e+01
s834        , -2.163260872857058e+01, -2.050437935819534e+01, -1.337451665343921e+01
s835        , -1.845033213930005e+01, -1.751149714989122e+01, -9.068102322487391e+00
s836        , -2.085703068105029e+01, -2.088624769815609e+01, -1.392398140924582e+01
s837        , -1.604298594536770e+01, -1.741663536037204e+01, -8.931607084314756e+00
s838        , -1.819387371328009e+01, -1.728136123641270e+01, -8.736963130600467e+00
s839        , -2.199016371973259e+01, -2.086291712398088e+01, -1.389041138811412e+01
s840        , -1.816847175772266e+01, -1.863559052053333e+01, -1.068554379319736e+01
s841        , -2.076446728280485e+01, -2.150436172256202e+01, -1.481337661680806e+01
s842        , -1.719569444321167e+01, -1.760308437268983e+01, -9.199885834614157e+00
s843        , -1.999816334280537e+01, -2.028027368476309e+01, -1.305205428554565e+01
s844        , -1.581596700213373e+01, -1.542057034958658e+01, -6.059498404558614e+00
s845        , -2.003183538643507e+01, -2.074909477353351e+01, -1.372663407680225e+01
s846        , -2.166933569232110e+01, -2.061561951822052e+01, -1.353457848881003e+01
s847        , -2.001719781047365e+01, -2.039211993491537e+01, -1.321298821511448e+01
s848        , -1.670780899311153e+01, -1.782481316380819e+01, -9.518928141393683e+00
s849        , -2.103364362191806e+01, -2.096916127172333e+01, -1.404328453465773e+01
s850        , -1.674889176362534e+01, -1.597630190771581e+01, -6.859132395983222e+00
s851        , -1.887785873496733e+01, -1.997724585488391e+01, -1.261603198381653e+01
s852        , -1.916613881673827e+01, -1.952551914099512e+01, -1.196604903795687e+01
s853        , -2.151831650372089e+01, -2.092061929096354e+01, -1.397343819021533e+01
s854        , -2.092228526657664e+01, -2.137565165455378e+01, -1.462817758696634e+01
s855        , -1.984690981488844e+01, -2.014945243555292e+01, -1.286381750802446e+01
s856        , -1.857995804240183e+01, -1.843489702294550e+01, -1.039676886188098e+01
s857        , -2.294003947989728e+01, -2.264283612126219e+01, -1.645151073795085e+01
s858        , -2.107902559750898e+01, -2.079348748608207e+01, -1.379051010004784e+01
s859        , -1.829183386036745e+01, -1.849626890914971e+01, -1.048507596916840e+01
s860        , -2.148418071954308e+01, -2.036275540637357e+01, -1.317073602550836e+01
s861        , -2.060440939951398e+01, -2.076798180862185e+01, -1.375381035468848e+01
s862        , -1.983634035476443e+01, -1.980754681768649e+01, -1.237185452714683e+01
s863        , -2.017821382918477e+01, -2.043497909206005e+01, -1.327465762797284e+01
s864        , -2.145828954671971e+01, -2.100324525147363e+01, -1.409232747341600e+01
s865        , -2.179521899962700e+01, -2.123902613295495e+01, -1.443158912700141e+01
s866        , -2.240641608733365e+01, -2.186270176534541e+01, -1.532898685075398e+01
s867        , -1.970162478711471e+01, -1.970189106267625e+01, -1.221982801027917e+01
s868        , -1.579821539399930e+01, -1.555467407743080e+01, -6.252458292461998e+00
s869        , -1.927595790821999e+01, -1.996517227787250e+01, -1.259865949086524e+01
s870        , -1.834436146157947e+01, -1.938372459682156e+01, -1.176202294719207e+01
s871        , -1.954632707936713e+01, -1.973760204161106e+01, -1.227121201431063e+01
s872        , -2.222687656829416e+01, -2.135280508803645e+01, -1.459530399735755e+01
s873        , -2.174135075548704e+01, -2.199913088093098e+01, -1.552529270498594e+01
s874        , -2.306987923711809e+01, -2.314694462230310e+01, -1.717686506937551e+01
s875        , -2.178123430913379e+01, -2.183498616195178e+01, -1.528910727536871e+01
s876        , -2.287277527114560e+01, -2.242333477686628e+01, -1.613567347160372e+01
s877        , -2.189016288213647e+01, -2.125535082180972e+01, -1.445507848245865e+01
s878        , -1.876974537203656e+01, -1.890028389816459e+01, -1.106640721360748e+01
s879        , -1.761744622782913e+01, -1.778150628270354e+01, -9.456614505093386e+00
s880        , -1.792977215528789e+01, -1.897486593606269e+01, -1.117372221449352e+01
s881        , -2.116921283478955e+01, -1.848178377380384e+01, -1.046423352028547e+01
s882        , -1.809005639564229e+01, -1.856949441121000e+01, -1.059043907052556e+01
s883        , -1.958200153707774e+01, -2.074576828993283e+01, -1.372184764831874e+01
s884        , -1.866641101726497e+01, -1.956512326436187e+01, -1.202303483043414e+01
s885        , -1.949202935470739e+01, -2.061002805344663e+01, -1.352653301212321e+01
s886        , -1.753621319174707e+01, -1.716648144107914e+01, -8.571664277345040e+00
s887        , -2.072504645987743e+01, -2.073166503551548e+01, -1.370155468230509e+01
s888        , -2.163711888094086e+01, -2.107855588591573e+01, -1.420069084118725e+01
s889        , -1.784767272504274e+01, -1.778082816300165e+01, -9.455638768596231e+00
s890        , -2.036577167825686e+01, -2.102472265821794e+01, -1.412323099910062e+01
s891        , -1.925489904031788e+01, -1.861355907931145e+01, -1.065384307542566e+01
s892        , -1.797999052112338e+01, -1.862010638718214e+01, -1.066326390073086e+01
s893        , -2.224398236502422e+01, -2.292708568558286e+01, -1.686051326867556e+01
s894        , -2.015695897880840e+01, -2.055558860995792e+01, -1.344820089502273e+01
s895        , -1.853378696029952e+01, -1.851852074735810e+01, -1.051709381293277e+01
s896        , -2.478440805107692e+01, -2.372774158423490e+01, -1.801256530284833e+01
s897        , -2.202247365131235e+01, -2.188575762467265e+01, -1.536216158871853e+01
s898        , -2.008627742560493e+01, -1.997053083557485e+01, -1.260636984098146e+01
s899        , -1.802005794967191e+01, -1.837091828831760e+01, -1.030471079861564e+01
s900        , -1.770516073583232e+01, -1.821959318927950e+01, -1.008697133218350e+01
s901        , -2.425916197575684e+01, -2.367161461331987e+01, -1.793180502727492e+01
s902        , -1.641892815066793e+01, -1.627740946470616e+01, -7.292391645205687e+00
s903        , -2.332207101034287e+01, -2.271240624877797e+01, -1.655161417446728e+01
s904        , -2.132463334662818e+01, -1.904451649263791e+01, -1.127394137920441e+01
s905        , -2.166343218809494e+01, -2.193092625288893e+01, -1.542715406564272e+01
s906        , -1.790842270146736e+01, -1.790253577188344e+01, -9.630762062663793e+00
s907        , -1.911599503394165e+01, -1.957390839676577e+01, -1.203567562865150e+01
s908        , -2.062377494321661e+01, -2.044211663267947e+01, -1.328492773052681e+01
s909        , -2.034650826700463e+01, -1.907769427993085e+01, -1.132168041092144e+01
s910        , -1.701866755175476e+01, -1.651226633839991e+01, -7.630323757532425e+00
s911        , -1.800428066961873e+01, -1.893956096685044e+01, -1.112292241189936e+01
s912        , -2.018815932170212e+01, -2.085721100093102e+01, -1.388220093131501e+01
s913        , -1.735412329082851e+01, -1.770918755820041e+01, -9.352556152668983e+00
s914        , -2.004618788210774e+01, -2.061259611903679e+01, -1.353022816405055e+01
s915        , -1.937730144245923e+01, -1.941171859172930e+01, -1.180230309604551e+01
s916        , -2.191302790761547e+01, -2.109250524563929e+01, -1.422076237038225e+01
s917        , -1.792924589211810e+01, -1.745594621011955e+01, -8.988170889680992e+00
s918        , -2.621730238337609e+01, -2.554723316294075e+01, -2.063060505992413e+01
s919        , -1.919355775511356e+01, -1.944674253021082e+01, -1.185269852764142e+01
s920        , -1.675861595936722e+01, -1.641532606368428e+01, -7.490837817483234e+00
s921        , -2.192756432754418e+01, -2.191528444443462e+01, -1.540464729678200e+01
s922        , -2.290193110331377e+01, -2.291870733673439e+01, -1.684845778535228e+01
s923        , -1.925371616601646e+01, -1.934943587857358e+01, -1.171268541321117e+01
s924        , -1.798705044323696e+01, -1.688846234752613e+01, -8.171626679663133e+00
s925        , -2.338449219749342e+01, -2.331717750232370e+01, -1.742181066465684e+01
s926        , -1.762302148317026e+01, -1.852896414153591e+01, -1.053212065970486e+01
s927        , -1.720744831710588e+01, -1.717220212330113e+01, -8.579895683123475e+00
s928        , -1.827654667645005e+01, -1.913302913720703e+01, -1.140130092579308e+01
s929        , -2.066098735264480e+01, -2.096011283753653e+01, -1.403026487536522e+01
s930        , -1.982419875205301e+01, -1.973300045743907e+01, -1.226459086230928e+01
s931        , -2.184683786579889e+01, -2.245707246770154e+01, -1.618421814031907e+01
s932        , -2.007807490293144e+01, -2.115229541970713e+01, -1.430679357526611e+01
s933        , -2.186904116931162e+01, -2.237438470638621e+01, -1.606523993284581e+01
s934        , -1.595875499840616e+01, -1.635453796174034e+01, -7.403370708809055e+00
s935        , -1.706347068237267e+01, -1.578106895147823e+01, -6.578214557558827e+00
s936        , -1.818003510858343e+01, -1.773401105677448e+01, -9.388274320830472e+00
s937        , -2.175658784400171e+01, -2.127090688988273e+01, -1.447746188074175e+01
s938        , -2.010166135357230e+01, -2.034455049410565e+01, -1.314454124414785e+01
s939        , -1.813809060682595e+01, -1.810946397077976e+01, -9.928508014286152e+00
s940        , -2.094308051046411e+01, -2.121520540864138e+01, -1.439731383602171e+01
s941        , -1.827480816862776e+01, -1.897027915615861e+01, -1.116712236413622e+01
s942        , -1.770857434290158e+01, -1.867175117525809e+01, -1.073757482913031e+01
s943        , -1.938132201948424e+01, -2.011268336269397e+01, -1.281091102815825e+01
s944        , -1.770272330222015e+01, -1.855173008049356e+01, -1.056487823550011e+01
s945        , -1.924477319915050e+01, -1.877833243094933e+01, -1.089093303535910e+01
s946        , -2.185513295241253e+01, -2.169250092653851e+01, -1.508408735910530e+01
s947        , -2.017292248813791e+01, -1.977865977119063e+01, -1.233028937945624e+01
s948        , -1.792501053388721e+01, -1.873260111940931e+01, -1.082513092164986e+01
s949        , -2.005207290213696e+01, -1.928609352659186e+01, -1.162154303160543e+01
s950        , -2.257823345395823e+01, -2.192199377555745e+01, -1.541430125496929e+01
s951        , -1.571913272603913e+01, -1.674551288111615e+01, -7.965938788224630e+00
s952        , -2.233989362366768e+01, -2.299264805584100e+01, -1.695485000203160e+01
s953        , -2.342860552534396e+01, -2.337776076257364e+01, -1.750898302962070e+01
s954        , -2.204077204416149e+01, -2.193084464450444e+01, -1.542703664053474e+01
s955        , -1.756302978982562e+01, -1.836432031066646e+01, -1.029521706530621e+01
s956        , -2.291971088639473e+01, -2.250081122966249e+01, -1.624715320365170e+01
s957        , -1.872997367448807e+01, -1.805867669983551e+01, -9.855430954715484e+00
s958        , -2.138547156076431e+01, -2.193127028241383e+01, -1.542764908468230e+01
s959        , -1.926386090665138e+01, -1.919370550145000e+01, -1.148860725672751e+01
s960        , -1.680470785163838e+01, -1.827509315303720e+01, -1.016682941635077e+01
s961        , -2.001579976967623e+01, -1.861347641889927e+01, -1.065372413657045e+01
s962        , -1.871905926332032e+01, -1.799703673523037e+01, -9.766738113347255e+00
s963        , -1.918665598310528e+01, -2.073567902644550e+01, -1.370733035500527e+01
s964        , -1.746488927974545e+01, -1.821895824977445e+01, -1.008605772703852e+01
s965        , -1.971186761143078e+01, -1.733359303000025e+01, -8.812118692624473e+00
s966        , -1.765956881606673e+01, -1.752211114694575e+01, -9.083374647237598e+00
s967        , -2.223688117086612e+01, -2.075604629478007e+01, -1.373663651880783e+01
s968        , -1.998239594820018e+01, -2.061675820553786e+01, -1.353621692929668e+01
s969        , -2.101894011109180e+01, -2.147241348551252e+01, -1.476740676690990e+01
s970        , -1.986554229461376e+01, -1.989120529474670e+01, -1.249222948327376e+01
s971        , -1.914500631305469e+01, -1.902455034297913e+01, -1.124521237918365e+01
s972        , -1.930540895911451e+01, -2.002396367131139e+01, -1.268325356494519e+01
s973        , -2.013055280326089e+01, -2.067881196970908e+01, -1.362550518079384e+01
s974        , -1.991254970003848e+01, -1.981496679086217e+01, -1.238253101776526e+01
s975        , -2.002907222040815e+01, -1.998729872841303e+01, -1.263049691615262e+01
s976        , -2.147573630129902e+01, -2.139021031747707e+01, -1.464912583360245e+01
s977        , -1.918950409415471e+01, -1.913032099133896e+01, -1.139740421440757e+01
s978        , -1.698999961978807e+01, -1.864847053259872e+01, -1.070407665372469e+01
s979        , -2.115978794608996e+01, -2.096555724198487e+01, -1.403809874910565e+01
s980        , -1.730989298326385e+01, -1.723038616752788e+01, -8.663615851326410e+00
s981        , -2.142850865946883e+01, -2.137074517030375e+01, -1.462111771871283e+01
s982        , -2.110948756566415e+01, -2.123014246905453e+01, -1.441880655325828e+01
s983        , -1.831465175322002e+01, -1.883492888344916e+01, -1.097236884110181e+01
s984        , -2.150201864035685e+01, -2.171127972286033e+01, -1.511110789381727e+01
s985        , -1.659952594735737e+01, -1.543867736721698e+01, -6.085552326760430e+00
s986        , -2.105203087443673e+01, -2.165032498397338e+01, -1.502340101368887e+01
s987        , -2.066592788190784e+01, -2.054663835060116e+01, -1.343532249805384e+01
s988        , -2.133344594608628e+01, -2.166080851083494e+01, -1.503848560679121e+01
s989        , -2.008246059204520e+01, -1.928232167442265e+01, -1.161611576881819e+01
s990        , -2.181814335912880e+01, -2.165172932054421e+01, -1.502542169299168e+01
s991        , -1.674874949890157e+01, -1.703049089342213e+01, -8.375989472075641e+00
s992        , -1.990187356431624e+01, -2.029311816434520e+01, -1.307053601890373e+01
s993        , -2.167451347953028e+01, -2.151943260790344e+01, -1.483506189277194e+01
s994        , -2.085856003252748e+01, -1.957226380299945e+01, -1.203330924679250e+01
s995        , -1.532250426373563e+01, -1.584048596035302e+01, -6.663708820517369e+00
s996        , -2.197589637081217e+01, -2.018241189878550e+01, -1.291124239645188e+01
s997        , -1.843774602570321e+01, -1.787730609720643e+01, -9.594459453662715e+00
s998        , -2.004154224207673e+01, -1.973775729642160e+01, -1.227143540818134e+01
s999        , -1.918982967461324e+01, -1.884136324269629e+01, -1.098162714628852e+01
s1000       , -2.386287011937712e+01, -2.364461458024456e+01, -1.789295507552972e+01
s1001       , -2.142986106465667e+01, -2.152577458462055e+01, -1.484418727009061e+01
s1002       , -1.703565403983971e+01, -1.846155285647487e+01, -1.043512354994582e+01
s1003       , -2.272857267296788e+01, -2.262209700563162e+01, -1.642166952852572e+01
s1004       , -1.957549960274314e+01, -1.887816597228899e+01, -1.103458205433549e+01
s1005       , -2.033955634118916e+01, -2.067592817150951e+01, -1.362135572584378e+01
s1006       , -2.103463075725037e+01, -2.208802541912412e+01, -1.565320175271129e+01
s1007       , -1.845815321471510e+01, -2.015088125991105e+01, -1.286587342244540e+01
s1008       , -2.105860584214290e+01, -2.012497549880555e+01, -1.282859800259448e+01
s1009       , -2.225664818829298e+01, -2.081568183963605e+01, -1.382244522998576e+01
s1010       , -2.029000137617794e+01, -2.079363991046458e+01, -1.379072942125714e+01
s1011       , -2.150175758271834e+01, -2.034316674935156e+01, -1.314255019410824e+01
s1012       , -1.789395613621291e+01, -1.801444807969137e+01, -9.791791041624862e+00
s1013       , -1.907481979836395e+01, -1.851931077884190e+01, -1.051823057765217e+01
s1014       , -1.701362802016618e+01, -1.711700582173687e+01, -8.500474534034359e+00
s1015       , -1.771043360260808e+01, -1.748092101922961e+01, -9.024106776354353e+00
s1016       , -2.325177194237830e+01, -2.263463251887458e+01, -1.643970669474814e+01
s1017       , -2.061131053204120e+01, -2.092525458393262e+01, -1.398010784531061e+01
s1018       , -1.637685178145171e+01, -1.635297705359782e+01, -7.401124740967219e+00
s1019       , -2.229355013298489e+01, -2.197031195173070e+01, -1.548382557027332e+01
s1020       , -1.626620443538163e+01, -1.762366188025290e+01, -9.229494508560299e+00
s1021       , -2.225684084822025e+01, -2.199665017643210e+01, -1.552172325565206e+01
s1022       , -1.619907626993357e+01, -1.682624907450845e+01, -8.082108913225344e+00
s1023       , -2.164326276096592e+01, -2.190683120533621e+01, -1.539248405497604e+01
s1024       , -1.814482992541786e+01, -1.867478663860425e+01, -1.074194251283622e+01
s1025       , -1.966276460675046e+01, -2.019745819630580e+01, -1.293289229336042e+01
s1026       , -1.787958226759213e+01, -1.856952044208195e+01, -1.059047652596557e+01
s1027       , -2.228548280106830e+01, -2.245677542704922e+01, -1.618379073287936e+01
s1028       , -1.939576101741603e+01, -2.009527676291177e+01, -1.278586492692938e+01
s1029       , -2.072177297910414e+01, -2.052731495652034e+01, -1.340751834961078e+01
s1030       , -2.116639743005703e+01, -2.162000209512825e+01, -1.497976985349278e+01
s1031       , -1.871817432191781e+01, -1.942713671153623e+01, -1.182448800259100e+01
s1032       , -1.793076662035363e+01, -1.892025398420797e+01, -1.109514187763434e+01
s1033       , -2.190726556241366e+01, -2.095270985629507e+01, -1.401961283419183e+01
s1034       , -1.655942363042545e+01, -1.783255291321299e+01, -9.530064753339964e+00
s1035       , -1.920990065585595e+01, -1.913367988767292e+01, -1.140223728109780e+01
s1036       , -1.624542641970273e+01, -1.645605896921659e+01, -7.549447798069482e+00
s1037       , -1.865413258865576e+01, -1.979094032360758e+01, -1.234795968628411e+01
s1038       , -2.303917859954092e+01, -2.286541907784171e+01, -1.677178209088954e+01
s1039       , -2.268866240524940e+01, -2.293957981111797e+01, -1.687849088273195e+01
s1040       , -2.002650999928207e+01, -1.994482331553458e+01, -1.256937966729288e+01
s1041       , -2.439240447433291e+01, -2.393592786484484e+01, -1.831212148980372e+01
