# c0 + a0 * (VPA - E_T)
# Property Label: $ln_{D}$; Unit of the Property: Unitless
# RMSE: 0.650960994883984; Max AE: 2.60945202697696
# Coefficients
# Task   a0                      c0
# all ,  7.486591496473450e-01, -1.051654303495703e+01, 
# Feature Rung, Units, and Expressions
# 0;  1; Unitless;                                         4|0|sub; (VPA - E_T); $\left(VPA - E_{T}\right)$; (VPA - E_T); (newdata$VPA - newdata$E_T); VPA,E_T
# Number of Samples Per Task
# Task, n_samples               
# all , 1041                  

# Sample ID , Property Value        ,  Property Value (EST) ,  Feature 0 Value      
s1          , -2.244947812336508e+01, -2.231013393196084e+01, -1.575295099586931e+01
s2          , -2.298888400764099e+01, -2.345766889298219e+01, -1.728573792776200e+01
s3          , -1.755271246623431e+01, -1.789791730846589e+01, -9.859459110311876e+00
s4          , -1.917258847351942e+01, -1.954673213694753e+01, -1.206181625676272e+01
s5          , -2.000094091703784e+01, -2.077525386051071e+01, -1.370277893536203e+01
s6          , -2.179532463031582e+01, -2.164614467997561e+01, -1.486604638474153e+01
s7          , -2.156980503382011e+01, -2.085568679139185e+01, -1.381021491730258e+01
s8          , -2.070680399014268e+01, -2.161666270210207e+01, -1.482666667785165e+01
s9          , -2.311678210871720e+01, -2.263514938524111e+01, -1.618708107152974e+01
s10         , -1.955558688693647e+01, -1.877343538290213e+01, -1.102890728288635e+01
s11         , -1.929232032084748e+01, -2.038110815559252e+01, -1.317631010758659e+01
s12         , -1.972420304545977e+01, -1.878019746680025e+01, -1.103793954262873e+01
s13         , -1.649771434553038e+01, -1.715577330706360e+01, -8.868161532833700e+00
s14         , -1.814284237715737e+01, -1.889239861190819e+01, -1.118780900613664e+01
s15         , -2.140988745272463e+01, -2.100015024814408e+01, -1.400317783884074e+01
s16         , -2.271802967642396e+01, -2.227760942079123e+01, -1.570950731233866e+01
s17         , -1.845283706311921e+01, -1.894390991968931e+01, -1.125661375901434e+01
s18         , -2.106370881996578e+01, -2.157478525541981e+01, -1.477073007879721e+01
s19         , -2.166440903696862e+01, -2.234399664914500e+01, -1.579818214972632e+01
s20         , -1.957524373940041e+01, -1.975994258206227e+01, -1.234660599748142e+01
s21         , -2.230012329283520e+01, -2.192293315366848e+01, -1.523575865476889e+01
s22         , -1.709175230426198e+01, -1.680986592415663e+01, -8.406125661008833e+00
s23         , -2.271630669020732e+01, -2.360758651325965e+01, -1.748598609189394e+01
s24         , -1.997593461761007e+01, -2.048017413763723e+01, -1.330863465353166e+01
s25         , -2.228124530569044e+01, -2.187424418090342e+01, -1.517072375499108e+01
s26         , -1.806502239865187e+01, -1.777231012113616e+01, -9.691682910169408e+00
s27         , -2.017409009594002e+01, -2.035172783988757e+01, -1.313706619302441e+01
s28         , -1.658938425028538e+01, -1.757097200115768e+01, -9.422751287449890e+00
s29         , -2.262132344831001e+01, -2.263498825579108e+01, -1.618686584748538e+01
s30         , -1.697997334312175e+01, -1.760483926547894e+01, -9.467988515014943e+00
s31         , -1.964904728113367e+01, -1.845551417301759e+01, -1.060425313949640e+01
s32         , -2.151059652715050e+01, -2.174967125338581e+01, -1.500432903774719e+01
s33         , -2.289264810431292e+01, -2.324574956433180e+01, -1.700267275885274e+01
s34         , -2.302504917991390e+01, -2.153551660427615e+01, -1.471827810360642e+01
s35         , -2.244061385591441e+01, -2.196315483723346e+01, -1.528948361569928e+01
s36         , -2.239655424600443e+01, -2.242501941674459e+01, -1.590640598915680e+01
s37         , -2.226102540809307e+01, -2.259481539696243e+01, -1.613320610279706e+01
s38         , -2.102436377352775e+01, -1.994633490493342e+01, -1.259557420011268e+01
s39         , -2.141661104833067e+01, -1.988497043849738e+01, -1.251360837298702e+01
s40         , -1.990275935468409e+01, -1.842521404494264e+01, -1.056378061192598e+01
s41         , -1.952311408648237e+01, -1.847633870048582e+01, -1.063206890515963e+01
s42         , -1.862175379272403e+01, -1.984417331493173e+01, -1.245911478456982e+01
s43         , -2.257821044890805e+01, -2.174616312866714e+01, -1.499964316070914e+01
s44         , -1.984867902879579e+01, -1.875566357206975e+01, -1.100516909596811e+01
s45         , -1.928264199244582e+01, -1.909734070048383e+01, -1.146155452660770e+01
s46         , -2.007096062658339e+01, -2.064425553818206e+01, -1.352780168117317e+01
s47         , -1.842882744186564e+01, -1.961738685885999e+01, -1.215619127635039e+01
s48         , -1.712958329507449e+01, -1.724936248070113e+01, -8.993170588933012e+00
s49         , -2.142142340445580e+01, -2.240682717932855e+01, -1.588210622948031e+01
s50         , -2.022197746600499e+01, -2.073333353977431e+01, -1.364678506851869e+01
s51         , -2.208446385448407e+01, -2.225645428628432e+01, -1.568124994779982e+01
s52         , -2.030062191637932e+01, -2.118685687757595e+01, -1.425256586745138e+01
s53         , -1.881589086732163e+01, -1.851556027718707e+01, -1.068445800201330e+01
s54         , -2.389190768082197e+01, -2.442499260400157e+01, -1.857781284793768e+01
s55         , -1.989931101552115e+01, -2.023025847899412e+01, -1.297481697593988e+01
s56         , -2.293632659980805e+01, -2.259379420552862e+01, -1.613184207561020e+01
s57         , -2.165250835772914e+01, -2.206999913808828e+01, -1.543219782804163e+01
s58         , -2.493828100106786e+01, -2.477961147784336e+01, -1.905148484407749e+01
s59         , -2.019609135900962e+01, -1.956838408412589e+01, -1.209073722458708e+01
s60         , -1.686951544328429e+01, -1.764458707682308e+01, -9.521080514709144e+00
s61         , -1.698686520707895e+01, -1.831726167041073e+01, -1.041958632193064e+01
s62         , -1.961666852236879e+01, -1.927327783240640e+01, -1.169655750761107e+01
s63         , -2.363642228074260e+01, -2.312863448803284e+01, -1.684623965260657e+01
s64         , -2.123215125329894e+01, -2.086772801036336e+01, -1.382629863040110e+01
s65         , -2.229595939650926e+01, -2.191637423948135e+01, -1.522699777314442e+01
s66         , -2.209517036440609e+01, -2.159316745108396e+01, -1.479528356975877e+01
s67         , -2.100952424313996e+01, -2.094420611540347e+01, -1.392845206708337e+01
s68         , -2.306714632630091e+01, -2.259879011104059e+01, -1.613851521319802e+01
s69         , -2.116954741071400e+01, -2.171092840025081e+01, -1.495257938217531e+01
s70         , -2.268552320802911e+01, -2.165241428040924e+01, -1.487442082381248e+01
s71         , -1.844586653395837e+01, -1.994809535196065e+01, -1.259792566676885e+01
s72         , -2.185924535832699e+01, -2.175112368046295e+01, -1.500626907558394e+01
s73         , -1.814705961150877e+01, -1.914850705239893e+01, -1.152989851457500e+01
s74         , -2.269683109870329e+01, -2.299426798230185e+01, -1.666676344398174e+01
s75         , -2.162544692540680e+01, -2.079125718363830e+01, -1.372415491551952e+01
s76         , -1.799713371423827e+01, -1.911268663076766e+01, -1.148205241311728e+01
s77         , -1.808839931225978e+01, -1.772467402111079e+01, -9.628054354974678e+00
s78         , -1.710463489071706e+01, -1.774029024355737e+01, -9.648913276493158e+00
s79         , -2.130172009097587e+01, -2.201783579211325e+01, -1.536252213383606e+01
s80         , -2.075517304342145e+01, -2.082541392742456e+01, -1.376977880698247e+01
s81         , -1.679587307458704e+01, -1.750268792989821e+01, -9.331542796520951e+00
s82         , -1.961963418382102e+01, -1.877052468042943e+01, -1.102501939548916e+01
s83         , -1.732943596118787e+01, -1.758286783034187e+01, -9.438640800307363e+00
s84         , -2.091958911511147e+01, -2.218203162945311e+01, -1.558184201714638e+01
s85         , -1.931803893900067e+01, -1.921527261451198e+01, -1.161907870043728e+01
s86         , -2.124992178205270e+01, -2.015094062460413e+01, -1.286887042546047e+01
s87         , -2.000999990609716e+01, -1.990727357684897e+01, -1.254339915075564e+01
s88         , -1.933594922663024e+01, -1.886071290686980e+01, -1.114548573385270e+01
s89         , -2.128477820873118e+01, -2.145860956905519e+01, -1.461555173572969e+01
s90         , -2.009844325702736e+01, -2.073205927428231e+01, -1.364508300491258e+01
s91         , -2.185233402642529e+01, -2.173389856548278e+01, -1.498326112198010e+01
s92         , -1.852873985612102e+01, -1.803918715539422e+01, -1.004815625906759e+01
s93         , -2.244477787769646e+01, -2.197842687828446e+01, -1.530988280678402e+01
s94         , -2.069748145715988e+01, -2.030523642807313e+01, -1.307496662229675e+01
s95         , -1.839144268754908e+01, -1.851102578031112e+01, -1.067840117778549e+01
s96         , -2.061908691885885e+01, -2.037045820851041e+01, -1.316208474603571e+01
s97         , -2.336181657728519e+01, -2.400347666648231e+01, -1.801478501649020e+01
s98         , -1.913590175727989e+01, -1.818673626982519e+01, -1.024524075940459e+01
s99         , -1.764848235022367e+01, -1.789248321434378e+01, -9.852200674848067e+00
s100        , -2.003395952271198e+01, -1.888572617352349e+01, -1.117889648781927e+01
s101        , -2.047737186068138e+01, -2.107114524317105e+01, -1.409800736848773e+01
s102        , -1.813404261594337e+01, -1.828461161599214e+01, -1.037597494760366e+01
s103        , -2.094885731266024e+01, -1.986708464070067e+01, -1.248971793124842e+01
s104        , -1.695125455205811e+01, -1.646526068209447e+01, -7.945829086493609e+00
s105        , -2.089913046364001e+01, -2.160473242884402e+01, -1.481073115730980e+01
s106        , -2.193421435204462e+01, -2.193530265666301e+01, -1.525228086384141e+01
s107        , -1.938858975045087e+01, -1.861259206164025e+01, -1.081406542683257e+01
s108        , -2.184761912256448e+01, -2.181440377970992e+01, -1.509079365432819e+01
s109        , -1.765266017099491e+01, -1.923991195324573e+01, -1.165198999090285e+01
s110        , -2.222643790681205e+01, -2.233876594754857e+01, -1.579119538999876e+01
s111        , -2.198367498730207e+01, -2.129771347250169e+01, -1.440063938659285e+01
s112        , -2.341727175416096e+01, -2.237665671058193e+01, -1.584180689064122e+01
s113        , -2.064750776227555e+01, -1.962366071372658e+01, -1.216457139815823e+01
s114        , -2.335281852671257e+01, -2.322918872220988e+01, -1.698055208867897e+01
s115        , -2.467653405274963e+01, -2.502522495581493e+01, -1.937955600715253e+01
s116        , -2.119630992652875e+01, -2.079347721188012e+01, -1.372712025460989e+01
s117        , -1.681518237222159e+01, -1.748911410671650e+01, -9.313411951278356e+00
s118        , -1.725426000439147e+01, -1.776940451268095e+01, -9.687801826960071e+00
s119        , -2.026224064054247e+01, -2.088613448776160e+01, -1.385088455499296e+01
s120        , -2.061376236446881e+01, -1.955846508730907e+01, -1.207748820890151e+01
s121        , -2.090204853596659e+01, -2.079621626573374e+01, -1.373077886728419e+01
s122        , -1.679179791839329e+01, -1.783553506474002e+01, -9.776133816344320e+00
s123        , -1.729435756680531e+01, -1.790311926863710e+01, -9.866407479504534e+00
s124        , -1.927065840811719e+01, -1.912028717223919e+01, -1.149220461853027e+01
s125        , -2.074667074869674e+01, -2.029073305322354e+01, -1.305559415505792e+01
s126        , -1.981090987888966e+01, -1.962380639272364e+01, -1.216476598470289e+01
s127        , -1.791042209268825e+01, -1.738148480699539e+01, -9.169649199201116e+00
s128        , -2.199486439730610e+01, -2.161226645884184e+01, -1.482079452192823e+01
s129        , -1.847106084369403e+01, -1.848279885579760e+01, -1.064069787244712e+01
s130        , -2.183307419908922e+01, -2.023722153535245e+01, -1.298411767888543e+01
s131        , -1.937195493711046e+01, -1.912757739163830e+01, -1.150194232012991e+01
s132        , -1.756898825137140e+01, -1.820127805287815e+01, -1.026466452930016e+01
s133        , -1.952720456066259e+01, -1.971991948779148e+01, -1.229314629650849e+01
s134        , -1.792604080418195e+01, -1.892720494956701e+01, -1.123430057399527e+01
s135        , -2.163690184151209e+01, -2.222040972279336e+01, -1.563310445527770e+01
s136        , -2.266590946104735e+01, -2.191141883767686e+01, -1.522037873722291e+01
s137        , -1.871948299194560e+01, -1.803641748386807e+01, -1.004445674971484e+01
s138        , -2.098569970792443e+01, -2.103434098681558e+01, -1.404884713799725e+01
s139        , -1.946420871832499e+01, -1.908824946403834e+01, -1.144941116811169e+01
s140        , -1.890485827097119e+01, -2.031028043327657e+01, -1.308170400766874e+01
s141        , -2.048387804329865e+01, -2.201105848711061e+01, -1.535346954293961e+01
s142        , -1.712146112463541e+01, -1.785650857511860e+01, -9.804148581659700e+00
s143        , -2.146398341435241e+01, -2.146532078596157e+01, -1.462451605134587e+01
s144        , -2.296743054539722e+01, -2.165846049777434e+01, -1.488249688535256e+01
s145        , -2.169591974109321e+01, -2.142797077840777e+01, -1.457462684933532e+01
s146        , -2.268369172314783e+01, -2.252238304655785e+01, -1.603645666690397e+01
s147        , -2.121406114253308e+01, -2.137322838636528e+01, -1.450150626826945e+01
s148        , -2.139826235530006e+01, -2.107355638092094e+01, -1.410122797662566e+01
s149        , -1.818204101397333e+01, -1.785146680550843e+01, -9.797414182417345e+00
s150        , -2.236615053154114e+01, -2.176259686772958e+01, -1.502159405661441e+01
s151        , -2.007280490017163e+01, -1.899260441353880e+01, -1.132165603342244e+01
s152        , -2.043501428229088e+01, -2.033689463369073e+01, -1.311725316301760e+01
s153        , -2.294208833005412e+01, -2.277683941491701e+01, -1.637633946734663e+01
s154        , -1.941555486932839e+01, -1.958552898829027e+01, -1.211363803889284e+01
s155        , -2.030625886040805e+01, -2.161318300340739e+01, -1.482201877006034e+01
s156        , -1.755225478861601e+01, -1.711080661040452e+01, -8.808098556671228e+00
s157        , -1.981494689568535e+01, -1.861272312757917e+01, -1.081424049440368e+01
s158        , -2.120666701656112e+01, -2.078725590060733e+01, -1.371881031640142e+01
s159        , -2.199339551508707e+01, -2.163458504111210e+01, -1.485060592846853e+01
s160        , -1.822712376873660e+01, -1.824532097929707e+01, -1.032349360584276e+01
s161        , -1.850131544535105e+01, -2.030449295160109e+01, -1.307397354490981e+01
s162        , -2.165239460618542e+01, -2.175669438214592e+01, -1.501370998068154e+01
s163        , -2.054863013411503e+01, -2.017685233001922e+01, -1.290348124325024e+01
s164        , -2.244259094688993e+01, -2.234955459912113e+01, -1.580560602209700e+01
s165        , -2.169401378729562e+01, -2.124502276092865e+01, -1.433025927890584e+01
s166        , -1.893544650248816e+01, -1.904462501400060e+01, -1.139114105940029e+01
s167        , -1.990371422830687e+01, -2.071935681336473e+01, -1.362811605683805e+01
s168        , -2.358382467591309e+01, -2.436072197504978e+01, -1.849196519753220e+01
s169        , -2.234616115486217e+01, -2.262029144024639e+01, -1.616723499738275e+01
s170        , -1.980105726485419e+01, -2.035868848072053e+01, -1.314636366950118e+01
s171        , -2.225344967355102e+01, -2.212649684220209e+01, -1.550766301689350e+01
s172        , -2.076076397080535e+01, -2.039980217365141e+01, -1.320128010637402e+01
s173        , -2.167162181633835e+01, -2.094729624295525e+01, -1.393257961638700e+01
s174        , -2.217746151284670e+01, -2.244884604534297e+01, -1.593823172535411e+01
s175        , -1.912249737452136e+01, -1.967848852219829e+01, -1.223780607177110e+01
s176        , -2.262880123350610e+01, -2.266587319187571e+01, -1.622811951559213e+01
s177        , -1.998504477748202e+01, -2.040731791788163e+01, -1.321131904630250e+01
s178        , -1.778030448780716e+01, -1.908665873584481e+01, -1.144728639852292e+01
s179        , -2.322340610724453e+01, -2.267234802055291e+01, -1.623676808240688e+01
s180        , -1.682543251402466e+01, -1.731439083812409e+01, -9.080030353424759e+00
s181        , -1.586682207916231e+01, -1.662094982998741e+01, -8.153786403206132e+00
s182        , -2.348293513803748e+01, -2.272597500935258e+01, -1.630839879556244e+01
s183        , -2.155098810628208e+01, -2.076478673286799e+01, -1.368879776963707e+01
s184        , -2.324937775466465e+01, -2.339796786917296e+01, -1.720599399644512e+01
s185        , -2.378592453308165e+01, -2.342358778840063e+01, -1.724021506919865e+01
s186        , -2.071202883303041e+01, -2.084612459969478e+01, -1.379744249382845e+01
s187        , -2.027503475690737e+01, -2.042172661387612e+01, -1.323056504897445e+01
s188        , -2.214013663755619e+01, -2.170603437085084e+01, -1.494604232268397e+01
s189        , -2.074030596943589e+01, -2.097194687775670e+01, -1.396550599525122e+01
s190        , -1.914542963593283e+01, -1.925360240291884e+01, -1.167027661663843e+01
s191        , -1.679323473828856e+01, -1.714021259409645e+01, -8.847376756511284e+00
s192        , -1.690928184419942e+01, -1.776440425789827e+01, -9.681122879958574e+00
s193        , -2.273712334380998e+01, -2.224803061072721e+01, -1.566999826462589e+01
s194        , -2.090019731082972e+01, -2.134958164367644e+01, -1.446992080951966e+01
s195        , -1.910778599576077e+01, -1.959268099619124e+01, -1.212319112844546e+01
s196        , -1.918378235513936e+01, -1.903296147577006e+01, -1.137556182252589e+01
s197        , -2.010118773573690e+01, -2.019734278975425e+01, -1.293085078751439e+01
s198        , -2.040069724820686e+01, -2.060304617929242e+01, -1.347275746123804e+01
s199        , -2.033728659050214e+01, -1.992262086005532e+01, -1.256389884439270e+01
s200        , -1.788348829912646e+01, -1.826726087491653e+01, -1.035279919254372e+01
s201        , -1.891783601993355e+01, -2.024810634952031e+01, -1.299865675741401e+01
s202        , -2.174492495952721e+01, -2.221047714790200e+01, -1.561983730306827e+01
s203        , -2.185008698942601e+01, -2.162993211880286e+01, -1.484439092086269e+01
s204        , -2.086349108831322e+01, -2.064588342638813e+01, -1.352997608618357e+01
s205        , -2.088054945703831e+01, -2.143829140588257e+01, -1.458841233166017e+01
s206        , -2.114956534802060e+01, -2.146934128017463e+01, -1.462988631124980e+01
s207        , -1.936064601068155e+01, -1.939085717561372e+01, -1.185361074507262e+01
s208        , -2.173553987268506e+01, -2.097011994913289e+01, -1.396306572770801e+01
s209        , -1.958079034508013e+01, -1.987997315242546e+01, -1.250693339135582e+01
s210        , -2.077095411669474e+01, -2.134797856342698e+01, -1.446777954102623e+01
s211        , -2.106003856984427e+01, -2.060808896755781e+01, -1.347949322111991e+01
s212        , -1.921431398034701e+01, -1.858228777772472e+01, -1.077358734821721e+01
s213        , -1.891211086691480e+01, -1.865444817715927e+01, -1.086997353339714e+01
s214        , -1.797391097043976e+01, -1.825592522407197e+01, -1.033765792184677e+01
s215        , -2.046416066581664e+01, -2.079972848676254e+01, -1.373547021585109e+01
s216        , -2.054695205981560e+01, -1.971621352972145e+01, -1.228819616924192e+01
s217        , -2.064527960557822e+01, -2.117905691274992e+01, -1.424214728800878e+01
s218        , -2.267569057486860e+01, -2.252428793693960e+01, -1.603900106963069e+01
s219        , -1.969996813819463e+01, -2.088999078867382e+01, -1.385603549840163e+01
s220        , -2.056541179285701e+01, -2.109623854295435e+01, -1.413152502441315e+01
s221        , -2.147236245537334e+01, -2.132325228985857e+01, -1.443475212984712e+01
s222        , -1.817717386569833e+01, -1.812489647611638e+01, -1.016264002749883e+01
s223        , -2.049263974761081e+01, -2.053240289217925e+01, -1.337839771535576e+01
s224        , -2.147370851727396e+01, -2.211339249927817e+01, -1.549015926644833e+01
s225        , -2.297636192643720e+01, -2.239671133287594e+01, -1.586859427753612e+01
s226        , -2.349615644619751e+01, -2.264559160287620e+01, -1.620102896442600e+01
s227        , -1.994214785348108e+01, -1.971951883264030e+01, -1.229261113287444e+01
s228        , -1.935600154849446e+01, -1.991440864354741e+01, -1.255292961158257e+01
s229        , -1.931982821700711e+01, -2.022120329997565e+01, -1.296272178011849e+01
s230        , -1.663964761443124e+01, -1.741376787541592e+01, -9.212770382500269e+00
s231        , -1.912412961575534e+01, -1.915769021548763e+01, -1.154216466144974e+01
s232        , -2.205202611453251e+01, -2.212593460665851e+01, -1.550691202688176e+01
s233        , -2.108987100746543e+01, -2.070712809472295e+01, -1.361178189642934e+01
s234        , -2.119865480781422e+01, -2.033611211735323e+01, -1.311620793924939e+01
s235        , -1.634470488909293e+01, -1.600083656261975e+01, -7.325487880894926e+00
s236        , -2.035495556536669e+01, -2.162612191860872e+01, -1.483930155516678e+01
s237        , -2.057488800817375e+01, -2.052670531990655e+01, -1.337078734650447e+01
s238        , -2.181497599002021e+01, -2.104720648317292e+01, -1.406603185598727e+01
s239        , -1.938605784207409e+01, -1.921914144329999e+01, -1.162424637759695e+01
s240        , -1.879589433372550e+01, -1.835763682609198e+01, -1.047351627884129e+01
s241        , -1.732119998261703e+01, -1.719446140083622e+01, -8.919838045156894e+00
s242        , -2.017650413285683e+01, -2.027186344165035e+01, -1.303038961226688e+01
s243        , -1.996072124442394e+01, -2.048578517857736e+01, -1.331612944063575e+01
s244        , -2.121993688931675e+01, -2.078076650094741e+01, -1.371014228681415e+01
s245        , -2.152256201120388e+01, -2.156649503939424e+01, -1.475965666036711e+01
s246        , -1.806013829922115e+01, -1.772987512006572e+01, -9.635001573822375e+00
s247        , -1.662499542985015e+01, -1.737388356092238e+01, -9.159496052636902e+00
s248        , -2.087245838906029e+01, -2.056703487919912e+01, -1.342465639934590e+01
s249        , -2.031192930505803e+01, -1.963910717408606e+01, -1.218520356483481e+01
s250        , -1.829082894515480e+01, -1.807093681386823e+01, -1.009056495532004e+01
s251        , -2.316191337748571e+01, -2.317613084458331e+01, -1.690968154946022e+01
s252        , -1.836403387539604e+01, -1.821949665860027e+01, -1.028899950968570e+01
s253        , -1.948978591890307e+01, -2.067823920634941e+01, -1.357319439183912e+01
s254        , -1.974328758235917e+01, -2.066263573588071e+01, -1.355235250340958e+01
s255        , -2.045692599174058e+01, -2.005790993721149e+01, -1.274460735135464e+01
s256        , -1.776850461240055e+01, -1.745606847338967e+01, -9.269272193763344e+00
s257        , -2.163660994039700e+01, -2.151170136032827e+01, -1.468646757412969e+01
s258        , -1.860059101905129e+01, -1.856698748723370e+01, -1.075315042375269e+01
s259        , -2.094542362420654e+01, -2.032113037613679e+01, -1.309619650784766e+01
s260        , -1.742875942837962e+01, -1.778264145398901e+01, -9.705482691896130e+00
s261        , -2.065616574581777e+01, -2.027377558563820e+01, -1.303294370379004e+01
s262        , -2.014040040752147e+01, -1.925714722393327e+01, -1.167501150970171e+01
s263        , -1.686996628366655e+01, -1.685891740213251e+01, -8.471644766731368e+00
s264        , -2.074271161967796e+01, -1.989143833229836e+01, -1.252224767673962e+01
s265        , -2.059536695716665e+01, -2.011792650328651e+01, -1.282477275920852e+01
s266        , -2.198651133619990e+01, -2.147317147088938e+01, -1.463500237871060e+01
s267        , -1.899333543245141e+01, -1.873902075348685e+01, -1.098293892808631e+01
s268        , -1.857298059991068e+01, -1.782672097603266e+01, -9.764360649995513e+00
s269        , -2.106917022960664e+01, -2.030471659916908e+01, -1.307427227573824e+01
s270        , -1.920756052964929e+01, -1.975203049815703e+01, -1.233603765819247e+01
s271        , -1.965184309682283e+01, -1.946389638717890e+01, -1.195117077836625e+01
s272        , -2.112049940018463e+01, -1.990060345406854e+01, -1.253448972544030e+01
s273        , -1.945398506004425e+01, -1.932853231740627e+01, -1.177036210216641e+01
s274        , -2.135203005648119e+01, -2.147451317556742e+01, -1.463679452227643e+01
s275        , -2.088724638081418e+01, -2.069089165743987e+01, -1.359009454072052e+01
s276        , -1.839432489855567e+01, -1.876334401807715e+01, -1.101542803157454e+01
s277        , -2.199306195501885e+01, -1.938360992804188e+01, -1.184393044185953e+01
s278        , -2.276883612887764e+01, -2.308504891361623e+01, -1.678802147089177e+01
s279        , -2.262380984036664e+01, -2.349104095758307e+01, -1.733031370649469e+01
s280        , -1.620731240668889e+01, -1.732591463260665e+01, -9.095422931593324e+00
s281        , -2.072632910940930e+01, -1.962051137692229e+01, -1.216036476179270e+01
s282        , -1.840721485531197e+01, -1.873584694459862e+01, -1.097869960383612e+01
s283        , -1.945843055355910e+01, -2.041777364236798e+01, -1.322528498058819e+01
s284        , -2.290375248734285e+01, -2.432752999838162e+01, -1.844762996609370e+01
s285        , -2.162506652538119e+01, -2.099341630454876e+01, -1.399418316670123e+01
s286        , -2.308167299949378e+01, -2.350325304472481e+01, -1.734662565185393e+01
s287        , -1.888746545864790e+01, -1.820992270940397e+01, -1.027621138146899e+01
s288        , -2.031934863671701e+01, -2.098412351805341e+01, -1.398177059350324e+01
s289        , -2.410980627565496e+01, -2.412394328255731e+01, -1.817569484592559e+01
s290        , -2.087284446952964e+01, -1.989599632759874e+01, -1.252833588831433e+01
s291        , -2.204275686911580e+01, -2.001612005180116e+01, -1.268878770975937e+01
s292        , -1.820983264392220e+01, -1.827781282384042e+01, -1.036689365586372e+01
s293        , -1.668568749246811e+01, -1.708027535673692e+01, -8.767317309715285e+00
s294        , -2.280852590517532e+01, -2.296489897169774e+01, -1.662753462988397e+01
s295        , -1.673628435422914e+01, -1.733742260869590e+01, -9.110794380796440e+00
s296        , -2.103716924286631e+01, -2.032008632380376e+01, -1.309480194486995e+01
s297        , -2.124288787488653e+01, -2.011728309446003e+01, -1.282391334431085e+01
s298        , -2.177880180045448e+01, -2.195114464184468e+01, -1.527344134146215e+01
s299        , -1.893486515270964e+01, -1.951791887636813e+01, -1.202332976983076e+01
s300        , -1.774017522269403e+01, -1.720963360321439e+01, -8.940103879596125e+00
s301        , -2.283171483494903e+01, -2.274623326122854e+01, -1.633545817483470e+01
s302        , -1.721456897049112e+01, -1.755637432221033e+01, -9.403252856215556e+00
s303        , -2.130552121943375e+01, -2.024662119882365e+01, -1.299667300994046e+01
s304        , -2.313677054561944e+01, -2.312679098585279e+01, -1.684377724741065e+01
s305        , -1.858159986173835e+01, -1.888465587654381e+01, -1.117746686930705e+01
s306        , -2.163460095493751e+01, -2.171498177826361e+01, -1.495799356567217e+01
s307        , -1.987289536762319e+01, -2.083119808498670e+01, -1.377750482965229e+01
s308        , -2.028550026196297e+01, -1.867082402389394e+01, -1.089184710128499e+01
s309        , -2.129242792516701e+01, -2.203720088385120e+01, -1.538838850005501e+01
s310        , -1.894855963686166e+01, -1.936126555894224e+01, -1.181408459130101e+01
s311        , -2.010039836844276e+01, -2.080482071919742e+01, -1.374227201936512e+01
s312        , -1.830057188159682e+01, -1.862928884227211e+01, -1.083636767297452e+01
s313        , -1.990312271450173e+01, -1.912992548925598e+01, -1.150507872421819e+01
s314        , -1.980645538479249e+01, -1.921414611433487e+01, -1.161757401011507e+01
s315        , -1.914671781515828e+01, -1.999990716656777e+01, -1.266713181302582e+01
s316        , -2.257620253811652e+01, -2.209899491018755e+01, -1.547092809950486e+01
s317        , -1.647333233405121e+01, -1.604590279076798e+01, -7.385683803391105e+00
s318        , -2.027102701488289e+01, -1.949454210549341e+01, -1.199210491819335e+01
s319        , -1.996146248057647e+01, -1.936097886639091e+01, -1.181370164994316e+01
s320        , -2.548773082504399e+01, -2.526815423543813e+01, -1.970404182922206e+01
s321        , -1.727661852750149e+01, -1.823156390132631e+01, -1.030511798326840e+01
s322        , -2.011073789818953e+01, -2.032134403816879e+01, -1.309648190078262e+01
s323        , -2.178223238748198e+01, -2.108598643352632e+01, -1.411783106310530e+01
s324        , -1.879130547869734e+01, -1.921859158039601e+01, -1.162351191398392e+01
s325        , -2.032679436678044e+01, -1.914915302231732e+01, -1.153076135037777e+01
s326        , -2.071891083121713e+01, -2.019630053086574e+01, -1.292945862007878e+01
s327        , -1.834375983430116e+01, -1.968975263859955e+01, -1.225285179238583e+01
s328        , -2.099505369246730e+01, -2.140665034292681e+01, -1.454614868875850e+01
s329        , -2.140321290954873e+01, -2.090397941999237e+01, -1.387472041172319e+01
s330        , -2.114112529442132e+01, -2.169167511420639e+01, -1.492686235720675e+01
s331        , -1.934637322166436e+01, -2.026033470870565e+01, -1.301499043768906e+01
s332        , -1.962462779654497e+01, -2.048445431272085e+01, -1.331435177471509e+01
s333        , -2.293624249800790e+01, -2.272223904303872e+01, -1.630340858564431e+01
s334        , -1.807355423930957e+01, -1.792278775378344e+01, -9.892679094772452e+00
s335        , -1.850164643907080e+01, -1.863058420310298e+01, -1.083809791407487e+01
s336        , -2.151296308555482e+01, -2.139116088358965e+01, -1.452545908742997e+01
s337        , -1.775953587894473e+01, -1.681471414329307e+01, -8.412601530753740e+00
s338        , -2.118082550420247e+01, -2.150254275517280e+01, -1.467423422981034e+01
s339        , -1.761381998690202e+01, -1.915724553623037e+01, -1.154157069387789e+01
s340        , -1.906967392812366e+01, -1.873324587108059e+01, -1.097522529444011e+01
s341        , -2.371082699534004e+01, -2.395889108657472e+01, -1.795523110610441e+01
s342        , -1.901967676945428e+01, -1.967450365706141e+01, -1.223248340238443e+01
s343        , -1.943128604912865e+01, -1.854811473155344e+01, -1.072794168131075e+01
s344        , -2.171448714042025e+01, -2.284252121347462e+01, -1.646407204710411e+01
s345        , -1.896311499883081e+01, -1.858281207502911e+01, -1.077428766331339e+01
s346        , -2.211462969107367e+01, -2.154450148235988e+01, -1.473027939696932e+01
s347        , -1.640817037109120e+01, -1.726138381379009e+01, -9.009227740033914e+00
s348        , -2.058778590237884e+01, -2.044436281898291e+01, -1.326080071111449e+01
s349        , -1.918353701640313e+01, -1.958116460263567e+01, -1.210780843585299e+01
s350        , -2.047073332015930e+01, -2.104248174669620e+01, -1.405972092466565e+01
s351        , -2.167714580870165e+01, -2.139099410658021e+01, -1.452523631982002e+01
s352        , -2.086238589025425e+01, -2.046448669727071e+01, -1.328768060471799e+01
s353        , -1.920058764071421e+01, -2.040952279244254e+01, -1.321426414429796e+01
s354        , -2.053223705409261e+01, -1.999811006529305e+01, -1.266473138650920e+01
s355        , -1.704257081119439e+01, -1.791240685420838e+01, -9.878813105717292e+00
s356        , -2.127143545968418e+01, -2.144911740990889e+01, -1.460287285622789e+01
s357        , -1.906625211198675e+01, -1.999093525170749e+01, -1.265514783491708e+01
s358        , -2.032987192881253e+01, -1.968018493991725e+01, -1.224007201311404e+01
s359        , -2.136102912880764e+01, -2.125967862590113e+01, -1.434983543045542e+01
s360        , -1.881386071055488e+01, -1.754761662710369e+01, -9.391555016002458e+00
s361        , -2.182643688719446e+01, -2.094831971516125e+01, -1.393394669004993e+01
s362        , -2.091897008712596e+01, -2.084464054552197e+01, -1.379546021100521e+01
s363        , -1.798497754334610e+01, -1.917383125579791e+01, -1.156372459338657e+01
s364        , -1.789393844733154e+01, -1.802045422987131e+01, -1.002313429075033e+01
s365        , -2.184332997178521e+01, -2.166457938816971e+01, -1.489067001780978e+01
s366        , -2.293131491804218e+01, -2.279236180720584e+01, -1.639707305792138e+01
s367        , -2.320311495695380e+01, -2.233035180955511e+01, -1.577995644635208e+01
s368        , -1.944159222026194e+01, -2.057487411001557e+01, -1.343512742720971e+01
s369        , -2.221834550731525e+01, -2.245461488827309e+01, -1.594593729194317e+01
s370        , -1.739352775780219e+01, -1.868016131209119e+01, -1.090431911635572e+01
s371        , -2.131349702655302e+01, -1.991961873624001e+01, -1.255988884355757e+01
s372        , -2.230067528571091e+01, -2.162300820618505e+01, -1.483514250304656e+01
s373        , -1.609460498694387e+01, -1.658250569510129e+01, -8.102435751972886e+00
s374        , -1.846307154319872e+01, -1.909673185208064e+01, -1.146074127480482e+01
s375        , -2.092466765927065e+01, -2.083184586896147e+01, -1.377837008852888e+01
s376        , -2.335896110191541e+01, -2.382595502110689e+01, -1.777766556705979e+01
s377        , -2.209438728501526e+01, -2.209659916376883e+01, -1.546772804989637e+01
s378        , -2.111108779470583e+01, -2.154482614701172e+01, -1.473071305847201e+01
s379        , -1.875225846070942e+01, -1.765141241678652e+01, -9.530197266927640e+00
s380        , -1.834869608623442e+01, -1.889524088178294e+01, -1.119160548665262e+01
s381        , -2.068155326614140e+01, -1.965064312948326e+01, -1.220061238659655e+01
s382        , -1.804666933121612e+01, -1.838330430583580e+01, -1.050780087919102e+01
s383        , -2.062194236740874e+01, -2.147037919371581e+01, -1.463127267451226e+01
s384        , -1.800916137079852e+01, -1.917655281197858e+01, -1.156735983404577e+01
s385        , -2.216424509641620e+01, -2.267730963968792e+01, -1.624339542294942e+01
s386        , -2.182057698940036e+01, -2.150872103457861e+01, -1.468248668943596e+01
s387        , -1.799817167842237e+01, -1.782339248436560e+01, -9.759914712657233e+00
s388        , -2.351217009702901e+01, -2.399900682503623e+01, -1.800881455389959e+01
s389        , -2.149803565649794e+01, -2.231684439390137e+01, -1.576191430306150e+01
s390        , -2.025125341850577e+01, -1.960054000723278e+01, -1.213368857717795e+01
s391        , -1.925641978436478e+01, -1.871054747528297e+01, -1.094490656286738e+01
s392        , -1.954014294555121e+01, -2.041749546678806e+01, -1.322491341553078e+01
s393        , -2.007195889273447e+01, -2.035385628116454e+01, -1.313990919745169e+01
s394        , -1.933645012315517e+01, -1.955284891179769e+01, -1.206998656344106e+01
s395        , -2.191328817199827e+01, -2.043167458786282e+01, -1.324385277008409e+01
s396        , -1.985518647713905e+01, -1.897099522252669e+01, -1.129279217592161e+01
s397        , -1.859895904181181e+01, -1.890325239258944e+01, -1.120230663257500e+01
s398        , -2.089338265909714e+01, -2.056776639633242e+01, -1.342563350238891e+01
s399        , -1.650074457052408e+01, -1.695288514103535e+01, -8.597159480532833e+00
s400        , -1.659170957499870e+01, -1.740262138851799e+01, -9.197881782122938e+00
s401        , -1.654426837808786e+01, -1.734396817883081e+01, -9.119537438485636e+00
s402        , -1.877939202276407e+01, -1.901802188785463e+01, -1.135560669618773e+01
s403        , -2.106694758002669e+01, -2.033629610228334e+01, -1.311645369184615e+01
s404        , -2.165676773412189e+01, -2.237314539678935e+01, -1.583711675388909e+01
s405        , -2.212611753855641e+01, -2.202330801328079e+01, -1.536983149640795e+01
s406        , -1.885653015374473e+01, -1.880286591427943e+01, -1.106821827159351e+01
s407        , -1.790225292709843e+01, -1.790377741851139e+01, -9.867286584334291e+00
s408        , -1.653237145459570e+01, -1.726362375340760e+01, -9.012219675173650e+00
s409        , -1.984138826084547e+01, -2.045915477022357e+01, -1.328055863599610e+01
s410        , -1.632163885458830e+01, -1.729102849987715e+01, -9.048824779756226e+00
s411        , -1.826950002229553e+01, -1.879971107180596e+01, -1.106400428118818e+01
s412        , -2.254085603631221e+01, -2.205493884284532e+01, -1.541208147035062e+01
s413        , -1.907038707751166e+01, -1.994605250260009e+01, -1.259519698929055e+01
s414        , -1.996831080241482e+01, -1.975132216023907e+01, -1.233509151612195e+01
s415        , -2.069762370804266e+01, -2.025604025171754e+01, -1.300925423986109e+01
s416        , -1.735494379178349e+01, -1.836120304441092e+01, -1.047827975274076e+01
s417        , -1.714858900796163e+01, -1.650957742326640e+01, -8.005023903244071e+00
s418        , -2.014294405560549e+01, -1.973450667613663e+01, -1.231263071522162e+01
s419        , -1.771416578387462e+01, -1.811336269734139e+01, -1.014723411309785e+01
s420        , -2.335906844703241e+01, -2.334273892451845e+01, -1.713222351667402e+01
s421        , -2.045819521600993e+01, -1.981460283247146e+01, -1.241961686021507e+01
s422        , -1.913624718404630e+01, -1.917005862876343e+01, -1.155868541496170e+01
s423        , -2.001718266940652e+01, -2.057575460220708e+01, -1.343630351941659e+01
s424        , -2.199980092896302e+01, -2.121308341563531e+01, -1.428759721392155e+01
s425        , -1.799669141475633e+01, -1.896210486762266e+01, -1.128091713918664e+01
s426        , -2.179879403652462e+01, -2.094136321989001e+01, -1.392465475088841e+01
s427        , -1.855895626610580e+01, -1.964314644061449e+01, -1.219059889932092e+01
s428        , -2.201089453299450e+01, -2.226580901003688e+01, -1.569374525191381e+01
s429        , -2.010895188317044e+01, -2.026177551293786e+01, -1.301691495064384e+01
s430        , -2.197039083997888e+01, -2.130483689933008e+01, -1.441015429979701e+01
s431        , -2.053790779896415e+01, -1.999776243236422e+01, -1.266426704578888e+01
s432        , -2.056150222449639e+01, -1.998105865618795e+01, -1.264195545554900e+01
s433        , -1.961788415450921e+01, -2.031191413563325e+01, -1.308388617876415e+01
s434        , -2.169585176655818e+01, -2.154446693416192e+01, -1.473023325020417e+01
s435        , -1.969212203292086e+01, -1.961808439178450e+01, -1.215712298596063e+01
s436        , -1.841763911968392e+01, -1.786819522262843e+01, -9.819758686091511e+00
s437        , -2.085473352476042e+01, -2.083507591010577e+01, -1.378268452340331e+01
s438        , -2.075193174001312e+01, -2.114609856606756e+01, -1.419812412112719e+01
s439        , -1.747889033992054e+01, -1.717992799931483e+01, -8.900425470651884e+00
s440        , -2.292628299240021e+01, -2.339065463085235e+01, -1.719622554798088e+01
s441        , -1.928590410708185e+01, -1.871134198029950e+01, -1.094596780016997e+01
s442        , -2.265396374356312e+01, -2.194881806119593e+01, -1.527033367804837e+01
s443        , -1.939450551490213e+01, -1.911693627703580e+01, -1.148772875631051e+01
s444        , -2.014197468633274e+01, -2.032599629961082e+01, -1.310269602565403e+01
s445        , -2.136890748153691e+01, -2.137446308541107e+01, -1.450315548212916e+01
s446        , -1.984877428373165e+01, -2.031064613219574e+01, -1.308219247951783e+01
s447        , -2.124129540469972e+01, -2.114022370270442e+01, -1.419027694078362e+01
s448        , -1.996883442559681e+01, -2.035223478630628e+01, -1.313774333217238e+01
s449        , -2.213132573342666e+01, -2.241510217904176e+01, -1.589315932315732e+01
s450        , -2.393776981346641e+01, -2.264471074758825e+01, -1.619985238722346e+01
s451        , -1.778758837631850e+01, -1.809074839811434e+01, -1.011702771110876e+01
s452        , -2.093231028730361e+01, -2.113616589892021e+01, -1.418485684568945e+01
s453        , -1.913112365245808e+01, -1.947660860675164e+01, -1.196815076128468e+01
s454        , -1.694745233262931e+01, -1.810469962770296e+01, -1.013566266614162e+01
s455        , -1.959305905778561e+01, -1.949998353477100e+01, -1.199937315138086e+01
s456        , -1.690137029519855e+01, -1.800568670163783e+01, -1.000340898820051e+01
s457        , -1.744399185749123e+01, -1.682552082457491e+01, -8.427036245519366e+00
s458        , -2.020627098912283e+01, -2.002387813583997e+01, -1.269915034814089e+01
s459        , -1.884232545378780e+01, -1.942279378739242e+01, -1.189626915884308e+01
s460        , -2.233016805188693e+01, -2.263012048440694e+01, -1.618036386138606e+01
s461        , -1.623645396367353e+01, -1.658782380381314e+01, -8.109539263249477e+00
s462        , -2.313545884021418e+01, -2.227099071123824e+01, -1.570066656076819e+01
s463        , -2.090493117250811e+01, -2.088774696127306e+01, -1.385303837026686e+01
s464        , -1.633431188033305e+01, -1.737222147163274e+01, -9.157275964509454e+00
s465        , -1.999082968954132e+01, -2.001588525340069e+01, -1.268847408452607e+01
s466        , -1.900684695054017e+01, -1.817088455680663e+01, -1.022406728810457e+01
s467        , -1.783078222536251e+01, -1.823790847628385e+01, -1.031359256741063e+01
s468        , -1.945030486126850e+01, -1.855602860084480e+01, -1.073851240537801e+01
s469        , -2.270314762369042e+01, -2.223301974311875e+01, -1.564994792848088e+01
s470        , -2.119907484802825e+01, -2.139330184243904e+01, -1.452831881184582e+01
s471        , -1.972012875359749e+01, -1.932360764494531e+01, -1.176378411208471e+01
s472        , -1.766462305551830e+01, -1.805159063917220e+01, -1.006472385699760e+01
s473        , -2.127822401317911e+01, -2.176133701010892e+01, -1.501991123790946e+01
s474        , -1.654177405306909e+01, -1.727736409723391e+01, -9.030572945594219e+00
s475        , -2.297159509003216e+01, -2.357234642874956e+01, -1.743891515911140e+01
s476        , -2.252587602064435e+01, -2.186115209890511e+01, -1.515323638172585e+01
s477        , -2.178946083596680e+01, -2.164089323470920e+01, -1.485903191725138e+01
s478        , -1.788602657411998e+01, -1.778743146656807e+01, -9.711880813900409e+00
s479        , -1.952938513246325e+01, -1.915958281008170e+01, -1.154469264043052e+01
s480        , -2.203955610850313e+01, -2.122575296643313e+01, -1.430452020324692e+01
s481        , -1.615402914764109e+01, -1.813394467457645e+01, -1.017472589923945e+01
s482        , -2.215324565636576e+01, -2.164633252599187e+01, -1.486629729467345e+01
s483        , -2.217560840271064e+01, -2.214609201706997e+01, -1.553383671005827e+01
s484        , -2.403070638423247e+01, -2.381869983734952e+01, -1.776797466331436e+01
s485        , -1.896886917982663e+01, -2.023686250003414e+01, -1.298363810775018e+01
s486        , -2.293847835350512e+01, -2.328652192987812e+01, -1.705713327745527e+01
s487        , -1.935879902533930e+01, -1.961893511453194e+01, -1.215825931448588e+01
s488        , -2.071941340396909e+01, -1.992578943440196e+01, -1.256813117675400e+01
s489        , -2.120929532988995e+01, -2.100456695744089e+01, -1.400907733168590e+01
s490        , -2.336106814107168e+01, -2.288686477616587e+01, -1.652330268993021e+01
s491        , -1.878377211600346e+01, -1.845491615110520e+01, -1.060345434886829e+01
s492        , -2.196689093989351e+01, -2.245243030015139e+01, -1.594301929097741e+01
s493        , -2.118321097196467e+01, -2.039083087467876e+01, -1.318929695091953e+01
s494        , -2.014379663919148e+01, -2.088100002295839e+01, -1.384402634080346e+01
s495        , -1.971897958689983e+01, -1.935853574171267e+01, -1.181043831618255e+01
s496        , -2.171934681583978e+01, -2.138814776375695e+01, -1.452143439897981e+01
s497        , -1.930074135275753e+01, -1.909430788868204e+01, -1.145750353517426e+01
s498        , -2.146882601091719e+01, -2.174921809018264e+01, -1.500372373798778e+01
s499        , -1.852368794388046e+01, -1.831594207377921e+01, -1.041782370855426e+01
s500        , -2.050589701281523e+01, -2.115571333979466e+01, -1.421096677954074e+01
s501        , -2.141899489528082e+01, -2.160913058064747e+01, -1.481660586251513e+01
s502        , -1.777920620854658e+01, -1.785078571730480e+01, -9.796504438371667e+00
s503        , -2.264989988763092e+01, -2.242325754397094e+01, -1.590405261810071e+01
s504        , -1.994570445298742e+01, -2.037931556733329e+01, -1.317391570920105e+01
s505        , -2.256898602446125e+01, -2.187313493342744e+01, -1.516924210946988e+01
s506        , -2.050664132584332e+01, -2.026338550716895e+01, -1.301906545429006e+01
s507        , -2.255451727781655e+01, -2.221450240820587e+01, -1.562521392914139e+01
s508        , -2.063695726234980e+01, -2.113264967951664e+01, -1.418016015640805e+01
s509        , -2.049565878814769e+01, -2.063987597757648e+01, -1.352195180862752e+01
s510        , -1.886667658587990e+01, -1.905753714780579e+01, -1.140838807202448e+01
s511        , -2.270091090950000e+01, -2.298160626624787e+01, -1.664985091969089e+01
s512        , -2.052865138648571e+01, -2.110494355912850e+01, -1.414315250025212e+01
s513        , -1.872228566034903e+01, -1.858250341376066e+01, -1.077387537787135e+01
s514        , -2.338235400416073e+01, -2.279668595598784e+01, -1.640284891571199e+01
s515        , -2.063189590001077e+01, -2.151279495405140e+01, -1.468792831059922e+01
s516        , -2.353360034901451e+01, -2.327807658398407e+01, -1.704585264874990e+01
s517        , -2.274108402549141e+01, -2.203459100222862e+01, -1.538490242548583e+01
s518        , -2.095244706423326e+01, -2.185257825647165e+01, -1.514178411745111e+01
s519        , -2.165153402286209e+01, -2.092776103808666e+01, -1.390648602642981e+01
s520        , -1.917430642162448e+01, -1.975138662048268e+01, -1.233517761704471e+01
s521        , -2.048146586988528e+01, -1.927646768108172e+01, -1.170081825654711e+01
s522        , -1.837039701152461e+01, -1.927464688316018e+01, -1.169838617791374e+01
s523        , -2.237538522976599e+01, -2.202184710556838e+01, -1.536788013080573e+01
s524        , -2.219430447580721e+01, -2.129820305694708e+01, -1.440129333498261e+01
s525        , -2.096151325596525e+01, -2.081496001909851e+01, -1.375581529858086e+01
s526        , -2.193172581512368e+01, -2.111207568635826e+01, -1.415267903476802e+01
s527        , -2.063376120076111e+01, -2.001045712132141e+01, -1.268122361269008e+01
s528        , -1.776721144005281e+01, -1.790205996726452e+01, -9.864992548059336e+00
s529        , -2.226349149791107e+01, -2.225213455153150e+01, -1.567547998592217e+01
s530        , -2.300566448791293e+01, -2.313329707182484e+01, -1.685246756526107e+01
s531        , -1.846679125419261e+01, -1.814746214089770e+01, -1.019278146742106e+01
s532        , -1.859817726729017e+01, -1.987213909211177e+01, -1.249646926984287e+01
s533        , -2.134099683522431e+01, -2.192892783081792e+01, -1.524376587294322e+01
s534        , -2.286936511308830e+01, -2.312083103133185e+01, -1.683581640899208e+01
s535        , -1.777040539985326e+01, -1.859776623828416e+01, -1.079426225824366e+01
s536        , -1.995222678224889e+01, -2.008217531924108e+01, -1.277701913987150e+01
s537        , -2.015268820600640e+01, -2.104820921180644e+01, -1.406737122201784e+01
s538        , -1.740140208992538e+01, -1.808366912627253e+01, -1.010757177666229e+01
s539        , -1.924950405987826e+01, -2.052868355520852e+01, -1.337342971760607e+01
s540        , -2.157643164881004e+01, -2.128024614952561e+01, -1.437730791060099e+01
s541        , -1.586673793577160e+01, -1.676695840232114e+01, -8.348813168593969e+00
s542        , -2.009907109345192e+01, -2.027814559169367e+01, -1.303878081411925e+01
s543        , -1.879069098033760e+01, -1.887837783251717e+01, -1.116908115194875e+01
s544        , -2.248614661420541e+01, -2.184766956447346e+01, -1.513522747281450e+01
s545        , -1.987972862262733e+01, -2.033823762277520e+01, -1.311904702219250e+01
s546        , -2.126472237694319e+01, -2.002327709112544e+01, -1.269834751989145e+01
s547        , -1.738356621674509e+01, -1.746727887084412e+01, -9.284246160834639e+00
s548        , -1.943625792183643e+01, -2.021172717831629e+01, -1.295006432223018e+01
s549        , -2.233202963006129e+01, -2.183301581114767e+01, -1.511565414183645e+01
s550        , -2.412763530103872e+01, -2.376513897310769e+01, -1.769643227414158e+01
s551        , -1.731823103856605e+01, -1.789723323185883e+01, -9.858545374591984e+00
s552        , -2.060923402045430e+01, -2.091542499429270e+01, -1.389000850952540e+01
s553        , -1.992869680942914e+01, -1.971359716872178e+01, -1.228470144003050e+01
s554        , -1.812921854031919e+01, -1.804278369382616e+01, -1.005296023218892e+01
s555        , -2.102602816640752e+01, -2.004344933630129e+01, -1.272529201817931e+01
s556        , -1.941820686683750e+01, -1.888980938447215e+01, -1.118435051980510e+01
s557        , -2.190718211184164e+01, -2.160512918886776e+01, -1.481126111813900e+01
s558        , -1.909304407213536e+01, -1.837023858552176e+01, -1.049034871778994e+01
s559        , -2.023025085829861e+01, -2.029543735266842e+01, -1.306187778820004e+01
s560        , -2.107002513254548e+01, -2.168180553597663e+01, -1.491367935098233e+01
s561        , -2.121559386756793e+01, -2.076987560595236e+01, -1.369559508599494e+01
s562        , -1.764234380631898e+01, -1.862192898668452e+01, -1.082653695683213e+01
s563        , -1.646928563220792e+01, -1.827425626967996e+01, -1.036214309058695e+01
s564        , -1.863449571719480e+01, -1.870010792977151e+01, -1.093096223918366e+01
s565        , -2.028655126138008e+01, -2.004782201653150e+01, -1.273113270046078e+01
s566        , -1.821002786093300e+01, -1.819118321065345e+01, -1.025118063315135e+01
s567        , -2.066943738863287e+01, -2.052535006033802e+01, -1.336897709738221e+01
s568        , -2.062629415098700e+01, -2.032843371941203e+01, -1.310595173928868e+01
s569        , -2.065075063553067e+01, -2.140518746199334e+01, -1.454419468748282e+01
s570        , -2.031634942577389e+01, -2.045362716761445e+01, -1.327317529925103e+01
s571        , -2.047206271335130e+01, -2.055572893298950e+01, -1.340955480576364e+01
s572        , -2.393038589894997e+01, -2.403457300052689e+01, -1.805632105336256e+01
s573        , -1.926109501090367e+01, -1.944785460598362e+01, -1.192974342894718e+01
s574        , -2.085894290369713e+01, -2.127523618674032e+01, -1.437061599641327e+01
s575        , -2.021973442813006e+01, -2.104299731644986e+01, -1.406040958218611e+01
s576        , -1.844714179521902e+01, -1.808822305471480e+01, -1.011365455604784e+01
s577        , -1.949977509463960e+01, -1.916945787255751e+01, -1.155788297207939e+01
s578        , -2.108198153892643e+01, -2.117718059201690e+01, -1.423964104637144e+01
s579        , -2.029210259566103e+01, -2.026000800263833e+01, -1.301455404942416e+01
s580        , -2.195204710511243e+01, -2.281051394113499e+01, -1.642131925051476e+01
s581        , -2.000078291173359e+01, -1.985304975598330e+01, -1.247097123627518e+01
s582        , -2.354247422413414e+01, -2.302753183427280e+01, -1.671119468079574e+01
s583        , -1.881717670098672e+01, -1.986304176834635e+01, -1.248431778038375e+01
s584        , -2.079214981383572e+01, -1.971134048331790e+01, -1.228168713718663e+01
s585        , -2.214462266832296e+01, -2.185674600970263e+01, -1.514735107436728e+01
s586        , -1.671124709479596e+01, -1.700299704812251e+01, -8.664095024045208e+00
s587        , -1.722924462132460e+01, -1.642411891842282e+01, -7.890875154933395e+00
s588        , -2.306180681354529e+01, -2.256350551582789e+01, -1.609138482652028e+01
s589        , -2.054966159202169e+01, -2.152721969541689e+01, -1.470719574541556e+01
s590        , -2.302597507766974e+01, -2.344630896602132e+01, -1.727056423093853e+01
s591        , -2.031576031139625e+01, -2.081009451142340e+01, -1.374931633616598e+01
s592        , -1.675983730084032e+01, -1.620047482689580e+01, -7.592148970083629e+00
s593        , -1.833051427645905e+01, -1.887072748484413e+01, -1.115886241932972e+01
s594        , -1.700453572465554e+01, -1.715700480614470e+01, -8.869806472432289e+00
s595        , -2.121342929627275e+01, -2.011334313033116e+01, -1.281865065015861e+01
s596        , -1.895402289388661e+01, -1.839531003739317e+01, -1.052383719099330e+01
s597        , -2.389559541191659e+01, -2.381146827235788e+01, -1.775831530765824e+01
s598        , -1.923753651242740e+01, -1.918572791947931e+01, -1.157961522089979e+01
s599        , -2.358158831573873e+01, -2.311309311419055e+01, -1.682548070796586e+01
s600        , -1.942143232536245e+01, -1.985761963034725e+01, -1.247707531496854e+01
s601        , -2.073803555561576e+01, -2.009183046648177e+01, -1.278991572604859e+01
s602        , -1.821856306700227e+01, -1.719464455147779e+01, -8.920082683376638e+00
s603        , -1.722454836479658e+01, -1.749421718640362e+01, -9.320228243698649e+00
s604        , -1.805154515236764e+01, -1.819662677178635e+01, -1.025845171390347e+01
s605        , -2.021935755598555e+01, -1.980013266610868e+01, -1.240028875026061e+01
s606        , -1.827906736534894e+01, -1.925157117780252e+01, -1.166756346591117e+01
s607        , -2.237721630921111e+01, -2.243148320856420e+01, -1.591503981380538e+01
s608        , -2.098562136420296e+01, -2.148194857081862e+01, -1.464672613835927e+01
s609        , -1.946776205882490e+01, -1.955199105187055e+01, -1.206884070163260e+01
s610        , -2.069261977150295e+01, -2.088454492458593e+01, -1.384876134154340e+01
s611        , -2.170289912291919e+01, -2.164081931852715e+01, -1.485893318582989e+01
s612        , -1.930046031145336e+01, -1.843443889556917e+01, -1.057610244173448e+01
s613        , -2.385958137896088e+01, -2.348262054319462e+01, -1.731906637933330e+01
s614        , -1.933674081040147e+01, -1.909673497244196e+01, -1.146074544273802e+01
s615        , -1.973716697922491e+01, -1.977223838527205e+01, -1.236302976417894e+01
s616        , -1.815004309366292e+01, -1.826056139879801e+01, -1.034385055934839e+01
s617        , -1.832352306169715e+01, -1.804119638543400e+01, -1.005084003050180e+01
s618        , -1.700993990522181e+01, -1.786839939126222e+01, -9.820031398491921e+00
s619        , -2.331208521979489e+01, -2.229840773571193e+01, -1.573728806534287e+01
s620        , -2.294394567846179e+01, -2.295032254016930e+01, -1.660806457928043e+01
s621        , -2.117716243218820e+01, -2.127853174270108e+01, -1.437501794082591e+01
s622        , -2.002792552777272e+01, -1.948266196671914e+01, -1.197623636335119e+01
s623        , -1.988853831837967e+01, -1.925428979133959e+01, -1.167119477601853e+01
s624        , -2.364575476956619e+01, -2.292143518707922e+01, -1.656947912540106e+01
s625        , -2.144171537166414e+01, -2.066115386999139e+01, -1.355037314352328e+01
s626        , -2.037069722396305e+01, -2.039569221889338e+01, -1.319579035211139e+01
s627        , -1.998545144661707e+01, -2.024465043898536e+01, -1.299404062397521e+01
s628        , -2.158119065398551e+01, -2.108809427819170e+01, -1.412064655619903e+01
s629        , -1.843917864187274e+01, -1.840573205242118e+01, -1.053775809883622e+01
s630        , -1.962256463480217e+01, -2.042084286979190e+01, -1.322938461314509e+01
s631        , -2.101091990223662e+01, -2.068021544005295e+01, -1.357583408936297e+01
s632        , -2.022844039713042e+01, -1.901836654990362e+01, -1.135606706864047e+01
s633        , -2.473876586737651e+01, -2.439560070962933e+01, -1.853855346750257e+01
s634        , -2.051539403555230e+01, -2.076905671784277e+01, -1.369450127967471e+01
s635        , -2.382235458298951e+01, -2.336233700534987e+01, -1.715840109139631e+01
s636        , -1.910586081968059e+01, -1.970110010821499e+01, -1.226800884966722e+01
s637        , -1.917066616024459e+01, -1.875558803734393e+01, -1.100506820262317e+01
s638        , -2.192001400012589e+01, -2.142589831077525e+01, -1.457185861009921e+01
s639        , -2.010078758798683e+01, -2.005353120427491e+01, -1.273875858434412e+01
s640        , -1.983289623130970e+01, -1.918156815753407e+01, -1.157405893811449e+01
s641        , -2.307886864739055e+01, -2.282686883896934e+01, -1.644316483650948e+01
s642        , -2.260273435105626e+01, -2.239586255303995e+01, -1.586746054419914e+01
s643        , -2.012782689900612e+01, -2.019881895651228e+01, -1.293282253494942e+01
s644        , -1.902512926743999e+01, -1.819422519717914e+01, -1.025524387945926e+01
s645        , -2.049081123370357e+01, -2.042507202972464e+01, -1.323503359230300e+01
s646        , -2.159630341817387e+01, -2.163620188721199e+01, -1.485276558430210e+01
s647        , -2.046804100673445e+01, -1.976004746225874e+01, -1.234674608819761e+01
s648        , -2.112203592795417e+01, -2.167787255526195e+01, -1.490842598472543e+01
s649        , -2.130712394597167e+01, -2.138777793906018e+01, -1.452094041624153e+01
s650        , -1.872664219670308e+01, -1.871681030946719e+01, -1.095327196411463e+01
s651        , -2.286060777226206e+01, -2.346029994621528e+01, -1.728925228170308e+01
s652        , -2.513277458672901e+01, -2.475648883081578e+01, -1.902059943108484e+01
s653        , -2.212366926194319e+01, -2.193157829543721e+01, -1.524730615508703e+01
s654        , -2.219498706816524e+01, -2.252774474879149e+01, -1.604361840697777e+01
s655        , -2.136195741190379e+01, -2.164387011837732e+01, -1.486300820428336e+01
s656        , -2.204727614381470e+01, -2.165056586594397e+01, -1.487195185717240e+01
s657        , -2.036339525797458e+01, -1.981877248300789e+01, -1.242518635140260e+01
s658        , -1.602366185676991e+01, -1.581569058190900e+01, -7.078184444079968e+00
s659        , -1.871169938684588e+01, -1.940433194747778e+01, -1.187160928535681e+01
s660        , -2.183022460938435e+01, -2.038011793487760e+01, -1.317498744864977e+01
s661        , -2.183692812512830e+01, -2.143663380718953e+01, -1.458619824171840e+01
s662        , -1.575332316936146e+01, -1.580963395553307e+01, -7.070094479002019e+00
s663        , -2.161244100467384e+01, -2.153960508279186e+01, -1.472373917159396e+01
s664        , -1.792030659393350e+01, -1.742171296034377e+01, -9.223382801959225e+00
s665        , -2.036353189911458e+01, -2.040302352185647e+01, -1.320558292990403e+01
s666        , -1.896012969757172e+01, -1.847648674406607e+01, -1.063226665012852e+01
s667        , -1.834472710605888e+01, -1.792954562963445e+01, -9.901705733736527e+00
s668        , -2.315183675604283e+01, -2.226406435646858e+01, -1.569141488091772e+01
s669        , -2.168824836514504e+01, -2.017709945684099e+01, -1.290381133581892e+01
s670        , -1.765957516951316e+01, -1.836274728239356e+01, -1.048034242436292e+01
s671        , -1.925271531654228e+01, -1.969918767698240e+01, -1.226545437446513e+01
s672        , -2.010246672918431e+01, -1.989238767725592e+01, -1.252351573705520e+01
s673        , -2.045224673553428e+01, -2.013321274464121e+01, -1.284519091794190e+01
s674        , -1.961862741224291e+01, -1.916228976100300e+01, -1.154830837253313e+01
s675        , -1.819835804307071e+01, -1.803554239422584e+01, -1.004328787380829e+01
s676        , -2.030955144796039e+01, -2.025085989237138e+01, -1.300233472335132e+01
s677        , -1.708028116046972e+01, -1.752262715029300e+01, -9.358176038636779e+00
s678        , -1.996975063415185e+01, -2.002622564779440e+01, -1.270228596994627e+01
s679        , -2.075675552323975e+01, -2.059909220417873e+01, -1.346747605231443e+01
s680        , -1.844365265503332e+01, -1.868196999215119e+01, -1.090673500890288e+01
s681        , -1.908965101407623e+01, -1.955064502476549e+01, -1.206704278450876e+01
s682        , -2.132701003782740e+01, -2.212271023898027e+01, -1.550260517017700e+01
s683        , -2.134055790648813e+01, -2.026945290669854e+01, -1.302716980929921e+01
s684        , -2.228765611405496e+01, -2.202433028188958e+01, -1.537119696240043e+01
s685        , -2.220524684044785e+01, -2.316634767163475e+01, -1.689661395661349e+01
s686        , -2.092862014660340e+01, -2.094972835054459e+01, -1.393582823438691e+01
s687        , -2.266843571203506e+01, -2.185872038722191e+01, -1.514998829254621e+01
s688        , -1.791243182954496e+01, -1.860026776041460e+01, -1.079760359472720e+01
s689        , -2.022924986754604e+01, -1.986698985937969e+01, -1.248959132981568e+01
s690        , -1.926971843911773e+01, -1.951756575248543e+01, -1.202285809472618e+01
s691        , -1.839442212707931e+01, -1.879748967176067e+01, -1.106103710975064e+01
s692        , -1.811967055159425e+01, -1.763416303113145e+01, -9.507156894465490e+00
s693        , -1.897178714286070e+01, -1.895946686760418e+01, -1.127739350627610e+01
s694        , -2.117746495604092e+01, -1.998656236242233e+01, -1.264930687339645e+01
s695        , -2.262578130233349e+01, -2.336769507147247e+01, -1.716555797463901e+01
s696        , -2.110358706695218e+01, -2.006214343379987e+01, -1.275026212307602e+01
s697        , -2.080079623838923e+01, -2.035269230913465e+01, -1.313835445517621e+01
s698        , -2.284382050270110e+01, -2.330302120151038e+01, -1.707917170661229e+01
s699        , -1.710021253686445e+01, -1.777215227409533e+01, -9.691472070509054e+00
s700        , -1.768315556313765e+01, -1.813758280900219e+01, -1.017958543301720e+01
s701        , -1.903295584190279e+01, -1.946726817912551e+01, -1.195567455281180e+01
s702        , -1.837939645173277e+01, -1.864623504824096e+01, -1.085900308186097e+01
s703        , -2.091048572489854e+01, -2.014906096999381e+01, -1.286635973069209e+01
s704        , -2.101614044515869e+01, -2.096059467150636e+01, -1.395034261114553e+01
s705        , -1.998067347119072e+01, -1.887202126188292e+01, -1.116059054492519e+01
s706        , -2.205053681559340e+01, -2.178018012546556e+01, -1.504508038913871e+01
s707        , -2.095566328486310e+01, -2.110485268282123e+01, -1.414303111482951e+01
s708        , -2.098548818691052e+01, -2.151301840160003e+01, -1.468822677425753e+01
s709        , -2.115794840593145e+01, -2.211177937342502e+01, -1.548800457982771e+01
s710        , -2.144561556804213e+01, -2.084532398042261e+01, -1.379637308958415e+01
s711        , -2.158487030708884e+01, -2.111627524823627e+01, -1.415828847917271e+01
s712        , -1.701606937532507e+01, -1.747815867164643e+01, -9.298778542903882e+00
s713        , -2.069677260469373e+01, -2.050036818606256e+01, -1.333560827488504e+01
s714        , -1.667903695847065e+01, -1.645287357428236e+01, -7.929283362290620e+00
s715        , -1.903979308955687e+01, -1.939236814281918e+01, -1.185562897620780e+01
s716        , -1.775292931769286e+01, -1.683664188474448e+01, -8.441890882873111e+00
s717        , -1.980553907801730e+01, -2.095466469466638e+01, -1.394242181455503e+01
s718        , -2.205506805307129e+01, -2.292853664970539e+01, -1.657896470055168e+01
s719        , -2.211926724507942e+01, -2.216666534681661e+01, -1.556131694556510e+01
s720        , -2.227273745316376e+01, -2.244498280196093e+01, -1.593307150874036e+01
s721        , -1.785735939085095e+01, -1.863675799840117e+01, -1.084634438418226e+01
s722        , -2.185625504194673e+01, -2.133833407413681e+01, -1.445489719090106e+01
s723        , -2.033801839240394e+01, -2.012469306162731e+01, -1.283381099555945e+01
s724        , -2.101306363073858e+01, -2.044142720186671e+01, -1.325687954469639e+01
s725        , -1.977835943733275e+01, -2.035661265674397e+01, -1.314359094712473e+01
s726        , -1.782642809085736e+01, -1.753891916068940e+01, -9.379937624538826e+00
s727        , -2.098840179836340e+01, -2.126485640219001e+01, -1.435675149672046e+01
s728        , -2.135488943619893e+01, -2.061460907510097e+01, -1.348820226788202e+01
s729        , -1.830313789299144e+01, -1.902302930828273e+01, -1.136229521449471e+01
s730        , -1.974102380594271e+01, -1.990507767812787e+01, -1.254046604198092e+01
s731        , -1.858542568590836e+01, -1.771635755687010e+01, -9.616945876243600e+00
s732        , -1.728575125425960e+01, -1.856582467893191e+01, -1.075159723589365e+01
s733        , -2.189672381410002e+01, -2.184421673988933e+01, -1.513061546134604e+01
s734        , -1.907291800543370e+01, -1.963967563838348e+01, -1.218596287472596e+01
s735        , -2.104653345651221e+01, -1.948080979711398e+01, -1.197376238089064e+01
s736        , -1.839280423093862e+01, -1.899250207602519e+01, -1.132151933902198e+01
s737        , -2.165426899727042e+01, -2.080530266757761e+01, -1.374291576809966e+01
s738        , -1.806822955624155e+01, -1.863361144481642e+01, -1.084214146542245e+01
s739        , -1.955458939471557e+01, -2.004603160173753e+01, -1.272874120521917e+01
s740        , -1.834079412742093e+01, -1.877147425650078e+01, -1.102628776450836e+01
s741        , -2.108323768665554e+01, -2.041894663324028e+01, -1.322685176952391e+01
s742        , -1.784982580383593e+01, -1.795503784768412e+01, -9.935756233301886e+00
s743        , -2.007117762213282e+01, -2.094519402866256e+01, -1.392977164390222e+01
s744        , -2.048858578542649e+01, -2.061338190654366e+01, -1.348656311265646e+01
s745        , -2.120349313282904e+01, -2.037699929419961e+01, -1.317082181375508e+01
s746        , -1.892251493836264e+01, -1.803626836043368e+01, -1.004425756236174e+01
s747        , -2.116880416688591e+01, -1.997101170858668e+01, -1.262853553327061e+01
s748        , -2.167842994358758e+01, -2.077377890240271e+01, -1.370080880234662e+01
s749        , -2.059667445248301e+01, -2.003063445310364e+01, -1.270817490526658e+01
s750        , -2.032384862658092e+01, -2.131737299158904e+01, -1.442689902570446e+01
s751        , -2.236553637276776e+01, -2.243185960334267e+01, -1.591554257234194e+01
s752        , -1.716732359631470e+01, -1.768047083733381e+01, -9.569011219259588e+00
s753        , -2.206691124025960e+01, -2.284430229310530e+01, -1.646645107316894e+01
s754        , -1.859855862913608e+01, -1.930373785002072e+01, -1.173724360305073e+01
s755        , -2.251644582892857e+01, -2.164577042829191e+01, -1.486554648878237e+01
s756        , -2.026279534630465e+01, -2.094274441089559e+01, -1.392649963718445e+01
s757        , -1.901185247831666e+01, -1.981804326620385e+01, -1.242421232095846e+01
s758        , -1.866312886885699e+01, -1.940738564542996e+01, -1.187568817486697e+01
s759        , -2.105033567951521e+01, -2.148232378981447e+01, -1.464722732637792e+01
s760        , -1.976737462921502e+01, -1.878536519742409e+01, -1.104484219068462e+01
s761        , -2.282845273202710e+01, -2.284087821044789e+01, -1.646187745290527e+01
s762        , -1.737428124739802e+01, -1.717626510998950e+01, -8.895532871226553e+00
s763        , -2.048674857080450e+01, -2.080796000223229e+01, -1.374646522669631e+01
s764        , -1.996103637141938e+01, -1.975098983938017e+01, -1.233464762806015e+01
s765        , -1.985538741097363e+01, -1.992136753707901e+01, -1.256222475415163e+01
s766        , -1.902823974868692e+01, -1.939070805904533e+01, -1.185341156689058e+01
s767        , -2.019726225103009e+01, -1.982754053004347e+01, -1.243689801890804e+01
s768        , -2.180287541987858e+01, -2.138527481337034e+01, -1.451759693784951e+01
s769        , -2.332774774981945e+01, -2.299815023879099e+01, -1.667194905680831e+01
s770        , -2.255011500408412e+01, -2.279640089407849e+01, -1.640246815243743e+01
s771        , -1.837836194936116e+01, -1.759438792157393e+01, -9.454028431965213e+00
s772        , -2.036442085092615e+01, -2.006093423651808e+01, -1.274864697246661e+01
s773        , -2.207703951964118e+01, -2.170148993343134e+01, -1.493997222066005e+01
s774        , -2.410464814655394e+01, -2.371930606385516e+01, -1.763521227933603e+01
s775        , -2.145476048405246e+01, -2.068558900157010e+01, -1.358301167013479e+01
s776        , -1.783304251394927e+01, -1.781491655216064e+01, -9.748593229163770e+00
s777        , -1.926023008452307e+01, -1.968004783974557e+01, -1.223988888548948e+01
s778        , -1.976550707196644e+01, -1.931100511446418e+01, -1.174695064322632e+01
s779        , -2.301809423461469e+01, -2.299256590067227e+01, -1.666448993723253e+01
s780        , -1.989864127452180e+01, -2.069065904103325e+01, -1.358978383002295e+01
s781        , -1.803783397921168e+01, -1.724733332423367e+01, -8.990460201344197e+00
s782        , -2.003060740563550e+01, -1.997255722224211e+01, -1.263059990883612e+01
s783        , -2.170310297580588e+01, -2.033338984378769e+01, -1.311257174036392e+01
s784        , -1.828106793020000e+01, -1.946589376301169e+01, -1.195383871588325e+01
s785        , -1.904288077315707e+01, -1.853971785711682e+01, -1.071672579696528e+01
s786        , -2.022975758111321e+01, -1.960834350913891e+01, -1.214411188117392e+01
s787        , -1.858814151939532e+01, -2.038311248852651e+01, -1.317898733785210e+01
s788        , -1.926046054059691e+01, -1.919889385874966e+01, -1.159720124689913e+01
s789        , -2.212378523930028e+01, -2.151597965554048e+01, -1.469218218432878e+01
s790        , -2.174169856486492e+01, -2.108242873576854e+01, -1.411307897030119e+01
s791        , -1.907773631846257e+01, -1.932278425641537e+01, -1.176268429445698e+01
s792        , -2.217884458062024e+01, -2.170965920422855e+01, -1.495088408996808e+01
s793        , -2.046845693654859e+01, -1.958770699214928e+01, -1.211654724511844e+01
s794        , -1.973890233992908e+01, -1.877417627153174e+01, -1.102989690363693e+01
s795        , -2.098054198937622e+01, -2.063803502980640e+01, -1.351949281541151e+01
s796        , -1.872193723420701e+01, -1.841125191554621e+01, -1.054513109778726e+01
s797        , -1.738396768625594e+01, -1.894626264162353e+01, -1.125975633990089e+01
s798        , -1.812351947027918e+01, -1.896828736313210e+01, -1.128917523035183e+01
s799        , -2.115781411801412e+01, -1.903778451934727e+01, -1.138200406473916e+01
s800        , -2.197753832223543e+01, -2.117496114240677e+01, -1.423667648017176e+01
s801        , -2.000340332694237e+01, -1.996035532604867e+01, -1.261430157574397e+01
s802        , -2.346278750692302e+01, -2.318170389241762e+01, -1.691712558836220e+01
s803        , -2.201425716118592e+01, -2.154952345794262e+01, -1.473698735690690e+01
s804        , -1.618324989548500e+01, -1.652357529987059e+01, -8.023721165690914e+00
s805        , -2.141738653455062e+01, -2.059791047891042e+01, -1.346589759665959e+01
s806        , -2.157933013723432e+01, -2.174014707132367e+01, -1.499160738455345e+01
s807        , -1.912040169626662e+01, -2.090568015854601e+01, -1.387699212449721e+01
s808        , -2.304047586711122e+01, -2.231925260668227e+01, -1.576513100425593e+01
s809        , -2.047218776779852e+01, -2.069992890168427e+01, -1.360216578068152e+01
s810        , -2.119146876442327e+01, -2.275958620895608e+01, -1.635329399202043e+01
s811        , -2.180116494254657e+01, -2.155270902855268e+01, -1.474124239153990e+01
s812        , -2.372646511684069e+01, -2.323595582386820e+01, -1.698959105075071e+01
s813        , -2.269928091374550e+01, -2.218836267839851e+01, -1.559029853430560e+01
s814        , -1.832573741415099e+01, -1.954244920866913e+01, -1.205609545807827e+01
s815        , -2.057906464758977e+01, -1.957228786570142e+01, -1.209595158893081e+01
s816        , -1.808215553271357e+01, -1.799608925645799e+01, -9.990589475897265e+00
s817        , -2.152086258044021e+01, -2.231738089634852e+01, -1.576263092082728e+01
s818        , -2.057353864229959e+01, -2.043054177632226e+01, -1.324233964953907e+01
s819        , -2.244567325669163e+01, -2.189588429902687e+01, -1.519962892249439e+01
s820        , -2.103220827040201e+01, -2.167607173908597e+01, -1.490602059613594e+01
s821        , -2.251724700203312e+01, -2.253929447240765e+01, -1.605904561924332e+01
s822        , -1.967652212859418e+01, -2.049894042104725e+01, -1.333370117869049e+01
s823        , -1.898228811729100e+01, -1.928313926778726e+01, -1.170972963725846e+01
s824        , -2.375965705343503e+01, -2.358965859953314e+01, -1.746203939500931e+01
s825        , -2.074394606294202e+01, -1.955400759411808e+01, -1.207153424013870e+01
s826        , -2.229590893513048e+01, -2.190933356779820e+01, -1.521759339775349e+01
s827        , -2.030439908572953e+01, -1.841787335620812e+01, -1.055397549735818e+01
s828        , -2.126632247755481e+01, -2.090385979337373e+01, -1.387456062389625e+01
s829        , -1.836528680868646e+01, -1.749214709709175e+01, -9.317463181236173e+00
s830        , -2.038358031572328e+01, -2.080259116291310e+01, -1.373929395346507e+01
s831        , -2.014217587228185e+01, -1.949805735646100e+01, -1.199680031391415e+01
s832        , -1.638297894992474e+01, -1.733493995031099e+01, -9.107478241020306e+00
s833        , -2.087813803835245e+01, -2.007268040186195e+01, -1.276433657613926e+01
s834        , -2.163260872857058e+01, -2.205137615591307e+01, -1.540732271339970e+01
s835        , -1.845033213930005e+01, -1.776543429866827e+01, -9.682498727392602e+00
s836        , -2.085703068105029e+01, -2.072405415803065e+01, -1.363439040033352e+01
s837        , -1.604298594536770e+01, -1.681545476021940e+01, -8.413590788584461e+00
s838        , -1.819387371328009e+01, -1.776952627384226e+01, -9.687964465941205e+00
s839        , -2.199016371973259e+01, -2.149925801618185e+01, -1.466984673385507e+01
s840        , -1.816847175772266e+01, -1.849169534412555e+01, -1.065258110172728e+01
s841        , -2.076446728280485e+01, -2.066655012172246e+01, -1.355758103209795e+01
s842        , -1.719569444321167e+01, -1.770008732510650e+01, -9.595213380526074e+00
s843        , -1.999816334280537e+01, -1.955873601354254e+01, -1.207785009085220e+01
s844        , -1.581596700213373e+01, -1.622961236026714e+01, -7.631068595102650e+00
s845        , -2.003183538643507e+01, -2.014379313278601e+01, -1.285932336813607e+01
s846        , -2.166933569232110e+01, -2.123472879952788e+01, -1.431650941502504e+01
s847        , -2.001719781047365e+01, -1.991801628317680e+01, -1.255774841281019e+01
s848        , -1.670780899311153e+01, -1.747004269377437e+01, -9.287937858093079e+00
s849        , -2.103364362191806e+01, -2.077691963907137e+01, -1.370500395132749e+01
s850        , -1.674889176362534e+01, -1.624468299370671e+01, -7.651198761743474e+00
s851        , -1.887785873496733e+01, -2.014794184210852e+01, -1.286486488769737e+01
s852        , -1.916613881673827e+01, -1.966541856573468e+01, -1.222034825205465e+01
s853        , -2.151831650372089e+01, -2.122995871223690e+01, -1.431013790765319e+01
s854        , -2.092228526657664e+01, -1.995869145856611e+01, -1.261207911244629e+01
s855        , -1.984690981488844e+01, -1.886027328035199e+01, -1.114489851533273e+01
s856        , -1.857995804240183e+01, -1.848951412489276e+01, -1.064966760065831e+01
s857        , -2.294003947989728e+01, -2.285187802089757e+01, -1.647657013442110e+01
s858        , -2.107902559750898e+01, -2.095565014874541e+01, -1.394373810659459e+01
s859        , -1.829183386036745e+01, -1.850752665571837e+01, -1.067372732240765e+01
s860        , -2.148418071954308e+01, -2.140347613734478e+01, -1.454190883463593e+01
s861        , -2.060440939951398e+01, -1.963931274360951e+01, -1.218547814843344e+01
s862        , -1.983634035476443e+01, -1.910027171606008e+01, -1.146546954665072e+01
s863        , -2.017821382918477e+01, -2.111679333139537e+01, -1.415898049390243e+01
s864        , -2.145828954671971e+01, -2.042440164961831e+01, -1.323413815129136e+01
s865        , -2.179521899962700e+01, -2.184367308786414e+01, -1.512988929373634e+01
s866        , -2.240641608733365e+01, -2.187869031655141e+01, -1.517666255324136e+01
s867        , -1.970162478711471e+01, -1.873738869866060e+01, -1.098075895763244e+01
s868        , -1.579821539399930e+01, -1.554258403725017e+01, -6.713390205223103e+00
s869        , -1.927595790821999e+01, -1.953450902497946e+01, -1.204548958530773e+01
s870        , -1.834436146157947e+01, -1.912138482671799e+01, -1.149367077903779e+01
s871        , -1.954632707936713e+01, -2.022094094378317e+01, -1.296237134535441e+01
s872        , -2.222687656829416e+01, -2.218725083299941e+01, -1.558881341868306e+01
s873        , -2.174135075548704e+01, -2.084165636097792e+01, -1.379147417203747e+01
s874        , -2.306987923711809e+01, -2.350752032226632e+01, -1.735232554551518e+01
s875        , -2.178123430913379e+01, -2.143829644128776e+01, -1.458841905755832e+01
s876        , -2.287277527114560e+01, -2.222194753705553e+01, -1.563515854659937e+01
s877        , -2.189016288213647e+01, -2.108729744252268e+01, -1.411958220579418e+01
s878        , -1.876974537203656e+01, -1.892491230685929e+01, -1.123123824221345e+01
s879        , -1.761744622782913e+01, -1.780228309200089e+01, -9.731718446873725e+00
s880        , -1.792977215528789e+01, -1.873092495220536e+01, -1.097212519357803e+01
s881        , -2.116921283478955e+01, -1.898729569906446e+01, -1.131456507022932e+01
s882        , -1.809005639564229e+01, -1.856202422126854e+01, -1.074652088350396e+01
s883        , -1.958200153707774e+01, -2.056263654781137e+01, -1.341878145426599e+01
s884        , -1.866641101726497e+01, -1.916719290795010e+01, -1.155485761052671e+01
s885        , -1.949202935470739e+01, -2.030922854442378e+01, -1.308029897728437e+01
s886        , -1.753621319174707e+01, -1.692873720996442e+01, -8.564904573767452e+00
s887        , -2.072504645987743e+01, -2.038366742559771e+01, -1.317972857913857e+01
s888        , -2.163711888094086e+01, -2.206847690176520e+01, -1.543016454450560e+01
s889        , -1.784767272504274e+01, -1.785551772772500e+01, -9.802825085654792e+00
s890        , -2.036577167825686e+01, -2.014236326966218e+01, -1.285741346945320e+01
s891        , -1.925489904031788e+01, -1.972460318151816e+01, -1.229940240615316e+01
s892        , -1.797999052112338e+01, -1.931942790151789e+01, -1.175820113960733e+01
s893        , -2.224398236502422e+01, -2.298475556433079e+01, -1.665405750433545e+01
s894        , -2.015695897880840e+01, -1.955545810395549e+01, -1.207347171707744e+01
s895        , -1.853378696029952e+01, -1.898519333333916e+01, -1.131175689547277e+01
s896        , -2.478440805107692e+01, -2.450702517020722e+01, -1.868738549691191e+01
s897        , -2.202247365131235e+01, -2.259266386635816e+01, -1.613033225746265e+01
s898        , -2.008627742560493e+01, -1.969938420190004e+01, -1.226571687699079e+01
s899        , -1.802005794967191e+01, -1.795754422344351e+01, -9.939104052881145e+00
s900        , -1.770516073583232e+01, -1.806548993505067e+01, -1.008328944306573e+01
s901        , -2.425916197575684e+01, -2.369204954073531e+01, -1.759880515984422e+01
s902        , -1.641892815066793e+01, -1.658615425670835e+01, -8.107309213559219e+00
s903        , -2.332207101034287e+01, -2.355579072970577e+01, -1.741680135865682e+01
s904        , -2.132463334662818e+01, -1.959859745200440e+01, -1.213109386471195e+01
s905        , -2.166343218809494e+01, -2.246697502284143e+01, -1.596244698740894e+01
s906        , -1.790842270146736e+01, -1.772989799987603e+01, -9.635032134873184e+00
s907        , -1.911599503394165e+01, -2.008553644255900e+01, -1.278150866400208e+01
s908        , -2.062377494321661e+01, -2.010451171019030e+01, -1.280685433384428e+01
s909        , -2.034650826700463e+01, -2.052893122395652e+01, -1.337376053403717e+01
s910        , -1.701866755175476e+01, -1.670442477688134e+01, -8.265285670841134e+00
s911        , -1.800428066961873e+01, -1.845331994728198e+01, -1.060132226536410e+01
s912        , -2.018815932170212e+01, -2.037218542903969e+01, -1.316439183134962e+01
s913        , -1.735412329082851e+01, -1.769221971606745e+01, -9.584704447264846e+00
s914        , -2.004618788210774e+01, -2.066280459749020e+01, -1.355257805546430e+01
s915        , -1.937730144245923e+01, -1.910126055223035e+01, -1.146679035622171e+01
s916        , -2.191302790761547e+01, -2.207939412725229e+01, -1.544474691552482e+01
s917        , -1.792924589211810e+01, -1.742095691544406e+01, -9.222372936655283e+00
s918        , -2.621730238337609e+01, -2.563387695776740e+01, -2.019254547270460e+01
s919        , -1.919355775511356e+01, -1.892121314615737e+01, -1.122629719433650e+01
s920        , -1.675861595936722e+01, -1.629854089224852e+01, -7.723137905968420e+00
s921        , -2.192756432754418e+01, -2.135563540308315e+01, -1.447800694512565e+01
s922        , -2.290193110331377e+01, -2.279220770553358e+01, -1.639686722102975e+01
s923        , -1.925371616601646e+01, -1.959419929534053e+01, -1.212521915301445e+01
s924        , -1.798705044323696e+01, -1.852796189460613e+01, -1.070102310700787e+01
s925        , -2.338449219749342e+01, -2.345091387376606e+01, -1.727671510446610e+01
s926        , -1.762302148317026e+01, -1.801778661182349e+01, -1.001957109640604e+01
s927        , -1.720744831710588e+01, -1.725103046569352e+01, -8.995398552076423e+00
s928        , -1.827654667645005e+01, -1.890850283345912e+01, -1.120931975847101e+01
s929        , -2.066098735264480e+01, -2.076799579319036e+01, -1.369308417997999e+01
s930        , -1.982419875205301e+01, -2.047872078679209e+01, -1.330669338179829e+01
s931        , -2.184683786579889e+01, -2.225070524867435e+01, -1.567357083559946e+01
s932        , -2.007807490293144e+01, -2.039697739978102e+01, -1.319750699564435e+01
s933        , -2.186904116931162e+01, -2.235315312279767e+01, -1.581041264695191e+01
s934        , -1.595875499840616e+01, -1.670016138534249e+01, -8.259590967796566e+00
s935        , -1.706347068237267e+01, -1.710444392004924e+01, -8.799599775405717e+00
s936        , -1.818003510858343e+01, -1.781555295971181e+01, -9.749443292308623e+00
s937        , -2.175658784400171e+01, -2.111838950364826e+01, -1.416111253523746e+01
s938        , -2.010166135357230e+01, -2.009288785559929e+01, -1.279132810325392e+01
s939        , -1.813809060682595e+01, -1.744064265172904e+01, -9.248667594637164e+00
s940        , -2.094308051046411e+01, -2.017429279992735e+01, -1.290006242429495e+01
s941        , -1.827480816862776e+01, -1.884372051661078e+01, -1.112278863562445e+01
s942        , -1.770857434290158e+01, -1.796585522448779e+01, -9.950205234304228e+00
s943        , -1.938132201948424e+01, -1.935776859052588e+01, -1.180941361597397e+01
s944        , -1.770272330222015e+01, -1.844549985711510e+01, -1.059087680407433e+01
s945        , -1.924477319915050e+01, -1.914596062766312e+01, -1.152649720072342e+01
s946        , -2.185513295241253e+01, -2.125829802364615e+01, -1.434799133056614e+01
s947        , -2.017292248813791e+01, -2.022873352906801e+01, -1.297278006778638e+01
s948        , -1.792501053388721e+01, -1.837017508418062e+01, -1.049026389769367e+01
s949        , -2.005207290213696e+01, -2.061912118183287e+01, -1.349422918511668e+01
s950        , -2.257823345395823e+01, -2.236416375283344e+01, -1.582511978041973e+01
s951        , -1.571913272603913e+01, -1.658409288649180e+01, -8.104555797378394e+00
s952        , -2.233989362366768e+01, -2.245634664603876e+01, -1.594825043774054e+01
s953        , -2.342860552534396e+01, -2.349186447476730e+01, -1.733141369596869e+01
s954        , -2.204077204416149e+01, -2.267984692907726e+01, -1.624678453452382e+01
s955        , -1.756302978982562e+01, -1.837795459102612e+01, -1.050065515097519e+01
s956        , -2.291971088639473e+01, -2.277674326906948e+01, -1.637621104328666e+01
s957        , -1.872997367448807e+01, -1.792138307739877e+01, -9.890802838554485e+00
s958        , -2.138547156076431e+01, -2.163881302060905e+01, -1.485625333089317e+01
s959        , -1.926386090665138e+01, -1.905871283697583e+01, -1.140995846513407e+01
s960        , -1.680470785163838e+01, -1.791700102779787e+01, -9.884949641404656e+00
s961        , -2.001579976967623e+01, -2.008107579640370e+01, -1.277555048375758e+01
s962        , -1.871905926332032e+01, -1.881593596967213e+01, -1.108567622345165e+01
s963        , -1.918665598310528e+01, -2.051815148318841e+01, -1.335936180429055e+01
s964        , -1.746488927974545e+01, -1.786386029419808e+01, -9.813968429694608e+00
s965        , -1.971186761143078e+01, -2.005245462106185e+01, -1.273732056917585e+01
s966        , -1.765956881606673e+01, -1.666577598519419e+01, -8.213661655152078e+00
s967        , -2.223688117086612e+01, -2.126429150472622e+01, -1.435599695112510e+01
s968        , -1.998239594820018e+01, -1.984377103316766e+01, -1.245857744823423e+01
s969        , -2.101894011109180e+01, -2.066507074457634e+01, -1.355560499647906e+01
s970        , -1.986554229461376e+01, -2.020498906697547e+01, -1.294106408314408e+01
s971        , -1.914500631305469e+01, -1.830985798287426e+01, -1.040969705851890e+01
s972        , -1.930540895911451e+01, -2.031229853488374e+01, -1.308439962904479e+01
s973        , -2.013055280326089e+01, -2.081983166358232e+01, -1.376232245806206e+01
s974        , -1.991254970003848e+01, -1.970971167780295e+01, -1.227951150690719e+01
s975        , -2.002907222040815e+01, -2.097561564455123e+01, -1.397040644533755e+01
s976        , -2.147573630129902e+01, -2.087955291146115e+01, -1.384209340310021e+01
s977        , -1.918950409415471e+01, -1.951846177292340e+01, -1.202405492834319e+01
s978        , -1.698999961978807e+01, -1.797016092212693e+01, -9.955956446509637e+00
s979        , -2.115978794608996e+01, -2.030860519888088e+01, -1.307946636134266e+01
s980        , -1.730989298326385e+01, -1.726079831778121e+01, -9.008445680522373e+00
s981        , -2.142850865946883e+01, -2.108457480863152e+01, -1.411594552561410e+01
s982        , -2.110948756566415e+01, -2.165199662309887e+01, -1.487386295003165e+01
s983        , -1.831465175322002e+01, -1.874354777011225e+01, -1.098898576078386e+01
s984        , -2.150201864035685e+01, -2.095669672375856e+01, -1.394513603916997e+01
s985        , -1.659952594735737e+01, -1.670277447316029e+01, -8.263081324949123e+00
s986        , -2.105203087443673e+01, -2.047747332187124e+01, -1.330502711628689e+01
s987        , -2.066592788190784e+01, -2.141482800064491e+01, -1.455707176065571e+01
s988        , -2.133344594608628e+01, -2.239999417374037e+01, -1.587297923812329e+01
s989        , -2.008246059204520e+01, -1.951457275032953e+01, -1.201886027788616e+01
s990        , -2.181814335912880e+01, -2.182554831897801e+01, -1.510567965321479e+01
s991        , -1.674874949890157e+01, -1.718462060411452e+01, -8.906693483006901e+00
s992        , -1.990187356431624e+01, -2.020531240407551e+01, -1.294149597140751e+01
s993        , -2.167451347953028e+01, -2.153499145948025e+01, -1.471757665649776e+01
s994        , -2.085856003252748e+01, -2.045869528164138e+01, -1.327994488729295e+01
s995        , -1.532250426373563e+01, -1.557689774041618e+01, -6.759223750678559e+00
s996        , -2.197589637081217e+01, -2.157656486242083e+01, -1.477310713783918e+01
s997        , -1.843774602570321e+01, -1.783565820095737e+01, -9.776298292017138e+00
s998        , -2.004154224207673e+01, -1.976851456888765e+01, -1.235805578318085e+01
s999        , -1.918982967461324e+01, -1.974656784378729e+01, -1.232874107419652e+01
s1000       , -2.386287011937712e+01, -2.364592796099313e+01, -1.753719958170641e+01
s1001       , -2.142986106465667e+01, -2.136279996463035e+01, -1.448757680285139e+01
s1002       , -1.703565403983971e+01, -1.816921748002384e+01, -1.022184053807610e+01
s1003       , -2.272857267296788e+01, -2.277062487633297e+01, -1.636803857556302e+01
s1004       , -1.957549960274314e+01, -1.890771329040488e+01, -1.120826514896733e+01
s1005       , -2.033955634118916e+01, -1.968311585673545e+01, -1.224398690124382e+01
s1006       , -2.103463075725037e+01, -2.205085793981929e+01, -1.540663052110628e+01
s1007       , -1.845815321471510e+01, -1.996259495803717e+01, -1.261729309997706e+01
s1008       , -2.105860584214290e+01, -2.070326846457683e+01, -1.360662650609192e+01
s1009       , -2.225664818829298e+01, -2.192246374175937e+01, -1.523513165126625e+01
s1010       , -2.029000137617794e+01, -2.003010575766785e+01, -1.270746871549246e+01
s1011       , -2.150175758271834e+01, -2.125829070220826e+01, -1.434798155116533e+01
s1012       , -1.789395613621291e+01, -1.764248412035564e+01, -9.518271550885707e+00
s1013       , -1.907481979836395e+01, -1.931662417975204e+01, -1.175445614862288e+01
s1014       , -1.701362802016618e+01, -1.672102942155743e+01, -8.287464849021099e+00
s1015       , -1.771043360260808e+01, -1.712401602747762e+01, -8.825742656899392e+00
s1016       , -2.325177194237830e+01, -2.266375744094432e+01, -1.622529346193021e+01
s1017       , -2.061131053204120e+01, -2.091019793381145e+01, -1.388302661331306e+01
s1018       , -1.637685178145171e+01, -1.589255444350741e+01, -7.180853144027892e+00
s1019       , -2.229355013298489e+01, -2.217211351775286e+01, -1.556859418372991e+01
s1020       , -1.626620443538163e+01, -1.719388238887256e+01, -8.919064646522903e+00
s1021       , -2.225684084822025e+01, -2.164586733742016e+01, -1.486567593237269e+01
s1022       , -1.619907626993357e+01, -1.677813531893213e+01, -8.363742414588289e+00
s1023       , -2.164326276096592e+01, -2.153730186219979e+01, -1.472066271070630e+01
s1024       , -1.814482992541786e+01, -1.819075289782009e+01, -1.025060585511844e+01
s1025       , -1.966276460675046e+01, -1.962925034976453e+01, -1.217203759427776e+01
s1026       , -1.787958226759213e+01, -1.794284262892034e+01, -9.919466819394994e+00
s1027       , -2.228548280106830e+01, -2.254854891859028e+01, -1.607140698046756e+01
s1028       , -1.939576101741603e+01, -1.976652655868492e+01, -1.235540035553574e+01
s1029       , -2.072177297910414e+01, -1.930340607540067e+01, -1.173680044461178e+01
s1030       , -2.116639743005703e+01, -2.054439281085538e+01, -1.339441290555517e+01
s1031       , -1.871817432191781e+01, -1.922202895470593e+01, -1.162810328819145e+01
s1032       , -1.793076662035363e+01, -1.915933737441667e+01, -1.154436480677597e+01
s1033       , -2.190726556241366e+01, -2.196576253002780e+01, -1.529296676660389e+01
s1034       , -1.655942363042545e+01, -1.752699307664687e+01, -9.364007699621524e+00
s1035       , -1.920990065585595e+01, -1.976874479297869e+01, -1.235836329841143e+01
s1036       , -1.624542641970273e+01, -1.589950387452801e+01, -7.190135647319106e+00
s1037       , -1.865413258865576e+01, -1.945541221432436e+01, -1.193983828766132e+01
s1038       , -2.303917859954092e+01, -2.265044202103558e+01, -1.620750777145275e+01
s1039       , -2.268866240524940e+01, -2.306235846786464e+01, -1.675771335836516e+01
s1040       , -2.002650999928207e+01, -2.070697218639052e+01, -1.361157364634317e+01
s1041       , -2.439240447433291e+01, -2.410106806474409e+01, -1.814513992941386e+01
