# c0 + a0 * ((O - NBI) * (face-area-avg * NBI))
# Property Label: $E$; Unit of the Property: Unitless
# RMSE: 0.708005709157566; Max AE: 2.63818540679264
# Coefficients
# Task   a0                      c0
# all ,  4.078924391939822e+00,  1.227774142420036e-01, 
# Feature Rung, Units, and Expressions
# 0;  2; Unitless;                                         11|4|sub|32|4|mult|mult; ((O - NBI) * (face-area-avg * NBI)); $\left(\left(O - NBI\right) \left(face-area-avg NBI\right)\right)$; ((O - NBI) .* (face_sub_area_sub_avg .* NBI)); ((newdata$O - newdata$NBI) * (newdata$face_sub_area_sub_avg * newdata$NBI)); O,NBI,face-area-avg,NBI
# Number of Samples Per Task
# Task, n_samples               
# all , 1041                  

# Sample ID , Property Value        ,  Property Value (EST) ,  Feature 0 Value      
s1          ,  6.774572406644882e-01,  1.688040058146175e-01,  1.128400214124218e-02
s2          ,  1.967875961713064e+00,  1.622312911535959e-01,  9.672617857186906e-03
s3          , -1.271285198486554e+00, -6.946682621715716e-01, -2.004071656804653e-01
s4          , -1.922048452937919e-01, -5.447813385415790e-01, -1.636604870888794e-01
s5          ,  2.455067115358116e-01, -2.014686995344038e-01, -7.949304341535122e-02
s6          ,  1.771859120156342e-01,  2.347827879200370e-01,  2.745953661199560e-02
s7          , -1.787554844087500e-01,  3.340811496434508e-01,  5.180378822882695e-02
s8          ,  1.258527874893824e+00, -4.125280066791214e-01, -1.312369069598147e-01
s9          ,  1.207996528852184e+00,  9.210411922850511e-01,  1.957044802351474e-01
s10         , -3.778119871449526e-01,  6.041553622424592e-02, -1.528880460274972e-02
s11         ,  2.051916464504999e-01, -1.012966141261080e+00, -2.784419239903968e-01
s12         , -9.030892502610830e-01, -3.500477946858598e-02, -3.868230409525997e-02
s13         , -1.915336013610817e+00, -4.664607351392147e-01, -1.444591987401348e-01
s14         , -4.972857440368104e-01, -1.202277162545617e+00, -3.248539196769623e-01
s15         ,  9.892906044607527e-01,  5.225001887205017e-01,  9.799710317464386e-02
s16         ,  7.196956197004112e-01,  6.017277319980492e-01,  1.174207393259060e-01
s17         , -8.233048349290433e-01, -3.807179554799635e-01, -1.234382698333172e-01
s18         ,  6.436893120625885e-01,  1.790256211802143e-01,  1.378996066937653e-02
s19         ,  6.782210382119218e-01,  1.783688375971727e+00,  4.071933681859304e-01
s20         ,  1.358387811126361e-01, -6.329856604118475e-01, -1.852848942596927e-01
s21         ,  1.192439177417436e+00,  5.029342773162492e-01,  9.320027206816003e-02
s22         , -1.675888320916539e+00, -1.294544427392107e+00, -3.474744088012064e-01
s23         ,  1.682267394333138e+00,  1.603391064353842e+00,  3.629911976396553e-01
s24         , -5.344901610254715e-02,  7.674988011505297e-02, -1.128423322038122e-02
s25         ,  7.630444568978922e-01,  1.026783410533728e+00,  2.216285249312514e-01
s26         , -7.690353008448225e-01, -1.163499773102715e+00, -3.153471512947073e-01
s27         ,  1.318355805735755e-01,  1.808129721199395e-01,  1.422815240032824e-02
s28         , -1.557515501210242e+00, -1.189512813070608e+00, -3.217245776621329e-01
s29         ,  1.315402392066626e+00,  1.389440880942873e+00,  3.105385991473307e-01
s30         , -1.602536800620832e+00, -5.009179888875660e-01, -1.529068311150915e-01
s31         , -6.577868421803238e-01,  1.079841714045801e-01, -3.626750931362141e-03
s32         ,  1.122204297021453e+00,  5.533798295427494e-01,  1.055676384077233e-01
s33         ,  1.732999170998263e+00,  8.500981529451546e-01,  1.783118951997190e-01
s34         ,  1.815120104294484e+00,  2.832164436345421e-01,  3.933366102827864e-02
s35         ,  5.934117724273275e-01,  7.705281380357732e-01,  1.588042977883485e-01
s36         ,  9.702627198604924e-01,  6.434061387305133e-02, -1.432652208126892e-02
s37         ,  1.142962175227537e+00,  1.026651172486369e-01, -4.930784457076409e-03
s38         ,  2.376281988155590e-01,  5.356600572446237e-01,  1.012234116961076e-01
s39         , -9.901628269429662e-01,  1.945697227550127e-01,  1.760079413457006e-02
s40         , -6.175077579414836e-01,  1.852195770340186e-01,  1.530848743247220e-02
s41         , -6.558266813617915e-01, -1.029713541332168e-01, -5.534517109984002e-02
s42         , -1.132806252875512e-01, -3.952392506305043e-01, -1.269983493433066e-01
s43         ,  3.987508132795206e-01,  5.421758758412372e-01,  1.028208471890256e-01
s44         , -1.257042213831158e-02, -2.139557554026703e-01, -8.255440338881423e-02
s45         , -2.453536714432208e-01, -2.221790695149582e-02, -3.554744027126810e-02
s46         ,  4.319604697532172e-01, -1.594443475379675e-01, -6.919024101982788e-02
s47         , -5.858250576994644e-01, -3.410529539796458e-01, -1.137138921079792e-01
s48         , -1.351740028810569e+00, -1.778024754592900e+00, -4.660057373436469e-01
s49         ,  1.400180920836999e+00,  5.322919249169589e-02, -1.705062782917447e-02
s50         ,  6.339509690024701e-01, -3.166675561547621e-01, -1.077355028362705e-01
s51         ,  9.663578673416964e-01,  9.164381357074444e-01,  1.945759825883897e-01
s52         ,  1.470345916377529e-01, -5.171906225477024e-01, -1.568962734524616e-01
s53         , -1.879048126514940e+00,  2.995388846580983e-01,  4.333531427191568e-02
s54         ,  2.462378298792408e+00,  1.892459510421696e+00,  4.338599900691175e-01
s55         ,  2.147693442064033e-01, -3.089648032176596e-01, -1.058470753497685e-01
s56         ,  1.250856345991485e+00,  1.124930620732008e+00,  2.456905571650982e-01
s57         ,  3.470878239384724e-01,  1.004631498208657e+00,  2.161977029310093e-01
s58         ,  2.650904256602346e+00,  5.237247089575121e-01,  9.829730982702263e-02
s59         ,  2.436955679659398e-02,  7.153036324835789e-02, -1.256386391836845e-02
s60         , -1.350996154759193e+00, -1.239198709474031e+00, -3.339057047508344e-01
s61         , -1.175408395594881e+00, -7.117760634278475e-01, -2.046013599366967e-01
s62         ,  5.137509822735412e-02, -8.990661355317763e-02, -5.214218439926381e-02
s63         ,  1.630781368412474e+00,  8.523143392307715e-01,  1.788552213496217e-01
s64         , -7.346563779561162e-02,  1.392902282681855e+00,  3.113872056441370e-01
s65         ,  6.477994742971301e-01,  6.084093492654038e-01,  1.190588224638426e-01
s66         ,  1.102507059534665e+00,  4.610477791604324e-01,  8.293126628845331e-02
s67         , -2.689254974131806e-01,  2.989685638948483e-01,  4.319549291009367e-02
s68         ,  1.634793292022643e+00,  9.660559078837492e-01,  2.067404081595899e-01
s69         ,  3.008420412735001e-01,  9.802642019852494e-01,  2.102237514962736e-01
s70         ,  4.428344099007711e-01,  3.210992025291235e-01,  4.862109939547167e-02
s71         , -2.587880550234566e-02, -5.685004308693535e-01, -1.694755231250082e-01
s72         ,  3.320850724266521e-01,  1.013577360646861e+00,  2.183908944635325e-01
s73         , -1.001377721869569e+00,  3.585525179684879e-02, -2.131006954110690e-02
s74         ,  1.535377236435878e+00,  1.154779253118827e+00,  2.530083276160048e-01
s75         ,  2.223324131252060e-01,  3.819139531419705e-01,  6.353060611077639e-02
s76         , -5.720277382811452e-01, -6.124516361534433e-01, -1.802507180197554e-01
s77         , -1.197863875151751e+00, -6.193423127322043e-01, -1.819400546969385e-01
s78         , -1.436625202734528e+00, -7.802902823091286e-01, -2.213984888603583e-01
s79         ,  4.409066269069510e-01,  4.963429103029591e-01,  9.158431492359639e-02
s80         ,  6.309139277294878e-01,  3.390253538540215e-01,  5.301592254059322e-02
s81         , -1.685326208098238e+00, -3.849263040643979e-01, -1.244699998140814e-01
s82         , -1.663665661245249e-01, -2.396176429006635e-01, -8.884574027868217e-02
s83         , -1.321966357459877e+00, -9.795745581393195e-01, -2.702555542729919e-01
s84         ,  1.425519064192979e+00, -1.771915944547251e-01, -7.354120348234056e-02
s85         , -6.984731689207798e-01,  4.086685557649122e-02, -2.008141137094184e-02
s86         , -2.932580333118892e-01,  2.691262927727208e-01,  3.587928200383185e-02
s87         ,  3.346071912195332e-02, -6.662667424869283e-02, -4.643481229143871e-02
s88         , -7.344698336486584e-02, -2.670071314622802e-01, -9.556062046026628e-02
s89         ,  2.903456543575506e-01,  3.254928373260693e-01,  4.969825463905203e-02
s90         ,  3.160753830639385e-01, -2.595338318485144e-03, -3.073671892723292e-02
s91         ,  4.911838748491691e-01,  1.074706070023397e+00,  2.333773721480243e-01
s92         , -8.899315452749768e-01, -6.723971083477468e-01, -1.949471101158577e-01
s93         ,  8.806558878772817e-01,  3.107822428885355e-01,  4.609176601018634e-02
s94         ,  2.174850994919374e-01,  4.543305759701465e-01,  8.128445881058992e-02
s95         , -7.665153489308597e-01, -9.982931476525206e-01, -2.748446536812060e-01
s96         ,  5.275622810365228e-01,  9.878310391795898e-02, -5.882509215286919e-03
s97         ,  2.030602111680013e+00,  2.040329488515893e+00,  4.701121889052609e-01
s98         , -9.469867286116609e-01, -9.864156380288440e-02, -5.428366813624298e-02
s99         , -9.198822372946849e-01, -1.267831436678895e+00, -3.409253806392729e-01
s100        , -4.843791818667553e-01,  1.279164208325399e-01,  1.259892583616222e-03
s101        , -2.042448773263304e-01,  2.679176452887085e-01,  3.558296675797915e-02
s102        , -5.164158759195604e-01, -1.320008225795992e+00, -3.537171816396056e-01
s103        ,  1.172650799800637e-01,  5.531258147310325e-01,  1.055053634579305e-01
s104        , -1.768695959917696e+00, -1.332568903006003e+00, -3.567965908178760e-01
s105        ,  5.247327840013729e-01,  3.675687272472569e-01,  6.001369220988122e-02
s106        ,  5.297962102782025e-01,  1.370432841444511e+00,  3.058785374075438e-01
s107        ,  1.497385912477808e-01, -7.917537248389416e-01, -2.242088970533773e-01
s108        ,  4.406641357796892e-01,  1.003374100756630e+00,  2.158894360127718e-01
s109        , -6.596772585897818e-01, -5.777425629984866e-01, -1.717413489263876e-01
s110        ,  1.094420195469493e+00, -1.195669987998322e-01, -5.941380367842113e-02
s111        ,  3.915962330096326e-01,  7.029442569909958e-01,  1.422352529739050e-01
s112        ,  8.365523515867515e-01,  3.418283221998236e-01,  5.370310574784778e-02
s113        , -1.291655352083360e-01,  3.266094609423626e-01,  4.997200906767047e-02
s114        ,  1.376602311009741e+00,  4.336105996781894e-01,  7.620469407337122e-02
s115        ,  2.854337653329592e+00,  6.911422619173658e-01,  1.393418443348649e-01
s116        , -4.031277243707178e-01,  1.710706053597524e-01,  1.183968774051776e-02
s117        , -1.548008576871541e+00, -8.367040800764803e-01, -2.352290462197515e-01
s118        , -1.376296935489929e+00, -9.626289838526524e-01, -2.661011320139884e-01
s119        ,  1.159776550977451e-01, -3.252089629285902e-02, -3.807334866067647e-02
s120        , -1.608916416404319e-01,  4.205922021551471e-01,  7.301306896044504e-02
s121        ,  3.197271174130288e-01,  8.935754096125799e-01,  1.889708955855410e-01
s122        , -1.530552753436365e+00, -8.423531964873687e-01, -2.366139986895867e-01
s123        , -1.233881263109963e+00, -1.283745289844043e+00, -3.448268633920777e-01
s124        , -5.427146006639550e-01,  6.642187564794544e-02, -1.381627438484022e-02
s125        ,  9.732454451545894e-01, -4.711039461300950e-01, -1.455975407501156e-01
s126        , -1.840471966312827e-01, -1.797450023300558e-01, -7.416720377800094e-02
s127        , -1.081994746251625e+00, -1.128733123549695e+00, -3.068236666177858e-01
s128        ,  4.539347974729817e-01,  7.885029541459141e-01,  1.632110517222189e-01
s129        , -9.281932508350824e-01, -5.546321605102154e-01, -1.660755409173108e-01
s130        , -7.213314288938638e-01,  2.365877503635341e-01,  2.790204602625781e-02
s131        , -2.205996399193568e-01, -4.996254549839298e-02, -4.234938997195932e-02
s132        , -1.239159936584262e+00, -4.513724586639968e-01, -1.407601165740047e-01
s133        , -3.218370754810609e-01,  1.240179025719725e-02, -2.705998282363719e-02
s134        , -1.004593496203065e+00, -5.539217405886355e-01, -1.659013724715844e-01
s135        ,  9.616883013837800e-01,  1.847525869913328e-01,  1.519399890613212e-02
s136        ,  1.177397001560173e+00,  8.296883392022059e-01,  1.733081707415556e-01
s137        , -1.190015539084228e+00, -1.248419646854558e-02, -3.316109780750864e-02
s138        ,  2.514478411301381e-01,  1.940563543085008e-01,  1.747493535485687e-02
s139        , -1.987650229798378e-01,  8.806804189989026e-02, -8.509442442890321e-03
s140        , -1.883191692860165e-02, -4.331597879157414e-01, -1.362950495616706e-01
s141        ,  4.763479271249645e-01,  4.673787818133213e-01,  8.448339181090704e-02
s142        , -1.264849480226229e+00, -1.346901912970841e+00, -3.603105098287705e-01
s143        ,  5.343202969822768e-02,  5.539950279786597e-01,  1.057184620996569e-01
s144        ,  1.580293395785219e-01,  1.089832778360487e-01, -3.381807329700158e-03
s145        ,  9.188749641933952e-01,  7.085006915400566e-01,  1.435974833109126e-01
s146        ,  8.965084025411505e-01,  6.571023739488366e-01,  1.309965344694029e-01
s147        ,  6.848734553557310e-01,  8.262510667225431e-01,  1.724654798384206e-01
s148        ,  2.946101194283518e-01,  2.637351613793803e-01,  3.455757783005661e-02
s149        , -1.049624548293927e+00, -2.285332925413572e-01, -8.612827133485730e-02
s150        ,  3.591106519707902e-01,  4.446821510026595e-01,  7.891902517162547e-02
s151        , -1.331621263631160e-02, -4.565161095088401e-02, -4.129250974244891e-02
s152        ,  6.334057303004041e-01, -2.531326515065901e-01, -9.215911589129051e-02
s153        ,  1.034338109925286e+00,  2.200802330953805e-01,  2.385501899609923e-02
s154        , -3.383324211856340e-02, -6.222618060521333e-02, -4.535597551472004e-02
s155        ,  1.136039203602913e+00, -4.417699900182075e-01, -1.384059497096312e-01
s156        , -1.392262169733224e+00, -6.489596479559279e-01, -1.892011197174741e-01
s157        , -5.253740885024729e-01,  2.244490532126468e-02, -2.459778590625544e-02
s158        ,  3.989423304234663e-01,  5.374369703600832e-01,  1.016590444621797e-01
s159        ,  5.765884380454732e-01,  4.713183452323600e-01,  8.544922570251423e-02
s160        , -8.116051377987674e-01, -1.001087849804355e+00, -2.755298103262660e-01
s161        , -3.068617279191663e-01, -1.503782786761406e-01, -6.696757935938082e-02
s162        ,  7.336330388262124e-01,  2.835356222493332e-02, -2.314920379589702e-02
s163        ,  5.366582957206302e-01, -7.267681178942141e-02, -4.791808017271741e-02
s164        ,  1.442528357282191e+00,  1.016044017852230e+00,  2.189956267332069e-01
s165        , -1.062713736405366e-01,  2.200746389387419e-01,  2.385364751771397e-02
s166        , -8.326065002207604e-01,  1.821438072560820e-01,  1.455442349737831e-02
s167        ,  3.946237056414995e-01, -1.279632404881954e-01, -6.147224871970568e-02
s168        ,  2.235679947771067e+00,  2.115945410106051e+00,  4.886503902358810e-01
s169        ,  1.625062009748738e+00,  7.908923109316814e-01,  1.637968328145306e-01
s170        ,  1.327620092596634e-01, -1.318299484009011e-01, -6.242022116076061e-02
s171        ,  5.954984467350798e-01,  4.864247377506867e-01,  8.915274924616652e-02
s172        ,  5.199772380778388e-01,  3.386899433140400e-01,  5.293369239662578e-02
s173        ,  6.222838143288129e-01,  6.085083965919271e-01,  1.190831051709991e-01
s174        ,  1.054103529053623e+00,  3.862004177049731e-01,  6.458148721351831e-02
s175        , -5.255654946879281e-01,  2.048637806373897e-01,  2.012451286363466e-02
s176        ,  9.849433920982633e-01,  1.284789763466619e+00,  2.848820516312624e-01
s177        , -4.422819104749493e-01,  3.803040795004537e-01,  6.313592518835037e-02
s178        , -6.072036959750036e-01, -6.014291277133536e-01, -1.775484104060445e-01
s179        ,  1.274608736041423e+00,  6.068512236908552e-01,  1.186768282357496e-01
s180        , -1.497077617346340e+00, -1.605509525007009e+00, -4.237114428166903e-01
s181        , -2.083438027973673e+00, -1.589904824698360e+00, -4.198857528040278e-01
s182        ,  1.836267684377070e+00,  6.501486233581756e-01,  1.292917343989720e-01
s183        ,  9.114464311238878e-01,  3.543349340358243e-01,  5.676926011460059e-02
s184        ,  1.514590021168478e+00,  7.274856928252803e-01,  1.482518969408242e-01
s185        ,  1.833338059507960e+00,  1.154219207097052e+00,  2.528710252372499e-01
s186        ,  2.453649877689343e-01,  5.483502441473993e-01,  1.043345718166169e-01
s187        ,  3.720198183543537e-01, -9.019505745163171e-02, -5.221290007593192e-02
s188        ,  1.146530015212694e+00,  7.575211614748861e-01,  1.556154726690132e-01
s189        ,  1.953473158179789e-01,  1.276010016630048e-01,  1.182563577430573e-03
s190        , -2.653274521332475e-01, -4.533708544455341e-01, -1.412500486221412e-01
s191        , -1.734213411135429e+00, -1.116042375748794e+00, -3.037123689859937e-01
s192        , -1.380433379832566e+00, -1.442910476556289e+00, -3.838482257460271e-01
s193        ,  1.331098677791819e+00,  1.022990856586169e+00,  2.206987322743802e-01
s194        ,  5.090097107027989e-01,  3.874117542015150e-01,  6.487846170486598e-02
s195        , -9.924573921340460e-02, -5.991217709285674e-01, -1.769827326530208e-01
s196        , -5.779338669443590e-01,  1.370434781137007e-02, -2.674064433412099e-02
s197        ,  2.483047809304522e-01,  3.734832101989018e-01,  6.146370264972469e-02
s198        , -5.206217556690500e-01,  9.531434119804072e-01,  2.035747461706455e-01
s199        , -5.943289801913764e-01,  2.122532399125049e-01,  2.193613243905929e-02
s200        , -1.021605773659559e+00, -8.038739565200759e-01, -2.271803254292218e-01
s201        , -1.880186336712063e-01, -4.551398633275798e-02, -4.125876932343110e-02
s202        ,  8.974446090874552e-01,  3.226196211233653e-01,  4.899384927954558e-02
s203        ,  1.491847227695687e+00,  7.337831298152447e-02, -1.211081562533849e-02
s204        ,  5.673187961114483e-01,  4.262128199213054e-01,  7.439103462640956e-02
s205        ,  7.052663182498152e-02,  2.927108184829545e-01,  4.166132732853512e-02
s206        ,  4.612958000362408e-01,  1.699251642401834e-01,  1.155886833581577e-02
s207        , -1.890335631962240e-01, -5.819494689654573e-01, -1.727727252312006e-01
s208        ,  1.196645888991632e+00,  2.681621770334051e-01,  3.564291681372908e-02
s209        ,  1.251755561530769e-01, -3.194303107926763e-01, -1.084128271434760e-01
s210        ,  4.275859111659360e-01,  3.867706153416968e-01,  6.472127838931220e-02
s211        ,  5.283027681041661e-01,  2.364781360059564e-01,  2.787517267754010e-02
s212        , -5.193859304496163e-01, -3.667807939058992e-01, -1.200213980713388e-01
s213        , -7.895660096178727e-01, -3.151694431029106e-01, -1.073682214385540e-01
s214        , -8.273130453363812e-01, -1.411471765862728e+00, -3.761406274498473e-01
s215        ,  7.097242197335737e-01, -1.062159424787236e-01, -5.614062304592618e-02
s216        , -4.103389107009319e-01,  3.223375236125302e-01,  4.892468950021930e-02
s217        ,  5.083753923761842e-01, -2.125395640028387e-01, -8.220720612214510e-02
s218        ,  1.227559854195250e+00,  6.375523875941593e-01,  1.262036075906137e-01
s219        ,  4.233903461072759e-01, -1.671019149789402e-01, -7.106759070939417e-02
s220        , -9.401298955648565e-02,  5.730649653139025e-01,  1.103936988784817e-01
s221        ,  1.262898065596499e+00,  1.395974746437943e-01,  4.123650939700701e-03
s222        , -8.196925206317609e-01, -7.272287536020730e-01, -2.083897827387375e-01
s223        ,  4.013207508237785e-01,  2.306246271465294e-01,  2.644011080902550e-02
s224        ,  7.221682333138075e-01,  6.436498040966473e-02, -1.432054831606220e-02
s225        ,  7.658761358813224e-01,  2.703696499840397e-01,  3.618410677915149e-02
s226        ,  1.021677840387193e+00,  3.150511532485795e-01,  4.713834347763823e-02
s227        , -1.713769108940136e-01,  3.993048177923086e-01,  6.779419694484613e-02
s228        ,  1.274319171489858e-01, -4.115191523950744e-01, -1.309895735485750e-01
s229        ,  2.041762025685344e-01, -6.955136349030094e-01, -2.006144195175574e-01
s230        , -1.775628277285172e+00, -7.146270546218648e-01, -2.053003165537036e-01
s231        , -2.906010097813954e-01, -3.525238137726869e-01, -1.165261187370650e-01
s232        ,  7.153226846206260e-01,  1.701129682916558e+00,  3.869530584566523e-01
s233        , -3.817422129899863e-01,  2.953659204259634e-01,  4.231225921348387e-02
s234        , -1.045314287465124e-01,  9.167963401582973e-01,  1.946638009484360e-01
s235        , -2.007585327297883e+00, -1.798824264841713e+00, -4.711050008381883e-01
s236        ,  1.304199689079254e+00, -5.828759896806064e-01, -1.729998735247507e-01
s237        , -2.782406460538666e-01,  1.402514646816214e-01,  4.283984884384587e-03
s238        , -2.322383208123123e-01,  9.385315622997142e-02, -7.091148359893131e-03
s239        , -3.517230695261006e-01, -3.690976520981966e-01, -1.205894052148091e-01
s240        , -8.445222562838290e-01, -3.138244868103174e-01, -1.070384883610665e-01
s241        , -1.536302083677280e+00, -1.201617413439150e+00, -3.246921738236263e-01
s242        ,  2.935750684089247e-01,  1.454577632014323e-01,  5.560374937139400e-03
s243        ,  1.616760901218624e-01,  8.769483445843253e-02, -8.600938976190915e-03
s244        ,  1.913693632034482e-02,  6.647573025464139e-01,  1.328732372130732e-01
s245        ,  1.011107650821608e+00,  4.681567680062957e-01,  8.467412498421906e-02
s246        , -1.106818107812668e+00, -7.059987008115673e-01, -2.031849662845622e-01
s247        , -1.990274764442437e+00, -8.555795015952572e-01, -2.398565949813994e-01
s248        , -9.667152724294116e-02,  3.831700458437509e-01,  6.383855315295804e-02
s249        , -3.381305046273163e-03, -1.082009481281569e-01, -5.662727233350692e-02
s250        , -1.066763974390572e+00, -4.215851553008539e-01, -1.334573817103714e-01
s251        ,  1.207378380322024e+00,  2.376166839408544e-01,  2.815430213067432e-02
s252        , -7.806439949963919e-01, -6.041578220635289e-01, -1.782173844021224e-01
s253        ,  1.425727038542695e-01, -1.873959940909274e-02, -3.469468910253441e-02
s254        ,  2.519006949731616e-01, -2.169948834436035e-02, -3.542034338068590e-02
s255        ,  2.957126742656839e-01,  1.011620497385573e-01, -5.299280503006977e-03
s256        , -1.208240274724157e+00, -8.655956983810744e-01, -2.423121925417783e-01
s257        ,  9.313485666439150e-01,  3.284383683996787e-01,  5.042038890548509e-02
s258        , -6.564646920389060e-01, -3.730559409096612e-01, -1.215598298736448e-01
s259        ,  6.730828234081326e-01,  4.619678003835752e-01,  8.315682114918099e-02
s260        , -1.076132473957489e+00, -1.983249751835192e+00, -5.163192458871807e-01
s261        ,  4.986447736713935e-01,  2.915627655153274e-02, -2.295240820728899e-02
s262        , -7.901168230278026e-01,  1.565081069617751e-01,  8.269506732320221e-03
s263        , -1.546259780331375e+00, -1.522467282266990e+00, -4.033525847549631e-01
s264        , -5.529113966692345e-01,  4.441779038848341e-01,  7.879540260121898e-02
s265        , -4.420703395591482e-01,  5.584651791493922e-01,  1.068143763018338e-01
s266        ,  1.642224930755288e-01,  7.347538719215194e-01,  1.500337831436186e-01
s267        , -5.742332897034260e-01, -2.138179822246933e-01, -8.252062654846651e-02
s268        , -1.103100765949088e+00, -3.402361303374603e-01, -1.135136374418717e-01
s269        ,  7.960085847259791e-01,  3.415044715373101e-01,  5.362370965432042e-02
s270        , -4.283987476508868e-01,  7.637932298678926e-01,  1.571531497108825e-01
s271        ,  2.199521430164574e-01, -2.206700718169033e-01, -8.420050313694903e-02
s272        ,  4.892735632468817e-01,  3.577049341297718e-01,  5.759545833994812e-02
s273        , -7.406199765582813e-01,  1.103391106604083e-01, -3.049407732630219e-03
s274        ,  1.772759222941352e-01,  6.549609786500076e-01,  1.304715442776110e-01
s275        ,  2.643568451335951e-01,  2.712943851834482e-01,  3.641081733089298e-02
s276        , -5.816893010125334e-01, -5.660949136093075e-01, -1.688857800876527e-01
s277        , -1.588157064474181e+00,  4.782293913535232e-02, -1.837603934379500e-02
s278        ,  1.926575532177041e+00,  1.115873810259414e-01, -2.743378435298852e-03
s279        ,  1.613883746546309e+00,  1.197310592631346e+00,  2.634354244252919e-01
s280        , -1.609264987376504e+00, -1.592505226833665e+00, -4.205232743379999e-01
s281        , -1.346496740458654e+00,  4.644057800133662e-01,  8.375452274782025e-02
s282        , -1.354536059868065e+00,  1.780559028578830e-01,  1.355222193505541e-02
s283        ,  4.444527822772946e-01, -7.662451820468885e-01, -2.179551545612489e-01
s284        ,  2.385788249720763e+00,  4.494945007070845e-01,  8.009883368044080e-02
s285        ,  4.002184027452821e-01,  5.240850662249131e-01,  9.838565597732467e-02
s286        ,  1.951350507345722e+00,  1.778261625723004e+00,  4.058629315984204e-01
s287        , -7.632184401675010e-01, -4.989242497947025e-01, -1.524180407131896e-01
s288        ,  7.091749484961576e-01, -3.883597039708650e-01, -1.253117413068268e-01
s289        ,  2.314010563846089e+00,  9.987855616888176e-01,  2.147644975174961e-01
s290        ,  7.654861282396249e-01,  4.434414752042780e-02, -1.922890918904116e-02
s291        , -1.053228118031399e+00,  5.975844447365757e-02, -1.544989897161981e-02
s292        , -1.544830063612452e+00,  7.621966097763032e-02, -1.141422316049151e-02
s293        , -1.690406548169091e+00, -1.657178466223030e+00, -4.363787384689757e-01
s294        ,  1.421215154761337e+00,  8.882371724465699e-01,  1.876621591018350e-01
s295        , -1.705271840139647e+00, -7.845090769355887e-01, -2.224327798206900e-01
s296        , -7.627385590929443e-01,  7.732605704193571e-01,  1.594741882106822e-01
s297        ,  3.113058113377143e-01,  4.042489487982410e-01,  6.900631330956773e-02
s298        ,  4.087923101857815e-01,  2.925314898373533e-01,  4.161736263873710e-02
s299        , -3.373353052859910e-01, -4.405291663153737e-01, -1.381017460560195e-01
s300        , -1.247040873629315e+00, -9.134156877483400e-01, -2.540358688770790e-01
s301        ,  1.197929368440681e+00,  1.002734454729969e+00,  2.157326186841828e-01
s302        , -1.485192472843855e+00, -6.738745117783966e-01, -1.953093142875186e-01
s303        , -8.549580863671642e-01,  1.680200061504462e-01,  1.109179468926772e-02
s304        ,  1.882993199254014e+00,  6.515211580763159e-01,  1.296282286769372e-01
s305        , -5.165357198073315e-01, -5.269783246767129e-01, -1.592958526523977e-01
s306        ,  1.036931584747022e+00,  4.098009675873175e-01,  7.036746106706177e-02
s307        ,  5.869139350739364e-01, -3.900398658449409e-01, -1.257236542801086e-01
s308        , -1.992374094653734e+00,  1.510983257087271e-01,  6.943230309119527e-03
s309        ,  1.168183907358183e+00, -3.963869099223109e-01, -1.272797125610398e-01
s310        , -1.689353307212060e-01, -6.784734220258508e-01, -1.964367954089000e-01
s311        ,  4.171830243610439e-01,  5.857338245382757e-02, -1.574043194206950e-02
s312        , -6.851064106122525e-01, -4.252914223355942e-01, -1.343660200371970e-01
s313        , -3.693039585493864e-01, -9.557852027021090e-02, -5.353272420143354e-02
s314        , -1.774434185617937e-01,  6.320063320595265e-02, -1.460600278685673e-02
s315        , -3.815749786763621e-01, -1.206529827407261e-01, -5.968004640237055e-02
s316        ,  6.374559564486622e-01,  6.784108642957313e-01,  1.362205808844336e-01
s317        , -2.030534733815181e+00, -1.283516899774241e+00, -3.447708706724642e-01
s318        , -8.028512356005929e-02,  3.480289390464840e-02, -2.156806841313304e-02
s319        , -5.934013466311562e-01,  4.784460811511473e-01,  8.719668048075728e-02
s320        ,  2.790171268766068e+00,  1.941993808430864e-01,  1.751000012214410e-02
s321        , -1.062277605983095e+00, -1.059189717109308e+00, -2.897742193228547e-01
s322        ,  7.515966182544803e-02,  5.204985215607582e-01,  9.750636910668738e-02
s323        ,  7.526438612763078e-01,  5.535418848317322e-01,  1.056073683152703e-01
s324        , -2.651743878812372e-01, -8.290267088515300e-01, -2.333468413816031e-01
s325        ,  3.264086782559880e-02,  1.860885222090554e-01,  1.552152035280626e-02
s326        , -8.716201269332444e-01,  2.878395999679496e-01,  4.046708638486116e-02
s327        , -1.671151256925621e-01, -5.818767079042749e-01, -1.727548869350738e-01
s328        , -8.227567374308942e-02,  7.080845306003607e-01,  1.434954561832419e-01
s329        , -3.051380631011923e-01,  1.164143293399663e-01, -1.559990892356584e-03
s330        ,  2.650804092125521e-01,  3.124020201943009e-01,  4.648887494139532e-02
s331        , -1.375958879843693e-01,  1.316688041503380e-02, -2.687241127674889e-02
s332        , -2.261103407740682e-02,  1.714240697608292e-01,  1.192634401729880e-02
s333        ,  1.323183942483754e+00,  1.306259759456105e+00,  2.901456932010624e-01
s334        , -8.334838045052184e-01, -1.063661582268169e+00, -2.908705537309398e-01
s335        , -6.616430929673620e-01, -6.329218787869115e-01, -1.852692573861429e-01
s336        ,  7.402611706142617e-01,  2.153678779672349e-01,  2.269972542472107e-02
s337        , -2.672477917829363e+00, -4.165404015782000e-01, -1.322205964116239e-01
s338        ,  5.119490895181960e-01,  3.361334230494895e-01,  5.230692905931011e-02
s339        , -5.205367300996894e-01, -7.369198127644815e-01, -2.107656686908181e-01
s340        , -5.182275979842598e-01, -2.493118304705218e-01, -9.122239319949008e-02
s341        ,  1.970306289887119e+00,  1.267111348932496e+00,  2.805479642995490e-01
s342        , -6.893119617348112e-02, -6.314321020728424e-01, -1.849040197472661e-01
s343        , -9.390007101093139e-01, -2.976207104465366e-02, -3.739698769314862e-02
s344        ,  1.061951331424555e+00,  6.311421284744174e-01,  1.246320513410276e-01
s345        , -7.723215780687482e-01, -1.816440913860730e-01, -7.463278952402994e-02
s346        ,  3.961380156477509e-01,  6.276440846265844e-01,  1.237744615669329e-01
s347        , -1.709617878224923e+00, -1.359553783015008e+00, -3.634122760858668e-01
s348        ,  3.055057864420297e-01,  2.858007491353368e-01,  3.996723626833493e-02
s349        , -2.198294962810686e-01, -4.911556833977253e-01, -1.505134782230566e-01
s350        ,  4.405144181634823e-01,  3.280012167673292e-01,  5.031321564353070e-02
s351        ,  8.658280652293555e-01,  8.578679540460770e-01,  1.802167603931695e-01
s352        ,  9.704682100223125e-01, -3.988465925512154e-01, -1.278827349249171e-01
s353        , -6.298376205439114e-02, -2.759345302488263e-01, -9.774928539462671e-02
s354        , -5.109688604423303e-01,  5.196596949520069e-01,  9.730072013451989e-02
s355        , -1.498401072816738e+00, -2.725678633681572e-01, -9.692390434875056e-02
s356        ,  1.467186882538691e-01,  4.215206150286280e-01,  7.324068114058632e-02
s357        , -9.744403926942342e-02, -3.962131122708371e-01, -1.272371038645370e-01
s358        , -9.190473297739495e-02,  3.445908435965126e-01,  5.438037287301146e-02
s359        ,  4.402510249016559e-01,  9.499498585941702e-01,  2.027918060915041e-01
s360        , -8.756909416699599e-01, -3.433057100913209e-01, -1.142661838141276e-01
s361        , -1.770572058768898e-01,  4.450533795415683e-01,  7.901003655189091e-02
s362        ,  8.704386959032419e-01,  3.087256852299406e-01,  4.558757484090194e-02
s363        , -1.069662019131376e+00,  1.371108633907830e-01,  3.514026682402633e-03
s364        , -9.988945697241733e-01, -1.062082109399556e+00, -2.904833259432086e-01
s365        ,  1.902823636872192e-01,  1.222285438285237e-01, -1.345625367718065e-04
s366        ,  1.236798092554710e+00,  4.758257306961386e-01,  8.655426836343863e-02
s367        ,  9.184480967949833e-01,  5.149834883588198e-01,  9.615428883453611e-02
s368        ,  1.622937156969908e-01, -3.183532337576888e-01, -1.081487680603717e-01
s369        ,  9.732086991131189e-01,  6.436000973607235e-01,  1.276862802722929e-01
s370        , -8.475872099006457e-01, -7.710530782748819e-01, -2.191338712438857e-01
s371        ,  5.916391131784779e-01,  2.757441758091230e-01,  3.750173988745419e-02
s372        ,  7.596908414790238e-01,  8.897957267618759e-01,  1.880442584411573e-01
s373        , -1.946434670867691e+00, -1.711976437146058e+00, -4.498131554028400e-01
s374        , -9.564014283175248e-01, -2.529581663489078e-01, -9.211633864392914e-02
s375        ,  7.284511861928945e-01,  3.565196632004907e-01,  5.730487415269934e-02
s376        ,  2.037232105036610e+00,  1.339340083591847e+00,  2.982557538339856e-01
s377        ,  7.637732850848320e-01,  5.869390620092254e-01,  1.137951094863221e-01
s378        ,  9.950925555332779e-01,  8.926717905287849e-01,  1.887493619171110e-01
s379        , -8.163846007494810e-01, -5.369068622293737e-01, -1.617299594410109e-01
s380        , -9.184292068832668e-01, -6.078658255545640e-01, -1.791264484432118e-01
s381        ,  1.520868814304400e-01,  3.394732523317563e-01,  5.312573052787044e-02
s382        , -7.921265824309522e-01, -9.536156107242969e-01, -2.638913893803259e-01
s383        ,  6.672838300456271e-01,  1.731822358143378e-01,  1.235738070358374e-02
s384        , -8.703903476353084e-01, -8.791640271383504e-01, -2.456386402651261e-01
s385        ,  8.850482925000751e-01,  3.509850995929936e-01,  5.594800575414952e-02
s386        ,  9.061627662896373e-01,  7.659402191455088e-01,  1.576795113374571e-01
s387        , -1.106690246889199e+00, -9.191863033086899e-01, -2.554506084029581e-01
s388        ,  2.054813205480302e+00,  1.567555105397201e+00,  3.542055582128851e-01
s389        ,  5.830110458201297e-01,  6.401059012843451e-01,  1.268296338281266e-01
s390        ,  4.058167767744563e-02,  2.353534508266745e-01,  2.759944185460445e-02
s391        , -3.572825686809578e-01, -4.259730451890107e-01, -1.345331285167667e-01
s392        , -7.654037138178210e-02,  3.147373990359915e-01,  4.706142265674534e-02
s393        ,  3.686774220084653e-01, -1.354403332018427e-01, -6.330535274301692e-02
s394        , -2.015273820649741e-01, -8.218815102380836e-01, -2.315951054024892e-01
s395        , -6.768380070474945e-01,  1.870045383327893e-01,  1.574609331266400e-02
s396        , -1.571978956162156e+00,  1.378888947190254e-01,  3.704770921197494e-03
s397        , -4.953598502673375e-01, -6.211157822359129e-01, -1.823748432179548e-01
s398        ,  1.555253169293308e-01,  8.777556458184982e-01,  1.850924800342887e-01
s399        , -1.863721424692930e+00, -1.041131739543633e+00, -2.853470773043955e-01
s400        , -1.580914135378971e+00, -1.225132647498596e+00, -3.304572314221230e-01
s401        , -1.745467987214961e+00, -8.848077711855674e-01, -2.470222756319324e-01
s402        , -6.980793622242579e-01, -3.911154438081678e-01, -1.259873458467757e-01
s403        ,  2.251226886668626e-01,  5.997775540870320e-01,  1.169426284997111e-01
s404        ,  7.040030298805582e-01,  6.062778498809306e-01,  1.185362583808492e-01
s405        ,  7.810975699633603e-01,  4.731325496670666e-01,  8.589400090802958e-02
s406        , -7.486530226048839e-01,  2.679607074179681e-02, -2.353104256844554e-02
s407        , -5.898664718227482e-01, -1.619731377420719e+00, -4.271981101454136e-01
s408        , -1.653430955336652e+00, -1.177021592481116e+00, -3.186621966544891e-01
s409        ,  3.615421057666913e-01, -2.443430765310253e-01, -9.000424021060040e-02
s410        , -1.927277741805878e+00, -4.410897936292574e-01, -1.382391909459007e-01
s411        , -7.559092474121808e-01, -9.402654214874245e-01, -2.606184213245186e-01
s412        ,  1.873884464024186e+00,  6.564403920656438e-01,  1.308342412225604e-01
s413        , -8.487613459239006e-02, -4.426408568555492e-01, -1.386194537498293e-01
s414        , -7.984251397438490e-02,  4.439440738482103e-01,  7.873807620480774e-02
s415        ,  3.823952603345894e-01, -1.244210062374764e-01, -6.060382510839319e-02
s416        , -9.819900149129637e-01, -9.367413988252223e-01, -2.597544625148956e-01
s417        , -1.482842264827313e+00, -1.521068703557585e+00, -4.030097054625280e-01
s418        ,  5.288306085486906e-02,  2.803932010977559e-01,  3.864150734620377e-02
s419        , -1.062501299146121e+00, -1.005483821048437e+00, -2.766075383794676e-01
s420        ,  1.615525737358244e+00,  1.393981292137979e+00,  3.116517384847692e-01
s421        , -8.420822469136372e-01,  3.459576077927150e-01,  5.471545243440348e-02
s422        , -2.976491469173829e-01, -5.169858796733410e-01, -1.568460781424515e-01
s423        ,  2.602465190009081e-01,  9.578228925951510e-02, -6.618196953057607e-03
s424        , -1.598544685575905e-02,  3.916161421318859e-01,  6.590922068109976e-02
s425        , -6.873434672527887e-01, -7.513294008287270e-01, -2.142983617931270e-01
s426        ,  3.868281565378119e-01,  8.631403135756198e-01,  1.815093461395396e-01
s427        , -4.350921811790253e-01, -3.347251468126404e-01, -1.121625499993807e-01
s428        ,  1.434023500487657e+00,  5.454916792430634e-01,  1.036337584085565e-01
s429        , -1.410084545291047e-01,  3.633035850720708e-01,  5.896803856069512e-02
s430        , -2.958129836419498e-04,  1.143767163479943e-01, -2.059537536564673e-03
s431        ,  4.037460271826608e-01,  5.906152174990273e-02, -1.562075840827228e-02
s432        , -1.066289337790876e+00,  3.832950328654681e-01,  6.386919530508131e-02
s433        ,  1.465780698491131e-01, -7.060183200134519e-01, -2.031897761805052e-01
s434        ,  4.355472814078697e-01,  6.822592357148465e-01,  1.371640579017374e-01
s435        ,  1.360224600447043e-01, -3.771601840245182e-01, -1.225660370793893e-01
s436        , -1.176834064700477e+00, -1.854665799338899e-01, -7.556992102746510e-02
s437        ,  4.255542297351823e-01, -6.088871068469516e-01, -1.793768284930126e-01
s438        ,  4.759340095896715e-01,  3.634475023016755e-01,  5.900332169315254e-02
s439        , -1.323840968987944e+00, -1.101926840616382e+00, -3.002517666859597e-01
s440        ,  1.911375936580773e+00,  4.065290018361055e-01,  6.956529720305939e-02
s441        , -5.968585101940267e-01, -1.552908717405174e-01, -6.817196379810304e-02
s442        ,  1.602708630643594e+00,  5.841517157633280e-01,  1.131117562348116e-01
s443        , -3.418194688489122e-01, -4.293761492776497e-01, -1.353674426058838e-01
s444        ,  7.637447106545253e-02,  1.758113983166587e-01,  1.300195320596116e-02
s445        ,  1.017156754691856e+00,  3.682615268723538e-01,  6.018354081665261e-02
s446        ,  1.325048844178530e-01, -9.889756043008614e-02, -5.434642895321414e-02
s447        , -1.204238242348799e-02,  1.896486379425561e-01,  1.639432783620449e-02
s448        ,  1.955645847805345e-01, -3.055554990624718e-01, -1.050112412357740e-01
s449        ,  1.023488117482967e+00,  2.783335276767815e-01,  3.813655230829122e-02
s450        ,  1.292595058164963e+00,  5.606562351249345e-01,  1.073515414377877e-01
s451        , -1.076547322827218e+00, -8.821117916986078e-01, -2.463613220991121e-01
s452        ,  1.041326926021929e+00, -1.596781863473218e-01, -6.924756956698513e-02
s453        , -2.986039119797084e-01, -3.007435566896537e-01, -1.038315325894635e-01
s454        , -1.068578759667890e+00, -1.363047358510100e+00, -3.642687703866672e-01
s455        , -1.019022963464540e-01, -3.488245992332517e-01, -1.156192094188278e-01
s456        , -1.276108587100781e+00, -1.240419563700532e+00, -3.342050126342835e-01
s457        , -1.562653854847452e+00, -7.552437203049143e-01, -2.152580068122704e-01
s458        , -1.571215894852860e-01,  1.473924251195232e-01,  6.034681821060533e-03
s459        , -7.908915586506604e-01, -2.716201422824118e-01, -9.669155851571226e-02
s460        ,  1.259413921430306e+00,  8.484213591783111e-01,  1.779008079606035e-01
s461        , -2.175818754703068e+00, -1.004371555152125e+00, -2.763348523011206e-01
s462        ,  1.056177437374778e+00,  8.970917136020085e-01,  1.898329620647277e-01
s463        ,  7.682398919925582e-01, -2.202957921646980e-01, -8.410874373759736e-02
s464        , -1.670624175566991e+00, -1.702600380836032e+00, -4.475144963915197e-01
s465        ,  3.572362737692147e-01,  1.370131646929061e-01,  3.490074608647598e-03
s466        , -1.202841334482275e+00, -9.903993223129980e-02, -5.438133320431891e-02
s467        , -9.998937028287650e-01, -9.733963660986379e-01, -2.687408922084314e-01
s468        , -9.085815979292673e-01, -1.573721218279812e-01, -6.868220862921010e-02
s469        ,  1.368123103534694e+00,  6.615191709909972e-01,  1.320793682308936e-01
s470        ,  6.270281968061774e-01,  3.190985053464977e-01,  4.813060312969649e-02
s471        , -2.645435144970039e-02, -3.702108603186401e-02, -3.917662719849335e-02
s472        , -9.877961354209573e-01, -1.137587079272054e+00, -3.089943260543410e-01
s473        ,  9.062936723193107e-01,  2.924396426601098e-01,  4.159484513941178e-02
s474        , -1.654729567131913e+00, -1.389959395214419e+00, -3.708665971954943e-01
s475        ,  1.613264697983012e+00,  1.471712525383491e+00,  3.307085352714695e-01
s476        ,  6.116129809221722e-01,  3.829223586923059e-01,  6.377782950926059e-02
s477        ,  5.840337661930541e-01, -3.593231242827173e-02, -3.890970055338472e-02
s478        , -1.152221920522414e+00, -9.106601322673104e-01, -2.533603095344065e-01
s479        , -5.094753281829528e-01, -1.593261354615944e-01, -6.916125983140310e-02
s480        ,  2.973171178971667e-01,  1.156457526377566e+00,  2.534197775713057e-01
s481        , -1.675140558535767e+00, -1.026616115424405e+00, -2.817883881195919e-01
s482        ,  5.105384321341787e-01,  4.196461454487066e-01,  7.278113117108323e-02
s483        ,  6.412437341666035e-01,  9.846565899732561e-01,  2.113006010688438e-01
s484        ,  2.259666720581154e+00,  1.268497135222021e+00,  2.808877073681538e-01
s485        , -6.133731587036794e-02, -1.201679099864465e+00, -3.247072970324399e-01
s486        ,  1.705016907792880e+00,  1.215468038441887e+00,  2.678869523443730e-01
s487        , -8.949077256537036e-01,  2.962654670601846e-01,  4.253279446929757e-02
s488        ,  4.414328374469543e-01,  5.526459437230580e-02, -1.655162326693449e-02
s489        ,  1.128277752007163e+00, -1.344315163736106e-01, -6.305802851454495e-02
s490        ,  1.504039442617624e+00,  1.624572609713564e+00,  3.681841218825213e-01
s491        , -5.198334157682940e-01, -6.365475908180092e-01, -1.861581466330880e-01
s492        ,  1.151627147663105e+00,  2.604551223992430e-01,  3.375343471168481e-02
s493        , -8.097664188918848e-01,  2.641568577835769e-01,  3.466096204699132e-02
s494        ,  6.975315577850428e-01, -4.771915972017360e-01, -1.470900055488431e-01
s495        ,  5.757891210893783e-02, -3.037889116894310e-01, -1.045781399562966e-01
s496        ,  1.842735197085195e-01,  1.345560182307868e+00,  2.997806898510181e-01
s497        , -3.806010851052651e-01, -3.327552079296072e-01, -1.116795945204987e-01
s498        ,  2.924357353950326e-01,  4.910290521851093e-01,  9.028155527246134e-02
s499        , -7.813708299191796e-01, -5.060273034635656e-01, -1.541594443251073e-01
s500        ,  1.758078897939561e-01,  2.115321691199362e-02, -2.491445968717266e-02
s501        ,  5.268597846364342e-01,  1.319981884409254e-01,  2.260589634155170e-03
s502        , -1.555727833576514e+00, -8.751522086975812e-02, -5.155590418084519e-02
s503        ,  1.172585934883692e+00,  9.523413449564806e-01,  2.033781092764899e-01
s504        ,  2.953705009587213e-01, -1.086913016606753e-01, -5.674748871542551e-02
s505        ,  1.048522988543108e+00,  9.207032960780487e-01,  1.956216406984131e-01
s506        ,  3.661355339494778e-01, -2.565308325372410e-02, -3.638961726994364e-02
s507        ,  7.001138090247849e-01,  1.341258050573409e-01,  2.782201807359403e-03
s508        ,  5.464601963517310e-01,  3.289164316911532e-01,  5.053759217907829e-02
s509        ,  2.946634304577050e-01,  9.647373337099471e-02, -6.448680667625606e-03
s510        , -1.105581921856613e+00,  1.621002630848703e-01,  9.640494665841515e-03
s511        ,  1.309201174401844e+00,  4.219254303391172e-01,  7.333992674349309e-02
s512        ,  7.885562671323768e-01, -8.222091513900338e-02, -5.025793804516085e-02
s513        , -5.799590652888761e-01, -3.653588127733793e-01, -1.196727813783376e-01
s514        ,  1.756955937636850e+00,  1.016632275734850e+00,  2.191398456071292e-01
s515        ,  1.301480913945963e+00, -6.668316032122424e-01, -1.935826560096472e-01
s516        ,  1.639096205345820e+00,  5.984585507385672e-01,  1.166192581153345e-01
s517        ,  1.265571797582470e+00,  8.865216193183302e-01,  1.872415695141413e-01
s518        ,  1.441905473368953e+00, -3.023320130788930e-01, -1.042209628011091e-01
s519        , -3.428509295553606e-01,  9.026172426280640e-02, -7.971633414791887e-03
s520        , -7.417091464175271e-01,  4.700769731402601e-01,  8.514488760432518e-02
s521        , -3.011966055380439e-01, -2.451818924575570e-02, -3.611138362329624e-02
s522        , -6.069082570615004e-01, -6.638447835636753e-01, -1.928503993258829e-01
s523        ,  1.256149620532759e+00,  6.634331223004090e-01,  1.325485976466665e-01
s524        ,  7.847794981407887e-02,  3.280611195206968e-01,  5.032790156256516e-02
s525        ,  7.540604241380652e-01, -1.108675870641902e-01, -5.728103265848446e-02
s526        ,  6.882803931636601e-01,  7.473405090101874e-01,  1.531195567150876e-01
s527        , -3.347470952839998e-01,  3.731039708454609e-01,  6.137072731676919e-02
s528        , -8.880876507782670e-01, -1.362913278876611e+00, -3.642358990655529e-01
s529        ,  9.212434057068957e-01,  1.113623968252990e+00,  2.429185880397670e-01
s530        ,  1.578253206298823e+00,  1.401065665121100e+00,  3.133885622898684e-01
s531        , -1.270304683847079e+00, -2.816529205787743e-01, -9.915122124351076e-02
s532        , -1.264611305197325e-01, -3.761405442485531e-01, -1.223160594681397e-01
s533        ,  8.237391297987288e-01,  6.084884051462965e-01,  1.190782040147850e-01
s534        ,  1.456467143630557e+00,  1.240126729130748e+00,  2.739323428246642e-01
s535        , -1.038398689934333e+00, -3.572758572227648e-01, -1.176911424034679e-01
s536        ,  5.135961834965114e-02,  1.040838598369085e-01, -4.582961734234282e-03
s537        , -8.440212331633648e-02,  3.508329647386544e-01,  5.591070796686037e-02
s538        , -1.317636610189325e+00, -2.716415437058054e-01, -9.669680534584128e-02
s539        ,  2.901282138702423e-01, -2.949468762444972e-01, -1.024104029267978e-01
s540        , -9.824868919009931e-02,  1.481648358782054e-01,  6.224048106007736e-03
s541        , -2.175405710121729e+00, -9.801872465348128e-01, -2.704057625967118e-01
s542        ,  2.591231555634874e-01, -9.649838738325013e-02, -5.375824128011657e-02
s543        , -1.058007309971476e+00, -1.248305365682749e-01, -6.070422665827426e-02
s544        ,  3.414925189823615e-01,  2.020352299813921e-01,  1.943105782887427e-02
s545        , -3.918998056173665e-01,  1.074115077583428e-01, -3.767146680635874e-03
s546        ,  5.616853932534658e-01,  2.862921488360303e-01,  4.008770913163794e-02
s547        , -1.305950209492648e+00, -1.064812821328823e+00, -2.911527945743663e-01
s548        , -3.050762501887698e-01, -1.001463694828123e-01, -5.465259031653676e-02
s549        ,  1.039973910986755e+00,  8.291341746528178e-01,  1.731723102802822e-01
s550        ,  2.095033672336812e+00,  1.040789397311363e+00,  2.250622700639908e-01
s551        , -1.303711602903422e+00, -1.085998284677721e+00, -2.963466793619248e-01
s552        ,  3.401293169548341e-01,  6.138804667404578e-01,  1.204001362390783e-01
s553        , -5.647880997296292e-02,  1.006155727909218e-01, -5.433256251298690e-03
s554        , -1.031552667181044e+00, -7.882993109877561e-01, -2.233620037258100e-01
s555        , -8.490058291493487e-01,  2.398178388340372e-01,  2.869394314425438e-02
s556        , -7.911863624049646e-01,  1.428621314521969e-01,  4.924022923759476e-03
s557        ,  2.474068956648234e-01,  7.859500384257436e-01,  1.625851720846323e-01
s558        , -5.007238229142660e-01, -4.283999666198218e-01, -1.351281190578041e-01
s559        ,  2.118829903875907e-01,  3.768312625834138e-01,  6.228452011599789e-02
s560        ,  1.297132454751414e+00, -1.467561556707768e-01, -6.607957000757196e-02
s561        , -5.288135218546878e-01,  2.782150605120100e-01,  3.810750858171329e-02
s562        , -7.943538387030609e-01, -9.566359980160714e-01, -2.646318755971685e-01
s563        , -1.695221398164227e+00, -8.843949102609577e-01, -2.469210575447755e-01
s564        , -8.235878596232101e-01, -5.538673452361775e-01, -1.658880367616689e-01
s565        ,  5.786852470915557e-01, -2.751344170639228e-01, -9.755312750886533e-02
s566        , -8.302212330074121e-01, -8.449102010499738e-01, -2.372408807587072e-01
s567        ,  5.393556498613846e-01,  5.389794294342173e-01,  1.020371978491809e-01
s568        ,  6.041187276553234e-01,  9.412834914843074e-02, -7.023681328878014e-03
s569        ,  5.614800719887970e-01,  2.160477581718697e-01,  2.286640667186022e-02
s570        ,  4.733969246303092e-01, -2.368672612354808e-03, -3.068114895722360e-02
s571        ,  5.730080514530493e-01, -1.663045470017983e-01, -7.087210584610090e-02
s572        ,  2.101230454819456e+00,  1.933753891973592e+00,  4.439838309604800e-01
s573        , -3.811463660619586e-01, -5.021691414164822e-01, -1.532135670112970e-01
s574        ,  6.881700420271472e-01,  8.193337724259240e-01,  1.707696174904232e-01
s575        ,  3.262214597255070e-01,  3.028939689065981e-01,  4.415785568874843e-02
s576        , -9.238693298049331e-01, -3.899262844980185e-01, -1.256958083736861e-01
s577        , -6.565756372879821e-01,  1.229090340526830e-01,  3.226826438349768e-05
s578        ,  6.712394147332970e-01,  5.788355969238651e-02, -1.590955073299492e-02
s579        ,  5.839122855740916e-01, -1.890410380890731e-01, -7.644624473727610e-02
s580        ,  8.930567879170550e-01,  7.150142729271463e-01,  1.451943703235674e-01
s581        ,  2.904861379712105e-01,  2.435894358401057e-01,  2.961859794136742e-02
s582        ,  1.328044708555014e+00,  4.552394557288243e-01,  8.150728220012707e-02
s583        , -1.299353843688629e-01, -3.256910159503157e-01, -1.099477183442080e-01
s584        ,  3.159094534140010e-01,  3.884164884731597e-01,  6.512478504285923e-02
s585        ,  6.465779848987863e-01,  1.172369176986751e+00,  2.573207203396067e-01
s586        , -1.841977151216957e+00, -1.213270726565117e+00, -3.275491311992016e-01
s587        , -1.519059721495913e+00, -1.362629924778292e+00, -3.641664312178822e-01
s588        ,  9.387912361205542e-01,  2.884097880207401e-01,  4.060687521103239e-02
s589        ,  7.816518315318011e-01, -1.687024707876913e-01, -7.145998724704854e-02
s590        ,  1.602915956175816e+00,  6.699836728975539e-01,  1.341545481296147e-01
s591        ,  6.259814475720535e-01, -4.478035541000104e-02, -4.107891040665229e-02
s592        , -1.866544971407417e+00, -1.476909600606996e+00, -3.921835418205027e-01
s593        , -1.403474560349544e+00,  1.217028832887146e-01, -2.634348789137365e-04
s594        , -1.647273275131083e+00, -8.942769969341599e-01, -2.493437763116960e-01
s595        , -6.257274702470922e-01,  9.472498376225723e-01,  2.021298617375138e-01
s596        , -8.694069998626694e-01, -3.503074561022112e-01, -1.159827505699925e-01
s597        ,  1.839102866755815e+00,  4.358698731733440e-01,  7.675858359866349e-02
s598        , -9.091043104888928e-01,  2.831589284840349e-01,  3.931956046033950e-02
s599        ,  1.564046405735407e+00,  1.385794167224140e+00,  3.096445610705427e-01
s600        ,  2.905731218387105e-01, -6.191832967171131e-01, -1.819010699058977e-01
s601        ,  3.859556967138555e-01,  7.718096044501588e-02, -1.117854841513826e-02
s602        , -1.440073457507333e+00, -3.372128828745156e-01, -1.127724500178246e-01
s603        , -1.400421335117203e+00, -8.885138644960989e-01, -2.479308713680669e-01
s604        , -1.410598066968925e+00, -3.395377776382504e-01, -1.133424274286168e-01
s605        , -1.621387133323043e-01, -1.035014357653905e-01, -5.547512732879616e-02
s606        , -9.979698047533583e-01,  3.215611264635979e-01,  4.873434590118951e-02
s607        ,  8.102904644198852e-01,  4.456103552312763e-01,  7.914658619983454e-02
s608        ,  6.515689709358394e-01,  2.921148566448027e-01,  4.151521973229493e-02
s609        ,  1.387300347613353e-02, -4.580131295996580e-01, -1.423881611998829e-01
s610        ,  1.548918422462740e-02,  4.330428575341136e-02, -1.948384447763618e-02
s611        ,  1.874583079024923e-01,  1.844883771008280e-01,  1.512922450358939e-02
s612        , -6.619121708260401e-01,  3.053198653996822e-03, -2.935190851406522e-02
s613        ,  1.853178585757171e+00,  1.079738051994212e+00,  2.346110262899737e-01
s614        , -3.191525488535212e-01, -1.340797488317015e-01, -6.297178824429031e-02
s615        , -1.037736039722638e-01, -1.162402145137971e-02, -3.295021500250603e-02
s616        , -8.799864633294985e-01, -1.061389343911561e+00, -2.903134857055804e-01
s617        , -1.183843594802837e+00, -4.338300420131996e-01, -1.364593708466600e-01
s618        , -1.123650075268739e+00, -1.859104836715912e+00, -4.858835468669690e-01
s619        ,  9.176659138352715e-01,  4.952823512666963e-01,  9.132430543718412e-02
s620        ,  1.595155267894712e+00,  9.738021239944615e-01,  2.086394911938376e-01
s621        ,  1.133359360912494e+00,  3.185150050808893e-01,  4.798755064586977e-02
s622        , -1.002419121282031e+00,  2.000766010845055e-01,  1.895087513640835e-02
s623        ,  1.034471969936265e-01, -4.006955204214342e-01, -1.283360230206397e-01
s624        ,  1.639327811745190e+00,  7.298111711894707e-01,  1.488220174286631e-01
s625        , -4.972654620844768e-01,  3.044023775912580e-01,  4.452766119130702e-02
s626        ,  3.826916613216537e-01,  1.477656497304002e-02, -2.647777671054143e-02
s627        ,  3.687647283893495e-01, -2.453428010047078e-01, -9.024933533314251e-02
s628        , -2.769187143037049e-02,  1.061824546773862e+00,  2.302193034976248e-01
s629        , -6.084255915863079e-01, -1.214207038583164e+00, -3.277786799547259e-01
s630        ,  2.575662011885660e-01, -8.605116252473248e-02, -5.119697172602482e-02
s631        ,  1.966623425207500e-01,  2.015275699058619e-01,  1.930659852863980e-02
s632        , -1.969402937452175e-01,  1.992099677724902e-01,  1.873840899858835e-02
s633        ,  2.667860134858853e+00,  7.968516466105324e-01,  1.652578394687914e-01
s634        ,  6.040142711820374e-01,  2.053486941357402e-02, -2.506605541168315e-02
s635        ,  1.911892919802316e+00,  8.870334007583769e-01,  1.873670392191101e-01
s636        , -2.071432026808114e-01, -6.192529987976689e-01, -1.819181582541626e-01
s637        , -3.698619835175476e-01, -4.665651917444901e-01, -1.444848076005201e-01
s638        ,  1.470155794820396e-01,  7.569140287848388e-01,  1.554666263968815e-01
s639        ,  1.040284966432418e-01, -2.629624395181763e-01, -9.456901297862323e-02
s640        , -7.663785491668940e-02, -1.736897609192918e-01, -7.268268461831036e-02
s641        ,  1.396787091256106e+00,  7.822437980507014e-01,  1.616765402937695e-01
s642        ,  1.137451761223006e+00,  5.690583758096446e-01,  1.094114326927748e-01
s643        ,  6.186651151125386e-02,  7.640796267918301e-02, -1.136805861232661e-02
s644        , -1.171820789178678e+00, -1.232401285015206e-01, -6.031431796815560e-02
s645        ,  4.823756822475945e-01, -1.235462225618843e-01, -6.038936080566653e-02
s646        ,  8.205150420430785e-01,  8.669157148814820e-01,  1.824349336089525e-01
s647        ,  3.518506790799084e-01,  1.476242888887919e-01,  6.091526162114495e-03
s648        ,  4.210663223398269e-02,  1.041496970913373e+00,  2.252357406984079e-01
s649        ,  5.870347574891154e-01,  1.219664250099548e+00,  2.689157068037479e-01
s650        , -7.940906852652418e-01, -4.835166479044938e-01, -1.486406718753031e-01
s651        ,  1.648126188438620e+00,  1.948966374901514e+00,  4.477133639123491e-01
s652        ,  2.998843396621518e+00,  9.324056061435486e-01,  1.984906102945705e-01
s653        ,  4.493206753989470e-01,  3.102442594796362e-01,  4.595987256054008e-02
s654        ,  8.907143716152748e-01,  5.654498005997814e-01,  1.085267447547012e-01
s655        ,  3.986925365877028e-01,  2.866197215862932e-01,  4.016801774214079e-02
s656        ,  8.200524881394200e-01,  4.917130195120217e-01,  9.044923852941603e-02
s657        ,  2.253026077099693e-01,  3.246685266977259e-02, -2.214077852256580e-02
s658        , -2.085098433395276e+00, -1.945293607264836e+00, -5.070138160916787e-01
s659        , -3.565026754081164e-01, -4.915008399115202e-01, -1.505980977159987e-01
s660        ,  9.769972243844465e-01,  2.344265724084816e-01,  2.737220586562059e-02
s661        ,  7.549182821078514e-01,  9.563120731044146e-01,  2.043515835962837e-01
s662        , -2.199791631405239e+00, -2.091874396836859e+00, -5.429499540259034e-01
s663        ,  6.537369904412299e-01,  7.641040867123146e-01,  1.572293602052560e-01
s664        , -1.032617581813699e+00, -1.218026537338264e+00, -3.287150784725918e-01
s665        , -1.725197455699346e-01,  1.957866012056535e-01,  1.789912730618888e-02
s666        , -9.556704567146264e-01, -1.914764207704585e-01, -7.704330966110694e-02
s667        , -1.074909955617834e+00, -1.108699396332080e-01, -5.728160942058930e-02
s668        ,  8.157451056201823e-01,  5.326865918568775e-01,  1.004944289785996e-01
s669        ,  8.201013628253863e-01,  2.534117858938895e-01,  3.202667151909622e-02
s670        , -8.377594254676490e-01, -1.384162653876306e+00, -3.694454526041487e-01
s671        , -5.700208727194026e-01,  3.474774788864217e-01,  5.508806809178365e-02
s672        , -7.390594172975108e-01,  1.464271314444029e-01,  5.798027845069267e-03
s673        ,  5.527317739358688e-01, -1.790670372137095e-02, -3.449049417080985e-02
s674        , -1.509604783948018e-01, -2.117982260975410e-01, -8.202545774093886e-02
s675        , -7.328015214360989e-01, -8.160424976503541e-01, -2.301635974786680e-01
s676        ,  2.481079887957650e-01,  2.740368385215637e-01,  3.708316451720878e-02
s677        , -1.497784796529649e+00, -1.096794306963848e+00, -2.989934610251154e-01
s678        , -6.955981656855925e-02,  5.059394959082752e-02, -1.769669101830241e-02
s679        ,  6.295281558129772e-01,  5.399185188095643e-02, -1.686365221600361e-02
s680        , -5.120635862296855e-01, -6.983019450358915e-01, -2.012980090781759e-01
s681        , -4.577628444983341e-01, -5.231379659236841e-01, -1.583543400417159e-01
s682        ,  1.425186289801849e+00, -6.483192894631538e-02, -4.599480773878656e-02
s683        , -8.653733268557260e-01,  7.012049677530913e-02, -1.290951054909167e-02
s684        ,  6.149991181690390e-01,  1.232429453876096e+00,  2.720452582614244e-01
s685        ,  1.739338045322250e+00,  4.277951968170293e-02, -1.961249752958914e-02
s686        ,  9.590771410105176e-01, -2.200957332705299e-02, -3.549636464337598e-02
s687        ,  5.412604899045221e-01,  5.107658986799481e-01,  9.512029328237392e-02
s688        , -1.405336687520458e+00, -1.855694741889493e-01, -7.559514685789792e-02
s689        ,  3.354058241185732e-01,  1.858689133329388e-01,  1.546768045409409e-02
s690        , -6.091694712828630e-01, -5.159729999251114e-01, -1.565977578376596e-01
s691        , -6.034950511663356e-01, -9.659931167133157e-01, -2.669258918127508e-01
s692        , -9.120972373870817e-01, -5.911840005827896e-01, -1.750366876708037e-01
s693        , -4.067329829645623e-01, -4.050177375591709e-01, -1.293956693201096e-01
s694        , -7.579589601320627e-01,  7.564693362099193e-01,  1.553576043773024e-01
s695        ,  1.455973696410247e+00,  1.280518871757523e+00,  2.838349884109840e-01
s696        , -6.516257166940767e-01,  3.976001616070159e-01,  6.737627888079445e-02
s697        ,  7.238448013551266e-01, -8.898775960906739e-02, -5.191691571178190e-02
s698        ,  1.662019888207613e+00,  1.256060536654843e+00,  2.778387176414127e-01
s699        , -1.247862087380916e+00, -1.252278876724668e+00, -3.371124734951837e-01
s700        , -1.114444246482743e+00, -1.364788005690500e+00, -3.646955120992227e-01
s701        , -4.217745973052512e-01, -4.542554190948410e-01, -1.414669108545118e-01
s702        , -8.481384521188839e-01, -3.128002789949811e-01, -1.067873908370820e-01
s703        , -9.416435374285391e-01,  5.268702071507479e-01,  9.906846856667750e-02
s704        ,  9.487448855648490e-01,  5.616881294871322e-02, -1.632994262529421e-02
s705        , -2.365138337942842e-01, -1.921586983359495e-02, -3.481145283207138e-02
s706        ,  5.583280652770263e-01,  5.552763812144240e-01,  1.060326020818288e-01
s707        ,  9.205089121966433e-01,  4.539581921494951e-04, -2.998914524906908e-02
s708        ,  1.060945132046508e+00, -1.654241841786945e-02, -3.415602234137427e-02
s709        ,  1.331106470481227e+00,  8.263997451276757e-02, -9.840201943568697e-03
s710        ,  1.914467968020750e-01,  5.104951180099380e-01,  9.505390796997509e-02
s711        , -7.721035544159953e-02,  4.759463048081142e-01,  8.658382863482141e-02
s712        , -1.414340169349908e+00, -1.280688074762874e+00, -3.440773483760086e-01
s713        ,  5.574707555573186e-01,  1.946817294413861e-01,  1.762825399300596e-02
s714        , -1.685969281548289e+00, -1.822996803469290e+00, -4.770312049804725e-01
s715        , -2.519985050786606e-01, -3.526681536085818e-01, -1.165615054768095e-01
s716        , -1.286737305127487e+00, -8.800474250636919e-01, -2.458552164603326e-01
s717        ,  3.452976089232733e-01, -3.643836871242408e-02, -3.903376666384079e-02
s718        ,  1.123110480867275e+00,  1.311839300568721e+00,  2.915135884049161e-01
s719        ,  6.888993521047061e-01,  6.205537774351790e-01,  1.220361829154786e-01
s720        ,  7.093644696892669e-01,  4.588417463146116e-01,  8.239042938297399e-02
s721        , -7.747236109533535e-01, -1.217904909966322e+00, -3.286852599811820e-01
s722        ,  3.328206388143558e-02,  3.803218554265562e-01,  6.314028318187867e-02
s723        ,  9.358910152584168e-02,  6.324204812108758e-01,  1.249454557127744e-01
s724        , -2.029371048190847e-01,  7.056400497776631e-01,  1.428961607347830e-01
s725        , -2.472238890656029e-01,  1.192231196883459e-02, -2.717753300164738e-02
s726        , -1.287360963264701e+00, -7.511075022139263e-01, -2.142439605359625e-01
s727        ,  1.020824855481523e+00, -2.016025071633566e-01, -7.952584805110698e-02
s728        ,  1.643163575608417e-01,  6.622706921074816e-01,  1.322636131553569e-01
s729        , -1.007289241750789e+00, -2.051987858819870e-01, -8.040752134854215e-02
s730        , -4.777207265671770e-02, -1.774593469245226e-01, -7.360684639308601e-02
s731        , -1.404307349772385e+00, -1.648097127545385e-01, -7.050562828887684e-02
s732        , -8.950540078294739e-01, -8.161586090595009e-01, -2.301920636619040e-01
s733        ,  7.802433523350311e-01,  4.497259995958627e-01,  8.015558856641899e-02
s734        , -3.943979845876157e-01, -2.819980824327048e-01, -9.923584204565472e-02
s735        ,  2.101468865327815e-01,  2.582696233271853e-01,  3.321763192103334e-02
s736        , -9.765048604112493e-01, -3.840557407267847e-01, -1.242565701806874e-01
s737        ,  1.458335451821299e-01,  4.167084622380488e-01,  7.206092090769545e-02
s738        , -6.859666936017034e-01, -9.116410252375774e-01, -2.536007878752665e-01
s739        , -4.324785166901873e-01,  1.533863935465206e-01,  7.504179132371771e-03
s740        , -8.464136206988212e-01, -4.755939935087847e-01, -1.466983327597842e-01
s741        ,  7.826811446288888e-01,  1.583923545981360e-01,  8.731453916260254e-03
s742        , -1.076711651730049e+00, -7.224684724067537e-01, -2.072227394847057e-01
s743        ,  1.126163901269626e+00, -1.351663723996663e+00, -3.614779281401350e-01
s744        ,  4.575225784544250e-01,  2.920161269262798e-01,  4.149101489076414e-02
s745        ,  6.120442964942220e-02,  7.181304394815170e-01,  1.459583380402842e-01
s746        , -7.321682226189938e-01, -4.123591023608124e-01, -1.311954979259422e-01
s747        ,  3.433900501625798e-01,  3.248543896059249e-01,  4.954173109048957e-02
s748        ,  1.070072189769298e+00,  1.913590697691052e-01,  1.681366187189514e-02
s749        , -3.065637698166305e-01,  5.646946998122722e-01,  1.083416222285271e-01
s750        ,  5.825873454256546e-01,  8.042314053389207e-02, -1.038368688368087e-02
s751        ,  1.285276821036511e+00, -2.679417461299271e-01, -9.578975308883222e-02
s752        , -1.346601886455474e+00, -1.015951476501765e+00, -2.791738167527593e-01
s753        ,  1.060914810725354e+00,  5.544663173410962e-01,  1.058340046587119e-01
s754        , -2.988071870667106e-01, -7.545085434430520e-01, -2.150777688889308e-01
s755        ,  3.446486458262937e-01,  4.912608657473723e-01,  9.033838730463163e-02
s756        ,  7.815527627219405e-01, -3.105523529511467e-01, -1.062362832832679e-01
s757        , -1.199593062238569e-01, -3.263987758587411e-01, -1.101212346540037e-01
s758        , -4.537603905509296e-01, -3.159515250366124e-01, -1.075599587346038e-01
s759        ,  8.887536211540953e-01,  9.887295919721252e-01,  2.122991491191380e-01
s760        , -2.895515595576988e-01,  3.424468899183664e-02, -2.170491942069641e-02
s761        ,  1.508586595387194e+00,  7.606855990581716e-01,  1.563912746401256e-01
s762        , -1.358921391484776e+00, -1.465634433408463e+00, -3.894192917106420e-01
s763        ,  6.364126482871526e-01, -3.858093554027152e-02, -3.955904407081633e-02
s764        , -9.313282224456001e-01,  1.439220751002810e-01,  5.183881539961977e-03
s765        ,  1.388135281387673e-01,  9.423457324141832e-02, -6.997639146483684e-03
s766        , -5.439787958329916e-01, -5.064207615183318e-02, -4.251598552219384e-02
s767        , -9.653950427427375e-02,  1.598298704583633e-01,  9.083879144604247e-03
s768        ,  5.676322320535289e-02,  7.329780059413545e-01,  1.495984070960327e-01
s769        ,  2.392616163662374e+00,  7.319998446509332e-01,  1.493585984611008e-01
s770        ,  2.218993464697082e+00,  7.798884875252760e-02, -1.098048435954847e-02
s771        , -1.301691995085942e+00, -3.253294929666307e-01, -1.098590864037877e-01
s772        ,  5.381680992613423e-01, -6.719095260047006e-03, -3.174771019485990e-02
s773        ,  3.401653127948082e-01,  6.350791633633983e-01,  1.255972653314514e-01
s774        ,  1.961582265617426e+00,  9.602788249090413e-01,  2.053240830651302e-01
s775        ,  1.370640331855435e-01,  2.261386101317113e-01,  2.534030689413001e-02
s776        , -1.362945069319552e+00, -4.202929920836924e-01, -1.331405915242834e-01
s777        , -3.352331847361073e-01,  4.020938495957809e-01,  6.847796343215430e-02
s778        ,  1.725306869739156e-02, -2.014124029199596e-01, -7.947924158696837e-02
s779        ,  1.449489553403749e+00,  2.587759478852816e-01,  3.334176380224614e-02
s780        ,  4.890100260675969e-01, -2.664558982448690e-01, -9.542547865217088e-02
s781        , -1.480324044989625e+00, -4.338791986429251e-01, -1.364714222173161e-01
s782        ,  4.189986042737073e-03,  2.414770258245093e-01,  2.910071385904152e-02
s783        , -6.272127818216120e-01,  3.128548797384808e-01,  4.659989919697474e-02
s784        , -7.567615030290812e-01, -1.027417006378485e-02, -3.261928183045159e-02
s785        , -5.703210531845893e-01, -8.541205081489024e-02, -5.104028539197432e-02
s786        , -8.599325133308396e-02,  1.966244626164083e-01,  1.810453964783720e-02
s787        ,  2.785466688170735e-01, -5.051223398470116e-01, -1.539375810274345e-01
s788        , -2.115784691919650e-01,  6.334200612013838e-02, -1.457134342556406e-02
s789        ,  5.205927430670391e-01,  1.132011186491655e+00,  2.474264475811203e-01
s790        ,  2.374718073624741e-01,  1.201645019978887e+00,  2.644980642124146e-01
s791        , -1.870737338196531e-01, -5.002381841623396e-01, -1.527401683726858e-01
s792        ,  3.003547556082288e-01,  3.258242486949017e-01,  4.977950433553754e-02
s793        , -5.143092658197446e-01,  6.359981441995030e-02, -1.450813845409624e-02
s794        , -1.010636071412045e+00,  2.285672926365569e-01,  2.593572918478214e-02
s795        ,  7.888417803219110e-01,  1.693558985368057e-01,  1.141930563529046e-02
s796        , -5.465110200553928e-01, -5.236095949329150e-01, -1.584699658694863e-01
s797        , -1.192872691111335e+00, -5.244649230569601e-01, -1.586796603972239e-01
s798        , -5.479719952294668e-01, -7.829357408490909e-01, -2.220470565428556e-01
s799        , -1.767142590180783e+00,  3.045863942123154e-01,  4.457277519769094e-02
s800        ,  8.963412972756590e-01,  6.299358173355550e-01,  1.243363088797930e-01
s801        , -1.947046181282547e-01,  7.246441486469382e-01,  1.475552563794162e-01
s802        ,  1.600748538223649e+00,  9.218730498630998e-01,  1.959084206611314e-01
s803        ,  6.740572620180488e-01,  8.431152135080840e-01,  1.765999391137300e-01
s804        , -1.928070676221089e+00, -1.540916183845055e+00, -4.078755667485791e-01
s805        , -3.708716392635017e-01,  2.124139416907770e-01,  2.197553051630478e-02
s806        ,  7.676901054132433e-01,  5.051760655884108e-01,  9.374987486947486e-02
s807        , -3.131290990966100e-01, -4.129120596496834e-01, -1.313310624120022e-01
s808        ,  9.833675917069939e-01,  2.804155974172693e-01,  3.864699808772319e-02
s809        ,  5.790963636372375e-01, -6.262463226850913e-02, -4.545366098888161e-02
s810        ,  1.050626461500014e+00,  4.541124483316002e-02, -1.896729676130388e-02
s811        ,  5.249115464039674e-01,  8.326008665608740e-01,  1.740222137290705e-01
s812        ,  1.605931526374292e+00,  7.860790804255470e-01,  1.626168083660153e-01
s813        ,  9.497331683917801e-01,  5.551502127324229e-01,  1.060016702797462e-01
s814        , -7.865406237894391e-01, -1.386385028651903e-02, -3.349933742300623e-02
s815        , -2.660810322736745e-01,  3.079281962097948e-01,  4.539206030238249e-02
s816        , -9.674450919852262e-01, -8.023420169447451e-01, -2.268047510306480e-01
s817        ,  7.270946209036595e-01,  2.838210146890977e-01,  3.948187928301027e-02
s818        ,  6.532804155454610e-01,  3.556957580747616e-01,  5.710288337116948e-02
s819        ,  8.081292268835972e-01,  1.243918254831864e+00,  2.748618833938908e-01
s820        ,  1.390381735794342e+00, -2.132040635640917e-01, -8.237011660966627e-02
s821        ,  1.516978402347242e+00,  8.289122844121841e-01,  1.731179110761508e-01
s822        ,  3.033561593600319e-01, -3.879687911530129e-01, -1.252159040761528e-01
s823        , -8.238895392622755e-01,  1.130573510460920e-01, -2.382996658412932e-03
s824        ,  2.038981274745353e+00,  1.575703822429232e+00,  3.562033194482082e-01
s825        ,  1.320628175421427e-01,  1.892855581115101e-01,  1.630531421492644e-02
s826        ,  9.525953446348725e-01,  8.159323989823732e-01,  1.699357276908790e-01
s827        , -2.151354450670567e+00,  1.322643909147533e-01,  2.325852543748167e-03
s828        ,  8.438987064828646e-01,  1.465548579086257e-01,  5.829341606235137e-03
s829        , -1.571185202221650e+00, -2.929575094004948e-01, -1.019226844371063e-01
s830        ,  3.133543223982471e-01,  4.703559155616971e-02, -1.856906757955697e-02
s831        , -8.984804340484778e-01,  5.803802368838786e-01,  1.121871303979361e-01
s832        , -1.855362237616736e+00, -4.223033027376957e-01, -1.336334446543821e-01
s833        ,  4.948389352249701e-01,  3.539778414656125e-01,  5.668171434618246e-02
s834        ,  1.120605859544544e+00, -1.036622232414355e-01, -5.551454641593657e-02
s835        , -8.435182612795279e-01, -6.882935500604945e-01, -1.988443242304807e-01
s836        ,  1.128844146448547e+00, -6.000453304888145e-01, -1.772091549819250e-01
s837        , -1.924657877822013e+00, -1.574711886903469e+00, -4.161610115891838e-01
s838        , -1.075095206150813e+00, -8.387749967610133e-01, -2.357367576861923e-01
s839        ,  3.864893622265216e-02,  2.768025386288261e-01,  3.776121094354791e-02
s840        , -1.233908351649846e+00,  1.396038967469767e-01,  4.125225399672315e-03
s841        ,  6.618283364070194e-01, -7.929538324721171e-02, -4.954070683156624e-02
s842        , -1.380664268040651e+00, -9.077698839073228e-01, -2.526517285257222e-01
s843        ,  5.539120810708922e-02, -1.592655628765849e-01, -6.914640969465403e-02
s844        , -2.111176459361614e+00, -1.819301051022399e+00, -4.761251444380916e-01
s845        ,  1.677967143093475e-01,  1.117721748378449e-01, -2.698073890730996e-03
s846        , -1.112697847471129e-01,  4.598998321648619e-01,  8.264983253649681e-02
s847        ,  9.946887487236225e-02,  1.120710537224828e-02, -2.735287496140510e-02
s848        , -1.578942777693122e+00, -1.269993777231287e+00, -3.414555058253796e-01
s849        ,  4.886541057537146e-01,  6.879278757707206e-01,  1.385537968405311e-01
s850        , -1.729847647025637e+00, -1.714623512112433e+00, -4.504621193727546e-01
s851        , -3.749493322034730e-03, -2.781779704746437e-01, -9.829929319331270e-02
s852        , -1.822550475295671e-01, -2.104524841165860e-02, -3.525994817110698e-02
s853        , -7.026997334075608e-02,  4.231443815552478e-01,  7.363876807983641e-02
s854        ,  4.598855993128227e-01,  2.443845593838612e-01,  2.981353255337609e-02
s855        ,  1.247409464273019e-01, -2.492726289774617e-01, -9.121278245673210e-02
s856        , -7.920260931956873e-01, -5.329077342820485e-01, -1.607495225505337e-01
s857        ,  1.951476409171481e+00,  1.014000880255112e+00,  2.184947256620435e-01
s858        ,  5.125085136741685e-01,  5.255645126692022e-01,  9.874836101966686e-02
s859        , -6.666214518700430e-01, -8.477611684478956e-01, -2.379398315417998e-01
s860        ,  6.811400510310224e-02,  1.842229332408815e-01,  1.506414757780205e-02
s861        ,  1.248756919249408e-01,  2.838722616861756e-01,  3.949444313371051e-02
s862        , -4.702662470572295e-01,  2.358552190540351e-01,  2.772245669360273e-02
s863        ,  4.846741731606912e-01, -8.405736822181496e-02, -5.070816778867866e-02
s864        ,  5.444121402657593e-01,  1.890187339797165e-01,  1.623989889800591e-02
s865        ,  6.365198845674543e-01,  4.905682422292756e-01,  9.016858187272284e-02
s866        ,  4.352365441984731e-01,  5.549139150601650e-01,  1.059437389111911e-01
s867        , -5.650365137506241e-02, -3.386044402138441e-01, -1.131136079324156e-01
s868        , -2.338433808137944e+00, -1.846807704231171e+00, -4.828687490175553e-01
s869        , -2.347184475558825e-01, -8.064550110232906e-02, -4.987170533151030e-02
s870        , -8.212819619769498e-01, -1.031307800535182e-01, -5.538425638433718e-02
s871        , -1.570593293706644e-01, -3.086393303640498e-01, -1.057672815555386e-01
s872        ,  5.284306454202828e-01,  1.898349699935234e-01,  1.644000949957034e-02
s873        ,  9.554554102193652e-01,  3.710187228166648e-01,  6.085950233968536e-02
s874        ,  1.539965674145509e+00,  8.617708425813593e-01,  1.811736029723049e-01
s875        ,  6.472677808586434e-01,  8.263007859625362e-01,  1.724776691401129e-01
s876        ,  7.990955642461934e-01,  7.817573233109606e-01,  1.615572748470497e-01
s877        ,  2.414774484401117e-01,  8.417004865194961e-01,  1.762531008660332e-01
s878        , -5.588324756467096e-01, -4.062146920088539e-01, -1.296891178704305e-01
s879        , -1.108097718569436e+00, -9.803028976250191e-01, -2.704341159269267e-01
s880        , -7.450297483445957e-01, -6.356242329649765e-01, -1.859317737552634e-01
s881        , -1.759050067534673e+00,  1.356410362748800e-01,  3.153679940303794e-03
s882        , -6.605379692241985e-01, -1.121358304985721e+00, -3.050156363982145e-01
s883        ,  3.815578964726026e-01, -2.562658399580394e-01, -9.292725674176584e-02
s884        , -4.051889851605022e-01, -5.158737010413065e-01, -1.565734134580478e-01
s885        ,  2.841270750996222e-02,  1.351569821912286e-01,  3.035007948097236e-03
s886        , -1.487878849688012e+00, -8.264290470293230e-01, -2.327099916701105e-01
s887        ,  4.820147860437528e-01, -8.877408952342634e-02, -5.186453178280707e-02
s888        ,  7.081092310596756e-01,  5.784966717794441e-01,  1.117253505453464e-01
s889        , -9.770534507358716e-01, -9.820149393212535e-01, -2.708538446425698e-01
s890        , -4.782598098188896e-02,  8.221758940308518e-01,  1.714663996152755e-01
s891        , -3.221184210883460e-01, -2.718525082505822e-01, -9.674852597719048e-02
s892        , -9.718981396026354e-01,  3.675068649759858e-02, -2.109054237788730e-02
s893        ,  2.164744347352420e+00,  1.207203724145824e-01, -5.043098694072289e-04
s894        ,  2.108977331308746e-01, -1.335274541249510e-01, -6.283638619863292e-02
s895        , -7.726754766108116e-01, -6.371853512442558e-01, -1.863145016828426e-01
s896        ,  2.280269149131176e+00,  5.233858290905736e-01,  9.821422913359078e-02
s897        ,  1.732742671810001e+00, -4.024953072666486e-01, -1.287772635714013e-01
s898        , -1.952924930899203e-01, -1.484042112594125e-01, -6.648361171814948e-02
s899        , -1.243124507856434e+00, -6.842245107692803e-01, -1.978467476881807e-01
s900        , -1.127987025274472e+00, -9.111707542441497e-01, -2.534854949822781e-01
s901        ,  2.222405771151903e+00,  9.830911017177124e-01,  2.109168017862101e-01
s902        , -1.852329248500361e+00, -1.596564064714001e+00, -4.215183498751577e-01
s903        ,  1.566870488248132e+00,  9.347767598848594e-01,  1.990719286798772e-01
s904        , -1.387739856871698e+00,  5.507383733069829e-02, -1.659838977282620e-02
s905        ,  1.121219821885003e+00,  4.696392941879538e-01,  8.503758506320155e-02
s906        , -9.933730759278802e-01, -1.228256002921457e+00, -3.312229615810425e-01
s907        , -5.762178128524449e-02, -3.070873605950879e-01, -1.053867965011874e-01
s908        ,  2.416796340775907e-01, -8.074165343863367e-02, -4.989527829513145e-02
s909        , -4.906300545514419e-01,  1.864311695600159e-01,  1.560552469268508e-02
s910        , -1.582982857801990e+00, -1.647315991234114e+00, -4.339608277549639e-01
s911        , -7.523355700553859e-01, -9.460028410923663e-01, -2.620250224412932e-01
s912        ,  2.234392115693804e-01,  7.220976377073256e-01,  1.469309469549403e-01
s913        , -1.421242973618926e+00, -7.354098335163668e-01, -2.103954781447274e-01
s914        ,  5.670067347130128e-02,  4.886708460024768e-01,  8.970341114522710e-02
s915        , -5.612055763432976e-01,  2.389685777003303e-01,  2.848573601607493e-02
s916        ,  8.997740464690429e-01,  4.112850377189625e-01,  7.073129966494741e-02
s917        , -1.606823724089288e+00, -3.649370475151359e-01, -1.195693802809608e-01
s918        ,  3.499868789687911e+00,  8.616833828952716e-01,  1.811521611220318e-01
s919        , -8.715752962891429e-01,  3.374206678410860e-01,  5.262251343104796e-02
s920        , -1.856154837094557e+00, -1.359122077051565e+00, -3.633064378986488e-01
s921        ,  2.276110916770269e-01,  1.731947368556330e+00,  3.945084045916945e-01
s922        ,  1.278757880561135e+00,  1.826464513941522e+00,  4.176804804389357e-01
s923        , -2.625003058195762e-01, -5.723460058455353e-01, -1.704183145588923e-01
s924        , -1.727834522886679e+00,  8.206944617187036e-02, -9.980074195681194e-03
s925        ,  1.850614154947128e+00,  9.339661475953384e-01,  1.988731968055814e-01
s926        , -9.602025879025963e-01, -1.350521906410846e+00, -3.611979970906471e-01
s927        , -1.294474937930480e+00, -1.351191507721089e+00, -3.613621583365791e-01
s928        , -8.964192424384732e-01, -3.091052880259259e-01, -1.058815169806416e-01
s929        ,  3.373466507702030e-01,  4.908483195601517e-01,  9.023724637933385e-02
s930        , -4.361686703935594e-01,  4.154177808187373e-01,  7.174449400312669e-02
s931        ,  1.180800691213646e+00,  7.891142806337677e-01,  1.633609261570237e-01
s932        ,  4.707166528445574e-01, -2.031608529903268e-01, -7.990789627687196e-02
s933        ,  1.703804210339992e+00,  5.129911840338310e-01,  9.566585018415914e-02
s934        , -1.834005051426063e+00, -1.998120607651639e+00, -5.199650246238086e-01
s935        , -1.778081906893596e+00, -1.062511444848492e+00, -2.905885829687579e-01
s936        , -1.576278502143039e+00, -4.498950980134029e-01, -1.403979228904166e-01
s937        ,  1.612912677482048e-01,  7.618466077674404e-01,  1.566759106367043e-01
s938        ,  3.756397573989944e-01, -4.989393715279231e-01, -1.524217479977008e-01
s939        , -1.269094165370334e+00, -5.617967045980571e-01, -1.678320196846053e-01
s940        ,  1.741633513389911e-01,  6.696880027271629e-01,  1.340820608408149e-01
s941        , -7.405880410109714e-01, -5.252809277947023e-01, -1.588797142985304e-01
s942        , -9.892731562449668e-01, -1.300494234123265e+00, -3.489330793131962e-01
s943        , -2.404390935905114e-01,  9.019539144188403e-02, -7.987895746364755e-03
s944        , -1.000366609598995e+00, -6.125077918792695e-01, -1.802644853075083e-01
s945        , -6.403848269203397e-01,  8.196884025195800e-02, -1.000473901175652e-02
s946        ,  1.042678968069443e+00,  6.917315357908169e-01,  1.394863122918135e-01
s947        ,  5.081125559242120e-03, -1.972849877610224e-01, -7.846735346099742e-02
s948        , -9.507722609706112e-01, -6.310294322805440e-01, -1.848053001453303e-01
s949        , -1.109777834090980e-01,  9.630518881581923e-04, -2.986433447860844e-02
s950        ,  6.358188156380660e-01,  3.238232160667779e-01,  4.928892583104798e-02
s951        , -2.185819524191360e+00, -1.733236507008020e+00, -4.550253309224384e-01
s952        ,  1.305064709156519e+00,  1.008039740025544e+00,  2.170332765993082e-01
s953        ,  1.664044937420125e+00,  1.960471405176973e+00,  4.505339678681844e-01
s954        ,  1.051351309197190e+00,  1.473519886727894e+00,  3.311516328066860e-01
s955        , -1.399028311662238e+00, -1.598907801639989e-01, -6.929968963498570e-02
s956        ,  1.385421265834244e+00,  6.471171148794803e-01,  1.285485216822358e-01
s957        , -9.408889636329510e-01, -1.814997366635651e-01, -7.459739913464367e-02
s958        ,  9.732055185777991e-01,  2.551826143117544e-01,  3.246081254445185e-02
s959        , -5.141793956906318e-01, -3.604345290819836e-01, -1.184655308342661e-01
s960        , -1.427508420922605e+00, -7.255908990270212e-01, -2.079882419359003e-01
s961        , -2.005936182526318e-01,  1.029106419866779e-01, -4.870590956425551e-03
s962        , -1.040812919577019e+00, -5.031031815144155e-01, -1.534425587768171e-01
s963        ,  3.350397487530737e-01, -4.159687766834214e-01, -1.320804553254326e-01
s964        , -1.211148190797335e+00, -1.183438401550524e+00, -3.202353587072321e-01
s965        , -3.546684926971408e-01, -2.245904405095458e-01, -8.516163119815785e-02
s966        , -1.297482551855562e+00, -1.097850447772219e+00, -2.992523873269752e-01
s967        , -7.045435460678467e-02,  2.276735422667027e-01,  2.571661495662425e-02
s968        ,  9.299065987644251e-02,  5.601383154426706e-01,  1.072245668649598e-01
s969        ,  6.950554955433741e-01,  4.424609058532517e-01,  7.837445877716200e-02
s970        ,  2.496136210729474e-01, -1.250069909721395e-01, -6.074748669129013e-02
s971        , -1.044044119112301e+00, -7.963388227164349e-02, -4.962369415663180e-02
s972        , -1.696855601622959e-01,  2.354272541757172e-01,  2.761753568080741e-02
s973        ,  4.802864320387065e-01, -7.987916583175021e-02, -4.968382852945603e-02
s974        , -1.989928973862810e-01,  2.069464658350018e-01,  2.063510953017930e-02
s975        ,  5.144117291211028e-01, -2.478103457054800e-01, -9.085428518356096e-02
s976        ,  3.695887594461370e-01,  7.497222618032082e-01,  1.537034735922249e-01
s977        , -5.208667084829633e-01, -6.024270668879912e-02, -4.486970175089798e-02
s978        , -1.415530554889297e+00, -7.037602558860617e-01, -2.026361831470446e-01
s979        , -9.075955878756907e-02,  7.630136078717873e-01,  1.569620154997051e-01
s980        , -1.408049785649008e+00, -1.468381253571057e+00, -3.900927094793120e-01
s981        ,  7.617332134276670e-01,  2.955889649371280e-01,  4.236694140166205e-02
s982        ,  5.658342892742037e-01,  4.363849661585310e-01,  7.688486517088503e-02
s983        , -6.523400746561840e-01, -6.694153939114347e-01, -1.942161050395675e-01
s984        ,  1.408650344937474e+00, -2.389485522041134e-01, -8.868170421616722e-02
s985        , -1.892295500046385e+00, -1.375768602674842e+00, -3.673875445884839e-01
s986        ,  7.279494111089814e-01,  1.162874222203741e-01, -1.591103780804081e-03
s987        ,  6.069333137359153e-01, -1.385654950336082e-01, -6.407152576596900e-02
s988        ,  7.956867077796174e-01, -3.383388291594976e-02, -3.839524396858786e-02
s989        , -1.492402946081943e-01,  1.357599243004059e-01,  3.182826846228502e-03
s990        ,  4.998144921024051e-01,  6.786842170066777e-01,  1.362875967652591e-01
s991        , -1.388778051347251e+00, -1.893914844965354e+00, -4.944176614777299e-01
s992        ,  4.282998930275517e-01, -6.425368128650470e-01, -1.876264803092093e-01
s993        ,  5.363050420459536e-01,  4.821010306422127e-01,  8.809273766149044e-02
s994        , -6.815023874245365e-01,  1.245833244339590e-01,  4.427417668059878e-04
s995        , -2.391036276757255e+00, -2.322007253591362e+00, -5.993699399440681e-01
s996        ,  4.431453520331272e-01,  4.237792010522505e-01,  7.379440212352133e-02
s997        , -6.841651286789517e-01, -9.053520083648149e-01, -2.520589556988256e-01
s998        , -1.890503332016519e-01,  7.259393708467649e-04, -2.992246561675358e-02
s999        , -1.955891416531250e-01, -5.667348445446353e-01, -1.690426672652116e-01
s1000       ,  1.922227018092693e+00,  9.490921931542976e-01,  2.025815385411746e-01
s1001       ,  7.564584951078414e-01,  3.239842396535206e-01,  4.932840280371777e-02
s1002       , -1.216448226111712e+00, -8.570010381158663e-01, -2.402051026721569e-01
s1003       ,  9.406214986730431e-01,  7.715547889454084e-01,  1.590559942678576e-01
s1004       , -6.084517344429569e-01, -1.118918658708140e-01, -5.753214758688270e-02
s1005       ,  1.047447652274055e-01,  2.349718815588105e-01,  2.750589531360506e-02
s1006       ,  1.789223857816157e+00, -7.875388501463836e-01, -2.231755671145124e-01
s1007       , -3.471776742826870e-02, -5.711450606357910e-01, -1.701238876231742e-01
s1008       , -4.304906904704673e-01,  4.227484226659396e-01,  7.354169374080460e-02
s1009       ,  5.526661980887815e-01,  4.120885269787723e-01,  7.092828523825138e-02
s1010       ,  1.084664986478008e-01,  5.095195503414468e-01,  9.481473519432398e-02
s1011       , -1.857041478323650e-01,  4.860080016059759e-01,  8.905058109969773e-02
s1012       , -9.197930097533304e-01, -1.122055834380133e+00, -3.051866445678659e-01
s1013       , -4.019119417889337e-01, -2.855151635631176e-01, -1.000980990508012e-01
s1014       , -1.358932079618377e+00, -1.600260934073497e+00, -4.224246842428164e-01
s1015       , -1.527440174864809e+00, -6.729819920728927e-01, -1.950905017723203e-01
s1016       ,  1.494747075983483e+00,  6.334266779115547e-01,  1.251921375837763e-01
s1017       ,  5.541257590705128e-01,  3.035167183164450e-01,  4.431053059762329e-02
s1018       , -1.957085120530336e+00, -1.695626933860318e+00, -4.458048675027143e-01
s1019       ,  7.131485583147716e-01,  9.830921033737514e-01,  2.109170473548803e-01
s1020       , -1.923756067205053e+00, -7.321672343140966e-01, -2.096005138623108e-01
s1021       ,  3.885529621363158e-01,  7.060890536714474e-01,  1.430062397288117e-01
s1022       , -1.875446506562856e+00, -1.460374555787435e+00, -3.881297660623064e-01
s1023       ,  1.372593741804168e+00, -4.722314492671210e-02, -4.167779121001755e-02
s1024       , -8.235465806555776e-01, -9.903761870454905e-01, -2.729037104701295e-01
s1025       , -3.055697164838789e-01,  4.652023178965951e-01,  8.394980410307235e-02
s1026       , -1.058405261469002e+00, -8.983171298427567e-01, -2.503342660880155e-01
s1027       ,  1.001215100946893e+00,  1.332768187107058e+00,  2.966445701362013e-01
s1028       , -1.207050253018809e-01, -2.674321334371011e-01, -9.566481507972548e-02
s1029       , -3.485019297637044e-02,  2.419747817366454e-01,  2.922274502812123e-02
s1030       ,  7.570890498814408e-01,  3.065372984670794e-01,  4.505106409625917e-02
s1031       , -3.425236517205575e-01, -5.472913884227798e-01, -1.642758576228763e-01
s1032       , -9.690806500330096e-01, -9.912499801933068e-02, -5.440218816014967e-02
s1033       ,  3.580879227715397e-01,  1.593217722251381e-01,  8.959312424458809e-03
s1034       , -1.559175075401338e+00, -1.166626890512184e+00, -3.161138037523131e-01
s1035       , -5.297528349600488e-01,  1.402075825953221e-02, -2.666307230341913e-02
s1036       , -2.199501197760688e+00, -1.199101129206927e+00, -3.240752748594788e-01
s1037       , -2.563451324430153e-01, -5.565064499153296e-01, -1.665350467146769e-01
s1038       ,  1.208934872396009e+00,  1.166367257961234e+00,  2.558492738383240e-01
s1039       ,  1.284684643971159e+00,  6.446908646981230e-01,  1.279536957065076e-01
s1040       ,  3.246719543370283e-02,  1.853244434679828e-02, -2.555697529015225e-02
s1041       ,  2.496032441662194e+00,  1.033395690278296e+00,  2.232496090968796e-01
