# c0 + a0 * ((WE / RBI) + (face-area-avg + B))
# Property Label: $E$; Unit of the Property: Unitless
# RMSE: 0.708965136716539; Max AE: 2.53576689996927
# Coefficients
# Task   a0                      c0
# all , -8.970526497198653e-01,  8.497057766590174e-01, 
# Feature Rung, Units, and Expressions
# 0;  2; Unitless;                                         7|6|div|32|8|add|add; ((WE / RBI) + (face-area-avg + B)); $\left(\left(\frac{ WE }{ RBI } \right) + \left(face-area-avg + B\right)\right)$; ((WE ./ RBI) + (face_sub_area_sub_avg + B)); ((newdata$WE / newdata$RBI) + (newdata$face_sub_area_sub_avg + newdata$B)); WE,RBI,face-area-avg,B
# Number of Samples Per Task
# Task, n_samples               
# all , 1041                  

# Sample ID , Property Value        ,  Property Value (EST) ,  Feature 0 Value      
s1          ,  6.774572406644882e-01,  1.888085402633123e-01,  7.367429733384014e-01
s2          ,  1.967875961713064e+00,  1.918940923698672e-01,  7.333033178092433e-01
s3          , -1.271285198486554e+00, -7.366640336747213e-01,  1.768424418376263e+00
s4          , -1.922048452937919e-01, -4.940831003257763e-01,  1.498004467635692e+00
s5          ,  2.455067115358116e-01, -1.731445844051681e-01,  1.140234479418354e+00
s6          ,  1.771859120156342e-01,  3.281551884906212e-01,  5.814046570524793e-01
s7          , -1.787554844087500e-01,  3.234725158014455e-01,  5.866247215499623e-01
s8          ,  1.258527874893824e+00, -2.089407928584516e-01,  1.180138724129589e+00
s9          ,  1.207996528852184e+00,  1.258767174356368e+00, -4.560060079250569e-01
s10         , -3.778119871449526e-01,  4.493319897122584e-01,  4.463213915836368e-01
s11         ,  2.051916464504999e-01, -1.312078648970537e+00,  2.409874633673557e+00
s12         , -9.030892502610830e-01, -6.794058061631548e-01,  1.704595135301912e+00
s13         , -1.915336013610817e+00, -4.974915858999168e-01,  1.501804117048918e+00
s14         , -4.972857440368104e-01, -8.910120138099628e-01,  1.940485645979171e+00
s15         ,  9.892906044607527e-01,  1.920784994238387e-01,  7.330977478752722e-01
s16         ,  7.196956197004112e-01,  9.782646077670084e-01, -1.433124701745632e-01
s17         , -8.233048349290433e-01, -8.566648689220474e-01,  1.902196761933579e+00
s18         ,  6.436893120625885e-01, -1.020308291011242e-01,  1.060959583651364e+00
s19         ,  6.782210382119218e-01,  9.730622466113735e-01, -1.375130768421211e-01
s20         ,  1.358387811126361e-01, -6.515519384214633e-01,  1.673544708383949e+00
s21         ,  1.192439177417436e+00,  3.429782942454821e-01,  5.648804254374343e-01
s22         , -1.675888320916539e+00, -1.211241767583685e+00,  2.297465533250810e+00
s23         ,  1.682267394333138e+00,  1.034622214791714e+00, -2.061377759604665e-01
s24         , -5.344901610254715e-02,  9.799487165908105e-02,  8.379785793338699e-01
s25         ,  7.630444568978922e-01,  9.921530458998489e-01, -1.587947700564905e-01
s26         , -7.690353008448225e-01, -1.495744931230711e+00,  2.614618783660216e+00
s27         ,  1.318355805735755e-01,  4.595721856398016e-01,  4.349060126415635e-01
s28         , -1.557515501210242e+00, -8.772008375265615e-01,  1.925089474653314e+00
s29         ,  1.315402392066626e+00,  1.277154557365554e+00, -4.765035595625537e-01
s30         , -1.602536800620832e+00, -4.745478060029450e-01,  1.476227268349862e+00
s31         , -6.577868421803238e-01, -5.211025881234266e-02,  1.005310040333733e+00
s32         ,  1.122204297021453e+00,  1.158629370599298e-01,  8.180599431128759e-01
s33         ,  1.732999170998263e+00,  9.665968517541903e-01, -1.303057018243869e-01
s34         ,  1.815120104294484e+00,  4.749440504944981e-01,  4.177700453608282e-01
s35         ,  5.934117724273275e-01,  1.078983338024775e+00, -2.555898602354691e-01
s36         ,  9.702627198604924e-01, -5.505410371675431e-01,  1.560941617266093e+00
s37         ,  1.142962175227537e+00, -1.198542006468829e-01,  1.080828396871329e+00
s38         ,  2.376281988155590e-01,  4.894752966885335e-01,  4.015711676265356e-01
s39         , -9.901628269429662e-01, -1.092366056978470e-01,  1.068992307927886e+00
s40         , -6.175077579414836e-01,  1.221613748341098e-01,  8.110386854685816e-01
s41         , -6.558266813617915e-01, -2.947111448273697e-01,  1.275752233543672e+00
s42         , -1.132806252875512e-01, -1.491258981887553e-01,  1.113459366247557e+00
s43         ,  3.987508132795206e-01,  2.686024775667700e-01,  6.477917425178068e-01
s44         , -1.257042213831158e-02,  2.958399937320101e-01,  6.174284007744366e-01
s45         , -2.453536714432208e-01,  1.923706375532124e-01,  7.327720834569519e-01
s46         ,  4.319604697532172e-01, -2.028394860163484e-01,  1.173337220512150e+00
s47         , -5.858250576994644e-01, -6.767262594320195e-01,  1.701608079043874e+00
s48         , -1.351740028810569e+00, -1.461732759481232e+00,  2.576703314863485e+00
s49         ,  1.400180920836999e+00,  3.145669179138288e-01,  5.965523416181910e-01
s50         ,  6.339509690024701e-01, -1.373430324013015e-01,  1.100324277921210e+00
s51         ,  9.663578673416964e-01,  9.773763223734491e-01, -1.423222435765628e-01
s52         ,  1.470345916377529e-01, -8.084167412689524e-01,  1.848411593729503e+00
s53         , -1.879048126514940e+00, -1.658423695437131e-01,  1.132094249451099e+00
s54         ,  2.462378298792408e+00,  1.355158615056344e+00, -5.634595010172156e-01
s55         ,  2.147693442064033e-01, -1.995819251547658e-01,  1.169705816198702e+00
s56         ,  1.250856345991485e+00,  1.134844163616600e+00, -3.178613730717224e-01
s57         ,  3.470878239384724e-01,  5.070661675560608e-01,  3.819615372742695e-01
s58         ,  2.650904256602346e+00,  6.742614262956190e-01,  1.955786546287854e-01
s59         ,  2.436955679659398e-02,  3.318014826730822e-01,  5.773399076940112e-01
s60         , -1.350996154759193e+00, -8.397585100927886e-01,  1.883350199432996e+00
s61         , -1.175408395594881e+00, -4.476928602186024e-01,  1.446290401441628e+00
s62         ,  5.137509822735412e-02,  3.492807245874866e-01,  5.578547170311634e-01
s63         ,  1.630781368412474e+00,  1.184503840282495e+00, -3.732200821524018e-01
s64         , -7.346563779561162e-02,  9.856997030983667e-01, -1.516008302097074e-01
s65         ,  6.477994742971301e-01,  9.138537957847552e-01, -7.150975937228465e-02
s66         ,  1.102507059534665e+00,  5.928082200733591e-01,  2.863795750069777e-01
s67         , -2.689254974131806e-01, -1.324478475529951e-01,  1.094867312992970e+00
s68         ,  1.634793292022643e+00,  1.079334934101905e+00, -2.559818061008977e-01
s69         ,  3.008420412735001e-01,  5.560689297561111e-01,  3.273351313265773e-01
s70         ,  4.428344099007711e-01,  3.110582164620255e-01,  6.004637078606285e-01
s71         , -2.587880550234566e-02, -1.706831037341293e-01,  1.137490514867547e+00
s72         ,  3.320850724266521e-01,  7.486554000516720e-01,  1.126470967327300e-01
s73         , -1.001377721869569e+00, -5.953543079250322e-01,  1.610897738315937e+00
s74         ,  1.535377236435878e+00,  1.149054941654588e+00, -3.337030051570022e-01
s75         ,  2.223324131252060e-01,  1.090399619022490e-01,  8.256659349794754e-01
s76         , -5.720277382811452e-01, -1.464308376693151e-01,  1.110455015811401e+00
s77         , -1.197863875151751e+00, -3.186026078949445e-01,  1.302385523211826e+00
s78         , -1.436625202734528e+00, -5.289639620178762e-01,  1.536888318770843e+00
s79         ,  4.409066269069510e-01,  2.355223246262619e-01,  6.846682323769455e-01
s80         ,  6.309139277294878e-01,  2.715983031115474e-01,  6.444521107295133e-01
s81         , -1.685326208098238e+00, -3.646522367627240e-01,  1.353719889017624e+00
s82         , -1.663665661245249e-01,  1.425482872188508e-01,  7.883121349242992e-01
s83         , -1.321966357459877e+00, -2.558835760865225e-01,  1.232468744271361e+00
s84         ,  1.425519064192979e+00, -6.552314174134222e-02,  1.020262209454674e+00
s85         , -6.984731689207798e-01, -1.111605293217321e-01,  1.071137024433083e+00
s86         , -2.932580333118892e-01, -2.113984933778285e-01,  1.182878474711837e+00
s87         ,  3.346071912195332e-02,  3.085369719893860e-02,  9.128249938460052e-01
s88         , -7.344698336486584e-02,  1.389231660413884e-01,  7.923532814262291e-01
s89         ,  2.903456543575506e-01,  4.708951855532084e-01,  4.222835652111448e-01
s90         ,  3.160753830639385e-01,  1.912871837125709e-01,  7.339798763785600e-01
s91         ,  4.911838748491691e-01,  1.320688032700932e+00, -5.250330136018155e-01
s92         , -8.899315452749768e-01, -9.422176918687050e-01,  1.997567778309679e+00
s93         ,  8.806558878772817e-01,  1.488559969548368e-01,  7.812805412514465e-01
s94         ,  2.174850994919374e-01,  5.843491171755063e-01,  2.958094595299145e-01
s95         , -7.665153489308597e-01, -9.893646003752131e-01,  2.050125349508239e+00
s96         ,  5.275622810365228e-01,  3.325129671620701e-01,  5.765467719854102e-01
s97         ,  2.030602111680013e+00,  1.349053554152280e+00, -5.566538125150184e-01
s98         , -9.469867286116609e-01, -3.122688750597292e-01,  1.295324919982804e+00
s99         , -9.198822372946849e-01, -1.575337086962155e+00,  2.703345076098346e+00
s100        , -4.843791818667553e-01, -1.433580135458785e-01,  1.107029548951239e+00
s101        , -2.042448773263304e-01, -3.790766228145176e-01,  1.369799643150559e+00
s102        , -5.164158759195604e-01, -1.581628177050978e+00,  2.710358142823903e+00
s103        ,  1.172650799800637e-01,  7.345397332477031e-01,  1.283827024503843e-01
s104        , -1.768695959917696e+00, -1.233480807998438e+00,  2.322256765316952e+00
s105        ,  5.247327840013729e-01,  1.434179493188867e-01,  7.873426688619588e-01
s106        ,  5.297962102782025e-01,  1.104268692150841e+00, -2.837770063678193e-01
s107        ,  1.497385912477808e-01, -3.399734428562363e-01,  1.326208913029543e+00
s108        ,  4.406641357796892e-01,  6.859425148255102e-01,  1.825570236982721e-01
s109        , -6.596772585897818e-01, -4.174816512596825e-01,  1.412612100654763e+00
s110        ,  1.094420195469493e+00, -5.047755444798988e-01,  1.509923995611515e+00
s111        ,  3.915962330096326e-01,  9.252487409407524e-01, -8.421240860870971e-02
s112        ,  8.365523515867515e-01,  5.263889554956116e-01,  3.604212319805000e-01
s113        , -1.291655352083360e-01,  2.519028126252242e-01,  6.664078905741788e-01
s114        ,  1.376602311009741e+00,  8.202705134700805e-01,  3.281330610653566e-02
s115        ,  2.854337653329592e+00,  8.360687164307319e-01,  1.520207340399038e-02
s116        , -4.031277243707178e-01, -4.279990433564985e-01,  1.424336487289260e+00
s117        , -1.548008576871541e+00, -8.776660625992952e-01,  1.925608089779058e+00
s118        , -1.376296935489929e+00, -8.186304382594672e-01,  1.859797432669619e+00
s119        ,  1.159776550977451e-01, -5.072872213078129e-01,  1.512723916919031e+00
s120        , -1.608916416404319e-01,  3.475471803343332e-01,  5.597872058919842e-01
s121        ,  3.197271174130288e-01,  8.448849001072978e-01,  5.374128879977236e-03
s122        , -1.530552753436365e+00, -4.643862939375759e-01,  1.464899603169293e+00
s123        , -1.233881263109963e+00, -1.378854871623111e+00,  2.484314213862554e+00
s124        , -5.427146006639550e-01, -9.303887805057254e-02,  1.050935700378337e+00
s125        ,  9.732454451545894e-01, -1.165229425791148e-02,  9.602090481377171e-01
s126        , -1.840471966312827e-01, -3.039185799009013e-01,  1.286016330167662e+00
s127        , -1.081994746251625e+00, -1.365898688179891e+00,  2.469871155868951e+00
s128        ,  4.539347974729817e-01,  1.009644464798949e+00, -1.782935351563562e-01
s129        , -9.281932508350824e-01, -5.336313050044014e-01,  1.542091294301859e+00
s130        , -7.213314288938638e-01,  8.670972787453879e-02,  8.505588261990527e-01
s131        , -2.205996399193568e-01,  2.128138773109786e-01,  7.099827413105904e-01
s132        , -1.239159936584262e+00, -5.090553361061548e-01,  1.514694943702012e+00
s133        , -3.218370754810609e-01, -6.406718933811265e-01,  1.661416050112069e+00
s134        , -1.004593496203065e+00, -1.013580017812288e+00,  2.077119771122886e+00
s135        ,  9.616883013837800e-01,  3.234556094050578e-02,  9.111619211801667e-01
s136        ,  1.177397001560173e+00,  8.942773872406475e-01, -4.968672752435332e-02
s137        , -1.190015539084228e+00, -3.581969881788184e-01,  1.346523824677452e+00
s138        ,  2.514478411301381e-01,  6.136424549534414e-02,  8.788130010093156e-01
s139        , -1.987650229798378e-01,  4.136883872349127e-01,  4.860555169869524e-01
s140        , -1.883191692860165e-02, -6.780751117125902e-01,  1.703111728000255e+00
s141        ,  4.763479271249645e-01,  1.835694219524310e-01,  7.425833421423031e-01
s142        , -1.264849480226229e+00, -1.136759875391997e+00,  2.214435967243789e+00
s143        ,  5.343202969822768e-02,  8.571750419906233e-01, -8.326451445116900e-03
s144        ,  1.580293395785219e-01,  2.322041722031092e-01,  6.883671818468444e-01
s145        ,  9.188749641933952e-01,  6.974569569884385e-01,  1.697211637668354e-01
s146        ,  8.965084025411505e-01,  8.374340848863393e-01,  1.368001284708353e-02
s147        ,  6.848734553557310e-01,  7.714088060104645e-01,  8.728246962204922e-02
s148        ,  2.946101194283518e-01,  1.840734343507012e-01,  7.420214883888723e-01
s149        , -1.049624548293927e+00,  4.363295991764049e-02,  8.985791603124967e-01
s150        ,  3.591106519707902e-01,  7.825812566156861e-01,  7.482784880496496e-02
s151        , -1.331621263631160e-02,  3.669403615322308e-01,  5.381684288849113e-01
s152        ,  6.334057303004041e-01,  1.072457909662938e-01,  8.276660081485535e-01
s153        ,  1.034338109925286e+00,  3.773864561242776e-01,  5.265235219830601e-01
s154        , -3.383324211856340e-02,  3.182834876960731e-01,  5.924092517076881e-01
s155        ,  1.136039203602913e+00, -8.479899986398898e-02,  1.041750199182664e+00
s156        , -1.392262169733224e+00, -5.921245818771917e-01,  1.607297363188737e+00
s157        , -5.253740885024729e-01,  4.013918614637924e-02,  9.024738857473442e-01
s158        ,  3.989423304234663e-01,  6.170585918221611e-01,  2.593461876619039e-01
s159        ,  5.765884380454732e-01,  4.818762561274827e-01,  4.100422875361905e-01
s160        , -8.116051377987674e-01, -6.909439141252124e-01,  1.717457376961485e+00
s161        , -3.068617279191663e-01, -1.146873567216258e+00,  2.225710324247717e+00
s162        ,  7.336330388262124e-01, -6.911182680685425e-01,  1.717651740072039e+00
s163        ,  5.366582957206302e-01,  2.873538457589003e-01,  6.268884341133492e-01
s164        ,  1.442528357282191e+00,  1.104887832160834e+00, -2.844671999815234e-01
s165        , -1.062713736405366e-01,  4.200083153060162e-01,  4.790103027812119e-01
s166        , -8.326065002207604e-01,  3.394794124649002e-01,  5.687808450857955e-01
s167        ,  3.946237056414995e-01, -5.413752623132214e-01,  1.550723961861826e+00
s168        ,  2.235679947771067e+00,  1.151409716261705e+00, -3.363280178670727e-01
s169        ,  1.625062009748738e+00,  8.370193114464803e-01,  1.414238642124155e-02
s170        ,  1.327620092596634e-01, -2.581989312556551e-01,  1.235049813698954e+00
s171        ,  5.954984467350798e-01,  4.205583890048968e-01,  4.783971016507629e-01
s172        ,  5.199772380778388e-01, -8.150446368411524e-02,  1.038077576197935e+00
s173        ,  6.222838143288129e-01,  7.439202441223938e-01,  1.179256675398692e-01
s174        ,  1.054103529053623e+00,  5.779083504878537e-01,  3.029893800057795e-01
s175        , -5.255654946879281e-01,  2.079061292389328e-02,  9.240429354887705e-01
s176        ,  9.849433920982633e-01,  9.425418487376271e-01, -1.034901040731566e-01
s177        , -4.422819104749493e-01,  1.772836840050610e-01,  7.495904425051781e-01
s178        , -6.072036959750036e-01, -1.587474116612640e-01,  1.124185061640701e+00
s179        ,  1.274608736041423e+00,  4.344473153199832e-01,  4.629142575619307e-01
s180        , -1.497077617346340e+00, -1.346417459082346e+00,  2.448154226429381e+00
s181        , -2.083438027973673e+00, -1.014427189914592e+00,  2.078064166195537e+00
s182        ,  1.836267684377070e+00,  7.133457837844289e-01,  1.520089070771614e-01
s183        ,  9.114464311238878e-01,  5.805453920041885e-01,  3.000497069362464e-01
s184        ,  1.514590021168478e+00,  1.912688502982901e-01,  7.340003137679223e-01
s185        ,  1.833338059507960e+00,  1.089999312251183e+00, -2.678700471674715e-01
s186        ,  2.453649877689343e-01,  5.834525480559841e-01,  2.968089205089353e-01
s187        ,  3.720198183543537e-01,  1.667440193263989e-01,  7.613396577624469e-01
s188        ,  1.146530015212694e+00,  8.749370870477654e-01, -2.812690024005549e-02
s189        ,  1.953473158179789e-01, -1.673959695992858e-01,  1.133826143399640e+00
s190        , -2.653274521332475e-01, -1.487520999416185e-01,  1.113042670251783e+00
s191        , -1.734213411135429e+00, -1.635272640501479e+00,  2.770158939875507e+00
s192        , -1.380433379832566e+00, -1.051697717152678e+00,  2.119611925125545e+00
s193        ,  1.331098677791819e+00,  9.224708185872622e-01, -8.111568696772498e-02
s194        ,  5.090097107027989e-01,  3.209919573601328e-01,  5.893899532697364e-01
s195        , -9.924573921340460e-02, -4.336463436929526e-01,  1.430631881810660e+00
s196        , -5.779338669443590e-01, -2.453879502196620e-01,  1.220768621797906e+00
s197        ,  2.483047809304522e-01,  5.402913649481849e-01,  3.449233574054515e-01
s198        , -5.206217556690500e-01,  3.888498262322521e-01,  5.137445952260249e-01
s199        , -5.943289801913764e-01, -1.783214152910731e-01,  1.146005412582111e+00
s200        , -1.021605773659559e+00, -7.491859608354384e-01,  1.782383384067550e+00
s201        , -1.880186336712063e-01, -7.792706004297983e-01,  1.815920590165492e+00
s202        ,  8.974446090874552e-01,  4.393066250204574e-01,  4.574972848770034e-01
s203        ,  1.491847227695687e+00,  5.133491088087618e-01,  3.749575545596952e-01
s204        ,  5.673187961114483e-01,  4.577197326816281e-01,  4.369710563809159e-01
s205        ,  7.052663182498152e-02,  2.832658804561872e-02,  9.156421185199127e-01
s206        ,  4.612958000362408e-01, -3.206399485100645e-01,  1.304656672642973e+00
s207        , -1.890335631962240e-01, -9.371727797924337e-01,  1.991943903191706e+00
s208        ,  1.196645888991632e+00,  6.529911387669133e-01,  2.192899580125367e-01
s209        ,  1.251755561530769e-01, -5.875460902373741e-02,  1.012716907938962e+00
s210        ,  4.275859111659360e-01,  2.751363224216380e-01,  6.405080620594654e-01
s211        ,  5.283027681041661e-01,  3.769341386881784e-01,  5.270277481689372e-01
s212        , -5.193859304496163e-01, -2.226917147027173e-01,  1.195467726110197e+00
s213        , -7.895660096178727e-01, -5.779474112156376e-01,  1.591493195321910e+00
s214        , -8.273130453363812e-01, -1.292883721613381e+00,  2.388476862468991e+00
s215        ,  7.097242197335737e-01, -1.416454819363583e-01,  1.105120484182236e+00
s216        , -4.103389107009319e-01,  4.136883227402932e-02,  9.011031232530424e-01
s217        ,  5.083753923761842e-01, -1.348599672614298e+00,  2.450586874649787e+00
s218        ,  1.227559854195250e+00,  8.792091953445582e-01, -3.288928324859675e-02
s219        ,  4.233903461072759e-01, -1.060007841580715e-01,  1.065385137779304e+00
s220        , -9.401298955648565e-02,  7.002444687172281e-01,  1.666137522568643e-01
s221        ,  1.262898065596499e+00,  5.036730170169437e-01,  3.857440917767024e-01
s222        , -8.196925206317609e-01, -3.919286150279216e-01,  1.384126552744346e+00
s223        ,  4.013207508237785e-01, -2.982310490256287e-01,  1.279676088179582e+00
s224        ,  7.221682333138075e-01, -2.013397566374558e-01,  1.171665379534520e+00
s225        ,  7.658761358813224e-01,  5.365659953042305e-01,  3.490762570653743e-01
s226        ,  1.021677840387193e+00,  5.955968553474729e-01,  2.832709110116318e-01
s227        , -1.713769108940136e-01,  3.327268224990180e-01,  5.763083742313713e-01
s228        ,  1.274319171489858e-01,  4.030353041786872e-02,  9.022906810362932e-01
s229        ,  2.041762025685344e-01, -4.955603045521523e-01,  1.499651198434422e+00
s230        , -1.775628277285172e+00, -6.967342749215714e-01,  1.723912249814452e+00
s231        , -2.906010097813954e-01, -1.253087542636880e-01,  1.086908924718283e+00
s232        ,  7.153226846206260e-01,  1.161656882646457e+00, -3.477511672083651e-01
s233        , -3.817422129899863e-01,  3.239343562193618e-01,  5.861098795080146e-01
s234        , -1.045314287465124e-01,  9.917903720369760e-01, -1.583904750990137e-01
s235        , -2.007585327297883e+00, -1.695865285889961e+00,  2.837705304525791e+00
s236        ,  1.304199689079254e+00, -1.133413239497151e-01,  1.073568090913589e+00
s237        , -2.782406460538666e-01, -1.526846772571339e-01,  1.117426557102508e+00
s238        , -2.322383208123123e-01,  5.982470502213200e-02,  8.805292218729326e-01
s239        , -3.517230695261006e-01, -7.174634754547083e-01,  1.747020370101049e+00
s240        , -8.445222562838290e-01, -6.700784906267671e-01,  1.694197400520904e+00
s241        , -1.536302083677280e+00, -1.103417585605100e+00,  2.177267257249667e+00
s242        ,  2.935750684089247e-01,  6.147934536702788e-01,  2.618712770784388e-01
s243        ,  1.616760901218624e-01,  2.681749629117814e-01,  6.482683195115007e-01
s244        ,  1.913693632034482e-02,  8.998898340456453e-01, -5.594326866132060e-02
s245        ,  1.011107650821608e+00,  4.008642396925425e-01,  5.003513864059603e-01
s246        , -1.106818107812668e+00, -4.102308589056766e-01,  1.404529194532953e+00
s247        , -1.990274764442437e+00, -1.222233987015952e+00,  2.309719239246439e+00
s248        , -9.667152724294116e-02,  4.310962646202841e-01,  4.666498807728378e-01
s249        , -3.381305046273163e-03, -6.037590147604738e-01,  1.620266984188034e+00
s250        , -1.066763974390572e+00, -6.827146941488390e-01,  1.708283757131096e+00
s251        ,  1.207378380322024e+00,  2.926705194743343e-01,  6.209616095093593e-01
s252        , -7.806439949963919e-01, -1.671865792133435e-01,  1.133592723002289e+00
s253        ,  1.425727038542695e-01, -4.523003236916553e-01,  1.451426625580190e+00
s254        ,  2.519006949731616e-01,  4.928336625425911e-02,  8.922803033408540e-01
s255        ,  2.957126742656839e-01,  3.828471748466378e-01,  5.204361215121228e-01
s256        , -1.208240274724157e+00, -8.066895599581653e-01,  1.846486198033580e+00
s257        ,  9.313485666439150e-01,  3.830902035059014e-01,  5.201652024536489e-01
s258        , -6.564646920389060e-01, -1.514043128040687e-02,  9.640974899405307e-01
s259        ,  6.730828234081326e-01,  8.398759427755655e-01,  1.095792302327125e-02
s260        , -1.076132473957489e+00, -1.855616741598201e+00,  3.015790120125108e+00
s261        ,  4.986447736713935e-01,  3.427941867699373e-01,  5.650856614128280e-01
s262        , -7.901168230278026e-01, -4.670452299059692e-01,  1.467863683336966e+00
s263        , -1.546259780331375e+00, -1.220916095251098e+00,  2.308250103889371e+00
s264        , -5.529113966692345e-01,  5.153069275630571e-01,  3.727750530589119e-01
s265        , -4.420703395591482e-01,  7.361831896084341e-01,  1.265506401280175e-01
s266        ,  1.642224930755288e-01,  9.721812665757947e-01, -1.365309939779169e-01
s267        , -5.742332897034260e-01, -7.821569030168907e-02,  1.034411377359491e+00
s268        , -1.103100765949088e+00, -5.896709741679952e-01,  1.604562175114812e+00
s269        ,  7.960085847259791e-01,  7.111326740331715e-01,  1.544759972217015e-01
s270        , -4.283987476508868e-01, -6.129420107407790e-02,  1.015547948069253e+00
s271        ,  2.199521430164574e-01,  1.316746244313577e-01,  8.004336785046997e-01
s272        ,  4.892735632468817e-01,  6.237424281902481e-01,  2.518953023987320e-01
s273        , -7.406199765582813e-01, -9.797050588049994e-02,  1.056433290549290e+00
s274        ,  1.772759222941352e-01,  7.397656093620179e-01,  1.225570955409718e-01
s275        ,  2.643568451335951e-01,  9.320268444742608e-02,  8.433207264343232e-01
s276        , -5.816893010125334e-01, -1.761888292516626e-01,  1.143628087193154e+00
s277        , -1.588157064474181e+00,  8.883112838422358e-02,  8.481939700110159e-01
s278        ,  1.926575532177041e+00, -8.623821914740804e-02,  1.043354585819132e+00
s279        ,  1.613883746546309e+00,  9.265523223456278e-01, -8.566559132355089e-02
s280        , -1.609264987376504e+00, -1.162364826235249e+00,  2.242979387578424e+00
s281        , -1.346496740458654e+00,  2.370165235926039e-01,  6.830025564918025e-01
s282        , -1.354536059868065e+00, -4.308104140393021e-02,  9.952446139496385e-01
s283        ,  4.444527822772946e-01, -6.199862783092033e-01,  1.638356517231381e+00
s284        ,  2.385788249720763e+00,  4.320758997132332e-01,  4.655578210222143e-01
s285        ,  4.002184027452821e-01,  6.637172739883082e-01,  2.073328725229119e-01
s286        ,  1.951350507345722e+00,  1.441048699804005e+00, -6.592064839557120e-01
s287        , -7.632184401675010e-01, -1.052214967764903e+00,  2.120188536333802e+00
s288        ,  7.091749484961576e-01, -3.842093823446627e-01,  1.375521447251743e+00
s289        ,  2.314010563846089e+00,  1.184576891881727e+00, -3.733015172824965e-01
s290        ,  7.654861282396249e-01,  5.022555154714023e-01,  3.873242683092436e-01
s291        , -1.053228118031399e+00,  3.871064994897366e-02,  9.040663632879342e-01
s292        , -1.544830063612452e+00, -1.748812119590043e-01,  1.142170405424903e+00
s293        , -1.690406548169091e+00, -1.333885648864227e+00,  2.434184243483528e+00
s294        ,  1.421215154761337e+00,  1.008513151295083e+00, -1.770323901118387e-01
s295        , -1.705271840139647e+00, -1.118859321003021e+00,  2.194481113540870e+00
s296        , -7.627385590929443e-01,  1.497828831533655e-01,  7.802472839517571e-01
s297        ,  3.113058113377143e-01,  2.723279604466046e-01,  6.436387166268539e-01
s298        ,  4.087923101857815e-01,  2.405573171413820e-01,  6.790554152065237e-01
s299        , -3.373353052859910e-01, -3.017912209007586e-01,  1.283644831682254e+00
s300        , -1.247040873629315e+00, -1.399121143531278e+00,  2.506906279015582e+00
s301        ,  1.197929368440681e+00,  1.301538826962919e+00, -5.036862111103528e-01
s302        , -1.485192472843855e+00, -4.688598918298853e-01,  1.469886599076062e+00
s303        , -8.549580863671642e-01,  3.877946855853540e-01,  5.149208256816482e-01
s304        ,  1.882993199254014e+00,  6.052023872087801e-01,  2.725630313076849e-01
s305        , -5.165357198073315e-01, -1.681070485228983e-01,  1.134618826999465e+00
s306        ,  1.036931584747022e+00,  6.378572619235390e-01,  2.361606253564215e-01
s307        ,  5.869139350739364e-01, -1.057446782273441e-02,  9.590075284325876e-01
s308        , -1.992374094653734e+00,  3.274215891541418e-01,  5.822224455476235e-01
s309        ,  1.168183907358183e+00, -3.671760521417892e-01,  1.356533341917912e+00
s310        , -1.689353307212060e-01, -4.762299471742627e-01,  1.478102455020168e+00
s311        ,  4.171830243610439e-01, -3.424552990762620e-01,  1.328975591463412e+00
s312        , -6.851064106122525e-01, -8.636461209128865e-02,  1.043495483841027e+00
s313        , -3.693039585493864e-01, -1.696428348648292e-01,  1.136330862901048e+00
s314        , -1.774434185617937e-01,  3.161078161965047e-01,  5.948346071204922e-01
s315        , -3.815749786763621e-01, -4.436782518562868e-01,  1.441815069515938e+00
s316        ,  6.374559564486622e-01,  1.068642559155851e+00, -2.440623552755834e-01
s317        , -2.030534733815181e+00, -1.181792942857609e+00,  2.264637109261123e+00
s318        , -8.028512356005929e-02,  8.843319096912494e-03,  9.373613219075739e-01
s319        , -5.934013466311562e-01,  5.502181474028202e-01,  3.338573598213240e-01
s320        ,  2.790171268766068e+00,  4.613816453934562e-01,  4.328888960829984e-01
s321        , -1.062277605983095e+00, -5.885339329027027e-01,  1.603294644980825e+00
s322        ,  7.515966182544803e-02,  4.926585690177129e-01,  3.980225773289945e-01
s323        ,  7.526438612763078e-01,  6.555148315135335e-01,  2.164766418182105e-01
s324        , -2.651743878812372e-01, -6.447970430838431e-01,  1.666014609298093e+00
s325        ,  3.264086782559880e-02,  6.378764855674026e-01,  2.361391955731534e-01
s326        , -8.716201269332444e-01,  5.707184038281352e-01,  3.110044576736999e-01
s327        , -1.671151256925621e-01, -7.710180344335926e-02,  1.033169658873204e+00
s328        , -8.227567374308942e-02,  1.336164116873475e-01,  7.982690483053505e-01
s329        , -3.051380631011923e-01, -1.159621414530265e-01,  1.076489678073640e+00
s330        ,  2.650804092125521e-01,  2.044880428819619e-01,  7.192640632392606e-01
s331        , -1.375958879843693e-01,  7.743564109023049e-02,  8.608972236021531e-01
s332        , -2.261103407740682e-02,  3.868172438483640e-01,  5.160104403628993e-01
s333        ,  1.323183942483754e+00,  1.285878163054057e+00, -4.862283016846884e-01
s334        , -8.334838045052184e-01, -5.657290443365069e-01,  1.577872627027568e+00
s335        , -6.616430929673620e-01, -5.782287762940813e-01,  1.591806850354903e+00
s336        ,  7.402611706142617e-01,  4.140139252483418e-01,  4.856926196547492e-01
s337        , -2.672477917829363e+00, -1.211203761243808e+00,  2.297423165236080e+00
s338        ,  5.119490895181960e-01,  2.891400872422677e-01,  6.248972003948765e-01
s339        , -5.205367300996894e-01, -2.246288474136361e-01,  1.197627167600642e+00
s340        , -5.182275979842598e-01, -3.806525600440208e-01,  1.371556437726658e+00
s341        ,  1.970306289887119e+00,  1.223032613107304e+00, -4.161704851603423e-01
s342        , -6.893119617348112e-02, -4.534148147500455e-01,  1.452669017605606e+00
s343        , -9.390007101093139e-01, -7.462423399429500e-01,  1.779101948029868e+00
s344        ,  1.061951331424555e+00,  3.950939430103861e-01,  5.067838925514562e-01
s345        , -7.723215780687482e-01, -1.490350068035795e-02,  9.638333687653433e-01
s346        ,  3.961380156477509e-01,  8.291215480033394e-01,  2.294651117981328e-02
s347        , -1.709617878224923e+00, -1.323739189061298e+00,  2.422873357989685e+00
s348        ,  3.055057864420297e-01,  3.818403797047568e-01,  5.215584582469793e-01
s349        , -2.198294962810686e-01, -4.193916909058587e-01,  1.414741339832388e+00
s350        ,  4.405144181634823e-01,  6.358722434238474e-01,  2.383734480935391e-01
s351        ,  8.658280652293555e-01,  8.718630483906354e-01, -2.470007946416242e-02
s352        ,  9.704682100223125e-01, -3.710930209207508e-02,  9.885875472616129e-01
s353        , -6.298376205439114e-02, -7.203080901430007e-01,  1.750191437807254e+00
s354        , -5.109688604423303e-01,  3.896366044821595e-01,  5.128675249111965e-01
s355        , -1.498401072816738e+00, -3.586677158466255e-01,  1.347048573885822e+00
s356        ,  1.467186882538691e-01,  1.676681051901776e-01,  7.603095221688814e-01
s357        , -9.744403926942342e-02, -4.849138982174909e-01,  1.487782991659729e+00
s358        , -9.190473297739495e-02,  5.927882460461635e-01,  2.864018412888975e-01
s359        ,  4.402510249016559e-01,  9.163897195775041e-01, -7.433671026924793e-02
s360        , -8.756909416699599e-01, -3.872324700166047e-01,  1.378891469817181e+00
s361        , -1.770572058768898e-01,  7.139140880193989e-01,  1.513753832420248e-01
s362        ,  8.704386959032419e-01,  6.388384837865472e-01,  2.350667967351978e-01
s363        , -1.069662019131376e+00, -5.996024940830748e-01,  1.615633453838732e+00
s364        , -9.988945697241733e-01, -1.065513544424262e+00,  2.135013281195223e+00
s365        ,  1.902823636872192e-01, -4.531704674266489e-01,  1.452396628550769e+00
s366        ,  1.236798092554710e+00,  6.425806681763878e-01,  2.308951526393811e-01
s367        ,  9.184480967949833e-01,  6.800522957836097e-01,  1.891232147058344e-01
s368        ,  1.622937156969908e-01, -7.816878558470574e-01,  1.818615254094096e+00
s369        ,  9.732086991131189e-01,  9.327452793304850e-01, -9.256926301638990e-02
s370        , -8.475872099006457e-01, -3.461475139040634e-01,  1.333091531401781e+00
s371        ,  5.916391131784779e-01,  5.194638785461989e-01,  3.681410430212179e-01
s372        ,  7.596908414790238e-01,  1.111434425606232e+00, -2.917650920812156e-01
s373        , -1.946434670867691e+00, -1.354896076829022e+00,  2.457605865359743e+00
s374        , -9.564014283175248e-01, -7.921258294615344e-01,  1.830251108040613e+00
s375        ,  7.284511861928945e-01,  6.306988871595023e-01,  2.441405078820149e-01
s376        ,  2.037232105036610e+00,  1.207485178744474e+00, -3.988387997038800e-01
s377        ,  7.637732850848320e-01,  7.813843536427415e-01,  7.616211048215682e-02
s378        ,  9.950925555332779e-01,  1.424696023724146e-01,  7.883998497830210e-01
s379        , -8.163846007494810e-01, -6.634971401364237e-01,  1.686860762596253e+00
s380        , -9.184292068832668e-01, -1.092094780815623e+00,  2.164645027335945e+00
s381        ,  1.520868814304400e-01,  2.892837494501561e-01,  6.247370512576622e-01
s382        , -7.921265824309522e-01, -7.072567606514074e-01,  1.735642314636313e+00
s383        ,  6.672838300456271e-01,  2.496299398144842e-01,  6.689416022927159e-01
s384        , -8.703903476353084e-01, -1.341644190678720e+00,  2.442833169292861e+00
s385        ,  8.850482925000751e-01, -1.000537674907559e-01,  1.058755630950276e+00
s386        ,  9.061627662896373e-01,  9.969832972038934e-01, -1.641793495519671e-01
s387        , -1.106690246889199e+00, -8.269995147566113e-01,  1.869126959202713e+00
s388        ,  2.054813205480302e+00,  1.205904145403087e+00, -3.970763241770756e-01
s389        ,  5.830110458201297e-01,  1.378232097322960e-01,  7.935794706687846e-01
s390        ,  4.058167767744563e-02,  7.479805409153559e-01,  1.133994038983425e-01
s391        , -3.572825686809578e-01,  1.011101342393941e-01,  8.345058037043838e-01
s392        , -7.654037138178210e-02,  2.727543764252657e-01,  6.431633643955280e-01
s393        ,  3.686774220084653e-01,  3.016722073284149e-01,  6.109268720199915e-01
s394        , -2.015273820649741e-01, -1.503426059988663e+00,  2.623181412353583e+00
s395        , -6.768380070474945e-01,  2.092741059622782e-01,  7.139287430863008e-01
s396        , -1.571978956162156e+00, -2.416885343412113e-01,  1.216644654403566e+00
s397        , -4.953598502673375e-01, -3.619314898717932e-01,  1.350686904396509e+00
s398        ,  1.555253169293308e-01,  8.542092902771619e-01, -5.020344814265831e-03
s399        , -1.863721424692930e+00, -8.145439798838475e-01,  1.855242005095891e+00
s400        , -1.580914135378971e+00, -5.826488478641653e-01,  1.596734177163942e+00
s401        , -1.745467987214961e+00, -7.205715768533570e-01,  1.750485162718984e+00
s402        , -6.980793622242579e-01, -7.319113195956185e-01,  1.763126274414939e+00
s403        ,  2.251226886668626e-01,  7.456923527887857e-01,  1.159501885454699e-01
s404        ,  7.040030298805582e-01, -1.012821019751166e-01,  1.060124931274783e+00
s405        ,  7.810975699633603e-01,  6.813599013041790e-01,  1.876655460606577e-01
s406        , -7.486530226048839e-01,  1.970615017772053e-01,  7.275428873496133e-01
s407        , -5.898664718227482e-01, -1.787759562313991e+00,  2.940145530807634e+00
s408        , -1.653430955336652e+00, -5.843674356137899e-01,  1.598649993086409e+00
s409        ,  3.615421057666913e-01, -4.551346581051052e-02,  9.979561876876346e-01
s410        , -1.927277741805878e+00, -5.284364555175055e-01,  1.536300274690559e+00
s411        , -7.559092474121808e-01, -1.053511257165567e+00,  2.121633590201119e+00
s412        ,  1.873884464024186e+00,  4.404322326679104e-01,  4.562425005030823e-01
s413        , -8.487613459239006e-02, -7.146734500045154e-01,  1.743910156390556e+00
s414        , -7.984251397438490e-02, -9.424354581447014e-02,  1.052278617947639e+00
s415        ,  3.823952603345894e-01, -2.198742715085856e-01,  1.192326948146929e+00
s416        , -9.819900149129637e-01, -3.728091426363592e-01,  1.362812895850815e+00
s417        , -1.482842264827313e+00, -1.037403911353366e+00,  2.103677736866054e+00
s418        ,  5.288306085486906e-02,  8.734478856827564e-01, -2.646679548982250e-02
s419        , -1.062501299146121e+00, -7.658318689817424e-01,  1.800939606103684e+00
s420        ,  1.615525737358244e+00,  1.157364312820457e+00, -3.429659744692979e-01
s421        , -8.420822469136372e-01,  3.055968001574397e-01,  6.065518859695624e-01
s422        , -2.976491469173829e-01, -2.055323435354776e-01,  1.176339115127778e+00
s423        ,  2.602465190009081e-01, -1.428602782190291e-01,  1.106474692637058e+00
s424        , -1.598544685575905e-02,  6.469568563665651e-01,  2.260167453446209e-01
s425        , -6.873434672527887e-01, -7.492038846101877e-01,  1.782403364806423e+00
s426        ,  3.868281565378119e-01,  1.023643716382239e+00, -1.938993656364982e-01
s427        , -4.350921811790253e-01, -4.551983254335915e-01,  1.454657207132835e+00
s428        ,  1.434023500487657e+00,  6.622677301426318e-01,  2.089487685866814e-01
s429        , -1.410084545291047e-01,  2.570440981177142e-01,  6.606765820561162e-01
s430        , -2.958129836419498e-04,  1.638172918080315e-01,  7.646022617124841e-01
s431        ,  4.037460271826608e-01,  3.779068058469541e-01,  5.259434560049494e-01
s432        , -1.066289337790876e+00,  8.758966418168168e-02,  8.495779068434076e-01
s433        ,  1.465780698491131e-01, -7.311161330647015e-01,  1.762239830869886e+00
s434        ,  4.355472814078697e-01,  6.195846292294971e-01,  2.565302577294468e-01
s435        ,  1.360224600447043e-01,  2.286397295186928e-01,  6.923406862844373e-01
s436        , -1.176834064700477e+00, -3.694968786563698e-01,  1.359120510592242e+00
s437        ,  4.255542297351823e-01, -9.089378299552192e-01,  1.960468660522247e+00
s438        ,  4.759340095896715e-01,  4.691394058851776e-01,  4.242408412624213e-01
s439        , -1.323840968987944e+00, -7.228921922440176e-01,  1.753072096040440e+00
s440        ,  1.911375936580773e+00,  5.578772081105277e-01,  3.253193317467185e-01
s441        , -5.968585101940267e-01, -4.046197003395015e-01,  1.398274089475377e+00
s442        ,  1.602708630643594e+00,  7.861741528231352e-01,  7.082262546766016e-02
s443        , -3.418194688489122e-01, -9.728150660406226e-01,  2.031676561313077e+00
s444        ,  7.637447106545253e-02,  1.569040976846067e-01,  7.723088262330657e-01
s445        ,  1.017156754691856e+00,  6.761331026061622e-01,  1.934921814311111e-01
s446        ,  1.325048844178530e-01, -1.042670772040456e-01,  1.063452467545771e+00
s447        , -1.204238242348799e-02,  8.377944927268621e-03,  9.378801032408538e-01
s448        ,  1.955645847805345e-01,  3.839992125025760e-02,  9.044127517622484e-01
s449        ,  1.023488117482967e+00,  1.817489069908097e-01,  7.446127826240740e-01
s450        ,  1.292595058164963e+00,  7.130892790460799e-01,  1.522948487534155e-01
s451        , -1.076547322827218e+00, -1.098744146236858e+00,  2.172057485705375e+00
s452        ,  1.041326926021929e+00,  1.585555720646058e-01,  7.704678257293441e-01
s453        , -2.986039119797084e-01, -1.310189401248383e-01,  1.093274421618530e+00
s454        , -1.068578759667890e+00, -8.307831919409679e-01,  1.873344857879606e+00
s455        , -1.019022963464540e-01, -1.948020012096977e-01,  1.164377339719020e+00
s456        , -1.276108587100781e+00, -9.200974666339569e-01,  1.972908996863957e+00
s457        , -1.562653854847452e+00, -4.485728222155051e-01,  1.447271349435235e+00
s458        , -1.571215894852860e-01,  2.155000124005414e-01,  7.069883406024473e-01
s459        , -7.908915586506604e-01, -1.172980436744517e+00,  2.254813264344279e+00
s460        ,  1.259413921430306e+00,  6.021387795631619e-01,  2.759782239907174e-01
s461        , -2.175818754703068e+00, -9.639103603316675e-01,  2.021749935811513e+00
s462        ,  1.056177437374778e+00,  1.119956628178267e+00, -3.012653177086595e-01
s463        ,  7.682398919925582e-01, -1.942314541535676e-01,  1.163741315672596e+00
s464        , -1.670624175566991e+00, -1.315269745460891e+00,  2.413431946046862e+00
s465        ,  3.572362737692147e-01,  3.787290000971703e-01,  5.250269052869141e-01
s466        , -1.202841334482275e+00, -3.834180195023186e-01,  1.374639266208533e+00
s467        , -9.998937028287650e-01, -1.030349820701733e+00,  2.095814106282234e+00
s468        , -9.085815979292673e-01, -4.831549534712717e-01,  1.485822187300288e+00
s469        ,  1.368123103534694e+00,  8.430150900429463e-01,  7.458521657742634e-03
s470        ,  6.270281968061774e-01,  2.938064464130389e-01,  6.196953215840526e-01
s471        , -2.645435144970039e-02,  3.958407804460269e-01,  5.059513467294534e-01
s472        , -9.877961354209573e-01, -7.419393819900996e-01,  1.774305175004122e+00
s473        ,  9.062936723193107e-01,  4.452838303952600e-01,  4.508341248309691e-01
s474        , -1.654729567131913e+00, -1.649025305580819e+00,  2.785489885147932e+00
s475        ,  1.613264697983012e+00,  1.061948799252511e+00, -2.366004076346846e-01
s476        ,  6.116129809221722e-01,  2.255787743842772e-01,  6.957529220493854e-01
s477        ,  5.840337661930541e-01, -9.039119883104291e-01,  1.954866044392235e+00
s478        , -1.152221920522414e+00, -1.369050430353184e+00,  2.473384597554092e+00
s479        , -5.094753281829528e-01, -1.357180404635461e-02,  9.623488442679025e-01
s480        ,  2.973171178971667e-01,  1.166473573732538e+00, -3.531206302912571e-01
s481        , -1.675140558535767e+00, -1.209300173589085e+00,  2.295301118491870e+00
s482        ,  5.105384321341787e-01,  5.046764947579395e-01,  3.846254531535298e-01
s483        ,  6.412437341666035e-01,  1.881805929062547e-01,  7.374429850459123e-01
s484        ,  2.259666720581154e+00,  9.828374159428994e-01, -1.484100619127058e-01
s485        , -6.133731587036794e-02, -1.695759433066879e+00,  2.837587303845323e+00
s486        ,  1.705016907792880e+00,  8.351633024268126e-01,  1.621139432200125e-02
s487        , -8.949077256537036e-01,  1.586287875472521e-01,  7.703862079082840e-01
s488        ,  4.414328374469543e-01,  3.887054146598397e-01,  5.139055797261626e-01
s489        ,  1.128277752007163e+00,  2.455425227071761e-01,  6.734980986238783e-01
s490        ,  1.504039442617624e+00,  1.437076481897335e+00, -6.547784072894086e-01
s491        , -5.198334157682940e-01, -3.117706527388341e-01,  1.294769520786279e+00
s492        ,  1.151627147663105e+00,  2.833353188168372e-01,  6.313681343219356e-01
s493        , -8.097664188918848e-01,  5.341086315093203e-01,  3.518156322800594e-01
s494        ,  6.975315577850428e-01, -3.369670996387929e-01,  1.322857556541847e+00
s495        ,  5.757891210893783e-02,  3.285275108407144e-01,  5.809896063303066e-01
s496        ,  1.842735197085195e-01,  1.108234344802532e+00, -2.881977643388591e-01
s497        , -3.806010851052651e-01, -1.851359763076134e-01,  1.153602024685836e+00
s498        ,  2.924357353950326e-01,  5.285800949102089e-01,  3.579786335273529e-01
s499        , -7.813708299191796e-01, -4.047644577472548e-01,  1.398435459499531e+00
s500        ,  1.758078897939561e-01, -2.607060906772009e-01,  1.237844699174548e+00
s501        ,  5.268597846364342e-01, -2.033787061005538e-01,  1.173938322447887e+00
s502        , -1.555727833576514e+00,  1.044080887729792e-02,  9.355805013716953e-01
s503        ,  1.172585934883692e+00,  1.154870321880818e+00, -3.401857687139085e-01
s504        ,  2.953705009587213e-01,  2.699982867030913e-01,  6.462357478537732e-01
s505        ,  1.048522988543108e+00,  1.089379377848695e+00, -2.671789679953834e-01
s506        ,  3.661355339494778e-01,  1.947054862211939e-01,  7.301692834220703e-01
s507        ,  7.001138090247849e-01, -1.488674601869013e-01,  1.113171269443055e+00
s508        ,  5.464601963517310e-01,  3.066539646234645e-02,  9.130349043085082e-01
s509        ,  2.946634304577050e-01,  4.569717346477031e-02,  8.962780539640852e-01
s510        , -1.105581921856613e+00, -9.386028304215965e-02,  1.051851371261026e+00
s511        ,  1.309201174401844e+00,  5.663484779520236e-01,  3.158758839801450e-01
s512        ,  7.885562671323768e-01,  2.479176604220057e-02,  9.195826029547137e-01
s513        , -5.799590652888761e-01,  8.556618918261660e-02,  8.518335994158525e-01
s514        ,  1.756955937636850e+00,  9.983786131243473e-01, -1.657347943978071e-01
s515        ,  1.301480913945963e+00, -4.558460098460827e-01,  1.455379220955205e+00
s516        ,  1.639096205345820e+00,  7.834255746533908e-01,  7.388663533441964e-02
s517        ,  1.265571797582470e+00,  1.043891795552709e+00, -2.164711502210402e-01
s518        ,  1.441905473368953e+00, -3.726801354175832e-01,  1.362669083535210e+00
s519        , -3.428509295553606e-01, -2.003750783537050e-02,  9.695565636710335e-01
s520        , -7.417091464175271e-01,  3.267602064379572e-01,  5.829597297152708e-01
s521        , -3.011966055380439e-01, -4.712259658411723e-01,  1.472524207929930e+00
s522        , -6.069082570615004e-01, -5.230329984183649e-01,  1.530276707288102e+00
s523        ,  1.256149620532759e+00,  8.588719649539585e-01, -1.021811629206326e-02
s524        ,  7.847794981407887e-02,  3.671486854891214e-01,  5.379361973018981e-01
s525        ,  7.540604241380652e-01, -8.621438625533151e-02,  1.043328017822166e+00
s526        ,  6.882803931636601e-01,  6.616318855903431e-01,  2.096575837855299e-01
s527        , -3.347470952839998e-01, -6.782914426859521e-03,  9.547808496561981e-01
s528        , -8.880876507782670e-01, -1.931608908094407e+00,  3.100503282189716e+00
s529        ,  9.212434057068957e-01,  1.255625205582189e+00, -4.525034612516146e-01
s530        ,  1.578253206298823e+00,  1.250487458236540e+00, -4.467760969243889e-01
s531        , -1.270304683847079e+00, -3.307758001913178e-01,  1.315955732608315e+00
s532        , -1.264611305197325e-01,  8.352999877470457e-02,  8.541034666399757e-01
s533        ,  8.237391297987288e-01,  6.018079957989770e-01,  2.763469690853204e-01
s534        ,  1.456467143630557e+00,  5.318882540007632e-01,  3.542908242425942e-01
s535        , -1.038398689934333e+00, -3.226003672359862e-01,  1.306842072492730e+00
s536        ,  5.135961834965114e-02,  1.208840902155004e-01,  8.124625535314074e-01
s537        , -8.440212331633648e-02,  2.532079754270914e-01,  6.649529449784273e-01
s538        , -1.317636610189325e+00, -3.125122256108325e-01,  1.295596197873995e+00
s539        ,  2.901282138702423e-01, -3.503220067111334e-02,  9.862720740041510e-01
s540        , -9.824868919009931e-02,  3.210268454004367e-01,  5.893510614161592e-01
s541        , -2.175405710121729e+00, -8.802986402274583e-01,  1.928542786676710e+00
s542        ,  2.591231555634874e-01, -4.561102341667748e-01,  1.455673768126739e+00
s543        , -1.058007309971476e+00, -1.209072354875427e+00,  2.295047154899288e+00
s544        ,  3.414925189823615e-01,  2.961966780329129e-01,  6.170307827516659e-01
s545        , -3.918998056173665e-01,  7.591235118866313e-02,  8.625953289497524e-01
s546        ,  5.616853932534658e-01,  6.089196274216766e-01,  2.684191940267211e-01
s547        , -1.305950209492648e+00, -1.479425621945253e+00,  2.596426641548430e+00
s548        , -3.050762501887698e-01, -2.226246224049461e-01,  1.195392934181549e+00
s549        ,  1.039973910986755e+00,  7.032416072738498e-01,  1.632726567731626e-01
s550        ,  2.095033672336812e+00,  1.201854988659688e+00, -3.925624790369227e-01
s551        , -1.303711602903422e+00, -9.904895954330223e-01,  2.051379450990644e+00
s552        ,  3.401293169548341e-01,  5.934142703999749e-01,  2.857039732718900e-01
s553        , -5.647880997296292e-02,  2.730835904630678e-01,  6.427963691718864e-01
s554        , -1.031552667181044e+00, -5.577920977226062e-01,  1.569024822368188e+00
s555        , -8.490058291493487e-01,  1.467069650404389e-01,  7.836761998731215e-01
s556        , -7.911863624049646e-01,  3.377263066881975e-02,  9.095710784032577e-01
s557        ,  2.474068956648234e-01,  5.579719112768697e-01,  3.252137602773386e-01
s558        , -5.007238229142660e-01, -1.256556697561857e-01,  1.087295652846901e+00
s559        ,  2.118829903875907e-01,  1.089999869858364e-01,  8.257104974880696e-01
s560        ,  1.297132454751414e+00,  2.530430658155676e-01,  6.651367799089358e-01
s561        , -5.288135218546878e-01,  5.907055102019114e-01,  2.887235955860421e-01
s562        , -7.943538387030609e-01, -4.966027877061124e-01,  1.500813318800808e+00
s563        , -1.695221398164227e+00, -1.064428936494784e+00,  2.133804201739501e+00
s564        , -8.235878596232101e-01, -6.160900363020635e-01,  1.634013135593351e+00
s565        ,  5.786852470915557e-01,  1.408492947889318e-01,  7.902061067334785e-01
s566        , -8.302212330074121e-01, -3.720668930931933e-01,  1.361985464435950e+00
s567        ,  5.393556498613846e-01,  6.942849902508900e-01,  1.732571510230339e-01
s568        ,  6.041187276553234e-01,  3.764453130082615e-01,  5.275726723493290e-01
s569        ,  5.614800719887970e-01,  3.492796371225957e-01,  5.578559292954505e-01
s570        ,  4.733969246303092e-01,  1.850293698759914e-01,  7.409558480102516e-01
s571        ,  5.730080514530493e-01,  1.061365329567001e-01,  8.289025665712282e-01
s572        ,  2.101230454819456e+00,  1.543073159387379e+00, -7.729394511513780e-01
s573        , -3.811463660619586e-01, -1.095757436309452e+00,  2.168728015658842e+00
s574        ,  6.881700420271472e-01,  1.644716417904759e-01,  7.638728173675522e-01
s575        ,  3.262214597255070e-01,  1.899936197858820e-02,  9.260397535639018e-01
s576        , -9.238693298049331e-01, -6.521050727095564e-01,  1.674161321342247e+00
s577        , -6.565756372879821e-01,  7.412410083841159e-02,  8.645888020762295e-01
s578        ,  6.712394147332970e-01, -2.718590618524452e-02,  9.775253248715119e-01
s579        ,  5.839122855740916e-01,  1.568142097934137e-01,  7.724090298177952e-01
s580        ,  8.930567879170550e-01, -5.894916759545676e-03,  9.537909438044165e-01
s581        ,  2.904861379712105e-01,  5.434754236614132e-01,  3.413738904770358e-01
s582        ,  1.328044708555014e+00,  7.877653664528051e-01,  6.904880134466485e-02
s583        , -1.299353843688629e-01,  1.400125903386684e-01,  7.911388328678082e-01
s584        ,  3.159094534140010e-01,  7.322362158523876e-01,  1.309505755802779e-01
s585        ,  6.465779848987863e-01,  1.318597003032429e+00, -5.227020136664653e-01
s586        , -1.841977151216957e+00, -1.288416514342813e+00,  2.383496990583028e+00
s587        , -1.519059721495913e+00, -1.151215884046252e+00,  2.230550973045031e+00
s588        ,  9.387912361205542e-01,  3.467823592190848e-01,  5.606397992325056e-01
s589        ,  7.816518315318011e-01,  1.753801618174144e-02,  9.276688059916529e-01
s590        ,  1.602915956175816e+00,  5.154190412449313e-01,  3.726500730124127e-01
s591        ,  6.259814475720535e-01,  3.420213965266077e-01,  5.659471384326785e-01
s592        , -1.866544971407417e+00, -1.656045811503284e+00,  2.793316076759604e+00
s593        , -1.403474560349544e+00, -3.539231025646975e-01,  1.341759460383499e+00
s594        , -1.647273275131083e+00, -5.372300105411919e-01,  1.546102993657425e+00
s595        , -6.257274702470922e-01,  1.112300933618412e+00, -2.927310420869933e-01
s596        , -8.694069998626694e-01, -5.375599094405726e-01,  1.546470752338572e+00
s597        ,  1.839102866755815e+00,  6.775060925713432e-01,  1.919616247066984e-01
s598        , -9.091043104888928e-01,  1.922616166770706e-01,  7.328936157618571e-01
s599        ,  1.564046405735407e+00,  1.371291832001380e+00, -5.814441945021234e-01
s600        ,  2.905731218387105e-01, -1.557402001333166e+00,  2.683351728289173e+00
s601        ,  3.859556967138555e-01,  6.790715299097150e-02,  8.715192178655162e-01
s602        , -1.440073457507333e+00, -5.753823056572259e-01,  1.588633713708192e+00
s603        , -1.400421335117203e+00, -6.948937708416688e-01,  1.721860526227796e+00
s604        , -1.410598066968925e+00, -6.757852872073885e-01,  1.700559119180788e+00
s605        , -1.621387133323043e-01, -1.068483738801660e+00,  2.138324340337990e+00
s606        , -9.979698047533583e-01, -5.353351018788134e-01,  1.543990621922087e+00
s607        ,  8.102904644198852e-01,  6.466076774291715e-01,  2.264059966750782e-01
s608        ,  6.515689709358394e-01,  3.767022331525969e-01,  5.272862675943621e-01
s609        ,  1.387300347613353e-02, -1.799963422440479e-01,  1.147872557117605e+00
s610        ,  1.548918422462740e-02, -2.088221120267647e-01,  1.180006423275538e+00
s611        ,  1.874583079024923e-01, -1.651075102432231e-03,  9.490600713651693e-01
s612        , -6.619121708260401e-01, -6.383162819325672e-02,  1.018376574817049e+00
s613        ,  1.853178585757171e+00,  1.068965549936762e+00, -2.444224130503552e-01
s614        , -3.191525488535212e-01, -3.922916685074840e-02,  9.909506914531331e-01
s615        , -1.037736039722638e-01,  3.666450919494957e-02,  9.063473227775060e-01
s616        , -8.799864633294985e-01, -9.913815749714719e-01,  2.052373795680142e+00
s617        , -1.183843594802837e+00, -1.120410607924215e+00,  2.196210428895636e+00
s618        , -1.123650075268739e+00, -1.441635826627632e+00,  2.554300022414735e+00
s619        ,  9.176659138352715e-01,  5.445864777739207e-01,  3.401353298274972e-01
s620        ,  1.595155267894712e+00,  1.107344700661050e+00, -2.872060230606190e-01
s621        ,  1.133359360912494e+00,  6.003157388326104e-01,  2.780104801031326e-01
s622        , -1.002419121282031e+00,  1.986555647306065e-02,  9.250741530556785e-01
s623        ,  1.034471969936265e-01,  3.441115429501085e-02,  9.088592766752426e-01
s624        ,  1.639327811745190e+00,  9.072241620378887e-01, -6.411929711910824e-02
s625        , -4.972654620844768e-01,  5.293066110468918e-01,  3.571687411125544e-01
s626        ,  3.826916613216537e-01,  3.606384134679573e-01,  5.451935996664050e-01
s627        ,  3.687647283893495e-01, -1.614583446702388e-01,  1.127207106121392e+00
s628        , -2.769187143037049e-02,  1.090999556271390e+00, -2.689850809623320e-01
s629        , -6.084255915863079e-01, -1.240822705972185e+00,  2.330441232500723e+00
s630        ,  2.575662011885660e-01,  1.295541398130593e-01,  8.027975136920330e-01
s631        ,  1.966623425207500e-01,  2.151620317727994e-01,  7.073651084854111e-01
s632        , -1.969402937452175e-01,  4.643943833718061e-01,  4.295304109603128e-01
s633        ,  2.667860134858853e+00,  8.348780207896142e-01,  1.652941538496511e-02
s634        ,  6.040142711820374e-01,  5.439937630459890e-01,  3.407960655469857e-01
s635        ,  1.911892919802316e+00,  6.062616294013219e-01,  2.713822286057781e-01
s636        , -2.071432026808114e-01, -1.073166136186947e+00,  2.143544097937223e+00
s637        , -3.698619835175476e-01, -3.510927956514853e-02,  9.863579986085309e-01
s638        ,  1.470155794820396e-01,  8.394820020178612e-01,  1.139707311978722e-02
s639        ,  1.040284966432418e-01, -3.330754667494448e-01,  1.318519312972126e+00
s640        , -7.663785491668940e-02,  7.029759511267553e-02,  8.688544443737367e-01
s641        ,  1.396787091256106e+00,  1.002738064266320e+00, -1.705945438710786e-01
s642        ,  1.137451761223006e+00,  7.138348901849773e-01,  1.514636699601415e-01
s643        ,  6.186651151125386e-02, -3.717409279685008e-01,  1.361622090976439e+00
s644        , -1.171820789178678e+00, -6.434646341454081e-01,  1.664529290750903e+00
s645        ,  4.823756822475945e-01,  1.148850170062488e-01,  8.191500910032883e-01
s646        ,  8.205150420430785e-01,  9.167395202228754e-01, -7.472665465599104e-02
s647        ,  3.518506790799084e-01,  4.403037326674203e-01,  4.563857473911331e-01
s648        ,  4.210663223398269e-02,  3.296417535695769e-01,  5.797474911331546e-01
s649        ,  5.870347574891154e-01,  1.228441919738698e+00, -4.222005733977310e-01
s650        , -7.940906852652418e-01, -1.300077415709417e+00,  2.396496117635655e+00
s651        ,  1.648126188438620e+00,  1.248620097987911e+00, -4.446944351075359e-01
s652        ,  2.998843396621518e+00,  1.039689409892552e+00, -2.117864913423573e-01
s653        ,  4.493206753989470e-01,  4.831150778336079e-01,  4.086612964577828e-01
s654        ,  8.907143716152748e-01,  1.569488744123680e-01,  7.722589108487510e-01
s655        ,  3.986925365877028e-01,  3.824127219856300e-01,  5.209204329526425e-01
s656        ,  8.200524881394200e-01,  7.315546993090676e-01,  1.317103041687089e-01
s657        ,  2.253026077099693e-01,  2.715697952382191e-01,  6.444838902168569e-01
s658        , -2.085098433395276e+00, -1.371120260224052e+00,  2.475691964765497e+00
s659        , -3.565026754081164e-01, -1.323773536480556e-01,  1.094788729082692e+00
s660        ,  9.769972243844465e-01,  2.460924144746491e-01,  6.728851003036073e-01
s661        ,  7.549182821078514e-01,  9.300331397288685e-01, -8.954587347234977e-02
s662        , -2.199791631405239e+00, -1.632189392098131e+00,  2.766721852426614e+00
s663        ,  6.537369904412299e-01,  1.036556409789735e+00, -2.082939426008806e-01
s664        , -1.032617581813699e+00, -7.558079335365014e-01,  1.789765306079742e+00
s665        , -1.725197455699346e-01,  5.330918841721344e-02,  8.877924706989109e-01
s666        , -9.556704567146264e-01, -6.480278037688669e-02,  1.019459178144661e+00
s667        , -1.074909955617834e+00, -1.994762113540290e-01,  1.169587970495030e+00
s668        ,  8.157451056201823e-01,  6.599616501538764e-01,  2.115194983977751e-01
s669        ,  8.201013628253863e-01,  2.049521152014627e-01,  7.187467331587510e-01
s670        , -8.377594254676490e-01, -1.075388177024394e+00,  2.146021144115216e+00
s671        , -5.700208727194026e-01,  1.740023158338385e-01,  7.532483862972701e-01
s672        , -7.390594172975108e-01, -3.015476251872663e-01,  1.283373280493404e+00
s673        ,  5.527317739358688e-01,  5.519611650092675e-01,  3.319143104284130e-01
s674        , -1.509604783948018e-01,  3.856642442784786e-02,  9.042271403852102e-01
s675        , -7.328015214360989e-01, -4.792936831412932e-01,  1.481517790751006e+00
s676        ,  2.481079887957650e-01, -9.098886126745720e-02,  1.048650420039713e+00
s677        , -1.497784796529649e+00, -1.365540869508457e+00,  2.469472273293277e+00
s678        , -6.955981656855925e-02,  2.055976661343395e-01,  7.180270976578935e-01
s679        ,  6.295281558129772e-01,  2.614052796528747e-01,  6.558149036066714e-01
s680        , -5.120635862296855e-01, -3.935746418622273e-01,  1.385961480532386e+00
s681        , -4.577628444983341e-01, -9.550102429637956e-01,  2.011828425217177e+00
s682        ,  1.425186289801849e+00,  1.675172235290538e-01,  7.604777192765662e-01
s683        , -8.653733268557260e-01, -3.831439698498129e-02,  9.899309409780046e-01
s684        ,  6.149991181690390e-01,  1.384008751043346e+00, -5.956205296881767e-01
s685        ,  1.739338045322250e+00, -3.495274423658667e-02,  9.861834990085233e-01
s686        ,  9.590771410105176e-01,  3.185406122415120e-01,  5.921226190941853e-01
s687        ,  5.412604899045221e-01,  7.223157624687199e-01,  1.420095177580483e-01
s688        , -1.405336687520458e+00, -6.251288986524849e-01,  1.644089313790075e+00
s689        ,  3.354058241185732e-01,  5.518725335194909e-01,  3.320131134248751e-01
s690        , -6.091694712828630e-01, -1.698919851880738e+00,  2.841110417917665e+00
s691        , -6.034950511663356e-01, -1.303324153642041e+00,  2.400115456961656e+00
s692        , -9.120972373870817e-01, -2.784220727756513e-01,  1.257593798744103e+00
s693        , -4.067329829645623e-01, -1.567812366006106e-01,  1.121993244849048e+00
s694        , -7.579589601320627e-01,  9.310747335002647e-01, -9.070700238905438e-02
s695        ,  1.455973696410247e+00,  7.699193263333352e-01,  8.894288462399413e-02
s696        , -6.516257166940767e-01,  2.793569015695503e-01,  6.358031217761606e-01
s697        ,  7.238448013551266e-01,  3.142905424215010e-01,  5.968604344513309e-01
s698        ,  1.662019888207613e+00,  9.748701177499607e-01, -1.395284224733410e-01
s699        , -1.247862087380916e+00, -8.634773459898971e-01,  1.909791050930972e+00
s700        , -1.114444246482743e+00, -1.301400233697400e+00,  2.397970744557938e+00
s701        , -4.217745973052512e-01, -1.245888529685825e+00,  2.336088419112593e+00
s702        , -8.481384521188839e-01, -2.121447974643832e-01,  1.183710425976668e+00
s703        , -9.416435374285391e-01, -1.905706097173264e-01,  1.159660346247464e+00
s704        ,  9.487448855648490e-01,  4.225841508671829e-01,  4.761388597706249e-01
s705        , -2.365138337942842e-01, -1.017608904124829e-01,  1.060658666320898e+00
s706        ,  5.583280652770263e-01,  8.912973869397570e-01, -4.636473711295319e-02
s707        ,  9.205089121966433e-01, -9.975436196177845e-02,  1.058421865112707e+00
s708        ,  1.060945132046508e+00, -5.564779031473599e-02,  1.009253545214409e+00
s709        ,  1.331106470481227e+00,  2.322005348222043e-01,  6.883712366600219e-01
s710        ,  1.914467968020750e-01,  3.577829083600960e-01,  5.483768075960098e-01
s711        , -7.721035544159953e-02,  7.852092553976181e-01,  7.189825623004453e-02
s712        , -1.414340169349908e+00, -8.141632848019292e-01,  1.854817620772365e+00
s713        ,  5.574707555573186e-01,  7.237949048863506e-01,  1.403606263378038e-01
s714        , -1.685969281548289e+00, -1.461892640706514e+00,  2.576881544341243e+00
s715        , -2.519985050786606e-01,  7.163840093474061e-02,  8.673597653016847e-01
s716        , -1.286737305127487e+00, -4.612428551694366e-01,  1.461395417802781e+00
s717        ,  3.452976089232733e-01, -1.121770612371322e-01,  1.072270215350827e+00
s718        ,  1.123110480867275e+00,  6.405604676069800e-01,  2.331471950028239e-01
s719        ,  6.888993521047061e-01,  9.909910632230731e-01, -1.574994361904809e-01
s720        ,  7.093644696892669e-01,  7.000348146558669e-01,  1.668474665894919e-01
s721        , -7.747236109533535e-01, -1.138429139053986e+00,  2.216296798558998e+00
s722        ,  3.328206388143558e-02,  5.948604774997638e-01,  2.840917968848735e-01
s723        ,  9.358910152584168e-02,  6.641975851788984e-02,  8.731773083617052e-01
s724        , -2.029371048190847e-01,  9.541790181008254e-01, -1.164627755956502e-01
s725        , -2.472238890656029e-01, -7.787850974181642e-01,  1.815379369968677e+00
s726        , -1.287360963264701e+00, -1.188830400853913e+00,  2.272482198396640e+00
s727        ,  1.020824855481523e+00, -3.188347084611276e-02,  9.827619903697244e-01
s728        ,  1.643163575608417e-01,  7.617571084615673e-01,  9.804181306962856e-02
s729        , -1.007289241750789e+00, -3.949199291183650e-01,  1.387461155335819e+00
s730        , -4.777207265671770e-02, -3.892956318440688e-02,  9.906167047396052e-01
s731        , -1.404307349772385e+00, -6.322921022145692e-01,  1.652074579275129e+00
s732        , -8.950540078294739e-01, -3.096721647272841e-01,  1.292430206575228e+00
s733        ,  7.802433523350311e-01,  4.121633085301668e-01,  4.877556164239499e-01
s734        , -3.943979845876157e-01, -5.636404109670253e-01,  1.575544298394757e+00
s735        ,  2.101468865327815e-01,  3.531767132198613e-01,  5.535116178456346e-01
s736        , -9.765048604112493e-01, -8.420936326662304e-01,  1.885953304807214e+00
s737        ,  1.458335451821299e-01,  2.026509658049680e-01,  7.213119665340868e-01
s738        , -6.859666936017034e-01, -1.001518346483133e+00,  2.063673881037257e+00
s739        , -4.324785166901873e-01, -7.891629594888694e-02,  1.035192385751157e+00
s740        , -8.464136206988212e-01, -4.828820426614565e-01,  1.485517956762760e+00
s741        ,  7.826811446288888e-01,  5.858964243023703e-01,  2.940845806977219e-01
s742        , -1.076711651730049e+00, -4.431513287051380e-01,  1.441227675731066e+00
s743        ,  1.126163901269626e+00, -1.186017150948071e+00,  2.269346094950849e+00
s744        ,  4.575225784544250e-01,  4.738291954610012e-01,  4.190128431317784e-01
s745        ,  6.120442964942220e-02,  7.888197313118028e-01,  6.787343570773496e-02
s746        , -7.321682226189938e-01, -3.496861192775275e-01,  1.337036233392873e+00
s747        ,  3.433900501625798e-01,  1.676812600319160e-01,  7.602948576542150e-01
s748        ,  1.070072189769298e+00,  4.462136673779415e-01,  4.497975781099133e-01
s749        , -3.065637698166305e-01,  2.702264644798246e-01,  6.459813839914018e-01
s750        ,  5.825873454256546e-01, -4.834188483736249e-01,  1.486116367248851e+00
s751        ,  1.285276821036511e+00, -7.112828766289815e-01,  1.740130474811562e+00
s752        , -1.346601886455474e+00, -8.166966346127557e-01,  1.857641702292684e+00
s753        ,  1.060914810725354e+00,  3.440638955716441e-01,  5.636702385810654e-01
s754        , -2.988071870667106e-01, -5.612909697792258e-01,  1.572925231176647e+00
s755        ,  3.446486458262937e-01,  7.673198751072553e-01,  9.184065347501047e-02
s756        ,  7.815527627219405e-01, -1.408385160234079e-01,  1.104220909432413e+00
s757        , -1.199593062238569e-01, -1.811457636831350e-01,  1.149153888196050e+00
s758        , -4.537603905509296e-01, -5.669756593174291e-02,  1.010423794939812e+00
s759        ,  8.887536211540953e-01,  2.192263967385013e-01,  7.028343098004385e-01
s760        , -2.895515595576988e-01,  1.030841243695112e-01,  8.323052749720585e-01
s761        ,  1.508586595387194e+00,  9.962127316854197e-01, -1.633203525703358e-01
s762        , -1.358921391484776e+00, -1.453571364073289e+00,  2.567605303269080e+00
s763        ,  6.364126482871526e-01,  6.314024386938577e-02,  8.768331859175300e-01
s764        , -9.313282224456001e-01, -3.819673306173222e-01,  1.373022093698704e+00
s765        ,  1.388135281387673e-01,  4.333928979324536e-01,  4.640896817556600e-01
s766        , -5.439787958329916e-01, -2.766684692614207e-02,  9.780614592233225e-01
s767        , -9.653950427427375e-02, -6.712882178192724e-01,  1.695545958147798e+00
s768        ,  5.676322320535289e-02,  5.493544331691707e-01,  3.348201954296011e-01
s769        ,  2.392616163662374e+00,  8.132610044279647e-01,  4.062723881639918e-02
s770        ,  2.218993464697082e+00,  5.839844723611527e-01,  2.962159516287533e-01
s771        , -1.301691995085942e+00, -7.938962341764170e-01,  1.832224687535011e+00
s772        ,  5.381680992613423e-01,  3.414205601468389e-01,  5.666169278591480e-01
s773        ,  3.401653127948082e-01,  9.296825493457692e-01, -8.915504871617874e-02
s774        ,  1.961582265617426e+00,  9.923914229563942e-01, -1.590605036860826e-01
s775        ,  1.370640331855435e-01, -2.264701915052539e-01,  1.199679827600245e+00
s776        , -1.362945069319552e+00, -2.399172060516442e-01,  1.214670045343418e+00
s777        , -3.352331847361073e-01, -2.152141794059220e-01,  1.187132055624044e+00
s778        ,  1.725306869739156e-02,  2.187145984072619e-01,  7.034048430142907e-01
s779        ,  1.449489553403749e+00,  1.270987317847380e-01,  8.055347086928929e-01
s780        ,  4.890100260675969e-01,  1.554716812129553e-02,  9.298881273002380e-01
s781        , -1.480324044989625e+00, -6.099309361351953e-01,  1.627147206186875e+00
s782        ,  4.189986042737073e-03,  3.553556415778248e-01,  5.510826318115998e-01
s783        , -6.272127818216120e-01,  4.819600135525446e-01,  4.099489179607392e-01
s784        , -7.567615030290812e-01, -6.897912767033253e-01,  1.716172460828361e+00
s785        , -5.703210531845893e-01, -6.738940475699029e-02,  1.022342648118147e+00
s786        , -8.599325133308396e-02,  9.490086214759585e-02,  8.414276628547216e-01
s787        ,  2.785466688170735e-01, -1.450660942636794e-02,  9.633909295683643e-01
s788        , -2.115784691919650e-01,  2.017384934346181e-01,  7.223291558491564e-01
s789        ,  5.205927430670391e-01,  1.001711979888888e+00, -1.694507042338484e-01
s790        ,  2.374718073624741e-01,  1.350343915813243e+00, -5.580922583647305e-01
s791        , -1.870737338196531e-01, -2.432436875098222e-01,  1.218378279703147e+00
s792        ,  3.003547556082288e-01,  4.807373266646004e-01,  4.113119225606654e-01
s793        , -5.143092658197446e-01, -6.749786443309725e-01,  1.699659904539743e+00
s794        , -1.010636071412045e+00, -3.176422767443565e-03,  9.507604706287885e-01
s795        ,  7.888417803219110e-01,  6.175274756557306e-01,  2.588234938894525e-01
s796        , -5.465110200553928e-01, -6.196233183336397e-03,  9.541268398344710e-01
s797        , -1.192872691111335e+00, -8.581492681798918e-01,  1.903851513478327e+00
s798        , -5.479719952294668e-01, -6.105984789192979e-01,  1.627891357362741e+00
s799        , -1.767142590180783e+00,  2.015660121986417e-01,  7.225214313371451e-01
s800        ,  8.963412972756590e-01,  5.568117751418014e-01,  3.265070356892451e-01
s801        , -1.947046181282547e-01,  7.730723978272658e-01,  8.542796106302442e-02
s802        ,  1.600748538223649e+00,  1.263299830651337e+00, -4.610588398813362e-01
s803        ,  6.740572620180488e-01,  1.072410886071056e+00, -2.482631420592604e-01
s804        , -1.928070676221089e+00, -9.275007485092607e-01,  1.981161892474506e+00
s805        , -3.708716392635017e-01, -3.026665477051619e-01,  1.284620612540464e+00
s806        ,  7.676901054132433e-01,  7.210099428855521e-01,  1.434651955084854e-01
s807        , -3.131290990966100e-01, -5.759375760079594e-01,  1.589252707867461e+00
s808        ,  9.833675917069939e-01, -2.962749579492130e-02,  9.802471156275385e-01
s809        ,  5.790963636372375e-01,  3.049940734260922e-01,  6.072237826877047e-01
s810        ,  1.050626461500014e+00, -2.015747639997084e-01,  1.171927356757737e+00
s811        ,  5.249115464039674e-01,  9.845401319422794e-01, -1.503081846147699e-01
s812        ,  1.605931526374292e+00,  1.147584451935976e+00, -3.320637594348349e-01
s813        ,  9.497331683917801e-01,  6.066566713726977e-01,  2.709418509183601e-01
s814        , -7.865406237894391e-01, -8.165370293762836e-01,  1.857463780476699e+00
s815        , -2.660810322736745e-01,  4.158457724755638e-02,  9.008626190043849e-01
s816        , -9.674450919852262e-01, -1.361279609119508e+00,  2.464721983117690e+00
s817        ,  7.270946209036595e-01, -5.218786992095895e-01,  1.528989938658484e+00
s818        ,  6.532804155454610e-01,  5.777025505187402e-01,  3.032187979437097e-01
s819        ,  8.081292268835972e-01,  1.258452097718729e+00, -4.556547725346511e-01
s820        ,  1.390381735794342e+00,  7.143188747382456e-02,  8.675899786129998e-01
s821        ,  1.516978402347242e+00,  8.517206777356250e-01, -2.246134691466395e-03
s822        ,  3.033561593600319e-01, -6.933488776629436e-01,  1.720138338372705e+00
s823        , -8.238895392622755e-01, -1.043210133684991e-01,  1.063512593519949e+00
s824        ,  2.038981274745353e+00,  1.310103311712409e+00, -5.132335712927956e-01
s825        ,  1.320628175421427e-01,  3.109657203085836e-01,  6.005668190364003e-01
s826        ,  9.525953446348725e-01,  9.239919822845297e-01, -8.281142210405457e-02
s827        , -2.151354450670567e+00,  1.028316736842879e-01,  8.325866973448726e-01
s828        ,  8.438987064828646e-01,  2.034408166904754e-01,  7.204314709625570e-01
s829        , -1.571185202221650e+00, -7.932890115093002e-01,  1.831547778919551e+00
s830        ,  3.133543223982471e-01, -1.327805379279234e-01,  1.095238183504341e+00
s831        , -8.984804340484778e-01,  6.305395965098715e-01,  2.443180790086155e-01
s832        , -1.855362237616736e+00, -4.727669731014273e-01,  1.474242063911668e+00
s833        ,  4.948389352249701e-01,  6.973393706966958e-01,  1.698522444696006e-01
s834        ,  1.120605859544544e+00, -3.713818167472213e-01,  1.361221767515612e+00
s835        , -8.435182612795279e-01, -3.517249840097029e-01,  1.339309081851447e+00
s836        ,  1.128844146448547e+00, -4.312292823053275e-01,  1.427937434178874e+00
s837        , -1.924657877822013e+00, -9.167630046949321e-01,  1.969191866169269e+00
s838        , -1.075095206150813e+00, -1.571758303801366e+00,  2.699355585445923e+00
s839        ,  3.864893622265216e-02,  5.360184811133166e-01,  3.496866049541909e-01
s840        , -1.233908351649846e+00, -8.999149249105942e-04,  9.482227067157741e-01
s841        ,  6.618283364070194e-01, -1.955125037037183e-01,  1.165169380737173e+00
s842        , -1.380664268040651e+00, -6.834306522509835e-01,  1.709081879852620e+00
s843        ,  5.539120810708922e-02,  9.166802880151004e-02,  8.450315018792152e-01
s844        , -2.111176459361614e+00, -1.333310492619032e+00,  2.433543081289341e+00
s845        ,  1.677967143093475e-01, -1.488726218425283e-01,  1.113177023459420e+00
s846        , -1.112697847471129e-01,  1.528489683112143e-01,  7.768293294328041e-01
s847        ,  9.946887487236225e-02,  3.223992963678450e-01,  5.878211055458578e-01
s848        , -1.578942777693122e+00, -1.120843570646421e+00,  2.196693079186387e+00
s849        ,  4.886541057537146e-01,  7.815142889374872e-01,  7.601726358294048e-02
s850        , -1.729847647025637e+00, -1.513118063334209e+00,  2.633985687162395e+00
s851        , -3.749493322034730e-03,  6.896139534186219e-02,  8.703439887959404e-01
s852        , -1.822550475295671e-01, -1.305580344572066e-02,  9.617736265247800e-01
s853        , -7.026997334075608e-02,  7.753602694982195e-01,  8.287752918852065e-02
s854        ,  4.598855993128227e-01,  5.446413352459640e-01,  3.400741768148391e-01
s855        ,  1.247409464273019e-01,  2.145171534178639e-01,  7.080839942220920e-01
s856        , -7.920260931956873e-01, -6.246158654726127e-01,  1.643517404014175e+00
s857        ,  1.951476409171481e+00,  9.577173721425564e-01, -1.204071974117341e-01
s858        ,  5.125085136741685e-01,  5.154571209134147e-01,  3.726076232537555e-01
s859        , -6.666214518700430e-01, -4.771430287573858e-01,  1.479120323462348e+00
s860        ,  6.811400510310224e-02,  1.484635199054823e-01,  7.817180596618508e-01
s861        ,  1.248756919249408e-01,  5.633174361859382e-01,  3.192547734656527e-01
s862        , -4.702662470572295e-01,  3.810757102598495e-01,  5.224108825112029e-01
s863        ,  4.846741731606912e-01,  1.220653727578294e-01,  8.111457049131041e-01
s864        ,  5.444121402657593e-01, -1.308202201910632e-01,  1.093052896233329e+00
s865        ,  6.365198845674543e-01,  4.941904818389995e-01,  3.963148594801424e-01
s866        ,  4.352365441984731e-01,  9.160032781362095e-01, -7.390592012397024e-02
s867        , -5.650365137506241e-02,  1.064462265468991e-02,  9.353532975643652e-01
s868        , -2.338433808137944e+00, -1.591021158715725e+00,  2.720829079694420e+00
s869        , -2.347184475558825e-01, -2.402429014037105e-01,  1.215033118070718e+00
s870        , -8.212819619769498e-01,  5.167947575768683e-02,  8.896092120685903e-01
s871        , -1.570593293706644e-01, -1.233938300070064e+00,  2.322766759988691e+00
s872        ,  5.284306454202828e-01,  2.565683208041428e-01,  6.612069604165391e-01
s873        ,  9.554554102193652e-01,  7.235552688043611e-01,  1.406277634808292e-01
s874        ,  1.539965674145509e+00,  9.340342829847671e-01, -9.400619501217022e-02
s875        ,  6.472677808586434e-01,  1.039296084873442e+00, -2.113480276476867e-01
s876        ,  7.990955642461934e-01,  8.857715888833922e-01, -4.020478868842048e-02
s877        ,  2.414774484401117e-01,  9.462648684848050e-01, -1.076403841579883e-01
s878        , -5.588324756467096e-01, -7.571367258839200e-01,  1.791246592989528e+00
s879        , -1.108097718569436e+00, -9.219604999045440e-01,  1.974985835131108e+00
s880        , -7.450297483445957e-01, -1.015613028743821e-01,  1.060436173763563e+00
s881        , -1.759050067534673e+00,  2.062188909273500e-01,  7.173345800077817e-01
s882        , -6.605379692241985e-01, -7.492638565248418e-01,  1.782470219204180e+00
s883        ,  3.815578964726026e-01,  2.781335011659163e-01,  6.371669217761005e-01
s884        , -4.051889851605022e-01, -3.577493289208600e-02,  9.871000434897821e-01
s885        ,  2.841270750996222e-02,  2.053685961683867e-01,  7.182824560986989e-01
s886        , -1.487878849688012e+00, -6.160124880829622e-01,  1.633926687803329e+00
s887        ,  4.820147860437528e-01,  6.674416389770288e-03,  9.397791317293492e-01
s888        ,  7.081092310596756e-01,  4.406938133154552e-01,  4.559509003973065e-01
s889        , -9.770534507358716e-01, -9.736105375304757e-01,  2.032563322519458e+00
s890        , -4.782598098188896e-02,  8.750015001023910e-01, -2.819870545087078e-02
s891        , -3.221184210883460e-01, -6.138564873186344e-01,  1.631523260574168e+00
s892        , -9.718981396026354e-01, -4.529734222567224e-01,  1.452176970128281e+00
s893        ,  2.164744347352420e+00, -2.700612050947423e-01,  1.248273423085528e+00
s894        ,  2.108977331308746e-01,  2.926753988323478e-01,  6.209561701875814e-01
s895        , -7.726754766108116e-01, -7.141699124244690e-01,  1.743348831946329e+00
s896        ,  2.280269149131176e+00, -9.057930367685763e-03,  9.573169504542245e-01
s897        ,  1.732742671810001e+00, -5.002615252879840e-01,  1.504891939585234e+00
s898        , -1.952924930899203e-01, -7.128813756308688e-01,  1.741912420388989e+00
s899        , -1.243124507856434e+00, -6.344650417308112e-01,  1.654496889177364e+00
s900        , -1.127987025274472e+00, -1.068818733629965e+00,  2.138697779765888e+00
s901        ,  2.222405771151903e+00,  1.226527443759155e+00, -4.200663887652673e-01
s902        , -1.852329248500361e+00, -8.513682918532440e-01,  1.896292340302967e+00
s903        ,  1.566870488248132e+00,  9.326022414987905e-01, -9.240980990988690e-02
s904        , -1.387739856871698e+00,  2.260114149121002e-01,  6.952706309286156e-01
s905        ,  1.121219821885003e+00,  3.966295510987442e-01,  5.050720553601412e-01
s906        , -9.933730759278802e-01, -1.209554904999285e+00,  2.295585083329697e+00
s907        , -5.762178128524449e-02, -3.250751846531589e-01,  1.309600904338269e+00
s908        ,  2.416796340775907e-01, -2.331519351293031e-01,  1.207128379952368e+00
s909        , -4.906300545514419e-01, -2.316871437256329e-02,  9.730471130141189e-01
s910        , -1.582982857801990e+00, -1.501709133833359e+00,  2.621267448712943e+00
s911        , -7.523355700553859e-01, -5.659072355694496e-01,  1.578071267801884e+00
s912        ,  2.234392115693804e-01,  8.056593699043768e-03,  9.382383333049701e-01
s913        , -1.421242973618926e+00, -9.330328226758894e-01,  1.987328837266828e+00
s914        ,  5.670067347130128e-02,  3.662350305759016e-01,  5.389547048705510e-01
s915        , -5.612055763432976e-01, -8.418988752618173e-02,  1.041071184034559e+00
s916        ,  8.997740464690429e-01,  4.448533037345550e-01,  4.513140594934880e-01
s917        , -1.606823724089288e+00, -2.977304657290573e-01,  1.279118057057632e+00
s918        ,  3.499868789687911e+00,  9.641018897186413e-01, -1.275244135284010e-01
s919        , -8.715752962891429e-01,  5.638971389419272e-01,  3.186085429950444e-01
s920        , -1.856154837094557e+00, -1.178353689628790e+00,  2.260803161242694e+00
s921        ,  2.276110916770269e-01,  1.439654644360402e+00, -6.576524442412779e-01
s922        ,  1.278757880561135e+00,  1.227592868110772e+00, -4.212540831017699e-01
s923        , -2.625003058195762e-01, -9.184889115629761e-01,  1.971115841165144e+00
s924        , -1.727834522886679e+00, -8.896866482607059e-01,  1.939008179132971e+00
s925        ,  1.850614154947128e+00,  1.121654892577724e+00, -3.031584779373113e-01
s926        , -9.602025879025963e-01, -1.153747188137069e+00,  2.233372774074890e+00
s927        , -1.294474937930480e+00, -8.068235845977597e-01,  1.846635603578100e+00
s928        , -8.964192424384732e-01, -8.145489131624136e-01,  1.855247504526240e+00
s929        ,  3.373466507702030e-01,  5.158327752879540e-01,  3.721888581181120e-01
s930        , -4.361686703935594e-01,  2.635703150091574e-01,  6.534014049597873e-01
s931        ,  1.180800691213646e+00,  7.265631357506672e-01,  1.372747083984486e-01
s932        ,  4.707166528445574e-01,  2.477769882463413e-01,  6.710072018634006e-01
s933        ,  1.703804210339992e+00, -1.008301565847503e-02,  9.584596763478601e-01
s934        , -1.834005051426063e+00, -1.413285609228204e+00,  2.522696283873544e+00
s935        , -1.778081906893596e+00, -1.813830294656457e+00,  2.969208186550981e+00
s936        , -1.576278502143039e+00, -4.408355134918210e-01,  1.438646093463804e+00
s937        ,  1.612912677482048e-01,  8.176984258607264e-01,  3.568057104372446e-02
s938        ,  3.756397573989944e-01, -3.460082180891616e-01,  1.332936249752543e+00
s939        , -1.269094165370334e+00, -6.551547236144158e-01,  1.677560955584242e+00
s940        ,  1.741633513389911e-01,  7.960085285022371e-01,  5.985963942422889e-02
s941        , -7.405880410109714e-01, -4.777466114622405e-01,  1.479793174387032e+00
s942        , -9.892731562449668e-01, -7.877596772697059e-01,  1.825383888493141e+00
s943        , -2.404390935905114e-01,  2.685034121634765e-01,  6.479021768421739e-01
s944        , -1.000366609598995e+00, -3.344950108671724e-01,  1.320101766486054e+00
s945        , -6.403848269203397e-01,  5.744509848425694e-02,  8.831819162700989e-01
s946        ,  1.042678968069443e+00,  3.606996234896410e-01,  5.451253650742628e-01
s947        ,  5.081125559242120e-03, -1.285413465243595e+00,  2.380149306252398e+00
s948        , -9.507722609706112e-01, -4.930245894824380e-01,  1.496824480213918e+00
s949        , -1.109777834090980e-01, -6.977267966431445e-01,  1.725018675086016e+00
s950        ,  6.358188156380660e-01,  5.955909169946844e-01,  2.832775308602999e-01
s951        , -2.185819524191360e+00, -1.088979732955044e+00,  2.161172491067811e+00
s952        ,  1.305064709156519e+00,  1.081810541383236e+00, -2.587415184568052e-01
s953        ,  1.664044937420125e+00,  1.245595905194032e+00, -4.413231805944109e-01
s954        ,  1.051351309197190e+00,  8.687705997387333e-01, -2.125273592990284e-02
s955        , -1.399028311662238e+00, -6.189290698880249e-01,  1.637177981700040e+00
s956        ,  1.385421265834244e+00,  7.390936789516520e-01,  1.233061378748591e-01
s957        , -9.408889636329510e-01, -1.659195355604607e-01,  1.132180271176548e+00
s958        ,  9.732055185777991e-01,  4.708649492588007e-01,  4.223172714762310e-01
s959        , -5.141793956906318e-01, -2.758554869274620e-01,  1.254732666959931e+00
s960        , -1.427508420922605e+00, -2.498498532594248e-01,  1.225742580730145e+00
s961        , -2.005936182526318e-01, -5.838265994677205e-02,  1.012302273327402e+00
s962        , -1.040812919577019e+00, -1.078588507086683e+00,  2.149588749721519e+00
s963        ,  3.350397487530737e-01,  2.583314216784705e-03,  9.443397360308505e-01
s964        , -1.211148190797335e+00, -9.198269231687485e-01,  1.972607405351694e+00
s965        , -3.546684926971408e-01, -9.959920908924936e-01,  2.057513422571007e+00
s966        , -1.297482551855562e+00, -6.412174091359059e-01,  1.662024170220682e+00
s967        , -7.045435460678467e-02,  3.345364694076753e-01,  5.742910490395641e-01
s968        ,  9.299065987644251e-02,  2.753521133404144e-01,  6.402675065928004e-01
s969        ,  6.950554955433741e-01, -4.143340388382477e-02,  9.934078906306448e-01
s970        ,  2.496136210729474e-01,  3.592740683380964e-01,  5.467145194588909e-01
s971        , -1.044044119112301e+00, -2.525550734646519e-01,  1.228758256795615e+00
s972        , -1.696855601622959e-01, -4.862579060691202e-01,  1.489281240231927e+00
s973        ,  4.802864320387065e-01, -8.727483340656350e-02,  1.044510163765956e+00
s974        , -1.989928973862810e-01,  8.678505257625135e-02,  8.504748571012120e-01
s975        ,  5.144117291211028e-01, -6.210903467227634e-01,  1.639587290490793e+00
s976        ,  3.695887594461370e-01,  8.703513649232416e-01, -2.301491252567123e-02
s977        , -5.208667084829633e-01, -2.627671069493805e-01,  1.240142241323076e+00
s978        , -1.415530554889297e+00, -2.831765948428645e-01,  1.262893958181454e+00
s979        , -9.075955878756907e-02,  7.803309776693875e-01,  7.733637374717572e-02
s980        , -1.408049785649008e+00, -1.329974148408336e+00,  2.429823852310153e+00
s981        ,  7.617332134276670e-01,  3.877983236173141e-01,  5.149167701426993e-01
s982        ,  5.658342892742037e-01,  5.104083078665564e-01,  3.782358470246066e-01
s983        , -6.523400746561840e-01, -5.166430880212315e-01,  1.523153479460695e+00
s984        ,  1.408650344937474e+00,  5.397248895333739e-02,  8.870530486189125e-01
s985        , -1.892295500046385e+00, -2.248285072803753e+00,  3.453521764224454e+00
s986        ,  7.279494111089814e-01,  4.587853946127722e-01,  4.357830971998390e-01
s987        ,  6.069333137359153e-01, -5.247198761957562e-01,  1.532157174145781e+00
s988        ,  7.956867077796174e-01, -4.240530731206301e-01,  1.419937670522930e+00
s989        , -1.492402946081943e-01,  2.295024528979550e-01,  6.913789552427514e-01
s990        ,  4.998144921024051e-01,  9.456471523018919e-01, -1.069517777722806e-01
s991        , -1.388778051347251e+00, -1.620551860438618e+00,  2.753748777030039e+00
s992        ,  4.282998930275517e-01, -7.856585025085062e-01,  1.823041579196294e+00
s993        ,  5.363050420459536e-01,  5.492971573753420e-01,  3.348840442949340e-01
s994        , -6.815023874245365e-01, -5.899774052320939e-02,  1.012987941639769e+00
s995        , -2.391036276757255e+00, -1.669125754699818e+00,  2.807897097394924e+00
s996        ,  4.431453520331272e-01,  2.332720179358161e-01,  6.871767882472710e-01
s997        , -6.841651286789517e-01, -1.438322122532312e+00,  2.550606031770647e+00
s998        , -1.890503332016519e-01, -7.546999696791468e-02,  1.031350583397584e+00
s999        , -1.955891416531250e-01, -6.561259594539203e-01,  1.678643652168224e+00
s1000       ,  1.922227018092693e+00,  1.125175181066966e+00, -3.070827609661186e-01
s1001       ,  7.564584951078414e-01,  4.035869629341353e-01,  4.973161986246823e-01
s1002       , -1.216448226111712e+00, -4.420202177182891e-01,  1.439966756444776e+00
s1003       ,  9.406214986730431e-01,  8.378167472328872e-01,  1.325343549215630e-02
s1004       , -6.084517344429569e-01, -1.616188685668482e-01,  1.127386052024578e+00
s1005       ,  1.047447652274055e-01,  4.990032949005297e-01,  3.909497194707648e-01
s1006       ,  1.789223857816157e+00, -5.894052681784395e-01,  1.604265976235472e+00
s1007       , -3.471776742826870e-02, -9.881631874958385e-02,  1.057376170400711e+00
s1008       , -4.304906904704673e-01,  5.700721914274373e-01,  3.117248305535969e-01
s1009       ,  5.526661980887815e-01,  6.808012820443118e-01,  1.882882734558018e-01
s1010       ,  1.084664986478008e-01,  5.908753590343065e-01,  2.885342546009303e-01
s1011       , -1.857041478323650e-01, -4.947412904502985e-01,  1.498738192824205e+00
s1012       , -9.197930097533304e-01, -1.585672203695408e+00,  2.714866269125846e+00
s1013       , -4.019119417889337e-01, -5.129630909657986e-01,  1.519051159427883e+00
s1014       , -1.358932079618377e+00, -1.998674809680438e+00,  3.175265785379440e+00
s1015       , -1.527440174864809e+00, -8.601019128396948e-01,  1.906028247096374e+00
s1016       ,  1.494747075983483e+00,  8.371830998947067e-01,  1.395980132071539e-02
s1017       ,  5.541257590705128e-01,  3.024033128725739e-01,  6.101118635091897e-01
s1018       , -1.957085120530336e+00, -9.543111526059386e-01,  2.011049106012139e+00
s1019       ,  7.131485583147716e-01,  9.272980170417722e-01, -8.649686326324946e-02
s1020       , -1.923756067205053e+00, -2.621956905687884e-01,  1.239505248186976e+00
s1021       ,  3.885529621363158e-01,  9.167467556720234e-01, -7.473472045809326e-02
s1022       , -1.875446506562856e+00, -1.136877274317413e+00,  2.214566839077737e+00
s1023       ,  1.372593741804168e+00,  2.243592155067616e-01,  6.971124396628683e-01
s1024       , -8.235465806555776e-01, -7.163236139695771e-01,  1.745749696093802e+00
s1025       , -3.055697164838789e-01,  4.899420900568738e-01,  4.010508042248042e-01
s1026       , -1.058405261469002e+00, -4.937560434191860e-01,  1.497639877099459e+00
s1027       ,  1.001215100946893e+00,  1.183141837843054e+00, -3.717017739016364e-01
s1028       , -1.207050253018809e-01, -2.878354733680411e-02,  9.793063141501885e-01
s1029       , -3.485019297637044e-02,  1.497727418284673e-01,  7.802585891130555e-01
s1030       ,  7.570890498814408e-01,  7.721885346812341e-01,  8.641325790854154e-02
s1031       , -3.425236517205575e-01, -2.854949080413810e-01,  1.265478325107119e+00
s1032       , -9.690806500330096e-01, -5.952571073117335e-01,  1.610789382788166e+00
s1033       ,  3.580879227715397e-01,  1.100289550756568e-01,  8.245634431985117e-01
s1034       , -1.559175075401338e+00, -5.674939009328023e-01,  1.579840021691467e+00
s1035       , -5.297528349600488e-01, -4.015063395762332e-01,  1.394803433918827e+00
s1036       , -2.199501197760688e+00, -1.027340092327079e+00,  2.092458976150694e+00
s1037       , -2.563451324430153e-01, -6.292205149170671e-02,  1.017362613482857e+00
s1038       ,  1.208934872396009e+00,  8.751592160241356e-01, -2.837452113102490e-02
s1039       ,  1.284684643971159e+00,  8.281157903321601e-01,  2.406769138199349e-02
s1040       ,  3.246719543370283e-02, -1.087151128994636e-01,  1.068410967692677e+00
s1041       ,  2.496032441662194e+00,  1.153777691471905e+00, -3.389677461048072e-01
