# c0 + a0 * (exp(Al) * (WE * AAV))
# Property Label: $E_{T}$; Unit of the Property: Unitless
# RMSE: 0.778115098562924; Max AE: 2.49260954668694
# Coefficients
# Task   a0                      c0
# all , -5.434195719624140e-02,  1.053910714903233e+01, 
# Feature Rung, Units, and Expressions
# 0;  2; Unitless;                                         12|exp|5|1|mult|mult; (exp(Al) * (WE * AAV)); $\left(\left(\exp{ Al }\right) \left(WE AAV\right)\right)$; (exp(Al) .* (WE .* AAV)); (exp(newdata$Al) * (newdata$WE * newdata$AAV)); Al,WE,AAV
# Number of Samples Per Task
# Task, n_samples               
# all , 500                   

# Sample ID , Property Value        ,  Property Value (EST) ,  Feature 0 Value      
s1          ,  9.627351630837904e+00,  7.572082317529219e+00,  5.459915293055238e+01
s2          ,  7.942391979192743e+00,  8.111514985662716e+00,  4.467251988372487e+01
s3          ,  7.190586636137100e+00,  7.845009168001826e+00,  4.957675652537682e+01
s4          ,  7.801448301236565e+00,  8.204997078999572e+00,  4.295226359999788e+01
s5          ,  8.469161610331188e+00,  8.810158054066887e+00,  3.181609909120149e+01
s6          ,  7.909389765119206e+00,  6.842619777088818e+00,  6.802271325257284e+01
s7          ,  8.069240521374599e+00,  8.907551025501313e+00,  3.002387487883616e+01
s8          ,  6.514380492886220e+00,  6.852027555572623e+00,  6.784959143346296e+01
s9          ,  7.069246192646957e+00,  8.380438118812277e+00,  3.972379983342526e+01
s10         ,  7.182828748758404e+00,  8.399849178090758e+00,  3.936659776931150e+01
s11         ,  8.281712320055306e+00,  8.023363906639888e+00,  4.629467491035545e+01
s12         ,  8.667136914414131e+00,  7.820333437049044e+00,  5.003083901018083e+01
s13         ,  7.633522070371748e+00,  7.707799441284005e+00,  5.210168815826456e+01
s14         ,  7.349146862996486e+00,  7.883805363227770e+00,  4.886282943795445e+01
s15         ,  8.730252119237013e+00,  8.007438796094799e+00,  4.658772859054549e+01
s16         ,  7.663568812540761e+00,  8.576386481696824e+00,  3.611796057046070e+01
s17         ,  7.397981103859396e+00,  8.456857720182999e+00,  3.831752730822429e+01
s18         ,  7.634343129458566e+00,  7.651818758917477e+00,  5.313184395784991e+01
s19         ,  7.908238494205531e+00,  7.469452326931647e+00,  5.648774870245202e+01
s20         ,  7.576517696383075e+00,  7.932249088361342e+00,  4.797136862879312e+01
s21         ,  8.532705101163961e+00,  8.249427222956879e+00,  4.213466066021310e+01
s22         ,  8.329116670513413e+00,  8.960253477386756e+00,  2.905404503455721e+01
s23         ,  7.493041833870397e+00,  7.796695268464723e+00,  5.046582828557548e+01
s24         ,  1.059219924457796e+01,  8.726086369868685e+00,  3.336318514654177e+01
s25         ,  8.578651914394655e+00,  7.397592346981693e+00,  5.781011513269394e+01
s26         ,  8.144438025614420e+00,  7.934570607517291e+00,  4.792864806303275e+01
s27         ,  8.510120168948882e+00,  8.564496932556718e+00,  3.633675190138703e+01
s28         ,  7.189133078527061e+00,  7.529071256120547e+00,  5.539064193146100e+01
s29         ,  8.503410813013494e+00,  8.904369762014099e+00,  3.008241644876389e+01
s30         ,  8.142667393573289e+00,  8.595919555837190e+00,  3.575851319042197e+01
s31         ,  6.927212409606008e+00,  8.067220394850043e+00,  4.548762837627902e+01
s32         ,  8.836093594042303e+00,  8.434766582695747e+00,  3.872404813719400e+01
s33         ,  7.781799073840278e+00,  7.661650077113118e+00,  5.295092816638996e+01
s34         ,  8.752473919455131e+00,  8.575724750260505e+00,  3.613013774387257e+01
s35         ,  7.714609048750617e+00,  8.361255436026269e+00,  4.007679931625096e+01
s36         ,  6.256414997963060e+00,  6.207390453809499e+00,  7.971219511987769e+01
s37         ,  8.317250646523553e+00,  8.937563631732495e+00,  2.947158328354453e+01
s38         ,  7.621094284411799e+00,  7.534905770272297e+00,  5.528327527680261e+01
s39         ,  7.863121891718822e+00,  8.111604850813588e+00,  4.467086618637002e+01
s40         ,  8.588951308381437e+00,  8.380156116095995e+00,  3.972898924379678e+01
s41         ,  8.466791260314862e+00,  7.842195731971223e+00,  4.962852933916126e+01
s42         ,  6.965545209929878e+00,  7.294372939759159e+00,  5.970955734177348e+01
s43         ,  5.742710398507013e+00,  7.280125299988157e+00,  5.997174222627351e+01
s44         ,  7.657337843103465e+00,  8.545055018880570e+00,  3.669452174773134e+01
s45         ,  6.929642414952987e+00,  6.137334137538696e+00,  8.100137055420761e+01
s46         ,  7.407981644678499e+00,  7.085375795938048e+00,  6.355552010432864e+01
s47         ,  7.477916419891637e+00,  8.095028925555528e+00,  4.497589615056878e+01
s48         ,  8.065752072747419e+00,  7.792481267431093e+00,  5.054337427859910e+01
s49         ,  1.014689217922620e+01,  8.799884432604006e+00,  3.200515414171763e+01
s50         ,  7.545430289743591e+00,  7.236689688837414e+00,  6.077104378609563e+01
s51         ,  7.570978629679006e+00,  7.683387914619523e+00,  5.255090875914071e+01
s52         ,  7.795687486574141e+00,  7.999635916902585e+00,  4.673131707345633e+01
s53         ,  9.562441706215767e+00,  8.570815547258157e+00,  3.622047683461641e+01
s54         ,  8.280447950103838e+00,  8.226590746655342e+00,  4.255489720449266e+01
s55         ,  7.825727923778901e+00,  8.593650318247809e+00,  3.580027167146429e+01
s56         ,  7.118939478946283e+00,  7.801226088974992e+00,  5.038245218460241e+01
s57         ,  7.871849863936480e+00,  7.630059553878227e+00,  5.353225657016479e+01
s58         ,  6.730625541378074e+00,  6.208228565971474e+00,  7.969677219061239e+01
s59         ,  7.346597587321452e+00,  7.872903331324625e+00,  4.906344848934000e+01
s60         ,  9.160102121533143e+00,  8.995993573197346e+00,  2.839635624941605e+01
s61         ,  9.473309271873642e+00,  8.481038887577689e+00,  3.787254577567907e+01
s62         ,  6.148514364065349e+00,  6.990437946975332e+00,  6.530256518442897e+01
s63         ,  9.742882945859217e+00,  8.973781015922198e+00,  2.880511144376677e+01
s64         ,  7.769754107745993e+00,  8.059998364675657e+00,  4.562052808300668e+01
s65         ,  8.911180765969100e+00,  8.665206909954025e+00,  3.448348818779606e+01
s66         ,  7.119243990330276e+00,  7.409562504590655e+00,  5.758984044575664e+01
s67         ,  9.128092259359644e+00,  8.454781405180208e+00,  3.835573563030024e+01
s68         ,  8.853260947322894e+00,  7.773498961722730e+00,  5.089268642500955e+01
s69         ,  7.753079548340686e+00,  7.995412919999051e+00,  4.680902860836267e+01
s70         ,  7.493232802610160e+00,  7.517846326743411e+00,  5.559720293802540e+01
s71         ,  8.175332159116204e+00,  8.420285852050082e+00,  3.899052235698281e+01
s72         ,  8.442204221154190e+00,  8.922935770676856e+00,  2.974076499525236e+01
s73         ,  7.424144002640064e+00,  8.364322458387321e+00,  4.002036001006299e+01
s74         ,  8.574295382843832e+00,  8.235850178188223e+00,  4.238450526407279e+01
s75         ,  8.365063336741047e+00,  7.783916451941378e+00,  5.070098390349327e+01
s76         ,  1.006391557310598e+01,  7.817602241059307e+00,  5.008109844378705e+01
s77         ,  7.611996221847688e+00,  7.163446978513875e+00,  6.211885520295429e+01
s78         ,  7.070887086618086e+00,  8.845497531689333e+00,  3.116578247682513e+01
s79         ,  6.661643882147870e+00,  7.881432183937981e+00,  4.890650065283577e+01
s80         ,  8.617523239859635e+00,  8.106633921696542e+00,  4.476234116028558e+01
s81         ,  6.646048985579415e+00,  7.253149101306442e+00,  6.046815788874767e+01
s82         ,  8.281343998915766e+00,  8.914592043956430e+00,  2.989430614744706e+01
s83         ,  6.763183164861317e+00,  8.133290563148829e+00,  4.427180598585259e+01
s84         ,  7.178957498760083e+00,  8.243901807051127e+00,  4.223633929290930e+01
s85         ,  6.812443708937937e+00,  7.483395622969563e+00,  5.623116434742843e+01
s86         ,  6.698713350829386e+00,  6.765469523859490e+00,  6.944243122391350e+01
s87         ,  6.967323671826372e+00,  8.130569273586541e+00,  4.432188312150784e+01
s88         ,  7.753117596667242e+00,  7.658070908995683e+00,  5.301679197222438e+01
s89         ,  7.649105010968406e+00,  7.637752170320868e+00,  5.339069714095871e+01
s90         ,  9.249949326069649e+00,  7.593185384363387e+00,  5.421081456507982e+01
s91         ,  6.408188336154115e+00,  6.958629935526975e+00,  6.588789580352113e+01
s92         ,  8.648605247617484e+00,  8.479550402916750e+00,  3.789993685133659e+01
s93         ,  6.379429753159395e+00,  7.413139103310771e+00,  5.752402392193879e+01
s94         ,  8.168735377448940e+00,  7.665722224779101e+00,  5.287599255722009e+01
s95         ,  5.762343966074309e+00,  7.306545388092600e+00,  5.948556010351643e+01
s96         ,  8.832251009079080e+00,  7.957004657948110e+00,  4.751581695446952e+01
s97         ,  9.864920736579611e+00,  8.993183726612459e+00,  2.844806301026639e+01
s98         ,  8.367716996608189e+00,  7.830198058155091e+00,  4.984931037899032e+01
s99         ,  9.525029255992946e+00,  8.640745177602815e+00,  3.493363267307607e+01
s100        ,  8.304615691286356e+00,  7.444208087376695e+00,  5.695229287526840e+01
s101        ,  8.213920025343791e+00,  8.242463996935374e+00,  4.226279785623565e+01
s102        ,  7.342780294453894e+00,  8.091542465562613e+00,  4.504005394268371e+01
s103        ,  7.620663655973660e+00,  7.626620716838710e+00,  5.359553800530153e+01
s104        ,  7.588412763449981e+00,  8.249437341888223e+00,  4.213447445176816e+01
s105        ,  7.761686981590299e+00,  7.670011010668542e+00,  5.279707037423810e+01
s106        ,  5.765889299917045e+00,  6.467828927666402e+00,  7.491960966116113e+01
s107        ,  9.163218304965826e+00,  8.581902239286650e+00,  3.601645966997035e+01
s108        ,  9.145415223907584e+00,  8.548767983664193e+00,  3.662619581736015e+01
s109        ,  8.907344867310053e+00,  8.059597557682899e+00,  4.562790372815157e+01
s110        ,  7.187712979897188e+00,  7.429979310900215e+00,  5.721413063766435e+01
s111        ,  7.672978409935292e+00,  8.499620409893337e+00,  3.753060884012584e+01
s112        ,  6.603286769071715e+00,  6.955146031727355e+00,  6.595200655659981e+01
s113        ,  8.208139417897124e+00,  7.554431000629666e+00,  5.492397223795805e+01
s114        ,  9.490685045738040e+00,  8.680726674803086e+00,  3.419789367391029e+01
s115        ,  7.464390616571710e+00,  7.752070145905981e+00,  5.128701921908548e+01
s116        ,  7.928727650609704e+00,  8.406120124713574e+00,  3.925119988991285e+01
s117        ,  9.124632999567014e+00,  8.602114084742512e+00,  3.564452154888151e+01
s118        ,  8.021885171121083e+00,  7.383183900040613e+00,  5.807525918867719e+01
s119        ,  8.968830926922529e+00,  8.217886201846536e+00,  4.271507812652627e+01
s120        ,  7.277771579613969e+00,  8.511593870908639e+00,  3.731027336394740e+01
s121        ,  9.490619311909677e+00,  8.662207937032688e+00,  3.453867524906636e+01
s122        ,  8.362283466244515e+00,  8.794424609966452e+00,  3.210562572793300e+01
s123        ,  7.947663967689638e+00,  8.722366306304039e+00,  3.343164170859035e+01
s124        ,  7.500155537108027e+00,  8.016303744954035e+00,  4.642459591523124e+01
s125        ,  7.676721295760406e+00,  8.290771355932080e+00,  4.137384645497757e+01
s126        ,  7.024408552307285e+00,  8.118697001579681e+00,  4.454035651884954e+01
s127        ,  6.799573135407770e+00,  8.271013610325520e+00,  4.173742823645831e+01
s128        ,  7.697800396812369e+00,  7.816201076900869e+00,  5.010688264867643e+01
s129        ,  7.533342927184101e+00,  8.058032618733723e+00,  4.565670171464153e+01
s130        ,  6.124502077904181e+00,  7.501669137150802e+00,  5.589489537361784e+01
s131        ,  6.337033222495729e+00,  7.849051457469821e+00,  4.950237036638372e+01
s132        ,  8.333642239874484e+00,  8.468320135070201e+00,  3.810659609634674e+01
s133        ,  8.579601425612095e+00,  8.136164402430385e+00,  4.421892163221809e+01
s134        ,  6.951515610154178e+00,  7.433522373222102e+00,  5.714893125021695e+01
s135        ,  6.698438838755101e+00,  6.629023175378916e+00,  7.195331518026116e+01
s136        ,  8.281968440787288e+00,  8.396566906950063e+00,  3.942699808078429e+01
s137        ,  5.665057747716694e+00,  7.355074251679323e+00,  5.859253257763115e+01
s138        ,  8.112595100690500e+00,  8.508243554361625e+00,  3.737192584611538e+01
s139        ,  8.715718019493625e+00,  8.593303357977305e+00,  3.580665642991622e+01
s140        ,  8.533707889288090e+00,  8.310491428821134e+00,  4.101095792636163e+01
s141        ,  7.727405448227938e+00,  7.091927593638585e+00,  6.343495400699658e+01
s142        ,  8.389591380956231e+00,  8.342094199555353e+00,  4.042940414426110e+01
s143        ,  6.224884257878246e+00,  6.539726573423740e+00,  7.359655010521436e+01
s144        ,  9.290205280403852e+00,  7.777604478621624e+00,  5.081713675564323e+01
s145        ,  9.792510171143572e+00,  8.752257972828993e+00,  3.288157564422303e+01
s146        ,  6.546579819570549e+00,  6.171846635807796e+00,  8.036627200329477e+01
s147        ,  8.089860798356693e+00,  7.504400341507097e+00,  5.584463578605032e+01
s148        ,  6.908129645938573e+00,  7.169052310182918e+00,  6.201570596140598e+01
s149        ,  6.851404144405834e+00,  6.620535687811525e+00,  7.210950181771959e+01
s150        ,  6.344873152787280e+00,  7.299353713525733e+00,  5.961790120674345e+01
s151        ,  7.969193585505869e+00,  7.896511587843171e+00,  4.862900965539645e+01
s152        ,  8.462080179948535e+00,  8.358594698609682e+00,  4.012576217209691e+01
s153        ,  9.215343905614519e+00,  8.075531047614867e+00,  4.533469585059154e+01
s154        ,  6.679636276886174e+00,  7.649540696440706e+00,  5.317376483435690e+01
s155        ,  9.381766813453464e+00,  8.356081254055415e+00,  4.017201454657782e+01
s156        ,  7.876232974733705e+00,  7.475279650319303e+00,  5.638051437214233e+01
s157        ,  6.539948998671028e+00,  8.113320079633839e+00,  4.463930256759831e+01
s158        ,  6.241825264823305e+00,  7.080315209086114e+00,  6.364864495873274e+01
s159        ,  9.840996596660752e+00,  7.614252062823546e+00,  5.382314581799952e+01
s160        ,  7.842769799352280e+00,  8.004500553345268e+00,  4.664179809597241e+01
s161        ,  7.267264865374984e+00,  7.723554732447944e+00,  5.181175949215039e+01
s162        ,  6.412636071072660e+00,  7.421820325311680e+00,  5.736427218591721e+01
s163        ,  6.832702694222424e+00,  7.151538589146597e+00,  6.233799323149960e+01
s164        ,  8.320800917846281e+00,  8.064890275790319e+00,  4.553050719735848e+01
s165        ,  8.505863207497077e+00,  8.694822797073165e+00,  3.393849701252076e+01
s166        ,  7.956207279171495e+00,  8.075861656782658e+00,  4.532861198492218e+01
s167        ,  5.971986436857214e+00,  5.954269886292567e+00,  8.437011655989602e+01
s168        ,  8.276929850966233e+00,  8.358294078340144e+00,  4.013129418244485e+01
s169        ,  9.188941833158308e+00,  8.571274083645637e+00,  3.621203885388959e+01
s170        ,  7.447677623786754e+00,  7.106117319518719e+00,  6.317383485317419e+01
s171        ,  6.821215751339451e+00,  6.894140687149473e+00,  6.707462612581367e+01
s172        ,  7.646914710507245e+00,  8.235628195609275e+00,  4.238859018464616e+01
s173        ,  6.915614748782852e+00,  8.740736837736188e+00,  3.309358742457168e+01
s174        ,  7.908297007036147e+00,  8.369907975899352e+00,  3.991757538837810e+01
s175        ,  6.640260690888195e+00,  7.042238229045362e+00,  6.434933705753308e+01
s176        ,  9.633522562816404e+00,  7.140913016129466e+00,  6.253352489000721e+01
s177        ,  9.839773629507981e+00,  8.615396925445303e+00,  3.540009088447199e+01
s178        ,  7.876158930078242e+00,  7.690052285377909e+00,  5.242827109384059e+01
s179        ,  8.997948156684945e+00,  6.770689739984071e+00,  6.934636887367958e+01
s180        ,  7.242833359969930e+00,  8.163439851355724e+00,  4.371699917059530e+01
s181        ,  7.466392614394272e+00,  7.502117283481031e+00,  5.588664859059141e+01
s182        ,  7.324806503268224e+00,  6.346044902962879e+00,  7.716067772324313e+01
s183        ,  8.069755768338780e+00,  7.476370613687916e+00,  5.636043847821246e+01
s184        ,  6.325507573825497e+00,  6.749533112321266e+00,  6.973569286483442e+01
s185        ,  7.909151322271386e+00,  7.094113645695472e+00,  6.339472630505728e+01
s186        ,  7.808092794731099e+00,  8.512636313911095e+00,  3.729109034117385e+01
s187        ,  9.362946659947280e+00,  8.725918629027783e+00,  3.336627191134665e+01
s188        ,  7.912560659253920e+00,  8.518437473879303e+00,  3.718433746977360e+01
s189        ,  6.534507077105577e+00,  6.514803324382500e+00,  7.405518741471053e+01
s190        ,  8.187426344359103e+00,  7.985687463734177e+00,  4.698799632992914e+01
s191        ,  8.138895604468880e+00,  8.408564256927797e+00,  3.920622300022529e+01
s192        ,  5.799175375307358e+00,  8.111884346953051e+00,  4.466572290199300e+01
s193        ,  6.378592476872269e+00,  6.700626196964009e+00,  7.063567729455677e+01
s194        ,  7.793716226450307e+00,  8.624031969685344e+00,  3.524118891101419e+01
s195        ,  8.640001599044416e+00,  8.605118977148877e+00,  3.558922555732358e+01
s196        ,  6.720003856388139e+00,  7.189602646808417e+00,  6.163753893015079e+01
s197        ,  8.948887189458219e+00,  8.079822607312796e+00,  4.525572262402130e+01
s198        ,  8.317497627683570e+00,  8.545705141966957e+00,  3.668255819102614e+01
s199        ,  8.441466376370130e+00,  8.395926557496297e+00,  3.943878178322718e+01
s200        ,  8.746260673324942e+00,  7.992696257572944e+00,  4.685902059551721e+01
s201        ,  8.643864467706148e+00,  7.945578819831896e+00,  4.772607508107606e+01
s202        ,  9.520851579129097e+00,  8.813350970053577e+00,  3.175734309212772e+01
s203        ,  6.648117657566600e+00,  7.661368122627016e+00,  5.295611668923032e+01
s204        ,  6.935998042748493e+00,  7.419809882107295e+00,  5.740126833600297e+01
s205        ,  6.614226812951216e+00,  6.900494614131469e+00,  6.695770124290873e+01
s206        ,  6.730248098944498e+00,  7.051628887549590e+00,  6.417653028006798e+01
s207        ,  8.040232641411238e+00,  8.664590560741203e+00,  3.449483023811266e+01
s208        ,  7.373127857461314e+00,  7.645893076981469e+00,  5.324088828090603e+01
s209        ,  7.122440182172941e+00,  7.909655247171317e+00,  4.838714020485971e+01
s210        ,  6.550934933008384e+00,  7.300224956495194e+00,  5.960186860478335e+01
s211        ,  9.277255796315211e+00,  7.375865573569321e+00,  5.820993093862658e+01
s212        ,  6.587840226849048e+00,  6.790314969204672e+00,  6.898522565703523e+01
s213        ,  8.654629935848208e+00,  8.533754117961472e+00,  3.690248078163744e+01
s214        ,  9.152718270182582e+00,  7.201254623861576e+00,  6.142311939772428e+01
s215        ,  7.243549580998940e+00,  7.720306531997274e+00,  5.187153283522194e+01
s216        ,  8.224394868653100e+00,  8.111078436042558e+00,  4.468055326424114e+01
s217        ,  8.433185292995233e+00,  8.524512727139193e+00,  3.707254073713199e+01
s218        ,  6.552665752336344e+00,  6.838358184192372e+00,  6.810113503044619e+01
s219        ,  9.407502378462443e+00,  9.024301778769164e+00,  2.787542901321823e+01
s220        ,  7.925773992369300e+00,  7.530858127320139e+00,  5.535775995054265e+01
s221        ,  8.534475112530037e+00,  8.671450530952427e+00,  3.436859315418778e+01
s222        ,  8.234594865305676e+00,  7.519406043121611e+00,  5.556850105721962e+01
s223        ,  7.880941375775051e+00,  8.286024840446318e+00,  4.146119177212579e+01
s224        ,  6.472435325808795e+00,  6.352589331656750e+00,  7.704024723027730e+01
s225        ,  8.806473631375404e+00,  8.132358326426500e+00,  4.428896099407143e+01
s226        ,  5.250427025852626e+00,  6.035426387193491e+00,  8.287667567023780e+01
s227        ,  7.560609968829537e+00,  7.817833573115778e+00,  5.007684147424810e+01
s228        ,  8.820696960954724e+00,  8.191847852752428e+00,  4.319423549290669e+01
s229        ,  6.713816846144905e+00,  7.720044882968591e+00,  5.187634769729504e+01
s230        ,  6.907125038995977e+00,  7.669701423069013e+00,  5.280276740127765e+01
s231        ,  7.532084138779509e+00,  8.093533912360849e+00,  4.500340736422049e+01
s232        ,  1.084554210451655e+01,  8.666837374126320e+00,  3.445348440698989e+01
s233        ,  1.012653514909763e+01,  7.991573191597471e+00,  4.687968724120717e+01
s234        ,  8.167152545352431e+00,  8.553739461064968e+00,  3.653471075393445e+01
s235        ,  7.905523281283838e+00,  7.968628372083464e+00,  4.730191751589431e+01
s236        ,  6.743515130003162e+00,  7.269077013007090e+00,  6.017505266172892e+01
s237        ,  6.247372820640849e+00,  8.249492791425414e+00,  4.213345407009525e+01
s238        ,  8.393525756868973e+00,  8.248673431257860e+00,  4.214853192539952e+01
s239        ,  6.797832116064431e+00,  6.759200485086792e+00,  6.955779399507867e+01
s240        ,  6.125217604829666e+00,  6.423100102172413e+00,  7.574270893475672e+01
s241        ,  8.437110598657474e+00,  8.198624276484846e+00,  4.306953583021425e+01
s242        ,  9.141191087255164e+00,  8.727995588155864e+00,  3.332805173608539e+01
s243        ,  7.110368496064047e+00,  5.495950677437011e+00,  9.280410076845993e+01
s244        ,  8.960639198071771e+00,  7.278191687851056e+00,  6.000732453204359e+01
s245        ,  9.014600443360804e+00,  8.339373564321299e+00,  4.047946923897656e+01
s246        ,  7.721394778722777e+00,  7.203711130929742e+00,  6.137791478613301e+01
s247        ,  9.279167885286526e+00,  8.519678854191927e+00,  3.716149360516745e+01
s248        ,  8.069714918463729e+00,  8.090869620428521e+00,  4.505243563021957e+01
s249        ,  9.138638847890634e+00,  7.724849195131838e+00,  5.178793880642832e+01
s250        ,  9.177781611997807e+00,  8.658617243278719e+00,  3.460475114951658e+01
s251        ,  7.870394781824755e+00,  7.811001520307419e+00,  5.020256482248318e+01
s252        ,  8.770650867012092e+00,  7.997096475681549e+00,  4.677804783826603e+01
s253        ,  7.771611929623957e+00,  8.016820735411404e+00,  4.641508226345935e+01
s254        ,  6.991295709983373e+00,  7.265135686750135e+00,  6.024758089700617e+01
s255        ,  6.448900498637139e+00,  7.583116052811032e+00,  5.439611027528017e+01
s256        ,  8.136758359683444e+00,  7.796029975610795e+00,  5.047807099614856e+01
s257        ,  8.044163037644523e+00,  7.699537978521942e+00,  5.225371549015156e+01
s258        ,  8.267362262057947e+00,  8.571566133003779e+00,  3.620666456534330e+01
s259        ,  9.530213738450776e+00,  8.747116829135626e+00,  3.297618290459094e+01
s260        ,  6.908393401424430e+00,  7.025926464199529e+00,  6.464950594521092e+01
s261        ,  6.798586307035871e+00,  7.362577093264250e+00,  5.845446538292499e+01
s262        ,  9.288654608145832e+00,  8.817129366770869e+00,  3.168781308415161e+01
s263        ,  7.904613649172425e+00,  7.490414807779779e+00,  5.610199739849305e+01
s264        ,  8.878267557007309e+00,  8.484289682241917e+00,  3.781272469392288e+01
s265        ,  7.781698846322390e+00,  8.387663147416776e+00,  3.959084494962513e+01
s266        ,  6.989431802434295e+00,  7.897750956606059e+00,  4.860620280730277e+01
s267        ,  8.061182480791835e+00,  8.578300061383704e+00,  3.608274690158291e+01
s268        ,  5.673098856155892e+00,  6.438951943715536e+00,  7.545100354980200e+01
s269        ,  7.919308449877067e+00,  8.697229210390097e+00,  3.389421422549779e+01
s270        ,  8.930671440330361e+00,  8.408998290390320e+00,  3.919823592200954e+01
s271        ,  8.202529880757444e+00,  7.538911633415770e+00,  5.520955943456661e+01
s272        ,  1.014280693123203e+01,  8.638793038900994e+00,  3.496955590445272e+01
s273        ,  7.742462231090613e+00,  8.175724179350272e+00,  4.349094312424814e+01
s274        ,  8.718453267484730e+00,  8.039610515724386e+00,  4.599570501816279e+01
s275        ,  6.758060022913812e+00,  7.256312202090994e+00,  6.040995054864157e+01
s276        ,  7.204795404555930e+00,  7.394287651590100e+00,  5.787092809494442e+01
s277        ,  7.240788553920757e+00,  7.341718959788805e+00,  5.883829648786885e+01
s278        ,  7.732713927709626e+00,  7.951921765502451e+00,  4.760935227612353e+01
s279        ,  6.894315859947453e+00,  7.831541475856932e+00,  4.982458882365528e+01
s280        ,  7.251441304396424e+00,  7.965775203605871e+00,  4.735442148565916e+01
s281        ,  9.298944845690915e+00,  8.138404802481983e+00,  4.417769381917658e+01
s282        ,  7.403392232409992e+00,  7.684714600245258e+00,  5.252649510725578e+01
s283        ,  8.591867226752916e+00,  7.173196766599315e+00,  6.193943972753754e+01
s284        ,  7.481045185875820e+00,  7.628380995539354e+00,  5.356314537920807e+01
s285        ,  8.276906745695372e+00,  7.595613379818191e+00,  5.416613462383229e+01
s286        ,  6.816478673847437e+00,  8.608562285058042e+00,  3.552586184930084e+01
s287        ,  8.454699283037474e+00,  8.486137755464627e+00,  3.777871647415935e+01
s288        ,  5.729929539429917e+00,  6.919046208209107e+00,  6.661631504640786e+01
s289        ,  9.176267726033526e+00,  8.478234716995537e+00,  3.792414808679982e+01
s290        ,  7.541092158095853e+00,  7.947048324346083e+00,  4.769903327783588e+01
s291        ,  7.781618694960636e+00,  8.315038912581198e+00,  4.092727518847934e+01
s292        ,  8.886315439570353e+00,  8.678228493459123e+00,  3.424386517499078e+01
s293        ,  7.898795859717912e+00,  7.378146904050602e+00,  5.816794992434247e+01
s294        ,  7.127990963380840e+00,  7.439883502161560e+00,  5.703187383698308e+01
s295        ,  7.357514929176067e+00,  7.488253946601679e+00,  5.614176153820365e+01
s296        ,  8.754680400252976e+00,  8.382165404642572e+00,  3.969201434170922e+01
s297        ,  7.045816821790092e+00,  7.709426857305133e+00,  5.207174046949707e+01
s298        ,  6.748504292664543e+00,  7.340779605877754e+00,  5.885558246650334e+01
s299        ,  8.168229547920401e+00,  8.092474472819150e+00,  4.502290315709142e+01
s300        ,  7.568844809162906e+00,  7.923773346350350e+00,  4.812733912467318e+01
s301        ,  8.722642962546887e+00,  7.826507287135874e+00,  4.991722789999325e+01
s302        ,  9.059415660204463e+00,  8.495919128676885e+00,  3.759871976964363e+01
s303        ,  7.309740236243639e+00,  6.940162211755960e+00,  6.622773861971423e+01
s304        ,  6.656278208297028e+00,  7.515269038348704e+00,  5.564463016604005e+01
s305        ,  6.630881819028101e+00,  6.575909292270191e+00,  7.293071617663894e+01
s306        ,  8.386184599149400e+00,  7.843154187292910e+00,  4.961089185661300e+01
s307        ,  6.444901771340923e+00,  6.964357492252988e+00,  6.578249737804063e+01
s308        ,  7.197390841054173e+00,  8.713175268295515e+00,  3.360077507225137e+01
s309        ,  5.929492224601515e+00,  6.457416633364605e+00,  7.511121656748207e+01
s310        ,  6.940414449799037e+00,  7.767572794128947e+00,  5.100173968513380e+01
s311        ,  6.920999607261285e+00,  7.064921630196658e+00,  6.393191740020676e+01
s312        ,  8.252266885096375e+00,  8.269991733670452e+00,  4.175623279757080e+01
s313        ,  6.372017013205046e+00,  7.098071332920009e+00,  6.332189699546424e+01
s314        ,  7.369033865428129e+00,  7.236827902307946e+00,  6.076850038358194e+01
s315        ,  9.291950472832553e+00,  8.372523314288530e+00,  3.986944796485278e+01
s316        ,  7.005653338045511e+00,  8.031490893833272e+00,  4.614512219616011e+01
s317        ,  1.040890850719324e+01,  8.893681802439453e+00,  3.027909614390349e+01
s318        ,  7.074008304038459e+00,  7.751942338396852e+00,  5.128937113123078e+01
s319        ,  6.552373721340865e+00,  7.947323085912804e+00,  4.769397711900581e+01
s320        ,  7.727734298255436e+00,  8.249900101372209e+00,  4.212595875767354e+01
s321        ,  8.611383655345886e+00,  7.848431833013757e+00,  4.951377268768450e+01
s322        ,  6.042793889490908e+00,  6.576078826296547e+00,  7.292759641365832e+01
s323        ,  9.508743222439017e+00,  8.572250170695186e+00,  3.619407691251111e+01
s324        ,  7.912366987098065e+00,  8.193227074328332e+00,  4.316885507513993e+01
s325        ,  7.877337584761880e+00,  8.021694285339148e+00,  4.632539926013754e+01
s326        ,  8.470634370388495e+00,  7.794841534566462e+00,  5.049994067301797e+01
s327        ,  9.172019619121611e+00,  7.627938903182357e+00,  5.357128075709667e+01
s328        ,  7.596000342098184e+00,  7.699803121022118e+00,  5.224883634126080e+01
s329        ,  8.213068861329081e+00,  8.063810187475505e+00,  4.555038296868769e+01
s330        ,  7.826837741240630e+00,  8.631544393108397e+00,  3.510294539144562e+01
s331        ,  7.527158850146676e+00,  7.552403208888125e+00,  5.496128763560227e+01
s332        ,  7.703333139420747e+00,  7.903392676683876e+00,  4.850238394672247e+01
s333        ,  7.933721737534466e+00,  8.130168771342912e+00,  4.432925315866317e+01
s334        ,  7.188393300762235e+00,  7.221758020114591e+00,  6.104581616260207e+01
s335        ,  6.859933586787644e+00,  7.262927079362038e+00,  6.028822366186132e+01
s336        ,  7.760654861780857e+00,  7.583541275910386e+00,  5.438828532525457e+01
s337        ,  8.475747430421777e+00,  8.040756284345475e+00,  4.597462059867912e+01
s338        ,  7.638070685064786e+00,  7.704068701407145e+00,  5.217034118567368e+01
s339        ,  8.122458246051600e+00,  7.530950772113478e+00,  5.535605510224277e+01
s340        ,  7.717275084186167e+00,  7.982866797675776e+00,  4.703990219059248e+01
s341        ,  8.593537090705233e+00,  8.881547293393629e+00,  3.050239522387596e+01
s342        ,  8.110773733155243e+00,  7.351742067000817e+00,  5.865385139738716e+01
s343        ,  6.079270586999654e+00,  6.843021933627756e+00,  6.801531277309645e+01
s344        ,  8.557782774232033e+00,  8.364688779311114e+00,  4.001361897711728e+01
s345        ,  7.924144160269485e+00,  8.723804245492992e+00,  3.340518077006065e+01
s346        ,  7.248541491515182e+00,  7.396613375069983e+00,  5.782813016126893e+01
s347        ,  6.930818671281991e+00,  6.294914562877444e+00,  7.810157758632299e+01
s348        ,  6.794959143936325e+00,  8.017412952979516e+00,  4.640418428335948e+01
s349        ,  7.284750641045562e+00,  8.219299077545834e+00,  4.268907840601206e+01
s350        ,  6.663519745514736e+00,  7.453705941472436e+00,  5.677751348590187e+01
s351        ,  8.512129981744364e+00,  7.729094200418855e+00,  5.170982227353115e+01
s352        ,  7.721505815810622e+00,  7.350239860480707e+00,  5.868149498252129e+01
s353        ,  8.751736191002196e+00,  8.316340866584079e+00,  4.090331664760125e+01
s354        ,  6.217395845334911e+00,  6.523524073515933e+00,  7.389470830090275e+01
s355        ,  8.323306621275213e+00,  7.822498648284665e+00,  4.999099482076744e+01
s356        ,  9.047137982578803e+00,  8.457566811295147e+00,  3.830447862266468e+01
s357        ,  6.848837355080171e+00,  7.859643670857073e+00,  4.930745259135768e+01
s358        ,  8.119201041558600e+00,  8.187291588563420e+00,  4.327807980812989e+01
s359        ,  6.418265162131758e+00,  6.337226471164167e+00,  7.732295439220567e+01
s360        ,  6.620669306778614e+00,  7.553335183996699e+00,  5.494413744159638e+01
s361        ,  8.778951918428461e+00,  7.894045893862407e+00,  4.867438332443565e+01
s362        ,  5.934472285960198e+00,  7.418035352129531e+00,  5.743392321391534e+01
s363        ,  9.493988803345836e+00,  8.841962248049121e+00,  3.123083872107199e+01
s364        ,  8.161047445680934e+00,  7.648892889775651e+00,  5.318568576430638e+01
s365        ,  5.926861909072736e+00,  6.752027075511354e+00,  6.968979898616747e+01
s366        ,  9.366972015961432e+00,  8.038414015877107e+00,  4.601772299302075e+01
s367        ,  9.372763132225201e+00,  8.382323165995993e+00,  3.968911121930509e+01
s368        ,  7.938991167484299e+00,  8.753925721452267e+00,  3.285088575542766e+01
s369        ,  8.059705699711495e+00,  7.082477364059264e+00,  6.360885701062218e+01
s370        ,  6.068468111134001e+00,  7.564171234916021e+00,  5.474473257142967e+01
s371        ,  5.936007547918428e+00,  6.764980884670082e+00,  6.945142315601568e+01
s372        ,  8.024007697105988e+00,  7.865881600194245e+00,  4.919266229562642e+01
s373        ,  8.221379281247088e+00,  8.466654506703639e+00,  3.813724696820523e+01
s374        ,  9.462123122270452e+00,  8.798435286526274e+00,  3.203182130927103e+01
s375        ,  9.029299524210273e+00,  8.770697634959424e+00,  3.254224921798038e+01
s376        ,  7.409075999391759e+00,  7.658913462677836e+00,  5.300128731016169e+01
s377        ,  7.016808155334940e+00,  7.177104876538497e+00,  6.186752273851432e+01
s378        ,  6.142600229462223e+00,  7.526725345470851e+00,  5.543381134917676e+01
s379        ,  8.573372202849674e+00,  8.268880409154086e+00,  4.177668337708069e+01
s380        ,  8.868996540080058e+00,  7.862747507284812e+00,  4.925033583318627e+01
s381        ,  7.981370253273373e+00,  7.704282032001160e+00,  5.216641547881620e+01
s382        ,  9.487143068480055e+00,  8.405274568779417e+00,  3.926675979937846e+01
s383        ,  7.036183723542369e+00,  7.243639884074930e+00,  6.064314638239306e+01
s384        ,  6.725591355516808e+00,  7.839093454815918e+00,  4.968561740362131e+01
s385        ,  7.069134196012672e+00,  7.851665027685574e+00,  4.945427548076312e+01
s386        ,  6.599616405967378e+00,  6.678833857995782e+00,  7.103669963700813e+01
s387        ,  8.402005322516452e+00,  8.772773540681801e+00,  3.250404842747739e+01
s388        ,  8.831235122137072e+00,  8.309060629187638e+00,  4.103728748288329e+01
s389        ,  8.112710918624135e+00,  8.200985091323068e+00,  4.302609214581225e+01
s390        ,  7.075054899303263e+00,  6.698673513514541e+00,  7.067161055037266e+01
s391        ,  1.083521566714882e+01,  8.674574509204918e+00,  3.431110574641536e+01
s392        ,  8.639284952951368e+00,  7.591597835451569e+00,  5.424002861981262e+01
s393        ,  8.187661597223277e+00,  8.291345874721602e+00,  4.136327416757454e+01
s394        ,  7.533410495508531e+00,  8.562849035089220e+00,  3.636707648946812e+01
s395        ,  8.086186526433648e+00,  8.117206565235206e+00,  4.456778350936246e+01
s396        ,  8.318817628536200e+00,  7.971857906615977e+00,  4.724248766280952e+01
s397        ,  6.053447504961093e+00,  6.749324271278253e+00,  6.973953595503190e+01
s398        ,  8.575793719359542e+00,  8.876115850690075e+00,  3.060234456290951e+01
s399        ,  7.539727431077754e+00,  7.747193640816062e+00,  5.137675660326377e+01
s400        ,  5.713565417985381e+00,  6.453374082054629e+00,  7.518560754488794e+01
s401        ,  8.562067576269989e+00,  8.225154421458569e+00,  4.258132844235894e+01
s402        ,  8.936960046647913e+00,  8.797658463290428e+00,  3.204611640050304e+01
s403        ,  8.231611151560212e+00,  8.437854803055968e+00,  3.866721874569695e+01
s404        ,  7.071407416805357e+00,  7.193450027913993e+00,  6.156673947234543e+01
s405        ,  7.590391965396407e+00,  6.625633616701578e+00,  7.201568979560851e+01
s406        ,  7.881837397415391e+00,  7.646118637852533e+00,  5.323673751264700e+01
s407        ,  8.303250945500546e+00,  8.741569890386922e+00,  3.307825760036741e+01
s408        ,  7.009104660648128e+00,  5.779879233701246e+00,  8.757925111428014e+01
s409        ,  6.147217409173023e+00,  6.249900484261882e+00,  7.892992608420658e+01
s410        ,  7.175955999948192e+00,  6.935269356108347e+00,  6.631777688664569e+01
s411        ,  7.971449259276857e+00,  8.242573784610730e+00,  4.226077754484055e+01
s412        ,  7.083395943222082e+00,  6.938506375129860e+00,  6.625820930409022e+01
s413        ,  8.842278764499476e+00,  7.851423610438673e+00,  4.945871803784713e+01
s414        ,  8.236521274664716e+00,  8.646963548961468e+00,  3.481920228301490e+01
s415        ,  6.711790601695403e+00,  7.835242005207322e+00,  4.975649172996712e+01
s416        ,  8.681343376413128e+00,  8.704153691139309e+00,  3.376679001947949e+01
s417        ,  8.941667701263434e+00,  7.110147553219917e+00,  6.309967054424722e+01
s418        ,  6.695075616501306e+00,  5.939510794758486e+00,  8.464171317318660e+01
s419        ,  9.400885827376655e+00,  8.152275349426841e+00,  4.392244819203128e+01
s420        ,  8.562676553576161e+00,  8.265967217908228e+00,  4.183029188505802e+01
s421        ,  8.185941305386338e+00,  8.296526121556035e+00,  4.126794733170576e+01
s422        ,  8.964835207883675e+00,  8.441744436646758e+00,  3.859564175820010e+01
s423        ,  8.302673349254253e+00,  7.976083636278152e+00,  4.716472583971370e+01
s424        ,  9.814316355347884e+00,  8.179088233363299e+00,  4.342903784540666e+01
s425        ,  7.885793734445041e+00,  7.769891751652936e+00,  5.095906625849194e+01
s426        ,  8.481004457389790e+00,  8.105825205848069e+00,  4.477722313896648e+01
s427        ,  7.795226665384871e+00,  8.560280905281536e+00,  3.641433518128173e+01
s428        ,  8.398797377583982e+00,  8.796381985112411e+00,  3.206960613557841e+01
s429        ,  7.186138927747209e+00,  8.130560291905505e+00,  4.432204840228717e+01
s430        ,  6.833960646636928e+00,  6.936968435833213e+00,  6.628651044332031e+01
s431        ,  7.390457516217788e+00,  7.524363166059535e+00,  5.547728014443537e+01
s432        ,  7.999776892933866e+00,  8.606226436848996e+00,  3.556884609811269e+01
s433        ,  5.862579461554933e+00,  6.953029920361138e+00,  6.599094721084558e+01
s434        ,  8.680187023727038e+00,  8.607977280792788e+00,  3.553662709029395e+01
s435        ,  7.693979014707818e+00,  8.694715754286049e+00,  3.394046681251764e+01
s436        ,  8.446380163371821e+00,  8.714147285946453e+00,  3.358288801589402e+01
s437        ,  6.191980467582499e+00,  7.066641475305469e+00,  6.390026883255211e+01
s438        ,  7.169823420919183e+00,  6.707539927163042e+00,  7.050845092002511e+01
s439        ,  8.135966616832388e+00,  7.862631616291277e+00,  4.925246845776430e+01
s440        ,  8.568954258251059e+00,  8.231838826302067e+00,  4.245832211008132e+01
s441        ,  5.380576461324928e+00,  6.317850373753605e+00,  7.767951308847404e+01
s442        ,  7.578556557170772e+00,  6.898738483442830e+00,  6.699001753733839e+01
s443        ,  8.319986488357083e+00,  8.685632468494386e+00,  3.410761732126471e+01
s444        ,  9.234524663484683e+00,  8.465923378126876e+00,  3.815070118690630e+01
s445        ,  6.336929161014193e+00,  7.022350188551711e+00,  6.471531652385650e+01
s446        ,  8.404289319354383e+00,  7.884852213002045e+00,  4.884356532182232e+01
s447        ,  7.540405188935314e+00,  7.129233067545319e+00,  6.274845915418855e+01
s448        ,  9.517715923311361e+00,  8.589391325150704e+00,  3.587864560786347e+01
s449        ,  9.462405588097198e+00,  8.413608558741801e+00,  3.911339782288049e+01
s450        ,  8.153041674506058e+00,  7.951856058299235e+00,  4.761056141923515e+01
s451        ,  9.329126622336883e+00,  8.411532143153273e+00,  3.915160799593388e+01
s452        ,  9.129486362202154e+00,  7.382503831155204e+00,  5.808777380759225e+01
s453        ,  7.295585150786962e+00,  8.290251654718491e+00,  4.138340999005071e+01
s454        ,  6.858125579919541e+00,  7.016706698975391e+00,  6.481916794672559e+01
s455        ,  7.630145612517150e+00,  7.311784612475106e+00,  5.938914796356375e+01
s456        ,  6.870587408604186e+00,  6.845755244034310e+00,  6.796501443001905e+01
s457        ,  8.709303307601370e+00,  8.442300100339240e+00,  3.858541644205118e+01
s458        ,  9.432110957558056e+00,  8.787704088540041e+00,  3.222929667710663e+01
s459        ,  8.432831779525623e+00,  7.602978101152600e+00,  5.403060911620632e+01
s460        ,  9.814185151987173e+00,  8.721902021660071e+00,  3.344018546865941e+01
s461        ,  1.058622095071324e+01,  8.707916173867568e+00,  3.369755286052563e+01
s462        ,  7.495723317588676e+00,  7.418223499858080e+00,  5.743046092182549e+01
s463        ,  7.609833785681915e+00,  7.912364325678253e+00,  4.833728777688857e+01
s464        ,  7.890785350104045e+00,  7.380015987569988e+00,  5.813355507336875e+01
s465        ,  8.101716901858527e+00,  8.328195405009922e+00,  4.068516958339019e+01
s466        ,  8.503957901050169e+00,  8.283197016721997e+00,  4.151322934806566e+01
s467        ,  8.776872105928950e+00,  7.925708366771605e+00,  4.809173090367615e+01
s468        ,  8.296251474093141e+00,  8.114622182975090e+00,  4.461534127859743e+01
s469        ,  8.135421989210137e+00,  8.655521331345518e+00,  3.466172208124103e+01
s470        ,  5.618320881130678e+00,  6.560815068203871e+00,  7.320847989449348e+01
s471        ,  8.569573447482325e+00,  8.041872544222084e+00,  4.595407919873326e+01
s472        ,  6.072046890032473e+00,  6.553882877960559e+00,  7.333604597052343e+01
s473        ,  7.830447389920017e+00,  6.994151331233111e+00,  6.523423153489975e+01
s474        ,  7.469243490056481e+00,  7.358347812828733e+00,  5.853229254730635e+01
s475        ,  8.318149001458778e+00,  7.543607664756290e+00,  5.512314312601222e+01
s476        ,  6.222922655893930e+00,  7.204372172104215e+00,  6.136575031491080e+01
s477        ,  8.217198961449069e+00,  9.021338387984230e+00,  2.792996129247038e+01
s478        ,  7.878548338253153e+00,  7.733426827899857e+00,  5.163009331814302e+01
s479        ,  8.471117653727315e+00,  8.307843089145916e+00,  4.105969263912976e+01
s480        ,  8.788931933463550e+00,  7.666456389060052e+00,  5.286248247552945e+01
s481        ,  7.201552827553867e+00,  7.629302080344022e+00,  5.354619558843513e+01
s482        ,  9.025684771327004e+00,  8.831865147383743e+00,  3.141664543813439e+01
s483        ,  7.451959091409009e+00,  8.093296169175435e+00,  4.500778231127210e+01
s484        ,  7.406391163480201e+00,  7.207414730463674e+00,  6.130976119496666e+01
s485        ,  8.642506290346587e+00,  8.892528162230636e+00,  3.030032541624364e+01
s486        ,  7.287383935444625e+00,  7.562571500299519e+00,  5.477417086734390e+01
s487        ,  6.549497435575381e+00,  6.979990925843790e+00,  6.549481113342588e+01
s488        ,  8.939559772053034e+00,  8.116212787904150e+00,  4.458607098707454e+01
s489        ,  8.089270018649804e+00,  7.377909484012753e+00,  5.817231892483673e+01
s490        ,  6.103634610389383e+00,  7.328506980422220e+00,  5.908142316287751e+01
s491        ,  6.428459694359200e+00,  7.037562514670287e+00,  6.443537949354968e+01
s492        ,  6.775298853558021e+00,  6.950989550499788e+00,  6.602849407088932e+01
s493        ,  7.161099660211799e+00,  7.578914582566508e+00,  5.447342567688325e+01
s494        ,  7.641040789468175e+00,  8.779570487945405e+00,  3.237897109102704e+01
s495        ,  6.021639983361159e+00,  7.454284563388099e+00,  5.676686569282417e+01
s496        ,  7.479629559152682e+00,  7.742787706466324e+00,  5.145783455071103e+01
s497        ,  9.121008587240629e+00,  8.936374349780186e+00,  2.949346843479172e+01
s498        ,  5.870774786302587e+00,  5.783038773203215e+00,  8.752110930885053e+01
s499        ,  9.939336331759584e+00,  8.823584352732778e+00,  3.156902851519324e+01
s500        ,  6.220668732584718e+00,  6.848160278222597e+00,  6.792075702170375e+01
