# c0 + a0 * ((face-area-max / Na-Na-avg) / (poly_dist_avg + PF))
# Property Label: $E$; Unit of the Property: Unitless
# RMSE: 0.0331846841077759; Max AE: 0.137019837409373
# Coefficients
# Task   a0                      c0
# all , -1.359099787469187e-02,  4.196590020311967e-01, 
# Feature Rung, Units, and Expressions
# 0;  2; Unitless;                                         28|21|div|26|2|add|div; ((face-area-max / Na-Na-avg) / (poly_dist_avg + PF)); $\left(\frac{ \left(\frac{ face-area-max }{ Na-Na-avg } \right) }{ \left(poly_{dist, avg} + PF\right) } \right)$; ((face_sub_area_sub_max ./ Na_sub_Na_sub_avg) ./ (poly_dist_avg + PF)); ((newdata$face_sub_area_sub_max / newdata$Na_sub_Na_sub_avg) / (newdata$poly_dist_avg + newdata$PF)); face-area-max,Na-Na-avg,poly_dist_avg,PF
# Number of Samples Per Task
# Task, n_samples               
# all , 1041                  

# Sample ID , Property Value        ,  Property Value (EST) ,  Feature 0 Value      
s1          ,  3.651132093274850e-01,  3.601363987703107e-01,  4.379560927731771e+00
s2          ,  4.250240521814745e-01,  3.564653310011186e-01,  4.649671172986688e+00
s3          ,  2.746380789449931e-01,  2.962277364732576e-01,  9.081839810142530e+00
s4          ,  3.247370215691567e-01,  3.155747773682063e-01,  7.658321016796581e+00
s5          ,  3.450588503436838e-01,  3.340564470013735e-01,  6.298474609375503e+00
s6          ,  3.418868902527870e-01,  3.654042920800651e-01,  3.991959269757569e+00
s7          ,  3.253614410179195e-01,  3.720771316122477e-01,  3.500984317535094e+00
s8          ,  3.920908336338758e-01,  3.364228122661139e-01,  6.124361914593407e+00
s9          ,  3.897447923973993e-01,  3.774794311038734e-01,  3.103493306099832e+00
s10         ,  3.161197563926354e-01,  3.457811243091606e-01,  5.435794958043950e+00
s11         ,  3.431871249187676e-01,  3.044920720477909e-01,  8.473765579631277e+00
s12         ,  2.917324756968375e-01,  3.007965168858721e-01,  8.745677561076022e+00
s13         ,  2.447364458196310e-01,  2.738496184171242e-01,  1.072837954640459e+01
s14         ,  3.105728952400728e-01,  2.984322697875688e-01,  8.919634405165143e+00
s15         ,  3.795908353494076e-01,  3.554883230317544e-01,  4.721557577382606e+00
s16         ,  3.670742293030571e-01,  3.754507828483428e-01,  3.252757420054868e+00
s17         ,  2.954366621683970e-01,  3.127131302657615e-01,  7.868875615423482e+00
s18         ,  3.635454507147386e-01,  3.362078063633863e-01,  6.140181643557380e+00
s19         ,  3.651486704953139e-01,  3.589452479446958e-01,  4.467203559759029e+00
s20         ,  3.399672486499590e-01,  3.070201105016068e-01,  8.287757276405546e+00
s21         ,  3.890225043355258e-01,  3.684462153525176e-01,  3.768140290422950e+00
s22         ,  2.558533901530953e-01,  2.743806319216662e-01,  1.068930857388014e+01
s23         ,  4.117639764254846e-01,  3.739268989741862e-01,  3.364881922479688e+00
s24         ,  3.311791000527954e-01,  3.521959561181925e-01,  4.963803727659228e+00
s25         ,  3.690868050126928e-01,  3.870823571769130e-01,  2.396928110403542e+00
s26         ,  2.979562579207253e-01,  2.553418943493285e-01,  1.209014299000422e+01
s27         ,  3.397813902812787e-01,  3.378341655520072e-01,  6.020517200694846e+00
s28         ,  2.613491376061739e-01,  2.837617941542920e-01,  9.999060343461773e+00
s29         ,  3.947313720925611e-01,  3.873914850117802e-01,  2.374183067124351e+00
s30         ,  2.592589137508671e-01,  2.896515519713551e-01,  9.565703067464364e+00
s31         ,  3.031212395007984e-01,  3.180688553877680e-01,  7.474811458296398e+00
s32         ,  3.857616783620361e-01,  3.455661927512556e-01,  5.451609216856045e+00
s33         ,  4.141193231435004e-01,  3.770086434770097e-01,  3.138132972090836e+00
s34         ,  4.179319881718991e-01,  3.611856625284883e-01,  4.302358078621517e+00
s35         ,  3.612111930609704e-01,  3.801238388125291e-01,  2.908922772498332e+00
s36         ,  3.787074193034875e-01,  3.539879667143597e-01,  4.831950966538274e+00
s37         ,  3.867254135891385e-01,  3.441127257180331e-01,  5.558552580884456e+00
s38         ,  3.446930711358910e-01,  3.692420677842780e-01,  3.709582968944564e+00
s39         ,  2.876898720952064e-01,  3.557640583423979e-01,  4.701269493079621e+00
s40         ,  3.049912944269815e-01,  3.445346106269719e-01,  5.527511084680235e+00
s41         ,  3.032122447573497e-01,  3.291461180288869e-01,  6.659767357543046e+00
s42         ,  3.284012713704346e-01,  3.167423932382883e-01,  7.572410042426092e+00
s43         ,  3.521735822893021e-01,  3.663908389224929e-01,  3.919371013065624e+00
s44         ,  3.330769886831567e-01,  3.185251162718412e-01,  7.441240642652104e+00
s45         ,  3.222694574216643e-01,  3.178418597614301e-01,  7.491513368518935e+00
s46         ,  3.537154217541030e-01,  3.162013691769664e-01,  7.612217572845133e+00
s47         ,  3.064622412169097e-01,  3.082906240265727e-01,  8.194275286585528e+00
s48         ,  2.709027668189650e-01,  2.769122865314795e-01,  1.050303420071380e+01
s49         ,  3.986674224858993e-01,  3.474397901906225e-01,  5.313753449631194e+00
s50         ,  3.630933243380700e-01,  3.281498050245124e-01,  6.733074190018517e+00
s51         ,  3.785261269820064e-01,  3.730787302194473e-01,  3.427288580368903e+00
s52         ,  3.404870415156796e-01,  3.562752480154710e-01,  4.663657120700031e+00
s53         ,  2.464211996641334e-01,  3.551174105154113e-01,  4.748848621039804e+00
s54         ,  4.479825317233843e-01,  3.831427943669718e-01,  2.686793714552972e+00
s55         ,  3.436317929445776e-01,  3.301284394111548e-01,  6.587490002243245e+00
s56         ,  3.917346641556894e-01,  3.896190495757895e-01,  2.210283066215861e+00
s57         ,  3.497750017469617e-01,  3.658133024289674e-01,  3.961865059407943e+00
s58         ,  4.567353100642558e-01,  3.727279507289212e-01,  3.453098273944029e+00
s59         ,  3.347920174849711e-01,  3.284652289105945e-01,  6.709865895161119e+00
s60         ,  2.709373029897972e-01,  2.684910592387021e-01,  1.112265222805959e+01
s61         ,  2.790893938381299e-01,  2.856901125895757e-01,  9.857178308524926e+00
s62         ,  3.360458157463063e-01,  3.447357190574206e-01,  5.512713905525115e+00
s63         ,  4.093736118424267e-01,  3.777742901161431e-01,  3.081798135885831e+00
s64         ,  3.302497794709098e-01,  3.799244172398036e-01,  2.923595835842478e+00
s65         ,  3.637362750415415e-01,  3.642279024834250e-01,  4.078515798386761e+00
s66         ,  3.848471859724885e-01,  3.621455253593445e-01,  4.231733181192639e+00
s67         ,  3.211750777924535e-01,  3.065202079455951e-01,  8.324539163991789e+00
s68         ,  4.095598752010021e-01,  3.720150190387766e-01,  3.505554443587925e+00
s69         ,  3.476279282639844e-01,  3.627230677415666e-01,  4.189238701571127e+00
s70         ,  3.542202710009075e-01,  3.680887401369375e-01,  3.794442642823857e+00
s71         ,  3.324591144603498e-01,  3.077258173557074e-01,  8.235832696576525e+00
s72         ,  3.490784623419291e-01,  3.771078473551840e-01,  3.130833737767574e+00
s73         ,  2.871691931895054e-01,  3.214830448050771e-01,  7.223601837870604e+00
s74         ,  4.049442418517104e-01,  3.889703894935748e-01,  2.258010252121957e+00
s75         ,  3.439829269029567e-01,  3.562745507187071e-01,  4.663708426481280e+00
s76         ,  3.071028154909760e-01,  2.870513006972109e-01,  9.757024653864299e+00
s77         ,  2.780468433194506e-01,  3.235118810896002e-01,  7.074323889096802e+00
s78         ,  2.669617651637353e-01,  2.900890681780909e-01,  9.533511449838512e+00
s79         ,  3.541307689639985e-01,  3.643592829075585e-01,  4.068849074475478e+00
s80         ,  3.629523222745701e-01,  3.410042837714672e-01,  5.787265878850172e+00
s81         ,  2.554152131748840e-01,  2.991437920514073e-01,  8.867281938451610e+00
s82         ,  3.259366268272620e-01,  3.243764422719635e-01,  7.010711107288246e+00
s83         ,  2.722850822770267e-01,  3.119789829296052e-01,  7.922892792302255e+00
s84         ,  3.998438077165619e-01,  3.270616518826540e-01,  6.813138446660385e+00
s85         ,  3.012322773461942e-01,  3.005177085853233e-01,  8.766191750182623e+00
s86         ,  3.200453803456573e-01,  3.413206906796152e-01,  5.763985255082499e+00
s87         ,  3.352140969143458e-01,  3.200361512693559e-01,  7.330061536346127e+00
s88         ,  3.302506455484479e-01,  3.322821566839702e-01,  6.429023545793730e+00
s89         ,  3.471406078486814e-01,  3.564758451933386e-01,  4.648897558545943e+00
s90         ,  3.483351733862548e-01,  3.315132351919938e-01,  6.485599339496718e+00
s91         ,  3.564650130752042e-01,  3.861427161116240e-01,  2.466065128446839e+00
s92         ,  2.923433543076974e-01,  2.984436117865020e-01,  8.918799882267130e+00
s93         ,  3.745472031333225e-01,  3.535704196581309e-01,  4.862673291718411e+00
s94         ,  3.437578785209007e-01,  3.478730383956453e-01,  5.281875863524768e+00
s95         ,  2.980732528469880e-01,  2.721438381334086e-01,  1.085388764370861e+01
s96         ,  3.581539694897533e-01,  3.373477296746766e-01,  6.056308235452961e+00
s97         ,  4.279362669937736e-01,  3.780536692514657e-01,  3.061241945832785e+00
s98         ,  2.896944279808133e-01,  3.107479439351297e-01,  8.013470320591612e+00
s99         ,  2.909528202324455e-01,  3.094151438450677e-01,  8.111535238440204e+00
s100        ,  3.111721139319150e-01,  3.330165599665527e-01,  6.374987536859457e+00
s101        ,  3.241780336567121e-01,  3.345806165117279e-01,  6.259907205040133e+00
s102        ,  3.096847321141750e-01,  2.749432997006032e-01,  1.064790853952470e+01
s103        ,  3.391049191815317e-01,  3.642017324893830e-01,  4.080441337209095e+00
s104        ,  2.515445686944838e-01,  2.829432927870350e-01,  1.005928413091311e+01
s105        ,  3.580226031747242e-01,  3.469874727408541e-01,  5.347034114814045e+00
s106        ,  3.582576851144277e-01,  3.788229895938737e-01,  3.004636805467003e+00
s107        ,  3.406125813060369e-01,  3.178138041792059e-01,  7.493577645364749e+00
s108        ,  3.541195107207772e-01,  3.667561381900783e-01,  3.892492981669149e+00
s109        ,  3.030334722988908e-01,  3.092714308067023e-01,  8.122109372855533e+00
s110        ,  3.844717335443058e-01,  3.394039618030411e-01,  5.905014552139731e+00
s111        ,  3.518414134147780e-01,  3.693922914001134e-01,  3.698529798513629e+00
s112        ,  3.724995886738390e-01,  3.750070535173557e-01,  3.285406187649292e+00
s113        ,  3.276637756053076e-01,  3.378358518833283e-01,  6.020393123615546e+00
s114        ,  3.975727278995340e-01,  3.652081734272605e-01,  4.006389310481054e+00
s115        ,  4.661802026900197e-01,  3.736131639933697e-01,  3.387965950871794e+00
s116        ,  3.149444114213277e-01,  3.585913475011260e-01,  4.493242887175064e+00
s117        ,  2.617905198031230e-01,  2.735766132043698e-01,  1.074846675525206e+01
s118        ,  2.697626524103243e-01,  2.866500407224285e-01,  9.786548606298252e+00
s119        ,  3.390451473349576e-01,  3.265385229920666e-01,  6.851629284155212e+00
s120        ,  3.261908135769222e-01,  3.532995979647742e-01,  4.882599841325268e+00
s121        ,  3.485047140780971e-01,  3.617985213033829e-01,  4.257265085410487e+00
s122        ,  2.626009490674024e-01,  2.689518375243292e-01,  1.108874903052579e+01
s123        ,  2.763746480585029e-01,  2.998239594761132e-01,  8.817236501686992e+00
s124        ,  3.084637495449347e-01,  3.387778397513593e-01,  5.951083432251004e+00
s125        ,  3.788458996149217e-01,  3.229061043140170e-01,  7.118895802150458e+00
s126        ,  3.251157603452653e-01,  3.310883342985962e-01,  6.516862746151267e+00
s127        ,  2.834263508079372e-01,  3.023259459778931e-01,  8.633145051975351e+00
s128        ,  3.547356336228297e-01,  3.802227169867453e-01,  2.901647502858252e+00
s129        ,  2.905669611170635e-01,  3.039208808971935e-01,  8.515792747604062e+00
s130        ,  3.001710267623137e-01,  3.630178352092374e-01,  4.167550267036115e+00
s131        ,  3.234187238329760e-01,  3.319131456198587e-01,  6.456174684180601e+00
s132        ,  2.761295727416017e-01,  2.839558637844346e-01,  9.984781065962656e+00
s133        ,  3.187185284669714e-01,  3.294309828701127e-01,  6.638807539592057e+00
s134        ,  2.870198930068550e-01,  3.191030201650846e-01,  7.398719563731212e+00
s135        ,  3.783093309701865e-01,  3.313555695507747e-01,  6.497200080124656e+00
s136        ,  3.883241345589045e-01,  3.687469996847536e-01,  3.746009146337048e+00
s137        ,  2.784112215023900e-01,  3.079013053753994e-01,  8.222920618941751e+00
s138        ,  3.453346818049723e-01,  3.503740456556999e-01,  5.097856464573072e+00
s139        ,  3.244324492872825e-01,  3.392415321474663e-01,  5.916965819962178e+00
s140        ,  3.327862834846864e-01,  3.081827648647389e-01,  8.202211360362321e+00
s141        ,  3.557762179436731e-01,  3.600106470719847e-01,  4.388813500610183e+00
s142        ,  2.749368728938547e-01,  2.777737905896315e-01,  1.043964635634100e+01
s143        ,  3.361413138168960e-01,  3.722898628010772e-01,  3.485331957731139e+00
s144        ,  3.409974995595333e-01,  3.619342322663436e-01,  4.247279728616827e+00
s145        ,  3.763216171571199e-01,  3.615440010096964e-01,  4.275992208763246e+00
s146        ,  3.752831948694745e-01,  3.751071261817307e-01,  3.278043029675340e+00
s147        ,  3.654575252194441e-01,  3.669421817674670e-01,  3.878804245999848e+00
s148        ,  3.473385960617674e-01,  3.548879892415598e-01,  4.765729005833231e+00
s149        ,  2.849292163595314e-01,  3.276375564230002e-01,  6.770764476356215e+00
s150        ,  3.503331909216502e-01,  3.714509608281858e-01,  3.547056783283018e+00
s151        ,  3.330423635366063e-01,  3.411965609510244e-01,  5.773118486485763e+00
s152        ,  3.630680102987860e-01,  3.229201650266176e-01,  7.117861241426493e+00
s153        ,  3.816822758848153e-01,  3.566030431903522e-01,  4.639538569736850e+00
s154        ,  3.320898103001320e-01,  3.229506373789079e-01,  7.115619143195648e+00
s155        ,  3.864039977120127e-01,  3.220194153220348e-01,  7.184136706472379e+00
s156        ,  2.690214273922155e-01,  2.932534428721009e-01,  9.300682725767965e+00
s157        ,  3.092688252015169e-01,  3.382574605196619e-01,  5.989371955028746e+00
s158        ,  3.521824739407696e-01,  3.554222327423036e-01,  4.726420376277887e+00
s159        ,  3.604301286467682e-01,  3.556343947171487e-01,  4.710809898165743e+00
s160        ,  2.959798492012398e-01,  2.867509963001650e-01,  9.779120485223752e+00
s161        ,  3.194137955766546e-01,  2.992890231288142e-01,  8.856596109585624e+00
s162        ,  3.677213080484411e-01,  3.161394396598683e-01,  7.616774229955164e+00
s163        ,  3.585762742017419e-01,  3.398488815119182e-01,  5.872278198784422e+00
s164        ,  4.006335057182285e-01,  3.823637743919703e-01,  2.744112535597905e+00
s165        ,  3.287266930084647e-01,  3.651107941245914e-01,  4.013554295978579e+00
s166        ,  2.950048096243486e-01,  3.251692750227058e-01,  6.952375968246052e+00
s167        ,  3.519819712307287e-01,  3.273571226646719e-01,  6.791398263581691e+00
s168        ,  4.374575067359432e-01,  3.796273609117901e-01,  2.945452680406233e+00
s169        ,  4.091080766385897e-01,  3.738783043936741e-01,  3.368457420096577e+00
s170        ,  3.398244019971832e-01,  3.275175689358983e-01,  6.779592929440244e+00
s171        ,  3.613080720154525e-01,  3.620132039496596e-01,  4.241469141046720e+00
s172        ,  3.578018153328690e-01,  3.501081100735295e-01,  5.117423503330807e+00
s173        ,  3.625516481683081e-01,  3.657232166333650e-01,  3.968493402406225e+00
s174        ,  3.825999337737049e-01,  3.585157336350410e-01,  4.498806412883940e+00
s175        ,  3.092599387015685e-01,  3.073012720822482e-01,  8.267069937386470e+00
s176        ,  3.793890053910741e-01,  3.735713953447373e-01,  3.391039209290165e+00
s177        ,  3.131265826402478e-01,  3.422056088655817e-01,  5.698874643328645e+00
s178        ,  3.054696856864712e-01,  2.854337488610894e-01,  9.876041068334759e+00
s179        ,  3.928374269136042e-01,  3.823142136327676e-01,  2.747759122821272e+00
s180        ,  2.641551140722125e-01,  2.500300016357072e-01,  1.248098204116122e+01
s181        ,  2.369318989685527e-01,  2.301054227369884e-01,  1.394699499197043e+01
s182        ,  4.189138162610332e-01,  3.595740977005571e-01,  4.420933980316864e+00
s183        ,  3.759767293543443e-01,  3.415635450902473e-01,  5.746116485410745e+00
s184        ,  4.039791445798378e-01,  3.644091946019890e-01,  4.065176666099681e+00
s185        ,  4.187778012666042e-01,  3.859219662615651e-01,  2.482307486226172e+00
s186        ,  3.450522704714396e-01,  3.587413872269603e-01,  4.482203247023728e+00
s187        ,  3.509325305204691e-01,  3.407779788649469e-01,  5.803916967210781e+00
s188        ,  3.868910592801009e-01,  3.685361155946119e-01,  3.761525600101965e+00
s189        ,  3.427300778100211e-01,  3.570343307850083e-01,  4.607805241644787e+00
s190        ,  3.213421258380463e-01,  3.213907291177795e-01,  7.230394252095717e+00
s191        ,  2.531455052956056e-01,  3.059665849630103e-01,  8.365273699284129e+00
s192        ,  2.695706078724207e-01,  2.745615087908629e-01,  1.067599999485861e+01
s193        ,  3.954601105184181e-01,  3.731991003361161e-01,  3.418431974122721e+00
s194        ,  3.572926210703052e-01,  3.424113474250985e-01,  5.683736788006045e+00
s195        ,  3.290528752571006e-01,  3.034163494982436e-01,  8.552915216726760e+00
s196        ,  3.068286090334552e-01,  3.239882254275367e-01,  7.039275370781339e+00
s197        ,  3.451887575536944e-01,  3.344381953988623e-01,  6.270386282012901e+00
s198        ,  3.094894638678110e-01,  3.545610246017690e-01,  4.789786447590304e+00
s199        ,  3.060674258319923e-01,  3.301448364715045e-01,  6.586283537456709e+00
s200        ,  2.862300564486437e-01,  2.849367315355295e-01,  9.912610666103983e+00
s201        ,  3.249313766746611e-01,  3.221489432081892e-01,  7.174606288812939e+00
s202        ,  3.753266605464363e-01,  3.575870152854669e-01,  4.567139758097935e+00
s203        ,  4.029232548104287e-01,  3.285522631620142e-01,  6.703462079030605e+00
s204        ,  3.599997628653644e-01,  3.365026494659145e-01,  6.118487643952159e+00
s205        ,  3.369349724991222e-01,  3.430009200455891e-01,  5.640357146133800e+00
s206        ,  3.550773861568109e-01,  3.354274690375020e-01,  6.197597392796616e+00
s207        ,  3.248842560910169e-01,  3.019503188770662e-01,  8.660782985870281e+00
s208        ,  3.892178112013847e-01,  3.549266807131625e-01,  4.762882160299196e+00
s209        ,  3.394721823707363e-01,  3.301725454532651e-01,  6.584244762819556e+00
s210        ,  3.535123221804505e-01,  3.471270635762762e-01,  5.336763284319546e+00
s211        ,  3.581883484115880e-01,  3.375396184047043e-01,  6.042189424472572e+00
s212        ,  3.095468400739283e-01,  3.203018802264225e-01,  7.310509700673966e+00
s213        ,  2.970030695897441e-01,  3.266646426840124e-01,  6.842349635000046e+00
s214        ,  2.952505712043380e-01,  2.641721167260054e-01,  1.144043187547894e+01
s215        ,  3.666112826899128e-01,  3.300625275751241e-01,  6.592339670872323e+00
s216        ,  3.146096144721102e-01,  3.350510950548147e-01,  6.225290280850714e+00
s217        ,  3.572631712917447e-01,  3.025665104539454e-01,  8.615444771372683e+00
s218        ,  3.906530675883989e-01,  3.607544805393108e-01,  4.334083636461568e+00
s219        ,  3.533175328188169e-01,  3.288579028931073e-01,  6.680973683850861e+00
s220        ,  3.292958184485441e-01,  3.697924613326748e-01,  3.669086049331198e+00
s221        ,  3.922937304178105e-01,  3.441814685343005e-01,  5.553494614066913e+00
s222        ,  2.956043726879932e-01,  3.162829063785533e-01,  7.606218219277529e+00
s223        ,  3.522928979206140e-01,  3.340461372529361e-01,  6.299233181228177e+00
s224        ,  3.671890264330231e-01,  3.492934172950451e-01,  5.177367062000731e+00
s225        ,  3.692182726300033e-01,  3.671617427340451e-01,  3.862649364025589e+00
s226        ,  3.810944919303408e-01,  3.706646961509429e-01,  3.604908655860165e+00
s227        ,  3.257040093262658e-01,  3.481695566558923e-01,  5.260058608972834e+00
s228        ,  3.395769394444231e-01,  3.244518864469055e-01,  7.005160067133752e+00
s229        ,  3.431399804548451e-01,  2.990145903682042e-01,  8.876788354712899e+00
s230        ,  2.512227189184055e-01,  2.886552268699528e-01,  9.639010790016329e+00
s231        ,  3.201687391567147e-01,  3.291745698466040e-01,  6.657673926436703e+00
s232        ,  3.668712051047079e-01,  3.743823436823026e-01,  3.331371159523531e+00
s233        ,  3.159372860524723e-01,  3.554889238192536e-01,  4.721513372571106e+00
s234        ,  3.288074742025223e-01,  3.821200913838856e-01,  2.762042271908031e+00
s235        ,  2.404535459782499e-01,  2.803443774962480e-01,  1.025050741817641e+01
s236        ,  3.942112592274354e-01,  2.939184252252565e-01,  9.251754577939035e+00
s237        ,  3.207425992509765e-01,  3.512380422814917e-01,  5.034285221772667e+00
s238        ,  3.228783696280719e-01,  3.459345034456561e-01,  5.424509610352073e+00
s239        ,  3.173309981533126e-01,  3.186945294791208e-01,  7.428775538261567e+00
s240        ,  2.944515915275119e-01,  3.122751520477656e-01,  7.901101226966799e+00
s241        ,  2.623340223598457e-01,  2.753978302254640e-01,  1.061446504044894e+01
s242        ,  3.472905412885691e-01,  3.470698261033170e-01,  5.340974709667921e+00
s243        ,  3.411668088660135e-01,  3.239845483262763e-01,  7.039545924959503e+00
s244        ,  3.345490802910559e-01,  3.657376417659890e-01,  3.967432028343995e+00
s245        ,  3.806037450466579e-01,  3.453334127097265e-01,  5.468736733442786e+00
s246        ,  2.822738655802098e-01,  3.127147892419606e-01,  7.868753551082481e+00
s247        ,  2.412572311651046e-01,  2.896770935367232e-01,  9.563823767239048e+00
s248        ,  3.291723893390957e-01,  3.531514177704418e-01,  4.893502660654543e+00
s249        ,  3.335036159019719e-01,  3.036884422328680e-01,  8.532895146299772e+00
s250        ,  2.841334766149551e-01,  3.129529032355609e-01,  7.851233572358648e+00
s251        ,  3.897160933411575e-01,  3.674786084173156e-01,  3.839334984449338e+00
s252        ,  2.974172959235764e-01,  3.149728375476096e-01,  7.702610613936284e+00
s253        ,  3.402798874706645e-01,  3.302663871570673e-01,  6.577340067177083e+00
s254        ,  3.453557066513905e-01,  3.276088178423968e-01,  6.772879006935089e+00
s255        ,  3.473897848646884e-01,  3.376011684753811e-01,  6.037660686314833e+00
s256        ,  2.775650936098157e-01,  3.066126511582422e-01,  8.317737366691883e+00
s257        ,  3.769007346358472e-01,  3.471630149434782e-01,  5.334118050501285e+00
s258        ,  3.031826235523933e-01,  3.292092665272346e-01,  6.655121010090857e+00
s259        ,  3.649101163154662e-01,  3.528608011195380e-01,  4.914885685917537e+00
s260        ,  2.836985211263404e-01,  2.821612438820674e-01,  1.011682581491439e+01
s261        ,  3.568114035371502e-01,  3.391270224593333e-01,  5.925391226925575e+00
s262        ,  2.969774967310232e-01,  3.267446842286702e-01,  6.836460329049463e+00
s263        ,  2.618717119564857e-01,  2.779977794094609e-01,  1.042316568127250e+01
s264        ,  3.079903383698472e-01,  3.686991063568242e-01,  3.749533047110999e+00
s265        ,  3.131364053370843e-01,  3.638025114072944e-01,  4.109815271762650e+00
s266        ,  3.412850318464396e-01,  3.777610534468178e-01,  3.082772065059188e+00
s267        ,  3.070004173759213e-01,  3.261823105538188e-01,  6.877838723780771e+00
s268        ,  2.824464522612543e-01,  3.219055955940410e-01,  7.192511347469544e+00
s269        ,  3.706172452100595e-01,  3.567151903501887e-01,  4.631286993151345e+00
s270        ,  3.137711424042234e-01,  3.428647905764175e-01,  5.650373295825438e+00
s271        ,  3.438724170458776e-01,  3.397481048881735e-01,  5.879693152761593e+00
s272        ,  3.563763221903465e-01,  3.609371431163096e-01,  4.320643668426623e+00
s273        ,  2.992755087965905e-01,  3.021169192005246e-01,  8.648524848168071e+00
s274        ,  3.418910691999477e-01,  3.671241470024311e-01,  3.865415587077091e+00
s275        ,  3.459340138648980e-01,  3.369811711879286e-01,  6.083278917821368e+00
s276        ,  3.066542538287166e-01,  3.132017807580966e-01,  7.832921633468630e+00
s277        ,  2.599265281449482e-01,  3.732169457174725e-01,  3.417118944607079e+00
s278        ,  4.231065788037446e-01,  3.519635485895042e-01,  4.980903835453453e+00
s279        ,  4.085890984502099e-01,  3.738888284175432e-01,  3.367683082261627e+00
s280        ,  2.589465412373284e-01,  2.657054166365228e-01,  1.132761455885110e+01
s281        ,  2.711461992950798e-01,  3.646612326558549e-01,  4.046632181273054e+00
s282        ,  2.707729542437380e-01,  3.170880427283576e-01,  7.546977804612792e+00
s283        ,  3.542954078937219e-01,  2.893576850309736e-01,  9.587325242899224e+00
s284        ,  4.444266515123610e-01,  3.632085624754322e-01,  4.153516914374794e+00
s285        ,  3.522417187169772e-01,  3.652095360710528e-01,  4.006289049719856e+00
s286        ,  4.242568175749523e-01,  3.878899633472728e-01,  2.337505970998779e+00
s287        ,  2.982263198938339e-01,  2.988665425872962e-01,  8.887681431312057e+00
s288        ,  3.665857814303198e-01,  2.934008988109308e-01,  9.289833195793090e+00
s289        ,  4.410941970239712e-01,  3.850907781980540e-01,  2.543464736869180e+00
s290        ,  3.692001655720752e-01,  3.464812058030917e-01,  5.384284281610492e+00
s291        ,  2.847619118274958e-01,  3.730709621637156e-01,  3.427860139264229e+00
s292        ,  2.619380900493295e-01,  3.176303930479089e-01,  7.507072690613679e+00
s293        ,  2.551793459709563e-01,  2.795137399769395e-01,  1.031162416081494e+01
s294        ,  3.996439882026235e-01,  3.860345709465438e-01,  2.474022245803291e+00
s295        ,  2.544891884610722e-01,  2.993270278585753e-01,  8.853799793221553e+00
s296        ,  2.982485995455294e-01,  3.654978126228493e-01,  3.985078204537303e+00
s297        ,  3.481137343622313e-01,  3.523883195903899e-01,  4.949649986045047e+00
s298        ,  3.526397833241731e-01,  3.636094260570543e-01,  4.124022127802234e+00
s299        ,  3.179989852712529e-01,  3.207659873060397e-01,  7.276361576754285e+00
s300        ,  2.757636809786050e-01,  2.963205935964472e-01,  9.075007558085263e+00
s301        ,  3.892773998715768e-01,  3.834590254245163e-01,  2.663526029541162e+00
s302        ,  2.647069109525357e-01,  3.016132071813383e-01,  8.685587028872572e+00
s303        ,  2.939670826111614e-01,  3.632923283788669e-01,  4.147353577127076e+00
s304        ,  4.210831624843967e-01,  3.532787216885656e-01,  4.884135878369865e+00
s305        ,  3.096791680687918e-01,  3.222102340152450e-01,  7.170096626783636e+00
s306        ,  3.818026842917582e-01,  3.538707323134311e-01,  4.840576852732169e+00
s307        ,  3.609095150813969e-01,  3.305468554289839e-01,  6.556703740506848e+00
s308        ,  2.411597646293700e-01,  3.714395268294631e-01,  3.547898075352091e+00
s309        ,  3.878963941441608e-01,  3.442469682210890e-01,  5.548675270602044e+00
s310        ,  3.258173656529080e-01,  3.016744360395617e-01,  8.681081924921564e+00
s311        ,  3.530293427363137e-01,  3.308137893392891e-01,  6.537063246647143e+00
s312        ,  3.018528617684650e-01,  3.253907336210922e-01,  6.936081462101013e+00
s313        ,  3.165147624134501e-01,  3.294879918202006e-01,  6.634612928525708e+00
s314        ,  3.254223568814984e-01,  3.336438493523187e-01,  6.328832766507085e+00
s315        ,  3.159450503141960e-01,  3.026277483313039e-01,  8.610939003810719e+00
s316        ,  3.632560519463020e-01,  3.779612320006872e-01,  3.068043304469645e+00
s317        ,  2.393880636932959e-01,  2.968342103286782e-01,  9.037216607268668e+00
s318        ,  3.299331681777578e-01,  3.347285101299670e-01,  6.249025471439513e+00
s319        ,  3.061104934871230e-01,  3.455463792795411e-01,  5.453067054749713e+00
s320        ,  4.632011214667016e-01,  3.658596061693531e-01,  3.958458117488544e+00
s321        ,  2.843417672327688e-01,  2.748704722215373e-01,  1.065326704812997e+01
s322        ,  3.371500722398251e-01,  3.399213851621394e-01,  5.866943516895012e+00
s323        ,  3.686039319423406e-01,  3.583342975277241e-01,  4.512156139591996e+00
s324        ,  3.213492322200285e-01,  2.886289997397904e-01,  9.640940532806681e+00
s325        ,  3.351760333142303e-01,  3.520580192645615e-01,  4.973952861291858e+00
s326        ,  2.931935066565518e-01,  3.626525411304607e-01,  4.194427916649821e+00
s327        ,  3.259018731198677e-01,  3.092519593437446e-01,  8.123542046389673e+00
s328        ,  3.298407520206893e-01,  3.583090640949682e-01,  4.514012768000627e+00
s329        ,  3.194938209283936e-01,  3.604155227811087e-01,  4.359023509260251e+00
s330        ,  3.459676070956239e-01,  3.540913402948436e-01,  4.824344933380371e+00
s331        ,  3.272723758742512e-01,  3.325299209815780e-01,  6.410793515895099e+00
s332        ,  3.326108287350491e-01,  3.318456609285739e-01,  6.461140080533906e+00
s333        ,  3.950926495884596e-01,  3.850114172832163e-01,  2.549303963360814e+00
s334        ,  2.949640786288477e-01,  3.089252976737451e-01,  8.147577196200698e+00
s335        ,  3.029422036334947e-01,  2.919285279165922e-01,  9.398167470282264e+00
s336        ,  3.680290352655777e-01,  3.604106291473273e-01,  4.359383573607738e+00
s337        ,  2.095842824931815e-01,  2.199318325407349e-01,  1.469554857795826e+01
s338        ,  3.574290889155288e-01,  3.562489865392664e-01,  4.665589390607416e+00
s339        ,  3.094934113876675e-01,  2.915796769556466e-01,  9.423835266286792e+00
s340        ,  3.096006184895485e-01,  3.266391925321619e-01,  6.844222209191073e+00
s341        ,  4.251368861065753e-01,  3.775358971658857e-01,  3.099338639714564e+00
s342        ,  3.304603020052027e-01,  2.869084848550605e-01,  9.767532774273642e+00
s343        ,  2.900651984072795e-01,  3.210265985752792e-01,  7.257186290903873e+00
s344        ,  3.829642871784757e-01,  3.658598053379713e-01,  3.958443463037118e+00
s345        ,  2.978036844690807e-01,  3.365401055383890e-01,  6.115731696756827e+00
s346        ,  3.520522767736792e-01,  3.652596759325135e-01,  4.002599853244149e+00
s347        ,  2.542874130214282e-01,  3.038408816050444e-01,  8.521678944694719e+00
s348        ,  3.478444540314312e-01,  3.446076080393851e-01,  5.522140072699643e+00
s349        ,  3.234544796335823e-01,  3.222460670722638e-01,  7.167460098005601e+00
s350        ,  3.541125597145412e-01,  3.585188978737880e-01,  4.498573594162592e+00
s351        ,  3.738587852283149e-01,  3.670199964671764e-01,  3.873078787102210e+00
s352        ,  3.787169596864594e-01,  3.387280326699042e-01,  5.954748143401308e+00
s353        ,  3.307364261694613e-01,  3.198980421681825e-01,  7.340223343628176e+00
s354        ,  3.099376231199831e-01,  3.540677157451392e-01,  4.826083183207366e+00
s355        ,  2.640936694175295e-01,  2.920415460747533e-01,  9.389851807282160e+00
s356        ,  3.404723749290282e-01,  3.613971518745452e-01,  4.286797091267473e+00
s357        ,  3.291365235802792e-01,  2.597223698101894e-01,  1.176783586426934e+01
s358        ,  3.293936994127192e-01,  3.465498989966387e-01,  5.379229965939162e+00
s359        ,  3.541003310386388e-01,  3.687897080122007e-01,  3.742866748123104e+00
s360        ,  2.930045091334991e-01,  3.152146357253394e-01,  7.684819559890134e+00
s361        ,  3.254402877492827e-01,  3.730754307227471e-01,  3.427531351115431e+00
s362        ,  3.740728450255384e-01,  3.500819974309038e-01,  5.119344822344057e+00
s363        ,  2.839989278051633e-01,  3.231781400925028e-01,  7.098879922448765e+00
s364        ,  2.872844795965752e-01,  2.641849441576513e-01,  1.143948805724247e+01
s365        ,  3.424949250288197e-01,  3.554770537421214e-01,  4.722386750467393e+00
s366        ,  3.910819753821045e-01,  3.702864533700178e-01,  3.632739046565284e+00
s367        ,  3.763017987949026e-01,  3.700290075804077e-01,  3.651681422392556e+00
s368        ,  3.411954836427898e-01,  3.159164470558047e-01,  7.633181605345809e+00
s369        ,  3.788441935901406e-01,  3.726626216943780e-01,  3.457905061138432e+00
s370        ,  2.943092935652329e-01,  2.766976283460785e-01,  1.051882834529245e+01
s371        ,  3.611288930230376e-01,  3.600491466446375e-01,  4.385980774639086e+00
s372        ,  3.689311052207762e-01,  3.725496393223558e-01,  3.466218091061910e+00
s373        ,  2.432926146526648e-01,  2.754435703230698e-01,  1.061109957030264e+01
s374        ,  2.892573275378368e-01,  3.102518692132151e-01,  8.049970563361743e+00
s375        ,  3.674807278757085e-01,  3.432415122459384e-01,  5.622654825629633e+00
s376        ,  4.282440806387797e-01,  3.812456662631951e-01,  2.826380823701840e+00
s377        ,  3.691206426424970e-01,  3.764123905019244e-01,  3.182004141859438e+00
s378        ,  3.798602051076750e-01,  3.430419410316081e-01,  5.637338899320936e+00
s379        ,  2.957579509529457e-01,  3.056632420329582e-01,  8.387593100173522e+00
s380        ,  2.910202807204411e-01,  3.191052265379342e-01,  7.398557222976699e+00
s381        ,  3.407216064168898e-01,  3.449469167338951e-01,  5.497174378669045e+00
s382        ,  2.968841887389642e-01,  3.003211073269380e-01,  8.780657300114862e+00
s383        ,  3.646408838761149e-01,  3.424169399290014e-01,  5.683325302112634e+00
s384        ,  2.932506021659876e-01,  2.976167320728693e-01,  8.979640132648784e+00
s385        ,  3.747511312527886e-01,  3.568254491899040e-01,  4.623174355600232e+00
s386        ,  3.757314223013586e-01,  3.699562296301286e-01,  3.657036286763080e+00
s387        ,  2.822798018360685e-01,  2.723269575848989e-01,  1.084041405970996e+01
s388        ,  4.290603261943512e-01,  3.817376189297874e-01,  2.790183873990864e+00
s389        ,  3.607283139092911e-01,  3.627517194764996e-01,  4.187130560932953e+00
s390        ,  3.355447048186090e-01,  3.461824482325099e-01,  5.406266300395004e+00
s391        ,  3.170728848178653e-01,  3.298936723097859e-01,  6.604763722946720e+00
s392        ,  3.301070274496518e-01,  3.521687884432204e-01,  4.965802673963443e+00
s393        ,  3.507773516014346e-01,  3.378512401997270e-01,  6.019260880307097e+00
s394        ,  3.243042000156651e-01,  2.997766755233311e-01,  8.820715565786481e+00
s395        ,  3.022367426115909e-01,  3.666786755862341e-01,  3.898192534016843e+00
s396        ,  2.606776363619531e-01,  3.576527209866697e-01,  4.562305256480868e+00
s397        ,  3.106623095651243e-01,  3.059050117234930e-01,  8.369804142161465e+00
s398        ,  3.408812441883181e-01,  3.733892289038338e-01,  3.404442672566596e+00
s399        ,  2.471327792540375e-01,  2.528357529703052e-01,  1.227454014775009e+01
s400        ,  2.602627988296087e-01,  2.393096683960630e-01,  1.326976394948649e+01
s401        ,  2.526229840954008e-01,  2.575792520466741e-01,  1.192552242880821e+01
s402        ,  3.012505607845273e-01,  2.992296835356251e-01,  8.860962204977314e+00
s403        ,  3.441124722642947e-01,  3.666813823171386e-01,  3.897993377859991e+00
s404        ,  3.663456624686381e-01,  3.599569600842837e-01,  4.392763687947124e+00
s405        ,  3.699249649078094e-01,  3.600632719734711e-01,  4.384941459574522e+00
s406        ,  2.989025550014489e-01,  3.340934143884534e-01,  6.295754618730173e+00
s407        ,  3.062746086891894e-01,  2.669481163387513e-01,  1.123617905766964e+01
s408        ,  2.568960282350025e-01,  2.897513715696880e-01,  9.558358529612674e+00
s409        ,  3.504460771064962e-01,  3.355860727745321e-01,  6.185927628847535e+00
s410        ,  2.441820219030917e-01,  2.885402828362971e-01,  9.647468155304402e+00
s411        ,  2.985656670308606e-01,  2.900277400508680e-01,  9.538023857815347e+00
s412        ,  4.206602671899846e-01,  3.581697914138234e-01,  4.524260189303236e+00
s413        ,  3.297200192703431e-01,  3.243037185132469e-01,  7.016061984345773e+00
s414        ,  3.299537174094920e-01,  3.446241767034746e-01,  5.520920981633462e+00
s415        ,  3.514142357715472e-01,  3.232860695942436e-01,  7.090938673194228e+00
s416        ,  2.880693148677096e-01,  2.913731241568818e-01,  9.439033031798143e+00
s417        ,  2.648160251035137e-01,  3.034014321448384e-01,  8.554012807466066e+00
s418        ,  3.361158265966862e-01,  3.536925026558023e-01,  4.853690654917417e+00
s419        ,  2.843313817309785e-01,  2.842005093832024e-01,  9.966780504044879e+00
s420        ,  4.086653318866107e-01,  3.795718170853970e-01,  2.949539490433371e+00
s421        ,  2.945648749258037e-01,  3.539641225067727e-01,  4.833705378378142e+00
s422        ,  3.198415121648245e-01,  3.255901296495773e-01,  6.921410278253913e+00
s423        ,  3.457431819287231e-01,  3.215106081042098e-01,  7.221573782286538e+00
s424        ,  3.329184378144718e-01,  3.762782762547437e-01,  3.191872015316349e+00
s425        ,  3.017490009466554e-01,  3.201481892606989e-01,  7.321817992172546e+00
s426        ,  3.516200438115945e-01,  3.687400300779023e-01,  3.746521956869106e+00
s427        ,  3.134603833942083e-01,  3.289973088243883e-01,  6.670716458254459e+00
s428        ,  4.002386469560284e-01,  3.533608589329591e-01,  4.878092374783826e+00
s429        ,  3.271139391322421e-01,  3.267874601144820e-01,  6.833312960018414e+00
s430        ,  3.336468674117929e-01,  3.569621755233052e-01,  4.613114289763876e+00
s431        ,  3.524054973028489e-01,  3.461517553565229e-01,  5.408524624343694e+00
s432        ,  2.841555127790880e-01,  3.616663126481802e-01,  4.266992749002346e+00
s433        ,  3.404658463759219e-01,  3.172489521917446e-01,  7.535138389665440e+00
s434        ,  3.538819482511877e-01,  3.636066109974685e-01,  4.124229254579221e+00
s435        ,  3.399757763932839e-01,  3.370930039922773e-01,  6.075050470919994e+00
s436        ,  2.790232036656270e-01,  3.306375414078236e-01,  6.550031237157512e+00
s437        ,  3.534179964046834e-01,  3.418683172739821e-01,  5.723691922730007e+00
s438        ,  3.557570008105000e-01,  3.418207261088230e-01,  5.727193590937007e+00
s439        ,  2.721980488553641e-01,  2.924894854169687e-01,  9.356893274998844e+00
s440        ,  4.224009004310128e-01,  3.536190142477910e-01,  4.859097793428425e+00
s441        ,  3.059499862195538e-01,  3.337061539038155e-01,  6.324248515073063e+00
s442        ,  4.080702663829111e-01,  3.631261220575125e-01,  4.159582724897295e+00
s443        ,  3.177907970187364e-01,  3.163430368750969e-01,  7.601793930708138e+00
s444        ,  3.372064727277352e-01,  3.320212466732140e-01,  6.448220812481705e+00
s445        ,  3.808845894775907e-01,  3.449643221144237e-01,  5.495893723584773e+00
s446        ,  3.398124643479998e-01,  3.372502321502209e-01,  6.063481919486666e+00
s447        ,  3.331015042174243e-01,  3.483871248215520e-01,  5.244050353533037e+00
s448        ,  3.427401650526040e-01,  3.448712056522901e-01,  5.502745057312590e+00
s449        ,  3.811785384687535e-01,  3.479039686626779e-01,  5.279600072790506e+00
s450        ,  3.936724858760076e-01,  3.658915246229603e-01,  3.956109617849193e+00
s451        ,  2.836792607536900e-01,  3.112002246272121e-01,  7.980192359970006e+00
s452        ,  3.820067487524758e-01,  3.307576263221179e-01,  6.541195615564349e+00
s453        ,  3.197971848634002e-01,  3.229269342939813e-01,  7.117363171496224e+00
s454        ,  2.840492207731964e-01,  2.688863195792298e-01,  1.109356971740276e+01
s455        ,  3.289295380996844e-01,  3.198865113858747e-01,  7.341071756850967e+00
s456        ,  2.744141413404179e-01,  2.973135899723887e-01,  9.001944756876938e+00
s457        ,  2.611105769806453e-01,  3.052945515472125e-01,  8.414720651008640e+00
s458        ,  3.263658474620744e-01,  3.482001967554817e-01,  5.257804168211976e+00
s459        ,  2.969415277363106e-01,  3.144502656940167e-01,  7.741060465699271e+00
s460        ,  3.921319705097926e-01,  3.607852825230456e-01,  4.331817284570497e+00
s461        ,  2.326428979555135e-01,  2.842308445641737e-01,  9.964548498621072e+00
s462        ,  3.826962200360596e-01,  3.751895861213946e-01,  3.271975782779695e+00
s463        ,  3.693280157843884e-01,  3.303294096973020e-01,  6.572702987485382e+00
s464        ,  2.560977909662989e-01,  2.787161682042086e-01,  1.037030798816040e+01
s465        ,  3.502461683327402e-01,  3.447907632804191e-01,  5.508663855373829e+00
s466        ,  2.778157526053289e-01,  3.296866914546597e-01,  6.619992984038106e+00
s467        ,  2.872380924003551e-01,  2.863651044022226e-01,  9.807513683537829e+00
s468        ,  2.914774800332743e-01,  3.317072505481138e-01,  6.471324055377864e+00
s469        ,  3.971790599696770e-01,  3.697878233401740e-01,  3.669427304075224e+00
s470        ,  3.627719177198918e-01,  3.469265203096131e-01,  5.351518879788844e+00
s471        ,  3.324323933331337e-01,  3.456623134460644e-01,  5.444536837351977e+00
s472        ,  2.877997515332106e-01,  3.125077949585587e-01,  7.883983800201081e+00
s473        ,  3.757374999337151e-01,  3.446162830151332e-01,  5.521501784339353e+00
s474        ,  2.568357370086547e-01,  2.980618082405146e-01,  8.946892267352288e+00
s475        ,  4.085603576077300e-01,  3.706104088378837e-01,  3.608903014005147e+00
s476        ,  3.620562286483349e-01,  3.691495882899926e-01,  3.716387435779010e+00
s477        ,  3.607757962020898e-01,  2.940583264067351e-01,  9.241460912766799e+00
s478        ,  2.801658826101431e-01,  3.138557732324312e-01,  7.784802100203716e+00
s479        ,  3.100069640052550e-01,  3.204060934655897e-01,  7.302841887013193e+00
s480        ,  3.474642750814730e-01,  3.867556040548676e-01,  2.420969989083684e+00
s481        ,  2.558881068491226e-01,  3.072344666411410e-01,  8.271985355792324e+00
s482        ,  3.573635956988882e-01,  3.585840764980036e-01,  4.493777873876518e+00
s483        ,  3.634319087840275e-01,  3.646646864339974e-01,  4.046378058788871e+00
s484        ,  4.385711512863196e-01,  3.864101663092052e-01,  2.446386647142738e+00
s485        ,  3.308128664574001e-01,  3.043087707350048e-01,  8.487252544641217e+00
s486        ,  4.128201781867112e-01,  3.686633306705455e-01,  3.752165354658137e+00
s487        ,  2.921123229720385e-01,  3.348320615765015e-01,  6.241406351232938e+00
s488        ,  3.541551995743547e-01,  3.466873898851136e-01,  5.369113645581934e+00
s489        ,  3.860436533530173e-01,  3.362674411147714e-01,  6.135793830982108e+00
s490        ,  4.034893081854423e-01,  3.829027609493407e-01,  2.704454920878233e+00
s491        ,  3.095260644743733e-01,  3.138689150038809e-01,  7.783835153437123e+00
s492        ,  3.871277061112895e-01,  3.450682614403870e-01,  5.488246063941110e+00
s493        ,  2.960652162202438e-01,  3.535272488917340e-01,  4.865849715318419e+00
s494        ,  3.660452085605971e-01,  3.230422814299378e-01,  7.108876146700841e+00
s495        ,  3.363338429676201e-01,  3.312310755759818e-01,  6.506360112076738e+00
s496        ,  3.422159497617455e-01,  3.793553498384560e-01,  2.965466742349445e+00
s497        ,  3.159902657033893e-01,  3.072544696221048e-01,  8.270513574165378e+00
s498        ,  3.472376449689170e-01,  3.510734217242077e-01,  5.046397692012291e+00
s499        ,  2.973835508359319e-01,  3.015616479430885e-01,  8.689380660416424e+00
s500        ,  3.418229122033170e-01,  3.338950211415119e-01,  6.310352019801872e+00
s501        ,  3.581213543775074e-01,  3.445936712114311e-01,  5.523165518224868e+00
s502        ,  2.614321344450545e-01,  3.190888369849961e-01,  7.399763135382046e+00
s503        ,  3.881007690304034e-01,  3.723199081453171e-01,  3.483121277947580e+00
s504        ,  3.473738986326554e-01,  3.324881619673830e-01,  6.413866065429731e+00
s505        ,  3.823408435418969e-01,  3.783752078331932e-01,  3.037583743198070e+00
s506        ,  3.506593382360281e-01,  3.247623673166201e-01,  6.982315470101423e+00
s507        ,  3.661650958853160e-01,  3.514639285461505e-01,  5.017664936290948e+00
s508        ,  3.590313513939754e-01,  3.233265568901840e-01,  7.087959694291152e+00
s509        ,  3.473410711565950e-01,  3.378886811297092e-01,  6.016506047267810e+00
s510        ,  2.823312585344063e-01,  3.232807491927924e-01,  7.091330138302250e+00
s511        ,  3.944434654069573e-01,  3.596186294209183e-01,  4.417657420290023e+00
s512        ,  3.702712531526244e-01,  3.224787710931980e-01,  7.150338174870914e+00
s513        ,  3.067345842508110e-01,  3.243146710988584e-01,  7.015256113745799e+00
s514        ,  4.152315745840311e-01,  3.739948272645515e-01,  3.359883886942371e+00
s515        ,  3.940850334472998e-01,  3.141455238235367e-01,  7.763482797987873e+00
s516        ,  4.097596484681705e-01,  3.688061138099283e-01,  3.741659640456780e+00
s517        ,  3.924178649597482e-01,  3.782967946917901e-01,  3.043353234307260e+00
s518        ,  4.006045868102542e-01,  3.253343813234578e-01,  6.940227757917844e+00
s519        ,  3.177429089345927e-01,  3.413882275824098e-01,  5.759016017104737e+00
s520        ,  2.992249414239895e-01,  3.407967040481613e-01,  5.802539203533163e+00
s521        ,  3.196768127285200e-01,  3.294043341488930e-01,  6.640768302257563e+00
s522        ,  3.054834021600709e-01,  3.219356110039917e-01,  7.190302870194550e+00
s523        ,  3.919804173628093e-01,  3.607214788543080e-01,  4.336511838224752e+00
s524        ,  3.373041318694542e-01,  3.772810002538255e-01,  3.118093473937213e+00
s525        ,  3.686696993352180e-01,  3.304341986634688e-01,  6.564992812917412e+00
s526        ,  3.656157006335905e-01,  3.684133408798942e-01,  3.770559132139096e+00
s527        ,  3.181191492460722e-01,  3.466217588415405e-01,  5.373942654031367e+00
s528        ,  2.924289616161080e-01,  2.861692561878011e-01,  9.821923825914952e+00
s529        ,  3.764315778427560e-01,  3.852901263702809e-01,  2.528797074195334e+00
s530        ,  4.069348635396722e-01,  3.752446617799954e-01,  3.267923419656058e+00
s531        ,  2.746836017334675e-01,  3.186900074414308e-01,  7.429108261269227e+00
s532        ,  3.277893342024278e-01,  3.253687937035812e-01,  6.937695759867320e+00
s533        ,  3.719047035373527e-01,  3.600536622701367e-01,  4.385648523428332e+00
s534        ,  4.012806479402614e-01,  3.692977216803699e-01,  3.705488060196505e+00
s535        ,  2.854504042694033e-01,  3.044248530752360e-01,  8.478711424901411e+00
s536        ,  3.360450970551518e-01,  3.288352058957413e-01,  6.682643686125554e+00
s537        ,  3.297420264022976e-01,  3.518391638445395e-01,  4.990055830480719e+00
s538        ,  2.724861013757831e-01,  2.746392519409017e-01,  1.067027980045085e+01
s539        ,  3.471305126426427e-01,  2.936760831824414e-01,  9.269585648552798e+00
s540        ,  3.290991657411811e-01,  3.529048229743246e-01,  4.911646640838401e+00
s541        ,  2.326620745596658e-01,  2.909070490119745e-01,  9.473325962251412e+00
s542        ,  3.456910270356876e-01,  3.336477696136426e-01,  6.328544321069885e+00
s543        ,  2.845400261615328e-01,  3.096944423303786e-01,  8.090984982462972e+00
s544        ,  3.495152260396833e-01,  3.658213610721032e-01,  3.961272119639271e+00
s545        ,  3.154656949900153e-01,  3.428928560375156e-01,  5.648308292110711e+00
s546        ,  3.597382183698820e-01,  3.408522888743643e-01,  5.798449376817305e+00
s547        ,  2.730286710892002e-01,  2.931279459758575e-01,  9.309916550789533e+00
s548        ,  3.194966907439210e-01,  3.264875924774024e-01,  6.855376655402990e+00
s549        ,  3.819439317227558e-01,  3.847412315972989e-01,  2.569183716739377e+00
s550        ,  4.309276596653012e-01,  3.817382536258783e-01,  2.790137174249107e+00
s551        ,  2.731326038711657e-01,  2.634743512842864e-01,  1.149177214115717e+01
s552        ,  3.494519360539466e-01,  3.513205599707956e-01,  5.028213725767390e+00
s553        ,  3.310384344676721e-01,  3.242005115042461e-01,  7.023655761487993e+00
s554        ,  2.857682476071176e-01,  2.929230969566295e-01,  9.324988955414764e+00
s555        ,  2.942434306995658e-01,  3.610645606943545e-01,  4.311268523259233e+00
s556        ,  2.969278407515290e-01,  3.486272836761551e-01,  5.226379917791870e+00
s557        ,  3.451470710358436e-01,  3.680613107118783e-01,  3.796460848205986e+00
s558        ,  3.104132740256662e-01,  3.131354518696129e-01,  7.837801988030909e+00
s559        ,  3.434977869144114e-01,  3.455870416657961e-01,  5.450075193031401e+00
s560        ,  3.938831456017408e-01,  3.286084647133957e-01,  6.699326874838854e+00
s561        ,  3.091091411023093e-01,  3.518466103745579e-01,  4.989507928841186e+00
s562        ,  2.967807829232105e-01,  3.075635049683312e-01,  8.247775336026008e+00
s563        ,  2.549558047926404e-01,  3.094729783776941e-01,  8.107279882567177e+00
s564        ,  2.954235220552698e-01,  3.070586707626654e-01,  8.284920085095969e+00
s565        ,  3.605274781312461e-01,  3.349508168149721e-01,  6.232668564679993e+00
s566        ,  2.951155514842215e-01,  3.181537036095489e-01,  7.468568486105304e+00
s567        ,  3.587015054599469e-01,  3.472284341932833e-01,  5.329304625438001e+00
s568        ,  3.617082896247803e-01,  3.322929481558747e-01,  6.428229529636559e+00
s569        ,  3.597286858283731e-01,  3.531935460874441e-01,  4.890402938515615e+00
s570        ,  3.556392104407323e-01,  3.305954714738226e-01,  6.553126663585279e+00
s571        ,  3.602639004489001e-01,  3.309951281526555e-01,  6.523720678644530e+00
s572        ,  4.312153604367349e-01,  3.819733536020949e-01,  2.772838961241921e+00
s573        ,  3.159649497023310e-01,  3.128599754931535e-01,  7.858071020444815e+00
s574        ,  3.656105773123843e-01,  3.418361561874041e-01,  5.726058274845909e+00
s575        ,  3.488062297918545e-01,  3.241240265805577e-01,  7.029283377973079e+00
s576        ,  2.907677097183701e-01,  3.114311844271488e-01,  7.963198773327861e+00
s577        ,  3.031774726480594e-01,  3.274796570255391e-01,  6.782382416327724e+00
s578        ,  3.648245315625233e-01,  3.445889639334814e-01,  5.523511870861602e+00
s579        ,  3.607701561674609e-01,  3.381171148964522e-01,  5.999698321385628e+00
s580        ,  3.751229452249493e-01,  3.631292521439443e-01,  4.159352419038918e+00
s581        ,  3.471471301437816e-01,  3.501500352881516e-01,  5.114338725082100e+00
s582        ,  3.953183225328266e-01,  3.719369455343799e-01,  3.511298944846514e+00
s583        ,  3.276280334765511e-01,  3.241761720481464e-01,  7.025446612779720e+00
s584        ,  3.483274696967313e-01,  3.496652173518123e-01,  5.150010714792443e+00
s585        ,  3.636795644109545e-01,  3.869330991409493e-01,  2.407910235287960e+00
s586        ,  2.481423102922533e-01,  2.844508838038440e-01,  9.948358426214387e+00
s587        ,  2.631345411637266e-01,  2.878551225179358e-01,  9.697880959770892e+00
s588        ,  3.772462787558727e-01,  3.618767204397951e-01,  4.251511340385049e+00
s589        ,  3.699506978557163e-01,  3.189018244405127e-01,  7.413523165823340e+00
s590        ,  4.080798919774394e-01,  3.557122321008008e-01,  4.705082770226366e+00
s591        ,  3.627233198284863e-01,  3.349983803623069e-01,  6.229168928540445e+00
s592        ,  2.470016891971875e-01,  2.704060609608000e-01,  1.098175001177245e+01
s593        ,  2.685008647552398e-01,  3.229667129248562e-01,  7.114436334832599e+00
s594        ,  2.571819135876586e-01,  3.136900621284804e-01,  7.796994810811034e+00
s595        ,  3.046096741945610e-01,  3.815030828917430e-01,  2.807440593490552e+00
s596        ,  2.932962564895931e-01,  3.187429448587713e-01,  7.425213225906223e+00
s597        ,  4.190454465320334e-01,  3.717692570836262e-01,  3.523637144903628e+00
s598        ,  2.914532118252061e-01,  3.386754075239696e-01,  5.958620202423006e+00
s599        ,  4.062752781026900e-01,  3.818529667683448e-01,  2.781696797499427e+00
s600        ,  3.471511685824152e-01,  3.053295477688748e-01,  8.412145694998422e+00
s601        ,  3.515795377320121e-01,  3.358290933415571e-01,  6.168046633701662e+00
s602        ,  2.668016715085176e-01,  3.163482250562247e-01,  7.601412194122223e+00
s603        ,  2.686426181986058e-01,  2.694781828864398e-01,  1.105002153112042e+01
s604        ,  2.681701385508832e-01,  2.763979142755638e-01,  1.054088074153870e+01
s605        ,  3.261329152258360e-01,  3.142551019781333e-01,  7.755420243964470e+00
s606        ,  2.873274140704322e-01,  3.241680720282400e-01,  7.026042596973156e+00
s607        ,  3.712803163791649e-01,  3.650039898178566e-01,  4.021412755505946e+00
s608        ,  3.639112831354855e-01,  3.463025777194463e-01,  5.397427399230870e+00
s609        ,  3.343046893439320e-01,  3.218145234212283e-01,  7.199212266243306e+00
s610        ,  3.343797244850589e-01,  3.489199431690088e-01,  5.204846584069659e+00
s611        ,  3.423638113371397e-01,  3.510360953655116e-01,  5.049144095112361e+00
s612        ,  3.029297110362906e-01,  3.270647298590840e-01,  6.812911974957689e+00
s613        ,  4.196989461871391e-01,  3.836972866939283e-01,  2.645995214540765e+00
s614        ,  3.188431641765255e-01,  3.367784042610159e-01,  6.098198126019492e+00
s615        ,  3.288426580697588e-01,  2.924043160702593e-01,  9.363159874956750e+00
s616        ,  2.928050790423800e-01,  2.628720497903972e-01,  1.153608834953586e+01
s617        ,  2.786977690996270e-01,  3.223742185051545e-01,  7.158030957182224e+00
s618        ,  2.814924003544382e-01,  2.819718962530194e-01,  1.013075765647553e+01
s619        ,  3.762654840393755e-01,  3.731374284924452e-01,  3.422969672107775e+00
s620        ,  4.077195830571920e-01,  3.771831073222142e-01,  3.125296251283942e+00
s621        ,  3.862795794656866e-01,  3.491893858789529e-01,  5.185021497462451e+00
s622        ,  2.871208436766453e-01,  3.558076426048727e-01,  4.698062645217774e+00
s623        ,  3.384633901935590e-01,  3.270707412659666e-01,  6.812469666972794e+00
s624        ,  4.097704013612976e-01,  3.731606808023803e-01,  3.421258810981207e+00
s625        ,  3.105738368792781e-01,  3.710464820872437e-01,  3.576817566462544e+00
s626        ,  3.514279969117633e-01,  3.092408490649909e-01,  8.124359519753742e+00
s627        ,  3.507814050135403e-01,  3.291187968202097e-01,  6.661777600567809e+00
s628        ,  3.323749384435841e-01,  3.793236183311919e-01,  2.967801486829334e+00
s629        ,  3.054129561964547e-01,  2.658104017297761e-01,  1.131988995362187e+01
s630        ,  3.456187416237006e-01,  3.227206738679865e-01,  7.132539424770380e+00
s631        ,  3.427911311385674e-01,  3.522829719691600e-01,  4.957401265399300e+00
s632        ,  3.245171668015616e-01,  3.472321674223930e-01,  5.329029941478503e+00
s633        ,  4.575225281517705e-01,  3.842005283378903e-01,  2.608967643158457e+00
s634        ,  3.617034399777208e-01,  3.441076516070453e-01,  5.558925924404523e+00
s635        ,  4.224249026405583e-01,  3.875933382774065e-01,  2.359331084401132e+00
s636        ,  3.240434718187445e-01,  2.991491479694315e-01,  8.866887860101098e+00
s637        ,  3.164888547405136e-01,  3.275707966300875e-01,  6.775676536053979e+00
s638        ,  3.404861588298857e-01,  3.779537128329467e-01,  3.068596550655823e+00
s639        ,  3.384903784504644e-01,  2.894433681474891e-01,  9.581020840727627e+00
s640        ,  3.301025015382980e-01,  3.131578778111578e-01,  7.836151929532505e+00
s641        ,  3.985098556532290e-01,  3.786157278122370e-01,  3.019886736601396e+00
s642        ,  3.864695791517571e-01,  3.676793573700247e-01,  3.824564254988563e+00
s643        ,  3.365329052485860e-01,  3.381911123337181e-01,  5.994253729461764e+00
s644        ,  2.792559572339619e-01,  2.863480506378581e-01,  9.808768467367670e+00
s645        ,  3.560560712068223e-01,  3.222709251036607e-01,  7.165631090921197e+00
s646        ,  3.717550173837612e-01,  3.737347519183848e-01,  3.379019740583477e+00
s647        ,  3.499961289371213e-01,  3.515749043757868e-01,  5.009499543973222e+00
s648        ,  3.356155045608213e-01,  3.656631862039116e-01,  3.972910328227775e+00
s649        ,  3.609151245573065e-01,  3.769746192330517e-01,  3.140636411814075e+00
s650        ,  2.967930004646972e-01,  3.164702933622957e-01,  7.592430638301495e+00
s651        ,  4.101788875021543e-01,  3.805231269365594e-01,  2.879543905125112e+00
s652        ,  4.728892349883318e-01,  3.749221945884284e-01,  3.291649947652028e+00
s653        ,  3.545214117288215e-01,  3.624221791783854e-01,  4.211377514773465e+00
s654        ,  3.750141928233718e-01,  3.562813948634004e-01,  4.663204847218268e+00
s655        ,  3.521708766514586e-01,  3.630067393033533e-01,  4.168366682871533e+00
s656        ,  3.717335421883214e-01,  3.641763185051046e-01,  4.082311250258366e+00
s657        ,  3.441208254455855e-01,  3.316449263865175e-01,  6.475909749686029e+00
s658        ,  2.368548105888935e-01,  2.879009022489484e-01,  9.694512573473231e+00
s659        ,  3.171090932690834e-01,  3.200644046007491e-01,  7.327982709489278e+00
s660        ,  3.790200851348591e-01,  3.553737654635592e-01,  4.729986507270716e+00
s661        ,  3.687095274880343e-01,  3.665464143926924e-01,  3.907924063280634e+00
s662        ,  2.315298985659086e-01,  2.709963435154091e-01,  1.093831813428622e+01
s663        ,  3.640119387395722e-01,  3.674771106366344e-01,  3.839445188328046e+00
s664        ,  2.857188063426898e-01,  3.024220508580647e-01,  8.626073836082467e+00
s665        ,  3.256509504333960e-01,  3.481632970800586e-01,  5.260519176761265e+00
s666        ,  2.892912646809653e-01,  3.172202864268050e-01,  7.537247562605050e+00
s667        ,  2.837552795280425e-01,  3.404527899119450e-01,  5.827843757281689e+00
s668        ,  3.715335614278034e-01,  3.777679501329897e-01,  3.082264619893244e+00
s669        ,  3.717358113150651e-01,  3.519142146064763e-01,  4.984533736913437e+00
s670        ,  2.947655724762283e-01,  2.841598298871632e-01,  9.969773624668861e+00
s671        ,  3.071959891293752e-01,  3.177261421742961e-01,  7.500027650413533e+00
s672        ,  2.993479615742132e-01,  3.479185574497285e-01,  5.278526657344109e+00
s673        ,  3.593225247107919e-01,  3.425867883200158e-01,  5.670828177723361e+00
s674        ,  3.266518921019476e-01,  3.133924466884700e-01,  7.818892793781410e+00
s675        ,  2.996384996836147e-01,  3.024714873798010e-01,  8.622436390017651e+00
s676        ,  3.451796209978898e-01,  3.435532038742425e-01,  5.599721143262978e+00
s677        ,  2.641222815503110e-01,  3.022928097896223e-01,  8.635583150235414e+00
s678        ,  3.304311167670392e-01,  3.359040095208915e-01,  6.162534442468528e+00
s679        ,  3.628879844265776e-01,  3.350489196426262e-01,  6.225450343578158e+00
s680        ,  3.098867977998412e-01,  3.070088378595456e-01,  8.288586696155674e+00
s681        ,  3.124078424434578e-01,  3.051351000365267e-01,  8.426452792544966e+00
s682        ,  3.998283578521670e-01,  3.225464364882242e-01,  7.145359482676998e+00
s683        ,  2.934835296170684e-01,  3.598747364106359e-01,  4.398813550834740e+00
s684        ,  3.622134383455983e-01,  3.819463442884231e-01,  2.774826255620221e+00
s685        ,  4.144136208759349e-01,  3.050872442828935e-01,  8.429973928673046e+00
s686        ,  3.781881014682912e-01,  3.385196134791679e-01,  5.970083234515139e+00
s687        ,  3.587899423142989e-01,  3.755833407291386e-01,  3.243004061102273e+00
s688        ,  2.684144109503693e-01,  2.744751653612703e-01,  1.068235298162152e+01
s689        ,  3.492326363550046e-01,  3.459572696608010e-01,  5.422834515163712e+00
s690        ,  3.053784197635313e-01,  3.111049752164556e-01,  7.987200632036170e+00
s691        ,  3.056418685854862e-01,  3.094584310472747e-01,  8.108350247712808e+00
s692        ,  2.913142578793697e-01,  3.112062621119929e-01,  7.979748133222529e+00
s693        ,  3.147770284800075e-01,  3.176291623958665e-01,  7.507163239670756e+00
s694        ,  2.984705041084280e-01,  3.777285882417148e-01,  3.085160793642796e+00
s695        ,  4.012577384470942e-01,  3.723882381326317e-01,  3.478093686306070e+00
s696        ,  3.034072848090301e-01,  3.638226152522761e-01,  4.108336068751427e+00
s697        ,  3.672668652018035e-01,  3.436647677495721e-01,  5.591512483651798e+00
s698        ,  4.108239364695501e-01,  3.675518182046302e-01,  3.833948346323895e+00
s699        ,  2.757255541231750e-01,  2.906463452315488e-01,  9.492508054900485e+00
s700        ,  2.819198034544880e-01,  2.898376464396143e-01,  9.552010587340751e+00
s701        ,  3.140786847731655e-01,  3.012770117090988e-01,  8.710323657877980e+00
s702        ,  2.942837007980383e-01,  3.170170855627167e-01,  7.552198699082427e+00
s703        ,  2.899424986900252e-01,  3.423426429324327e-01,  5.688791935045236e+00
s704        ,  3.777084012576264e-01,  3.410585418937106e-01,  5.783273668510387e+00
s705        ,  3.226798684887092e-01,  3.380242530170666e-01,  6.006530923394828e+00
s706        ,  3.595823462134068e-01,  3.546724412788524e-01,  4.781588618548558e+00
s707        ,  3.763974771864712e-01,  3.404530156390992e-01,  5.827827148703252e+00
s708        ,  3.829175719132407e-01,  3.303374440742367e-01,  6.572111833178042e+00
s709        ,  3.954604723130689e-01,  3.352296259940994e-01,  6.212154310929247e+00
s710        ,  3.425489866820026e-01,  3.656456475595898e-01,  3.974200788610705e+00
s711        ,  3.300759218022618e-01,  3.729508044139977e-01,  3.436701119950544e+00
s712        ,  2.679964023023045e-01,  2.863724205583621e-01,  9.806975374562514e+00
s713        ,  3.595425435144403e-01,  3.457430714138799e-01,  5.438594818336144e+00
s714        ,  2.553853569183208e-01,  2.734362341791138e-01,  1.075879557926853e+01
s715        ,  3.219609547804439e-01,  3.301627005013199e-01,  6.584969135822622e+00
s716        ,  2.739206771298864e-01,  3.178624745416113e-01,  7.489996571859028e+00
s717        ,  3.496918866396705e-01,  3.305744533794537e-01,  6.554673135342738e+00
s718        ,  3.858037501617538e-01,  3.681425337633147e-01,  3.790484609214172e+00
s719        ,  3.656444373151383e-01,  3.750348668779929e-01,  3.283359733011179e+00
s720        ,  3.665945804148918e-01,  3.677191772383530e-01,  3.821634384150859e+00
s721        ,  2.976921642219451e-01,  2.999203071558433e-01,  8.810147421060359e+00
s722        ,  3.352058024081789e-01,  3.719091022906811e-01,  3.513347598223955e+00
s723        ,  3.380057040186947e-01,  3.492624213847333e-01,  5.179647682643716e+00
s724        ,  3.242387501915022e-01,  3.720144526622502e-01,  3.505596116504924e+00
s725        ,  3.221826279978117e-01,  3.243762233176299e-01,  7.010727217535303e+00
s726        ,  2.738917222766719e-01,  2.944939125435859e-01,  9.209411306044258e+00
s727        ,  3.810548900214357e-01,  3.346082073397756e-01,  6.257877123930411e+00
s728        ,  3.412893897345711e-01,  3.637335517726023e-01,  4.114889191671097e+00
s729        ,  2.868947364315128e-01,  3.292783361039608e-01,  6.650039000854819e+00
s730        ,  3.314426660264801e-01,  3.361558489636381e-01,  6.144004571073608e+00
s731        ,  2.684622004709819e-01,  3.219253746793600e-01,  7.191056039662025e+00
s732        ,  2.921055314645209e-01,  2.725641699456901e-01,  1.082296042142833e+01
s733        ,  3.698853057667421e-01,  3.549125931488696e-01,  4.763918696720052e+00
s734        ,  3.153497109258767e-01,  2.878489644315489e-01,  9.698334060157160e+00
s735        ,  3.434171840499868e-01,  3.529586885313171e-01,  4.907683314709648e+00
s736        ,  2.883239765709396e-01,  3.039291634011591e-01,  8.515183336577588e+00
s737        ,  3.404312799986701e-01,  3.571425837229213e-01,  4.599840194566490e+00
s738        ,  3.018129210281842e-01,  2.830787801577033e-01,  1.004931522561877e+01
s739        ,  3.135817291557892e-01,  3.318975749132038e-01,  6.457320347420228e+00
s740        ,  2.943637803121305e-01,  3.171551359121378e-01,  7.542041214643541e+00
s741        ,  3.699984862318467e-01,  3.443318744599543e-01,  5.542428029623260e+00
s742        ,  2.836716313827631e-01,  3.005798055694340e-01,  8.761622771165538e+00
s743        ,  3.859455126663645e-01,  2.965333332804748e-01,  9.059354573220650e+00
s744        ,  3.549022051232796e-01,  3.410189057994793e-01,  5.786190017596504e+00
s745        ,  3.365021664800502e-01,  3.721182912647097e-01,  3.497955867906776e+00
s746        ,  2.996679021289546e-01,  3.265823584070274e-01,  6.848403956966959e+00
s747        ,  3.496033235622116e-01,  3.438036204733157e-01,  5.581295962023010e+00
s748        ,  3.833413178741681e-01,  3.479829793116127e-01,  5.273786618203632e+00
s749        ,  3.194276290097619e-01,  3.536174268425700e-01,  4.859214591711793e+00
s750        ,  3.607086425829715e-01,  3.173439413423609e-01,  7.528149267049711e+00
s751        ,  3.933327188318541e-01,  3.437807884808154e-01,  5.582975896985162e+00
s752        ,  2.711413176352050e-01,  2.595595972909122e-01,  1.177981235935660e+01
s753        ,  3.829161641718021e-01,  3.658405428501738e-01,  3.959860760572969e+00
s754        ,  3.197877473206903e-01,  2.976206739052338e-01,  8.979350100055090e+00
s755        ,  3.496617569418546e-01,  3.706220798048586e-01,  3.608044286258850e+00
s756        ,  3.699460983440985e-01,  3.207772976601882e-01,  7.275529382219871e+00
s757        ,  3.280911972855501e-01,  3.253842008290417e-01,  6.936562132623566e+00
s758        ,  3.125936661497958e-01,  3.107621550109008e-01,  8.012424696429051e+00
s759        ,  3.749231601912195e-01,  3.410356387473106e-01,  5.784958838842331e+00
s760        ,  3.202174624481622e-01,  3.361147657945567e-01,  6.147027393198981e+00
s761        ,  4.037004208658205e-01,  3.727465703316324e-01,  3.451728278680780e+00
s762        ,  2.705693545058654e-01,  2.528045490934193e-01,  1.227683607018151e+01
s763        ,  3.632076138151025e-01,  3.155907863011673e-01,  7.657143109691555e+00
s764        ,  2.904214123983059e-01,  3.067597158662590e-01,  8.306916622742634e+00
s765        ,  3.401053585508043e-01,  3.407738388148038e-01,  5.804221584294917e+00
s766        ,  3.084050561945721e-01,  2.642623243356202e-01,  1.143379456963528e+01
s767        ,  3.291785188280746e-01,  3.291212338379347e-01,  6.661598289398207e+00
s768        ,  3.362959726167617e-01,  3.648691783218551e-01,  4.031331931216552e+00
s769        ,  4.447436541042360e-01,  3.731479057823159e-01,  3.422198772872317e+00
s770        ,  4.366827959781677e-01,  3.447155759855415e-01,  5.514195994777483e+00
s771        ,  2.732263690999292e-01,  3.156097681890990e-01,  7.655746458164806e+00
s772        ,  3.586463705210161e-01,  3.396405851802150e-01,  5.887604250162232e+00
s773        ,  3.494536072487898e-01,  3.767990933530658e-01,  3.153551275137893e+00
s774        ,  4.247318519587049e-01,  3.747545172115703e-01,  3.303987332912779e+00
s775        ,  3.400241339719085e-01,  3.410765745787015e-01,  5.781946857546456e+00
s776        ,  2.703825454286858e-01,  3.145573156519822e-01,  7.733183931617478e+00
s777        ,  3.180965813552759e-01,  3.355151575918330e-01,  6.191145434291476e+00
s778        ,  3.344616171325667e-01,  3.387988770481544e-01,  5.949535547615231e+00
s779        ,  4.009566962610436e-01,  3.598396036752676e-01,  4.401398551266074e+00
s780        ,  3.563640868327244e-01,  3.323480544020782e-01,  6.424174915934792e+00
s781        ,  2.649329396139021e-01,  3.144879584508267e-01,  7.738287103716764e+00
s782        ,  3.338551315946975e-01,  3.208338291327796e-01,  7.271369903047506e+00
s783        ,  3.045407149746746e-01,  3.641223240139875e-01,  4.086284063116914e+00
s784        ,  2.985260989809689e-01,  3.154272352589649e-01,  7.669176887027874e+00
s785        ,  3.071820525176505e-01,  3.402537688373987e-01,  5.842487352724882e+00
s786        ,  3.296681543954699e-01,  3.316871311595533e-01,  6.472804402056306e+00
s787        ,  3.465928111087382e-01,  2.934375735741509e-01,  9.287134735859670e+00
s788        ,  3.238375537313586e-01,  3.278469251154897e-01,  6.755359522693511e+00
s789        ,  3.578303916562611e-01,  3.887786439734286e-01,  2.272118525989264e+00
s790        ,  3.446858102804674e-01,  3.833265249534046e-01,  2.673275164397433e+00
s791        ,  3.249752459595651e-01,  3.218868749591155e-01,  7.193888776492646e+00
s792        ,  3.476053048360684e-01,  3.665965356159864e-01,  3.904236238166093e+00
s793        ,  3.097825366365258e-01,  3.180760859778869e-01,  7.474279445107546e+00
s794        ,  2.867393516849774e-01,  3.360926321035992e-01,  6.148655948450151e+00
s795        ,  3.702845088002308e-01,  3.380236292756209e-01,  6.006576817114439e+00
s796        ,  3.082874914963972e-01,  3.282528029901485e-01,  6.725495793892953e+00
s797        ,  2.782785712367717e-01,  2.871671893566452e-01,  9.748497784792368e+00
s798        ,  3.082196621533786e-01,  3.084233577161130e-01,  8.184508991956971e+00
s799        ,  2.516166876808906e-01,  3.711688011574737e-01,  3.567817559887771e+00
s800        ,  3.752754365991258e-01,  3.760934035017882e-01,  3.205474603931259e+00
s801        ,  3.246209635059766e-01,  3.653148777635619e-01,  3.998538206589695e+00
s802        ,  4.079792643019313e-01,  3.804960587214508e-01,  2.881535533360077e+00
s803        ,  3.649553570094187e-01,  3.668721057469247e-01,  3.883960307474389e+00
s804        ,  2.441452079849671e-01,  2.847964244524209e-01,  9.922934196752891e+00
s805        ,  3.164419790049513e-01,  3.427306060400027e-01,  5.660246341031679e+00
s806        ,  3.693024905987883e-01,  3.610899606848795e-01,  4.309399639843965e+00
s807        ,  3.191228175525491e-01,  3.524119197853181e-01,  4.947913528196564e+00
s808        ,  3.793158450067193e-01,  3.627121248474172e-01,  4.190043859091587e+00
s809        ,  3.605465652216310e-01,  3.410786172855158e-01,  5.781796559030255e+00
s810        ,  3.824385024147211e-01,  3.479624274499318e-01,  5.275298785438916e+00
s811        ,  3.580309026561524e-01,  3.720747189101897e-01,  3.501161839603762e+00
s812        ,  4.082198971938309e-01,  3.790046527118390e-01,  2.991270375743429e+00
s813        ,  3.777542847031886e-01,  3.572650749599062e-01,  4.590827520286478e+00
s814        ,  2.971435305207454e-01,  3.135014930259771e-01,  7.810869369856806e+00
s815        ,  3.213071390383087e-01,  3.475716529954456e-01,  5.304051233058229e+00
s816        ,  2.887445984618123e-01,  3.039039446231704e-01,  8.517038886716081e+00
s817        ,  3.674177460167670e-01,  3.463614892290327e-01,  5.393092801423587e+00
s818        ,  3.639907411341862e-01,  3.478081577917050e-01,  5.286649656040848e+00
s819        ,  3.711799756445687e-01,  3.889411474319400e-01,  2.260161827885879e+00
s820        ,  3.982124713714961e-01,  3.307053670919154e-01,  6.545040751196355e+00
s821        ,  4.040900310131655e-01,  3.670271127948997e-01,  3.872555181125012e+00
s822        ,  3.477446523405509e-01,  3.245277767499112e-01,  6.999576201717437e+00
s823        ,  2.954095158407338e-01,  3.190431688476999e-01,  7.403123310824443e+00
s824        ,  4.283252901174056e-01,  3.803920650236605e-01,  2.889187193580254e+00
s825        ,  3.397919403129021e-01,  3.492124822850507e-01,  5.183322107446299e+00
s826        ,  3.778871682303130e-01,  3.769432215120488e-01,  3.142946596930165e+00
s827        ,  2.337787130599568e-01,  3.707985504693293e-01,  3.595059907473876e+00
s828        ,  3.728406611540748e-01,  3.327468478658775e-01,  6.394832444728758e+00
s829        ,  2.607144883285425e-01,  3.172583490312847e-01,  7.534446987928296e+00
s830        ,  3.482088414946918e-01,  3.471600766331058e-01,  5.334334245838782e+00
s831        ,  2.919464512532615e-01,  3.639135396133029e-01,  4.101646025690194e+00
s832        ,  2.475208749435529e-01,  2.652341009794701e-01,  1.136229307630789e+01
s833        ,  3.566347081859653e-01,  3.509857437370219e-01,  5.052848873006814e+00
s834        ,  3.856874669956564e-01,  3.216322456583165e-01,  7.212623920383229e+00
s835        ,  2.944982044493083e-01,  2.941011914835396e-01,  9.238306981230672e+00
s836        ,  3.860699495992029e-01,  3.166675041417455e-01,  7.577920240958480e+00
s837        ,  2.443036554913805e-01,  2.633099087996130e-01,  1.150387150914983e+01
s838        ,  2.837466788193044e-01,  2.822050646606266e-01,  1.011360156464497e+01
s839        ,  3.354549725730311e-01,  3.652172171255547e-01,  4.005723892210994e+00
s840        ,  2.763733904068356e-01,  3.147581709923413e-01,  7.718405374353995e+00
s841        ,  3.643875992509446e-01,  3.433565489065958e-01,  5.614190645021409e+00
s842        ,  2.695598883230792e-01,  2.592175809762228e-01,  1.180497727497521e+01
s843        ,  3.362322734626774e-01,  3.335808905062571e-01,  6.333465159701618e+00
s844        ,  2.356440744998030e-01,  2.481757567190119e-01,  1.261741388625393e+01
s845        ,  3.414509738024666e-01,  3.415651311751658e-01,  5.745999784272754e+00
s846        ,  3.284946295569345e-01,  3.645976333355243e-01,  4.051311699356793e+00
s847        ,  3.382786868662267e-01,  3.336723118231175e-01,  6.326738551567073e+00
s848        ,  2.603543239280899e-01,  2.815819029178187e-01,  1.015945263081048e+01
s849        ,  3.563475623622980e-01,  3.569282192476471e-01,  4.615612728507757e+00
s850        ,  2.533481965641474e-01,  2.553853201558339e-01,  1.208694780103386e+01
s851        ,  3.334865218614329e-01,  3.173433977834327e-01,  7.528189261090860e+00
s852        ,  3.251989652472498e-01,  2.949130306723852e-01,  9.178573384306391e+00
s853        ,  3.303981460032966e-01,  3.719862423740286e-01,  3.507671776326352e+00
s854        ,  3.550119141417548e-01,  3.554350365361548e-01,  4.725478297265788e+00
s855        ,  3.394520045520492e-01,  3.351140164204013e-01,  6.220660645398871e+00
s856        ,  2.968888541973028e-01,  3.071354607586594e-01,  8.279270021965798e+00
s857        ,  4.242626628749120e-01,  3.629746216145487e-01,  4.170729841861088e+00
s858        ,  3.574550615491790e-01,  3.580887824304356e-01,  4.530220677571624e+00
s859        ,  3.027110711545371e-01,  3.017128093820565e-01,  8.678258486727504e+00
s860        ,  3.368229604072003e-01,  3.491525579110636e-01,  5.187731229906587e+00
s861        ,  3.394582604410895e-01,  3.377551453141796e-01,  6.026331360814376e+00
s862        ,  3.118273414218689e-01,  3.287666988203454e-01,  6.687684307574215e+00
s863        ,  3.561627842648784e-01,  3.426472557726282e-01,  5.666379096561698e+00
s864        ,  3.589362653848208e-01,  3.230174098214407e-01,  7.110706152762683e+00
s865        ,  3.632125925214965e-01,  3.621330289590280e-01,  4.232652642767993e+00
s866        ,  3.538675215168127e-01,  3.785065183317462e-01,  3.027922164279165e+00
s867        ,  3.310372811448682e-01,  3.272962104556892e-01,  6.795880069078554e+00
s868        ,  2.250930966754193e-01,  2.689036080652960e-01,  1.109229766319263e+01
s869        ,  3.227632236826757e-01,  3.305756906649644e-01,  6.554582098207559e+00
s870        ,  2.955305789890147e-01,  3.293599758855520e-01,  6.644032099643889e+00
s871        ,  3.263687380400568e-01,  3.048823572992651e-01,  8.445049126647278e+00
s872        ,  3.581942854285155e-01,  3.599392341832147e-01,  4.394067926328475e+00
s873        ,  3.780199537649536e-01,  3.474284213776619e-01,  5.314589945454787e+00
s874        ,  4.051572712863296e-01,  3.740730269529794e-01,  3.354130101300659e+00
s875        ,  3.637115898742233e-01,  3.744386598940871e-01,  3.327227518835504e+00
s876        ,  3.707605657787341e-01,  3.831928205709361e-01,  2.683112880781562e+00
s877        ,  3.448717819571157e-01,  3.744414086138158e-01,  3.327025273220134e+00
s878        ,  3.077154378074489e-01,  3.131487088747468e-01,  7.836826562587090e+00
s879        ,  2.822144565235117e-01,  2.999792302768338e-01,  8.805811968907856e+00
s880        ,  2.990707743641133e-01,  3.075226367981378e-01,  8.250782338938535e+00
s881        ,  2.519924028225227e-01,  3.669706157280094e-01,  3.876712128790756e+00
s882        ,  3.029935117041472e-01,  3.004344654969474e-01,  8.772316619683995e+00
s883        ,  3.513753591077723e-01,  3.285854274568146e-01,  6.701021912745084e+00
s884        ,  3.148487123515269e-01,  3.223409129825159e-01,  7.160481514745820e+00
s885        ,  3.349797306381302e-01,  3.340140044823037e-01,  6.301597449910184e+00
s886        ,  2.645821893421532e-01,  2.776908234486607e-01,  1.044575092215256e+01
s887        ,  3.560393157185437e-01,  3.310901395493113e-01,  6.516729919207159e+00
s888        ,  3.665363028937624e-01,  3.533152890906462e-01,  4.881445317866673e+00
s889        ,  2.882985069243872e-01,  2.908379855965055e-01,  9.478407518153762e+00
s890        ,  3.314401632007343e-01,  3.728682831969726e-01,  3.442772875518895e+00
s891        ,  3.187054663095563e-01,  2.576815319068181e-01,  1.191799686953089e+01
s892        ,  2.885378548431122e-01,  2.944146841032080e-01,  9.215240785314903e+00
s893        ,  4.341641481228710e-01,  3.303927555386095e-01,  6.568042119910273e+00
s894        ,  3.434520439383409e-01,  3.393634433996338e-01,  5.907995819871565e+00
s895        ,  2.977872538643522e-01,  3.170685651264583e-01,  7.548410929838686e+00
s896        ,  4.395276693832269e-01,  3.655364861444840e-01,  3.982232679728070e+00
s897        ,  4.141074145418121e-01,  3.364957248950027e-01,  6.118997140824695e+00
s898        ,  3.245936699741395e-01,  3.312125863881325e-01,  6.507720511660329e+00
s899        ,  2.759455078310450e-01,  3.045193524729389e-01,  8.471758337381695e+00
s900        ,  2.812910468510978e-01,  3.035423530605700e-01,  8.543644112170041e+00
s901        ,  4.368412206448667e-01,  3.757687844336994e-01,  3.229359462944686e+00
s902        ,  2.476616888757790e-01,  2.648578863530702e-01,  1.138997423922680e+01
s903        ,  4.064063930352827e-01,  3.680263199877009e-01,  3.799035399721627e+00
s904        ,  2.692313868191551e-01,  3.671539139809197e-01,  3.863225388920707e+00
s905        ,  3.857159716978104e-01,  3.574913738535360e-01,  4.574176874343024e+00
s906        ,  2.875408284403677e-01,  2.676335368674328e-01,  1.118574710741838e+01
s907        ,  3.309853692311254e-01,  2.946192071848787e-01,  9.200192362560637e+00
s908        ,  3.448811689194689e-01,  3.288375741250988e-01,  6.682469436274339e+00
s909        ,  3.108819018906574e-01,  3.417612559965085e-01,  5.731569289679865e+00
s910        ,  2.601667533352491e-01,  2.459369448457866e-01,  1.278214144296956e+01
s911        ,  2.987315837360676e-01,  3.011087954720891e-01,  8.722700691452745e+00
s912        ,  3.440343127256966e-01,  3.474722536758763e-01,  5.311364847590853e+00
s913        ,  2.676759227439509e-01,  3.015763831630173e-01,  8.688296470714926e+00
s914        ,  3.362930685924894e-01,  3.427212169641276e-01,  5.660937171532992e+00
s915        ,  3.076052608078511e-01,  3.344345917201585e-01,  6.270651433897778e+00
s916        ,  3.754348103699239e-01,  3.497800939725219e-01,  5.141558309621844e+00
s917        ,  2.590598828517826e-01,  3.095101763897120e-01,  8.104542922973714e+00
s918        ,  4.961505633465160e-01,  3.810090099694075e-01,  2.843793547621720e+00
s919        ,  2.931955880287684e-01,  3.408967364247625e-01,  5.795179009857645e+00
s920        ,  2.474840765757152e-01,  2.827788209161678e-01,  1.007138566108651e+01
s921        ,  3.442280024555943e-01,  3.878300821976646e-01,  2.341911913090759e+00
s922        ,  3.930300610882673e-01,  3.812148969804439e-01,  2.828644769516194e+00
s923        ,  3.214733830150857e-01,  3.052096036873956e-01,  8.420970954378573e+00
s924        ,  2.534416607722896e-01,  3.225182896728164e-01,  7.147430472288454e+00
s925        ,  4.195798862194213e-01,  3.757330055493167e-01,  3.231992005802289e+00
s926        ,  2.890808494142250e-01,  2.839674667981181e-01,  9.983927338091421e+00
s927        ,  2.735614386165569e-01,  2.936464539619309e-01,  9.271765710736872e+00
s928        ,  2.920421471112219e-01,  3.273650488063813e-01,  6.790815073018170e+00
s929        ,  3.493227439756055e-01,  3.511863060239150e-01,  5.038091878064849e+00
s930        ,  3.134104047515290e-01,  3.441798132049732e-01,  5.553616410077970e+00
s931        ,  3.884821591695420e-01,  3.702624304242086e-01,  3.634506609626555e+00
s932        ,  3.555147722726067e-01,  3.417649406742059e-01,  5.731298178041754e+00
s933        ,  4.127638757436791e-01,  3.345124841858297e-01,  6.264920253127288e+00
s934        ,  2.485124345085235e-01,  2.586759646650459e-01,  1.184482838202199e+01
s935        ,  2.511088031672664e-01,  2.899136623404461e-01,  9.546417480673185e+00
s936        ,  2.604780194318803e-01,  3.113103578411134e-01,  7.972088965729441e+00
s937        ,  3.411489425468267e-01,  3.784577112537448e-01,  3.031513297060688e+00
s938        ,  3.511005950375960e-01,  3.166559539931377e-01,  7.578770079117114e+00
s939        ,  2.747398030122069e-01,  3.137862854227553e-01,  7.789914882231685e+00
s940        ,  3.417465604863621e-01,  3.696662621038025e-01,  3.678371550663465e+00
s941        ,  2.992769914824235e-01,  3.018054629118479e-01,  8.671441214688642e+00
s942        ,  2.877311772316790e-01,  3.065353450249253e-01,  8.323425406233175e+00
s943        ,  3.224976287094988e-01,  3.396984102728366e-01,  5.883349588866960e+00
s944        ,  2.872161365477828e-01,  3.016775904729261e-01,  8.680849827661786e+00
s945        ,  3.039291705890396e-01,  2.981160200738306e-01,  8.942903462864507e+00
s946        ,  3.820695206088657e-01,  3.501801323790477e-01,  5.112124237877143e+00
s947        ,  3.338965049246589e-01,  3.126948451466192e-01,  7.870221000016349e+00
s948        ,  2.895186753893665e-01,  2.950927635663438e-01,  9.165348976826106e+00
s949        ,  3.285081864326909e-01,  3.079120186744048e-01,  8.222132354599118e+00
s950        ,  3.631800436830665e-01,  3.691736774646477e-01,  3.714614999724114e+00
s951        ,  2.321785877905577e-01,  2.631137632561226e-01,  1.151830352843928e+01
s952        ,  3.942514198985953e-01,  3.824686513478063e-01,  2.736395886915961e+00
s953        ,  4.109179543283764e-01,  3.797088560087528e-01,  2.939456424817495e+00
s954        ,  3.824721552405599e-01,  3.606490188750659e-01,  4.341843306885859e+00
s955        ,  2.687072927169935e-01,  3.130735402702425e-01,  7.842357326788320e+00
s956        ,  3.979821694304178e-01,  3.690464899585610e-01,  3.723973216630585e+00
s957        ,  2.899775316226321e-01,  3.140754286090430e-01,  7.768640271717170e+00
s958        ,  3.788440459260153e-01,  3.509328336120869e-01,  5.056741900246083e+00
s959        ,  3.097885661746670e-01,  3.133613960943660e-01,  7.821177437954731e+00
s960        ,  2.673850340403868e-01,  2.751282150805488e-01,  1.063430281449622e+01
s961        ,  3.243475522827328e-01,  3.241517144362540e-01,  7.027246157751906e+00
s962        ,  2.853383177579654e-01,  2.525569805456578e-01,  1.229505169717550e+01
s963        ,  3.492156404114884e-01,  3.209863072531260e-01,  7.260150850425161e+00
s964        ,  2.774300864992933e-01,  2.850211687086636e-01,  9.906397938097360e+00
s965        ,  3.171942496841062e-01,  2.418626991791851e-01,  1.308191675778939e+01
s966        ,  2.734218027896025e-01,  3.070815434025158e-01,  8.283237159378427e+00
s967        ,  3.303895856524011e-01,  3.674168171392382e-01,  3.843881470192847e+00
s968        ,  3.379779199025550e-01,  3.481304469730875e-01,  5.262936225698647e+00
s969        ,  3.659302513196352e-01,  3.502567046006276e-01,  5.106490198177779e+00
s970        ,  3.452495236560603e-01,  3.187045063517815e-01,  7.428041458780962e+00
s971        ,  2.851883014226236e-01,  3.343966836952891e-01,  6.273440634898242e+00
s972        ,  3.257825344175761e-01,  3.187225419013800e-01,  7.426714437044610e+00
s973        ,  3.559590726598347e-01,  2.917498248197209e-01,  9.411316107234379e+00
s974        ,  3.244218696610479e-01,  3.254000046117700e-01,  6.935399320085888e+00
s975        ,  3.575434229776818e-01,  3.251622951290895e-01,  6.952889535658882e+00
s976        ,  3.508196626692490e-01,  3.706129701263365e-01,  3.608714559229684e+00
s977        ,  3.094780913347707e-01,  3.067514013641226e-01,  8.307528388134187e+00
s978        ,  2.679411357443860e-01,  2.663528135565304e-01,  1.127998031403872e+01
s979        ,  3.294468669232396e-01,  3.765805617073119e-01,  3.169630421626526e+00
s980        ,  2.682884487390532e-01,  2.561754526248533e-01,  1.202881134362990e+01
s981        ,  3.690259273299634e-01,  3.447665346703707e-01,  5.510446550822076e+00
s982        ,  3.599308410073728e-01,  3.571705538912524e-01,  4.597782202313901e+00
s983        ,  3.033741189947783e-01,  3.132864479736135e-01,  7.826691979377180e+00
s984        ,  3.990606361986817e-01,  3.315824656621087e-01,  6.480505492028472e+00
s985        ,  2.458061579719099e-01,  2.759345842079612e-01,  1.057497169437928e+01
s986        ,  3.674574317411205e-01,  3.487537492935900e-01,  5.217074816091404e+00
s987        ,  3.618389636623023e-01,  3.347813353045710e-01,  6.245138694685439e+00
s988        ,  3.706023012861709e-01,  3.547800468133195e-01,  4.773671206195232e+00
s989        ,  3.267317558382980e-01,  3.460182881294582e-01,  5.418344891280332e+00
s990        ,  3.568657105740528e-01,  3.752060007627325e-01,  3.270768024417195e+00
s991        ,  2.691831861033237e-01,  2.643540374731609e-01,  1.142704648988527e+01
s992        ,  3.535454705333178e-01,  3.201213620139406e-01,  7.323791890410609e+00
s993        ,  3.585598735365578e-01,  3.682656236231325e-01,  3.781427889394720e+00
s994        ,  3.020201873530365e-01,  3.540069568638980e-01,  4.830553707138085e+00
s995        ,  2.226508985115376e-01,  2.525749858045464e-01,  1.229372690417247e+01
s996        ,  3.542347072493316e-01,  3.527363025272404e-01,  4.924046057616912e+00
s997        ,  3.018965630826722e-01,  2.806296194429477e-01,  1.022951985351561e+01
s998        ,  3.248834775025297e-01,  3.084024848597007e-01,  8.186044777379410e+00
s999        ,  3.245798973395961e-01,  3.085672371261480e-01,  8.173922616227864e+00
s1000       ,  4.229046884097925e-01,  3.800223218912149e-01,  2.916392196174957e+00
s1001       ,  3.687810356407749e-01,  3.557482294863162e-01,  4.702434150467371e+00
s1002       ,  2.771840194067590e-01,  2.754424731689666e-01,  1.061118029683304e+01
s1003       ,  3.773312531679570e-01,  3.768681406874655e-01,  3.148470902450297e+00
s1004       ,  3.054117424504427e-01,  3.177788200101366e-01,  7.496151714567896e+00
s1005       ,  3.385236329700146e-01,  3.474841142609247e-01,  5.310492168104196e+00
s1006       ,  4.167296916398009e-01,  3.095346430802405e-01,  8.102742710012595e+00
s1007       ,  3.320487440508861e-01,  3.076902349234546e-01,  8.238450784856783e+00
s1008       ,  3.136740188462037e-01,  3.628865797373791e-01,  4.177207797194562e+00
s1009       ,  3.593194801918262e-01,  3.566359059806648e-01,  4.637120587583105e+00
s1010       ,  3.386964235398171e-01,  3.460916105872232e-01,  5.412949963075572e+00
s1011       ,  3.250388323362358e-01,  3.471493274236491e-01,  5.335125152404713e+00
s1012       ,  2.909569628391213e-01,  2.988584139728197e-01,  8.888279519440053e+00
s1013       ,  3.150008570990088e-01,  3.249694809676270e-01,  6.967076438139499e+00
s1014       ,  2.705688582831416e-01,  2.727226371392384e-01,  1.081130070409120e+01
s1015       ,  2.627454581345986e-01,  3.317030141434844e-01,  6.471635762043445e+00
s1016       ,  4.030578873542974e-01,  3.711476331943813e-01,  3.569375058703351e+00
s1017       ,  3.593872438775090e-01,  3.207258654497202e-01,  7.279313667299023e+00
s1018       ,  2.427981414978236e-01,  2.935905326906025e-01,  9.275880292450738e+00
s1019       ,  3.667702659774850e-01,  3.740758571984245e-01,  3.353921857176783e+00
s1020       ,  2.443455242532603e-01,  2.447565293260706e-01,  1.286899419142845e+01
s1021       ,  3.517001221268577e-01,  3.840909170933246e-01,  2.617032631879393e+00
s1022       ,  2.465884136726172e-01,  2.839556342033227e-01,  9.984797958108032e+00
s1023       ,  3.973866202773900e-01,  3.325168016048773e-01,  6.411758814898278e+00
s1024       ,  2.954254385322262e-01,  2.872840175961862e-01,  9.739901783187623e+00
s1025       ,  3.194737803651596e-01,  3.400621316451438e-01,  5.856587656030189e+00
s1026       ,  2.845215502906833e-01,  3.119298174104515e-01,  7.926510298507982e+00
s1027       ,  3.801444592417467e-01,  3.786510809268910e-01,  3.017285521077713e+00
s1028       ,  3.280565754548467e-01,  3.259117027053895e-01,  6.897749539081039e+00
s1029       ,  3.320425958711730e-01,  3.472316424561942e-01,  5.329068567501677e+00
s1030       ,  3.688103106871887e-01,  3.522783577470040e-01,  4.957740771166177e+00
s1031       ,  3.177581036079268e-01,  3.115832676773410e-01,  7.952008774506996e+00
s1032       ,  2.886686636822086e-01,  3.238440346894843e-01,  7.049884653439010e+00
s1033       ,  3.502857082190677e-01,  3.552891015414389e-01,  4.736215919040251e+00
s1034       ,  2.612720878184224e-01,  2.629959656115546e-01,  1.152697085703826e+01
s1035       ,  3.090655311957510e-01,  3.083884000780509e-01,  8.187081109058632e+00
s1036       ,  2.315433826576645e-01,  2.966369994061036e-01,  9.051727015142534e+00
s1037       ,  3.217591519820785e-01,  3.152423311859721e-01,  7.682781780112076e+00
s1038       ,  3.897883572896937e-01,  3.812938688271041e-01,  2.822834169927526e+00
s1039       ,  3.933052255643392e-01,  3.792253665270308e-01,  2.975030669341680e+00
s1040       ,  3.351679701489885e-01,  3.402104703115081e-01,  5.845673176627572e+00
s1041       ,  4.495450075554298e-01,  3.741383299526636e-01,  3.349325229702103e+00
