# c0 + a0 * ((face-area-avg + B) - (poly_dist_avg_fixed - SBI))
# Property Label: $ln_{D}$; Unit of the Property: Unitless
# RMSE: 0.855589215137133; Max AE: 3.30011451811858
# Coefficients
# Task   a0                      c0
# all ,  3.070398253127043e+00, -2.924442473335629e+01, 
# Feature Rung, Units, and Expressions
# 0;  2; Unitless;                                         32|8|add|30|5|sub|sub; ((face-area-avg + B) - (poly_dist_avg_fixed - SBI)); $\left(\left(face-area-avg + B\right) - \left(poly_{dist, avg, fixed} - SBI\right)\right)$; ((face_sub_area_sub_avg + B) - (poly_dist_avg_fixed - SBI)); ((newdata$face_sub_area_sub_avg + newdata$B) - (newdata$poly_dist_avg_fixed - newdata$SBI)); face-area-avg,B,poly_dist_avg_fixed,SBI
# Number of Samples Per Task
# Task, n_samples               
# all , 1041                  

# Sample ID , Property Value        ,  Property Value (EST) ,  Feature 0 Value      
s1          , -2.244947812336508e+01, -2.169983673135239e+01,  2.457201763426005e+00
s2          , -2.298888400764099e+01, -2.107279177759936e+01,  2.661424441417181e+00
s3          , -1.755271246623431e+01, -1.823169279370072e+01,  3.586743813588241e+00
s4          , -1.917258847351942e+01, -1.872789506273023e+01,  3.425135374512250e+00
s5          , -2.000094091703784e+01, -2.013277651112669e+01,  2.967578623701291e+00
s6          , -2.179532463031582e+01, -2.186248618170874e+01,  2.404228358366678e+00
s7          , -2.156980503382011e+01, -2.214880910273444e+01,  2.310975660370875e+00
s8          , -2.070680399014268e+01, -1.909729854277698e+01,  3.304824115322818e+00
s9          , -2.311678210871720e+01, -2.312020360025011e+01,  1.994601555960689e+00
s10         , -1.955558688693647e+01, -2.025910450336061e+01,  2.926434777913446e+00
s11         , -1.929232032084748e+01, -1.797846320016508e+01,  3.669218324273538e+00
s12         , -1.972420304545977e+01, -1.935557699704814e+01,  3.220705237907449e+00
s13         , -1.649771434553038e+01, -1.812633965693356e+01,  3.621056345084723e+00
s14         , -1.814284237715737e+01, -1.775453273651910e+01,  3.742150382327543e+00
s15         , -2.140988745272463e+01, -2.041788986453655e+01,  2.874719870567398e+00
s16         , -2.271802967642396e+01, -2.292365765161520e+01,  2.058614733545951e+00
s17         , -1.845283706311921e+01, -1.893423327912866e+01,  3.357932946883106e+00
s18         , -2.106370881996578e+01, -2.039599669711444e+01,  2.881850270475558e+00
s19         , -2.166440903696862e+01, -2.248316080272182e+01,  2.202080438180444e+00
s20         , -1.957524373940041e+01, -1.824621867212092e+01,  3.582012870817086e+00
s21         , -2.230012329283520e+01, -2.137304381217486e+01,  2.563635161388209e+00
s22         , -1.709175230426198e+01, -1.696579510923220e+01,  3.999034852113705e+00
s23         , -2.271630669020732e+01, -2.260570231277429e+01,  2.162169814232014e+00
s24         , -1.997593461761007e+01, -2.048878404401306e+01,  2.851630299237585e+00
s25         , -2.228124530569044e+01, -2.297582117055284e+01,  2.041625563204771e+00
s26         , -1.806502239865187e+01, -1.653877216832162e+01,  4.138112230911613e+00
s27         , -2.017409009594002e+01, -2.056728638191986e+01,  2.826062821850294e+00
s28         , -1.658938425028538e+01, -1.797850692245694e+01,  3.669204084331921e+00
s29         , -2.262132344831001e+01, -2.314140159037364e+01,  1.987697568798130e+00
s30         , -1.697997334312175e+01, -1.828845896883633e+01,  3.568255601162443e+00
s31         , -1.964904728113367e+01, -1.997152051628984e+01,  3.020098193328006e+00
s32         , -2.151059652715050e+01, -2.041101139394284e+01,  2.876960124119750e+00
s33         , -2.289264810431292e+01, -2.214386560587154e+01,  2.312585711072884e+00
s34         , -2.302504917991390e+01, -2.060571015720818e+01,  2.813548557536476e+00
s35         , -2.244061385591441e+01, -2.317005403909183e+01,  1.978365734177323e+00
s36         , -2.239655424600443e+01, -2.010193010649918e+01,  2.977625009246260e+00
s37         , -2.226102540809307e+01, -2.058919042891057e+01,  2.818928878568377e+00
s38         , -2.102436377352775e+01, -2.103788371156559e+01,  2.672793672101902e+00
s39         , -2.141661104833067e+01, -2.169094442013461e+01,  2.460097906038361e+00
s40         , -1.990275935468409e+01, -2.028319342788980e+01,  2.918589240447859e+00
s41         , -1.952311408648237e+01, -1.948273446275591e+01,  3.179291240365510e+00
s42         , -1.862175379272403e+01, -1.929927201377961e+01,  3.239043244454705e+00
s43         , -2.257821044890805e+01, -2.251562227297590e+01,  2.191508040863246e+00
s44         , -1.984867902879579e+01, -1.967733638117049e+01,  3.115911215244539e+00
s45         , -1.928264199244582e+01, -1.954394842947482e+01,  3.159354423811971e+00
s46         , -2.007096062658339e+01, -1.954216238496653e+01,  3.159936121807161e+00
s47         , -1.842882744186564e+01, -1.916816856591837e+01,  3.281742411485470e+00
s48         , -1.712958329507449e+01, -1.632716366807433e+01,  4.207031140708339e+00
s49         , -2.142142340445580e+01, -2.075276130739161e+01,  2.765655372985037e+00
s50         , -2.022197746600499e+01, -1.939353039564293e+01,  3.208344170884255e+00
s51         , -2.208446385448407e+01, -2.238989725062910e+01,  2.232455504997177e+00
s52         , -2.030062191637932e+01, -1.918045210702954e+01,  3.277741777007952e+00
s53         , -1.881589086732163e+01, -2.107480776240748e+01,  2.660767854016483e+00
s54         , -2.389190768082197e+01, -2.308739144856107e+01,  2.005288166942054e+00
s55         , -1.989931101552115e+01, -1.932572904635164e+01,  3.230426436343546e+00
s56         , -2.293632659980805e+01, -2.314823162914497e+01,  1.985473089037440e+00
s57         , -2.165250835772914e+01, -2.190420706704320e+01,  2.390640256141840e+00
s58         , -2.493828100106786e+01, -2.286466303099150e+01,  2.077828729829208e+00
s59         , -2.019609135900962e+01, -2.025369923486608e+01,  2.928195223317893e+00
s60         , -1.686951544328429e+01, -1.778068633096244e+01,  3.733632401177476e+00
s61         , -1.698686520707895e+01, -1.867231315203939e+01,  3.443237883082346e+00
s62         , -1.961666852236879e+01, -1.981423869478236e+01,  3.071323411863515e+00
s63         , -2.363642228074260e+01, -2.286867220988277e+01,  2.076522977753826e+00
s64         , -2.123215125329894e+01, -2.293697214312918e+01,  2.054278328162572e+00
s65         , -2.229595939650926e+01, -2.220726572067528e+01,  2.291936886530605e+00
s66         , -2.209517036440609e+01, -2.131969503857475e+01,  2.581010358089737e+00
s67         , -2.100952424313996e+01, -2.140191540323616e+01,  2.554231954155435e+00
s68         , -2.306714632630091e+01, -2.238993082022399e+01,  2.232444571694028e+00
s69         , -2.116954741071400e+01, -2.216836962166349e+01,  2.304604982264498e+00
s70         , -2.268552320802911e+01, -2.173422835734326e+01,  2.446000732434065e+00
s71         , -1.844586653395837e+01, -1.904868134493280e+01,  3.320658282045219e+00
s72         , -2.185924535832699e+01, -2.257426317884861e+01,  2.172409246166831e+00
s73         , -1.814705961150877e+01, -1.897703872720177e+01,  3.343991612715945e+00
s74         , -2.269683109870329e+01, -2.300690421486996e+01,  2.031502106325696e+00
s75         , -2.162544692540680e+01, -2.115058736901469e+01,  2.636087144753432e+00
s76         , -1.799713371423827e+01, -1.911041648988002e+01,  3.300551722616212e+00
s77         , -1.808839931225978e+01, -1.887607544196758e+01,  3.376874410617278e+00
s78         , -1.710463489071706e+01, -1.818968022228111e+01,  3.600426915243482e+00
s79         , -2.130172009097587e+01, -2.142376396801517e+01,  2.547116080911059e+00
s80         , -2.075517304342145e+01, -2.011860384581348e+01,  2.972194528266366e+00
s81         , -1.679587307458704e+01, -1.862854062160199e+01,  3.457494186932447e+00
s82         , -1.961963418382102e+01, -1.953174189567954e+01,  3.163329977726788e+00
s83         , -1.732943596118787e+01, -1.866950231363675e+01,  3.444153346866167e+00
s84         , -2.091958911511147e+01, -1.979898509930200e+01,  3.076291365276342e+00
s85         , -1.931803893900067e+01, -1.988438797144796e+01,  3.048476448413690e+00
s86         , -2.124992178205270e+01, -2.064504211759444e+01,  2.800738505828620e+00
s87         , -2.000999990609716e+01, -1.988070552551344e+01,  3.049675786620311e+00
s88         , -1.933594922663024e+01, -1.939301664554620e+01,  3.208511494486725e+00
s89         , -2.128477820873118e+01, -2.164428373198845e+01,  2.475294855847276e+00
s90         , -2.009844325702736e+01, -2.012732511141110e+01,  2.969354093613065e+00
s91         , -2.185233402642529e+01, -2.334355162820813e+01,  1.921859191763943e+00
s92         , -1.852873985612102e+01, -1.812996353228721e+01,  3.619876082768602e+00
s93         , -2.244477787769646e+01, -2.117094005479793e+01,  2.629458465310134e+00
s94         , -2.069748145715988e+01, -2.102980967191127e+01,  2.675423311317628e+00
s95         , -1.839144268754908e+01, -1.779993031523699e+01,  3.727364815448180e+00
s96         , -2.061908691885885e+01, -2.007072188165013e+01,  2.987789236254030e+00
s97         , -2.336181657728519e+01, -2.304466748696769e+01,  2.019202961724741e+00
s98         , -1.913590175727989e+01, -1.941633203025147e+01,  3.200917891708481e+00
s99         , -1.764848235022367e+01, -1.695073116517695e+01,  4.003941037830790e+00
s100        , -2.003395952271198e+01, -2.006919936966157e+01,  2.988285104171819e+00
s101        , -2.047737186068138e+01, -2.064741925386421e+01,  2.799964294773966e+00
s102        , -1.813404261594337e+01, -1.652705284497683e+01,  4.141929104938575e+00
s103        , -2.094885731266024e+01, -2.117489485760749e+01,  2.628170423016100e+00
s104        , -1.695125455205811e+01, -1.712152044472708e+01,  3.948316566517928e+00
s105        , -2.089913046364001e+01, -2.090096010097711e+01,  2.717388411709064e+00
s106        , -2.193421435204462e+01, -2.301221764833362e+01,  2.029771570732065e+00
s107        , -1.938858975045087e+01, -1.827234180190187e+01,  3.573504811722686e+00
s108        , -2.184761912256448e+01, -2.255556491469821e+01,  2.178499095954675e+00
s109        , -1.765266017099491e+01, -1.900236990048354e+01,  3.335741486447804e+00
s110        , -2.222643790681205e+01, -1.983843484464779e+01,  3.063442952108567e+00
s111        , -2.198367498730207e+01, -2.223506764476044e+01,  2.282882059829593e+00
s112        , -2.341727175416096e+01, -2.282019489971790e+01,  2.092311584367155e+00
s113        , -2.064750776227555e+01, -2.068383014935522e+01,  2.788105606587856e+00
s114        , -2.335281852671257e+01, -2.267373300041556e+01,  2.140012855416658e+00
s115        , -2.467653405274963e+01, -2.219645416949997e+01,  2.295458107650472e+00
s116        , -2.119630992652875e+01, -2.147952365087776e+01,  2.528955673606959e+00
s117        , -1.681518237222159e+01, -1.744794433953224e+01,  3.842003356343085e+00
s118        , -1.725426000439147e+01, -1.815330181711330e+01,  3.612275021635140e+00
s119        , -2.026224064054247e+01, -2.005009499266357e+01,  2.994507221116597e+00
s120        , -2.061376236446881e+01, -2.083028458609593e+01,  2.740406766024891e+00
s121        , -2.090204853596659e+01, -2.191595118569673e+01,  2.386815306514679e+00
s122        , -1.679179791839329e+01, -1.876409375398909e+01,  3.413345799260250e+00
s123        , -1.729435756680531e+01, -1.731216226899475e+01,  3.886226307030086e+00
s124        , -1.927065840811719e+01, -2.019167427442283e+01,  2.948396172943916e+00
s125        , -2.074667074869674e+01, -1.920154377610680e+01,  3.270872417615966e+00
s126        , -1.981090987888966e+01, -1.940802388380798e+01,  3.203623777316326e+00
s127        , -1.791042209268825e+01, -1.709159722073827e+01,  3.958062280761455e+00
s128        , -2.199486439730610e+01, -2.268397612619798e+01,  2.136676765131959e+00
s129        , -1.847106084369403e+01, -1.877395776083544e+01,  3.410133184467913e+00
s130        , -2.183307419908922e+01, -2.256101776119009e+01,  2.176723154841393e+00
s131        , -1.937195493711046e+01, -1.956202185760165e+01,  3.153468077274212e+00
s132        , -1.756898825137140e+01, -1.847208269939653e+01,  3.508451069169505e+00
s133        , -1.952720456066259e+01, -1.939226143953097e+01,  3.208757458024018e+00
s134        , -1.792604080418195e+01, -1.869480217818764e+01,  3.435913417558910e+00
s135        , -2.163690184151209e+01, -2.093011935300888e+01,  2.707891515988102e+00
s136        , -2.266590946104735e+01, -2.223300691701362e+01,  2.283553219587035e+00
s137        , -1.871948299194560e+01, -1.960589450028478e+01,  3.139179167801819e+00
s138        , -2.098569970792443e+01, -2.075622625129185e+01,  2.764526873157135e+00
s139        , -1.946420871832499e+01, -2.017970957615885e+01,  2.952292963287577e+00
s140        , -1.890485827097119e+01, -1.907325651411143e+01,  3.312654379244141e+00
s141        , -2.048387804329865e+01, -2.118485552227095e+01,  2.624926327676572e+00
s142        , -1.712146112463541e+01, -1.729377872876073e+01,  3.892213654181321e+00
s143        , -2.146398341435241e+01, -2.273774739795143e+01,  2.119163964732633e+00
s144        , -2.296743054539722e+01, -2.241584490663433e+01,  2.224004596070687e+00
s145        , -2.169591974109321e+01, -2.139772403705106e+01,  2.555597042928799e+00
s146        , -2.268369172314783e+01, -2.264207322852534e+01,  2.150324147073361e+00
s147        , -2.121406114253308e+01, -2.178306518938953e+01,  2.430095032905827e+00
s148        , -2.139826235530006e+01, -2.083713818941733e+01,  2.738174611510596e+00
s149        , -1.818204101397333e+01, -1.911438285967510e+01,  3.299259913063152e+00
s150        , -2.236615053154114e+01, -2.267063589013043e+01,  2.141021555275700e+00
s151        , -2.007280490017163e+01, -2.005108563818915e+01,  2.994184577132363e+00
s152        , -2.043501428229088e+01, -1.964538639583433e+01,  3.126317026706821e+00
s153        , -2.294208833005412e+01, -2.208450594541571e+01,  2.331918597416006e+00
s154        , -1.941555486932839e+01, -1.992351657268518e+01,  3.035732628879082e+00
s155        , -2.030625886040805e+01, -1.923034735488695e+01,  3.261491361347184e+00
s156        , -1.755225478861601e+01, -1.810278881292231e+01,  3.628726634757166e+00
s157        , -1.981494689568535e+01, -1.993199084565776e+01,  3.032972637414150e+00
s158        , -2.120666701656112e+01, -2.133389618609927e+01,  2.576385177134772e+00
s159        , -2.199339551508707e+01, -2.191923681747043e+01,  2.385745206969660e+00
s160        , -1.822712376873660e+01, -1.819408169634006e+01,  3.598993396300306e+00
s161        , -1.850131544535105e+01, -1.830071242865480e+01,  3.564264763880669e+00
s162        , -2.165239460618542e+01, -1.977678791881396e+01,  3.083520779397273e+00
s163        , -2.054863013411503e+01, -1.999228460870943e+01,  3.013335522590280e+00
s164        , -2.244259094688993e+01, -2.208124406455592e+01,  2.332980961510460e+00
s165        , -2.169401378729562e+01, -2.209861790762969e+01,  2.327322463282720e+00
s166        , -1.893544650248816e+01, -1.981313242667537e+01,  3.071683713041339e+00
s167        , -1.990371422830687e+01, -1.944314241848690e+01,  3.192185998961952e+00
s168        , -2.358382467591309e+01, -2.271374524703621e+01,  2.126981240843565e+00
s169        , -2.234616115486217e+01, -2.153482331971520e+01,  2.510945088569292e+00
s170        , -1.980105726485419e+01, -1.965807438033346e+01,  3.122184668799762e+00
s171        , -2.225344967355102e+01, -2.229094397688143e+01,  2.264683660952808e+00
s172        , -2.076076397080535e+01, -2.016545518823937e+01,  2.956935484141333e+00
s173        , -2.167162181633835e+01, -2.149932683996463e+01,  2.522505960099369e+00
s174        , -2.217746151284670e+01, -2.151875507901901e+01,  2.516178364311236e+00
s175        , -1.912249737452136e+01, -1.954133310593798e+01,  3.160206210232241e+00
s176        , -2.262880123350610e+01, -2.261354922718714e+01,  2.159614147583606e+00
s177        , -1.998504477748202e+01, -2.112438649211228e+01,  2.644620525358286e+00
s178        , -1.778030448780716e+01, -1.910139470152017e+01,  3.303490034723008e+00
s179        , -2.322340610724453e+01, -2.269321655715214e+01,  2.133667243176703e+00
s180        , -1.682543251402466e+01, -1.688396054551431e+01,  4.025687604288297e+00
s181        , -1.586682207916231e+01, -1.714604138286228e+01,  3.940330326260583e+00
s182        , -2.348293513803748e+01, -2.195491101617428e+01,  2.374126454038337e+00
s183        , -2.155098810628208e+01, -2.082219365867340e+01,  2.743041905428809e+00
s184        , -2.324937775466465e+01, -2.186546692917819e+01,  2.403257556788604e+00
s185        , -2.378592453308165e+01, -2.313666178796937e+01,  1.989241278119695e+00
s186        , -2.071202883303041e+01, -2.111443062607275e+01,  2.647863057830870e+00
s187        , -2.027503475690737e+01, -1.994937963878432e+01,  3.027309270094013e+00
s188        , -2.214013663755619e+01, -2.163942329591391e+01,  2.476877854427215e+00
s189        , -2.074030596943589e+01, -2.028918165563254e+01,  2.916638930667477e+00
s190        , -1.914542963593283e+01, -1.918807051731164e+01,  3.275260532018204e+00
s191        , -1.679323473828856e+01, -1.714433391548089e+01,  3.940886432420314e+00
s192        , -1.690928184419942e+01, -1.750683357411540e+01,  3.822823683307776e+00
s193        , -2.273712334380998e+01, -2.256355929621187e+01,  2.175895400650485e+00
s194        , -2.090019731082972e+01, -2.069539752321498e+01,  2.784338221087300e+00
s195        , -1.910778599576077e+01, -1.867842443109414e+01,  3.441247496640285e+00
s196        , -1.918378235513936e+01, -1.969996620289019e+01,  3.108540893920051e+00
s197        , -2.010118773573690e+01, -2.039624541034329e+01,  2.881769266902616e+00
s198        , -2.040069724820686e+01, -2.201534315153660e+01,  2.354444272646794e+00
s199        , -2.033728659050214e+01, -2.048171079459814e+01,  2.853933990430644e+00
s200        , -1.788348829912646e+01, -1.840150551253864e+01,  3.531437398967605e+00
s201        , -1.891783601993355e+01, -1.872820904945868e+01,  3.425033111970859e+00
s202        , -2.174492495952721e+01, -2.155168814487656e+01,  2.505452372715842e+00
s203        , -2.185008698942601e+01, -2.039351633594573e+01,  2.882658100914552e+00
s204        , -2.086349108831322e+01, -2.056452955172634e+01,  2.826960695665428e+00
s205        , -2.088054945703831e+01, -2.093717329638216e+01,  2.705594112592273e+00
s206        , -2.114956534802060e+01, -2.076307506519326e+01,  2.762296278512145e+00
s207        , -1.936064601068155e+01, -1.864391360961246e+01,  3.452487348488993e+00
s208        , -2.173553987268506e+01, -2.066737828116848e+01,  2.793463826216199e+00
s209        , -1.958079034508013e+01, -1.946157879857831e+01,  3.186181442363268e+00
s210        , -2.077095411669474e+01, -2.075626938129028e+01,  2.764512826119952e+00
s211        , -2.106003856984427e+01, -2.058570496748104e+01,  2.820064060763710e+00
s212        , -1.921431398034701e+01, -1.915405961066275e+01,  3.286337566280536e+00
s213        , -1.891211086691480e+01, -1.895658396629423e+01,  3.350653537072730e+00
s214        , -1.797391097043976e+01, -1.713956345019168e+01,  3.942440128356776e+00
s215        , -2.046416066581664e+01, -1.972939517985413e+01,  3.098956151310856e+00
s216        , -2.054695205981560e+01, -2.066959986717386e+01,  2.792740276428117e+00
s217        , -2.064527960557822e+01, -1.876577859913358e+01,  3.412797060951538e+00
s218        , -2.267569057486860e+01, -2.218200326455950e+01,  2.300164632260350e+00
s219        , -1.969996813819463e+01, -1.978715754206645e+01,  3.080143490069440e+00
s220        , -2.056541179285701e+01, -2.187044418790497e+01,  2.401636510163231e+00
s221        , -2.147236245537334e+01, -2.024333595160099e+01,  2.931570447771116e+00
s222        , -1.817717386569833e+01, -1.851466201819404e+01,  3.494583383192891e+00
s223        , -2.049263974761081e+01, -1.992973771280122e+01,  3.033706461716664e+00
s224        , -2.147370851727396e+01, -2.059868470284303e+01,  2.815836682328755e+00
s225        , -2.297636192643720e+01, -2.254704175294592e+01,  2.181275010038006e+00
s226        , -2.349615644619751e+01, -2.259163588043941e+01,  2.166751119709423e+00
s227        , -1.994214785348108e+01, -2.095370654169650e+01,  2.700209389194421e+00
s228        , -1.935600154849446e+01, -1.951533179778964e+01,  3.168674593160044e+00
s229        , -1.931982821700711e+01, -1.867546770049025e+01,  3.442210476149826e+00
s230        , -1.663964761443124e+01, -1.814558624628309e+01,  3.614787910906866e+00
s231        , -1.912412961575534e+01, -1.935991756249549e+01,  3.219291556329520e+00
s232        , -2.205202611453251e+01, -2.289810170790030e+01,  2.066938065442351e+00
s233        , -2.108987100746543e+01, -2.197715802408735e+01,  2.366880811591004e+00
s234        , -2.119865480781422e+01, -2.227910893901799e+01,  2.268538222116455e+00
s235        , -1.634470488909293e+01, -1.612466455353222e+01,  4.272983208762010e+00
s236        , -2.035495556536669e+01, -1.915232540568640e+01,  3.286902380624924e+00
s237        , -2.057488800817375e+01, -2.064176433135950e+01,  2.801806050155030e+00
s238        , -2.181497599002021e+01, -2.187910554981253e+01,  2.398815585581627e+00
s239        , -1.938605784207409e+01, -1.872875655305578e+01,  3.424854795168944e+00
s240        , -1.879589433372550e+01, -1.894426116937981e+01,  3.354666956798286e+00
s241        , -1.732119998261703e+01, -1.738396084826942e+01,  3.862842181142980e+00
s242        , -2.017650413285683e+01, -2.042420903840002e+01,  2.872661774730146e+00
s243        , -1.996072124442394e+01, -1.978335601247551e+01,  3.081381612709415e+00
s244        , -2.121993688931675e+01, -2.208306061002965e+01,  2.332389329636035e+00
s245        , -2.152256201120388e+01, -2.075202401668426e+01,  2.765895501674074e+00
s246        , -1.806013829922115e+01, -1.868803539627651e+01,  3.438117295151740e+00
s247        , -1.662499542985015e+01, -1.755925884639413e+01,  3.805749262351037e+00
s248        , -2.087245838906029e+01, -2.134541031669455e+01,  2.572635132467586e+00
s249        , -2.031192930505803e+01, -1.913012591846122e+01,  3.294132546028570e+00
s250        , -1.829082894515480e+01, -1.865670464974128e+01,  3.448321426327011e+00
s251        , -2.316191337748571e+01, -2.179491298772209e+01,  2.426236315776706e+00
s252        , -1.836403387539604e+01, -1.895418221117092e+01,  3.351435766257774e+00
s253        , -1.948978591890307e+01, -1.953952090473776e+01,  3.160796427217406e+00
s254        , -1.974328758235917e+01, -1.976330539412224e+01,  3.087911911615378e+00
s255        , -2.045692599174058e+01, -2.016707427420707e+01,  2.956408162981594e+00
s256        , -1.776850461240055e+01, -1.793306142412136e+01,  3.684005258182677e+00
s257        , -2.163660994039700e+01, -2.087963212159417e+01,  2.724334735157891e+00
s258        , -1.860059101905129e+01, -1.937876615100686e+01,  3.213152747302978e+00
s259        , -2.094542362420654e+01, -2.079282711701880e+01,  2.752606313441579e+00
s260        , -1.742875942837962e+01, -1.618921284201208e+01,  4.251960434789899e+00
s261        , -2.065616574581777e+01, -2.018836310273917e+01,  2.949474590598788e+00
s262        , -2.014040040752147e+01, -2.002225391063327e+01,  3.003574801194179e+00
s263        , -1.686996628366655e+01, -1.682107169319139e+01,  4.046169915421345e+00
s264        , -2.074271161967796e+01, -2.170470604266479e+01,  2.455615874264089e+00
s265        , -2.059536695716665e+01, -2.187229922686842e+01,  2.401032341319155e+00
s266        , -2.198651133619990e+01, -2.305130803443898e+01,  2.017040197508558e+00
s267        , -1.899333543245141e+01, -1.950951152270215e+01,  3.170570202331123e+00
s268        , -1.857298059991068e+01, -1.889087773382081e+01,  3.372053442575704e+00
s269        , -2.106917022960664e+01, -2.052047192327120e+01,  2.841309853273979e+00
s270        , -1.920756052964929e+01, -2.003937171171263e+01,  2.997999693449795e+00
s271        , -1.965184309682283e+01, -1.942564917335116e+01,  3.197883385324757e+00
s272        , -2.112049940018463e+01, -2.061716307475945e+01,  2.809818449385323e+00
s273        , -1.945398506004425e+01, -2.011044634972574e+01,  2.974851348462063e+00
s274        , -2.135203005648119e+01, -2.218634547092757e+01,  2.298750416249886e+00
s275        , -2.088724638081418e+01, -2.054560694961440e+01,  2.833123610229579e+00
s276        , -1.839432489855567e+01, -1.911790085236674e+01,  3.298114135739949e+00
s277        , -2.199306195501885e+01, -2.252877174634081e+01,  2.187225380347950e+00
s278        , -2.276883612887764e+01, -2.028607167957458e+01,  2.917651820788420e+00
s279        , -2.262380984036664e+01, -2.246890697533505e+01,  2.206722776473938e+00
s280        , -1.620731240668889e+01, -1.722394086268822e+01,  3.914959194112954e+00
s281        , -2.072632910940930e+01, -2.219338851472164e+01,  2.296456562745085e+00
s282        , -1.840721485531197e+01, -2.025607399887514e+01,  2.927421784886366e+00
s283        , -1.945843055355910e+01, -1.844396505814582e+01,  3.517608721999093e+00
s284        , -2.290375248734285e+01, -2.145055970318442e+01,  2.538388960531165e+00
s285        , -2.162506652538119e+01, -2.144672431756041e+01,  2.539638109764530e+00
s286        , -2.308167299949378e+01, -2.323464545397922e+01,  1.957328914337550e+00
s287        , -1.888746545864790e+01, -1.815142010557986e+01,  3.612887877485852e+00
s288        , -2.031934863671701e+01, -1.924868834505479e+01,  3.255517872354622e+00
s289        , -2.410980627565496e+01, -2.312126517267796e+01,  1.994255811747613e+00
s290        , -2.087284446952964e+01, -1.999506917707568e+01,  3.012428614711661e+00
s291        , -2.204275686911580e+01, -2.283180617681403e+01,  2.088529899993051e+00
s292        , -1.820983264392220e+01, -1.996989513167266e+01,  3.020627565898979e+00
s293        , -1.668568749246811e+01, -1.717485817500943e+01,  3.930944966521726e+00
s294        , -2.280852590517532e+01, -2.296225961557982e+01,  2.046042434846491e+00
s295        , -1.673628435422914e+01, -1.772465758777161e+01,  3.751880438914522e+00
s296        , -2.103716924286631e+01, -2.207282981847064e+01,  2.335721402779508e+00
s297        , -2.124288787488653e+01, -2.076967533659344e+01,  2.760146631835708e+00
s298        , -2.177880180045448e+01, -2.161565007769215e+01,  2.484620569300617e+00
s299        , -1.893486515270964e+01, -1.904466587744007e+01,  3.321966082259292e+00
s300        , -1.774017522269403e+01, -1.709697453633901e+01,  3.956310939353135e+00
s301        , -2.283171483494903e+01, -2.338657922013223e+01,  1.907845507421764e+00
s302        , -1.721456897049112e+01, -1.829403457291675e+01,  3.566439679050470e+00
s303        , -2.130552121943375e+01, -2.235762397689717e+01,  2.242966608466919e+00
s304        , -2.313677054561944e+01, -2.151459450900294e+01,  2.517533423060317e+00
s305        , -1.858159986173835e+01, -1.920557716658106e+01,  3.269558780054402e+00
s306        , -2.163460095493751e+01, -2.110283848230241e+01,  2.651638510659680e+00
s307        , -1.987289536762319e+01, -1.936911142873075e+01,  3.216297200067788e+00
s308        , -2.028550026196297e+01, -2.274573136223454e+01,  2.116563662223023e+00
s309        , -2.129242792516701e+01, -1.980887669399470e+01,  3.073069765380423e+00
s310        , -1.894855963686166e+01, -1.860184974361508e+01,  3.466187156308564e+00
s311        , -2.010039836844276e+01, -1.973721948275939e+01,  3.096407849019029e+00
s312        , -1.830057188159682e+01, -1.923777396199073e+01,  3.259072584859080e+00
s313        , -1.990312271450173e+01, -1.965965013534537e+01,  3.121671460127141e+00
s314        , -1.980645538479249e+01, -2.020039229178059e+01,  2.945556796211962e+00
s315        , -1.914671781515828e+01, -1.957378200780100e+01,  3.149637906322488e+00
s316        , -2.257620253811652e+01, -2.308334453286209e+01,  2.006606209542834e+00
s317        , -1.647333233405121e+01, -1.686856021186047e+01,  4.030703348952089e+00
s318        , -2.027102701488289e+01, -1.997008740696964e+01,  3.020564943632706e+00
s319        , -1.996146248057647e+01, -2.115105701520589e+01,  2.635934185380582e+00
s320        , -2.548773082504399e+01, -2.218761630692541e+01,  2.298336516848875e+00
s321        , -1.727661852750149e+01, -1.822801230074451e+01,  3.587942515728090e+00
s322        , -2.011073789818953e+01, -2.060070451178185e+01,  2.815178849444450e+00
s323        , -2.178223238748198e+01, -2.125579013305871e+01,  2.601823588246755e+00
s324        , -1.879130547869734e+01, -1.849314545875500e+01,  3.501591125402594e+00
s325        , -2.032679436678044e+01, -2.060368303298712e+01,  2.814208772939801e+00
s326        , -2.071891083121713e+01, -2.236181179211270e+01,  2.241602676211138e+00
s327        , -1.834375983430116e+01, -1.913051962160718e+01,  3.294004320595416e+00
s328        , -2.099505369246730e+01, -2.131284713785006e+01,  2.583240655321609e+00
s329        , -2.140321290954873e+01, -2.141502208360687e+01,  2.549963230918196e+00
s330        , -2.114112529442132e+01, -2.093556236495246e+01,  2.706118777895236e+00
s331        , -1.934637322166436e+01, -2.016895161616691e+01,  2.955796730260144e+00
s332        , -1.962462779654497e+01, -2.086606321387609e+01,  2.728754001519921e+00
s333        , -2.293624249800790e+01, -2.330209126695636e+01,  1.935362443731187e+00
s334        , -1.807355423930957e+01, -1.806781322356181e+01,  3.640117857158000e+00
s335        , -1.850164643907080e+01, -1.866737805946904e+01,  3.444845196584861e+00
s336        , -2.151296308555482e+01, -2.115176699929039e+01,  2.635702950203265e+00
s337        , -1.775953587894473e+01, -1.834745852110845e+01,  3.549039998687413e+00
s338        , -2.118082550420247e+01, -2.120225125092904e+01,  2.619260701518673e+00
s339        , -1.761381998690202e+01, -1.881139277903859e+01,  3.397940949090949e+00
s340        , -1.906967392812366e+01, -1.920830454873521e+01,  3.268670497190325e+00
s341        , -2.371082699534004e+01, -2.305974038184465e+01,  2.014293860808725e+00
s342        , -1.901967676945428e+01, -1.872177582283754e+01,  3.427128353724787e+00
s343        , -1.943128604912865e+01, -1.942527576863247e+01,  3.198004999749958e+00
s344        , -2.171448714042025e+01, -2.164563305551070e+01,  2.474855393793494e+00
s345        , -1.896311499883081e+01, -1.965898346183673e+01,  3.121888589454894e+00
s346        , -2.211462969107367e+01, -2.267993892474969e+01,  2.137991643892125e+00
s347        , -1.640817037109120e+01, -1.736135246406499e+01,  3.870205520469210e+00
s348        , -2.058778590237884e+01, -2.062979464541206e+01,  2.805704464940555e+00
s349        , -1.918353701640313e+01, -1.887307373884176e+01,  3.377852037256678e+00
s350        , -2.047073332015930e+01, -2.127759320705658e+01,  2.594722530924417e+00
s351        , -2.167714580870165e+01, -2.208327005103730e+01,  2.332321116658308e+00
s352        , -2.086238589025425e+01, -1.933374774862438e+01,  3.227814819995548e+00
s353        , -1.920058764071421e+01, -1.921191623594490e+01,  3.267494204438720e+00
s354        , -2.053223705409261e+01, -2.214569489470435e+01,  2.311989928805570e+00
s355        , -1.704257081119439e+01, -1.859347016094029e+01,  3.468916308028950e+00
s356        , -2.127143545968418e+01, -2.125969036460816e+01,  2.600553319301846e+00
s357        , -1.906625211198675e+01, -1.891853159268762e+01,  3.363046839331763e+00
s358        , -2.032987192881253e+01, -2.056182920702508e+01,  2.827840172683928e+00
s359        , -2.136102912880764e+01, -2.215585360014677e+01,  2.308681333436199e+00
s360        , -1.881386071055488e+01, -1.898274764175450e+01,  3.342132272629712e+00
s361        , -2.182643688719446e+01, -2.270911143607569e+01,  2.128490429743020e+00
s362        , -2.091897008712596e+01, -2.043900442960000e+01,  2.867843054166808e+00
s363        , -1.798497754334610e+01, -1.917120726089227e+01,  3.280752736947061e+00
s364        , -1.789393844733154e+01, -1.730012631367953e+01,  3.890146305129017e+00
s365        , -2.184332997178521e+01, -2.057844502853591e+01,  2.822428554991040e+00
s366        , -2.293131491804218e+01, -2.226963464162887e+01,  2.271623912182712e+00
s367        , -2.320311495695380e+01, -2.267563694914857e+01,  2.139392757117986e+00
s368        , -1.944159222026194e+01, -1.913422778341710e+01,  3.292796606968646e+00
s369        , -2.221834550731525e+01, -2.218803095754029e+01,  2.298201469020971e+00
s370        , -1.739352775780219e+01, -1.868983894117451e+01,  3.437529897443261e+00
s371        , -2.131349702655302e+01, -2.063074638645415e+01,  2.805394491782800e+00
s372        , -2.230067528571091e+01, -2.251244865019783e+01,  2.192541660125778e+00
s373        , -1.609460498694387e+01, -1.675945848361773e+01,  4.066236761639391e+00
s374        , -1.846307154319872e+01, -1.904239719339744e+01,  3.322704971437695e+00
s375        , -2.092466765927065e+01, -2.039288173574990e+01,  2.882864784264239e+00
s376        , -2.335896110191541e+01, -2.298901256814908e+01,  2.037329248359360e+00
s377        , -2.209438728501526e+01, -2.236389131280444e+01,  2.240925395767268e+00
s378        , -2.111108779470583e+01, -2.055164262779160e+01,  2.831157846286400e+00
s379        , -1.875225846070942e+01, -1.838815590592719e+01,  3.535785241009874e+00
s380        , -1.834869608623442e+01, -1.851735388524052e+01,  3.493706667267281e+00
s381        , -2.068155326614140e+01, -2.047135277323598e+01,  2.857307501131290e+00
s382        , -1.804666933121612e+01, -1.813684790053821e+01,  3.617633908404416e+00
s383        , -2.062194236740874e+01, -2.064406123414789e+01,  2.801057970395001e+00
s384        , -1.800916137079852e+01, -1.817398444270346e+01,  3.605538883881970e+00
s385        , -2.216424509641620e+01, -2.079078686653037e+01,  2.753270803947442e+00
s386        , -2.182057698940036e+01, -2.181524322921768e+01,  2.419614946228023e+00
s387        , -1.799817167842237e+01, -1.787260893808184e+01,  3.703694067599482e+00
s388        , -2.351217009702901e+01, -2.295084860052778e+01,  2.049758895745470e+00
s389        , -2.149803565649794e+01, -2.127701539696902e+01,  2.594910718266878e+00
s390        , -2.025125341850577e+01, -2.078235816157483e+01,  2.756015954335330e+00
s391        , -1.925641978436478e+01, -1.944375046915085e+01,  3.191987962546535e+00
s392        , -1.954014294555121e+01, -2.057763665837224e+01,  2.822691833594344e+00
s393        , -2.007195889273447e+01, -1.998398567389231e+01,  3.016038408057551e+00
s394        , -1.933645012315517e+01, -1.785620074554898e+01,  3.709038062475766e+00
s395        , -2.191328817199827e+01, -2.257136157539728e+01,  2.173354271278271e+00
s396        , -1.985518647713905e+01, -2.126331417930601e+01,  2.599373076740753e+00
s397        , -1.859895904181181e+01, -1.889818193622576e+01,  3.369674532153413e+00
s398        , -2.089338265909714e+01, -2.156101373976017e+01,  2.502415113665127e+00
s399        , -1.650074457052408e+01, -1.750105770229138e+01,  3.824704830751154e+00
s400        , -1.659170957499870e+01, -1.808210088226101e+01,  3.635464500322399e+00
s401        , -1.654426837808786e+01, -1.774556656968678e+01,  3.745070579022936e+00
s402        , -1.877939202276407e+01, -1.897822070235729e+01,  3.343606654460344e+00
s403        , -2.106694758002669e+01, -2.144814895943767e+01,  2.539174117226816e+00
s404        , -2.165676773412189e+01, -2.082970408135547e+01,  2.740595830990606e+00
s405        , -2.212611753855641e+01, -2.211106023828655e+01,  2.323270112535001e+00
s406        , -1.885653015374473e+01, -1.952508523250007e+01,  3.165497990678429e+00
s407        , -1.790225292709843e+01, -1.600629329393474e+01,  4.311535621132921e+00
s408        , -1.653237145459570e+01, -1.811372910962574e+01,  3.625163482422679e+00
s409        , -1.984138826084547e+01, -1.941683230412701e+01,  3.200754957185237e+00
s410        , -1.632163885458830e+01, -1.831898212654292e+01,  3.558314494116964e+00
s411        , -1.826950002229553e+01, -1.815916500968736e+01,  3.610365434640005e+00
s412        , -2.254085603631221e+01, -2.057970466977046e+01,  2.822018301619751e+00
s413        , -1.907038707751166e+01, -1.893180832636383e+01,  3.358722731323073e+00
s414        , -1.996831080241482e+01, -2.018587496861734e+01,  2.950284952615928e+00
s415        , -2.069762370804266e+01, -1.958188978478609e+01,  3.146997279173608e+00
s416        , -1.735494379178349e+01, -1.854658561744358e+01,  3.484186165432286e+00
s417        , -1.714858900796163e+01, -1.712978253925289e+01,  3.945625679589040e+00
s418        , -2.014294405560549e+01, -2.092067871070345e+01,  2.710966244908303e+00
s419        , -1.771416578387462e+01, -1.823707961840778e+01,  3.584989375152909e+00
s420        , -2.335906844703241e+01, -2.305437752647845e+01,  2.016040492653873e+00
s421        , -2.045819521600993e+01, -2.171439405169892e+01,  2.452460580313455e+00
s422        , -1.913624718404630e+01, -1.908266799851854e+01,  3.309589146778767e+00
s423        , -2.001718266940652e+01, -1.945630850577690e+01,  3.187897927446606e+00
s424        , -2.199980092896302e+01, -2.283914434786852e+01,  2.086139926299241e+00
s425        , -1.799669141475633e+01, -1.804370112963547e+01,  3.647970940679587e+00
s426        , -2.179879403652462e+01, -2.233218899167053e+01,  2.251250545314765e+00
s427        , -1.855895626610580e+01, -1.931760459282034e+01,  3.233072494887590e+00
s428        , -2.201089453299450e+01, -2.107055682901508e+01,  2.662152343272258e+00
s429        , -2.010895188317044e+01, -2.060141563135840e+01,  2.814947244447989e+00
s430        , -2.197039083997888e+01, -2.204016336291443e+01,  2.346360561892805e+00
s431        , -2.053790779896415e+01, -2.026134925010105e+01,  2.925703684890530e+00
s432        , -2.056150222449639e+01, -2.174985272135086e+01,  2.440912023178943e+00
s433        , -1.961788415450921e+01, -1.894971134355148e+01,  3.352891886034706e+00
s434        , -2.169585176655818e+01, -2.170270091702369e+01,  2.456268924935627e+00
s435        , -1.969212203292086e+01, -1.965497166592648e+01,  3.123195193868886e+00
s436        , -1.841763911968392e+01, -1.933366424540191e+01,  3.227842016214275e+00
s437        , -2.085473352476042e+01, -1.875216083057416e+01,  3.417232240832698e+00
s438        , -2.075193174001312e+01, -2.117140230060423e+01,  2.629307916173446e+00
s439        , -1.747889033992054e+01, -1.782444150285531e+01,  3.719381750843008e+00
s440        , -2.292628299240021e+01, -2.132751248069238e+01,  2.578464290292288e+00
s441        , -1.928590410708185e+01, -1.930002679060397e+01,  3.238797420700868e+00
s442        , -2.265396374356312e+01, -2.128807788828289e+01,  2.591307768290404e+00
s443        , -1.939450551490213e+01, -1.847943492279909e+01,  3.506056518757334e+00
s444        , -2.014197468633274e+01, -2.040901792796938e+01,  2.877609377346569e+00
s445        , -2.136890748153691e+01, -2.092503280692808e+01,  2.709548156482742e+00
s446        , -1.984877428373165e+01, -1.977911921450807e+01,  3.082761498189457e+00
s447        , -2.124129540469972e+01, -2.132527331839648e+01,  2.579193564513840e+00
s448        , -1.996883442559681e+01, -2.019073257454519e+01,  2.948702875788304e+00
s449        , -2.213132573342666e+01, -2.128032019724336e+01,  2.593834375720445e+00
s450        , -2.393776981346641e+01, -2.231870315233468e+01,  2.255642757081468e+00
s451        , -1.778758837631850e+01, -1.790947616811552e+01,  3.691686755519972e+00
s452        , -2.093231028730361e+01, -1.983053417813680e+01,  3.066016125312708e+00
s453        , -1.913112365245808e+01, -1.929123515457140e+01,  3.241660774346804e+00
s454        , -1.694745233262931e+01, -1.753140832079063e+01,  3.814819918112105e+00
s455        , -1.959305905778561e+01, -1.926602222599205e+01,  3.249872389421062e+00
s456        , -1.690137029519855e+01, -1.777409243072898e+01,  3.735779972824490e+00
s457        , -1.744399185749123e+01, -1.835153949730677e+01,  3.547710862900494e+00
s458        , -2.020627098912283e+01, -2.091991120812368e+01,  2.711216213321682e+00
s459        , -1.884232545378780e+01, -1.868439976909379e+01,  3.439301384928698e+00
s460        , -2.233016805188693e+01, -2.160817675878656e+01,  2.487054559385775e+00
s461        , -1.623645396367353e+01, -1.706278537353984e+01,  3.967446029976753e+00
s462        , -2.313545884021418e+01, -2.271298842254362e+01,  2.127227731503799e+00
s463        , -2.090493117250811e+01, -1.942292359418459e+01,  3.198771080972641e+00
s464        , -1.633431188033305e+01, -1.703669124741868e+01,  3.975944642850371e+00
s465        , -1.999082968954132e+01, -2.002851880052023e+01,  3.001534385140472e+00
s466        , -1.900684695054017e+01, -1.949494723191261e+01,  3.175313655651781e+00
s467        , -1.783078222536251e+01, -1.788687433591679e+01,  3.699047960919209e+00
s468        , -1.945030486126850e+01, -1.930638038348900e+01,  3.236728114910142e+00
s469        , -2.270314762369042e+01, -2.175302860872454e+01,  2.439877666358799e+00
s470        , -2.119907484802825e+01, -2.083579427406882e+01,  2.738612312172764e+00
s471        , -1.972012875359749e+01, -2.011246694322400e+01,  2.974193260054085e+00
s472        , -1.766462305551830e+01, -1.794926536951652e+01,  3.678727784689240e+00
s473        , -2.127822401317911e+01, -2.092018827229259e+01,  2.711125976112672e+00
s474        , -1.654177405306909e+01, -1.674802028848150e+01,  4.069962074837634e+00
s475        , -2.297159509003216e+01, -2.273757886998174e+01,  2.119218852716471e+00
s476        , -2.252587602064435e+01, -2.251689507022568e+01,  2.191093502700818e+00
s477        , -2.178946083596680e+01, -1.933841816334462e+01,  3.226293709593832e+00
s478        , -1.788602657411998e+01, -1.779506153049539e+01,  3.728950533110911e+00
s479        , -1.952938513246325e+01, -1.970622139991619e+01,  3.106503634740518e+00
s480        , -2.203955610850313e+01, -2.315280024553442e+01,  1.983985133400158e+00
s481        , -1.615402914764109e+01, -1.831951234581679e+01,  3.558141806657502e+00
s482        , -2.215324565636576e+01, -2.202992829172048e+01,  2.349694028873359e+00
s483        , -2.217560840271064e+01, -2.200199280613450e+01,  2.358792355306267e+00
s484        , -2.403070638423247e+01, -2.293832455860054e+01,  2.053837859089878e+00
s485        , -1.896886917982663e+01, -1.764159595906757e+01,  3.778932834680917e+00
s486        , -2.293847835350512e+01, -2.229213672207420e+01,  2.264295194996786e+00
s487        , -1.935879902533930e+01, -2.091895047885806e+01,  2.711529113859794e+00
s488        , -2.071941340396909e+01, -2.022810669348083e+01,  2.936530474733302e+00
s489        , -2.120929532988995e+01, -1.989615014230620e+01,  3.044645619352262e+00
s490        , -2.336106814107168e+01, -2.327408173878776e+01,  1.944484885140891e+00
s491        , -1.878377211600346e+01, -1.870274112045652e+01,  3.433327778298336e+00
s492        , -2.196689093989351e+01, -2.131298791422953e+01,  2.583194805771203e+00
s493        , -2.118321097196467e+01, -2.216642208519948e+01,  2.305239276679572e+00
s494        , -2.014379663919148e+01, -1.890265713210052e+01,  3.368217002704196e+00
s495        , -1.971897958689983e+01, -1.975475443473364e+01,  3.090696879128922e+00
s496        , -2.171934681583978e+01, -2.294944919478301e+01,  2.050214669110813e+00
s497        , -1.930074135275753e+01, -1.922411011967363e+01,  3.263522770532286e+00
s498        , -2.146882601091719e+01, -2.182140133375960e+01,  2.417609309162651e+00
s499        , -1.852368794388046e+01, -1.871209546670453e+01,  3.430281155197088e+00
s500        , -2.050589701281523e+01, -2.013199588707944e+01,  2.967832865653928e+00
s501        , -2.141899489528082e+01, -2.062911937065769e+01,  2.805924395613613e+00
s502        , -1.777920620854658e+01, -1.915230743768253e+01,  3.286908232635768e+00
s503        , -2.264989988763092e+01, -2.278543742041087e+01,  2.103631770363102e+00
s504        , -1.994570445298742e+01, -1.999504194671663e+01,  3.012437483384975e+00
s505        , -2.256898602446125e+01, -2.226301825448422e+01,  2.273778807606427e+00
s506        , -2.050664132584332e+01, -1.989591894499291e+01,  3.044720918155290e+00
s507        , -2.255451727781655e+01, -2.104864927888400e+01,  2.669287427494237e+00
s508        , -2.063695726234980e+01, -2.017684445180484e+01,  2.953226107498134e+00
s509        , -2.049565878814769e+01, -2.023656072401595e+01,  2.933777076040962e+00
s510        , -1.886667658587990e+01, -2.025341325236499e+01,  2.928288365144298e+00
s511        , -2.270091090950000e+01, -2.184780557430236e+01,  2.409009694921772e+00
s512        , -2.052865138648571e+01, -1.994090562485327e+01,  3.030069177191547e+00
s513        , -1.872228566034903e+01, -1.930943937788668e+01,  3.235731829039226e+00
s514        , -2.338235400416073e+01, -2.260750698968817e+01,  2.161582047836549e+00
s515        , -2.063189590001077e+01, -1.863217233610950e+01,  3.456311371477219e+00
s516        , -2.353360034901451e+01, -2.247711632196863e+01,  2.204049069040312e+00
s517        , -2.274108402549141e+01, -2.205560985466688e+01,  2.341329783967917e+00
s518        , -2.095244706423326e+01, -1.929028679003687e+01,  3.241969647807621e+00
s519        , -2.165153402286209e+01, -2.197374316818167e+01,  2.367992998227445e+00
s520        , -1.917430642162448e+01, -2.062238669022164e+01,  2.808117166674891e+00
s521        , -2.048146586988528e+01, -1.956279631391345e+01,  3.153215844095337e+00
s522        , -1.837039701152461e+01, -1.888524088527220e+01,  3.373889311438275e+00
s523        , -2.237538522976599e+01, -2.176303332466058e+01,  2.436619223931713e+00
s524        , -2.219430447580721e+01, -2.282549293358804e+01,  2.090586064277133e+00
s525        , -2.096151325596525e+01, -1.969775514984035e+01,  3.109261013223006e+00
s526        , -2.193172581512368e+01, -2.192378448485659e+01,  2.384264074226854e+00
s527        , -2.063376120076111e+01, -2.150782319945314e+01,  2.519738775262724e+00
s528        , -1.776721144005281e+01, -1.636681643541105e+01,  4.194116605176561e+00
s529        , -2.226349149791107e+01, -2.320034662900802e+01,  1.968499720905158e+00
s530        , -2.300566448791293e+01, -2.276120334273534e+01,  2.111524582851140e+00
s531        , -1.846679125419261e+01, -1.924648959771535e+01,  3.256233983802770e+00
s532        , -1.859817726729017e+01, -1.940807537150813e+01,  3.203607008253844e+00
s533        , -2.134099683522431e+01, -2.129080106424660e+01,  2.590420855343219e+00
s534        , -2.286936511308830e+01, -2.232456371129853e+01,  2.253734027828551e+00
s535        , -1.777040539985326e+01, -1.868043114970774e+01,  3.440593927152500e+00
s536        , -1.995222678224889e+01, -2.013953138296910e+01,  2.965378625106471e+00
s537        , -2.015268820600640e+01, -2.101886175049525e+01,  2.678988946949707e+00
s538        , -1.740140208992538e+01, -1.871521605410894e+01,  3.429264809059831e+00
s539        , -1.924950405987826e+01, -1.948581737001840e+01,  3.178287166298132e+00
s540        , -2.157643164881004e+01, -2.215649579482487e+01,  2.308472176634650e+00
s541        , -1.586673793577160e+01, -1.795412145393454e+01,  3.677146203403141e+00
s542        , -2.009907109345192e+01, -1.951366625471579e+01,  3.169217044964839e+00
s543        , -1.879069098033760e+01, -1.897287065268809e+01,  3.345349115609726e+00
s544        , -2.248614661420541e+01, -2.222925298060208e+01,  2.284775841573519e+00
s545        , -1.987972862262733e+01, -2.079652489841328e+01,  2.751401980619046e+00
s546        , -2.126472237694319e+01, -2.069998820305534e+01,  2.782843079590369e+00
s547        , -1.738356621674509e+01, -1.710011034283501e+01,  3.955289636500057e+00
s548        , -1.943625792183643e+01, -2.013490228126604e+01,  2.966886280244809e+00
s549        , -2.233202963006129e+01, -2.203935675248959e+01,  2.346623267365628e+00
s550        , -2.412763530103872e+01, -2.313300318348913e+01,  1.990432851387597e+00
s551        , -1.731823103856605e+01, -1.789833763728438e+01,  3.695314470856183e+00
s552        , -2.060923402045430e+01, -2.100689630447425e+01,  2.682885980830837e+00
s553        , -1.992869680942914e+01, -2.024186393003408e+01,  2.932049871430705e+00
s554        , -1.812921854031919e+01, -1.844925543394725e+01,  3.515885696070439e+00
s555        , -2.102602816640752e+01, -2.159521792456554e+01,  2.491275130514560e+00
s556        , -1.941820686683750e+01, -2.028368461898991e+01,  2.918429264099641e+00
s557        , -2.190718211184164e+01, -2.232712308748072e+01,  2.252900462938528e+00
s558        , -1.909304407213536e+01, -1.913267858613509e+01,  3.293301166036980e+00
s559        , -2.023025085829861e+01, -2.031627829245611e+01,  2.907813809432478e+00
s560        , -2.107002513254548e+01, -1.991383433903479e+01,  3.038886041841238e+00
s561        , -2.121559386756793e+01, -2.231589662016032e+01,  2.256556818367002e+00
s562        , -1.764234380631898e+01, -1.839862113061510e+01,  3.532376815188482e+00
s563        , -1.646928563220792e+01, -1.848063044822048e+01,  3.505667147306846e+00
s564        , -1.863449571719480e+01, -1.864365624326741e+01,  3.452571170300967e+00
s565        , -2.028655126138008e+01, -1.953762892339911e+01,  3.161412627847642e+00
s566        , -1.821002786093300e+01, -1.861989596011503e+01,  3.460309672343227e+00
s567        , -2.066943738863287e+01, -2.082025952773868e+01,  2.743671833788343e+00
s568        , -2.062629415098700e+01, -2.022139819622484e+01,  2.938715369558967e+00
s569        , -2.065075063553067e+01, -2.121971590651680e+01,  2.613572626504306e+00
s570        , -2.031634942577389e+01, -1.944169106738718e+01,  3.192658690443668e+00
s571        , -2.047206271335130e+01, -1.976274381521107e+01,  3.088094812615466e+00
s572        , -2.393038589894997e+01, -2.345982990449184e+01,  1.883988444487007e+00
s573        , -1.926109501090367e+01, -1.841236402176648e+01,  3.527900884049131e+00
s574        , -2.085894290369713e+01, -2.051663186233763e+01,  2.842560525211947e+00
s575        , -2.021973442813006e+01, -1.982768533857253e+01,  3.066943965719526e+00
s576        , -1.844714179521902e+01, -1.875527900147989e+01,  3.416216681726463e+00
s577        , -1.949977509463960e+01, -2.016624094043528e+01,  2.956679571998630e+00
s578        , -2.108198153892643e+01, -2.012609408598772e+01,  2.969755027082241e+00
s579        , -2.029210259566103e+01, -1.979384631692212e+01,  3.077965018645134e+00
s580        , -2.195204710511243e+01, -2.093601054991439e+01,  2.705972808244080e+00
s581        , -2.000078291173359e+01, -2.029285853138391e+01,  2.915441406617422e+00
s582        , -2.354247422413414e+01, -2.270064267648021e+01,  2.131248625552586e+00
s583        , -1.881717670098672e+01, -1.961362199358407e+01,  3.136662395493397e+00
s584        , -2.079214981383572e+01, -2.076089492588152e+01,  2.763006329499675e+00
s585        , -2.214462266832296e+01, -2.329310384421585e+01,  1.938289563277117e+00
s586        , -1.671124709479596e+01, -1.712207566257575e+01,  3.948135737256412e+00
s587        , -1.722924462132460e+01, -1.703738216867490e+01,  3.975719616257971e+00
s588        , -2.306180681354529e+01, -2.240345693456140e+01,  2.228039242735927e+00
s589        , -2.054966159202169e+01, -2.029839941466964e+01,  2.913636792743607e+00
s590        , -2.302597507766974e+01, -2.228544983010188e+01,  2.266473053183590e+00
s591        , -2.031576031139625e+01, -1.996776183728115e+01,  3.021322359934034e+00
s592        , -1.675983730084032e+01, -1.628685204737636e+01,  4.220160258618992e+00
s593        , -1.833051427645905e+01, -1.998813003367371e+01,  3.014688628830321e+00
s594        , -1.700453572465554e+01, -1.813309174691700e+01,  3.618857252515360e+00
s595        , -2.121342929627275e+01, -2.309341852792477e+01,  2.003325203552024e+00
s596        , -1.895402289388661e+01, -1.935695562414768e+01,  3.220256231952557e+00
s597        , -2.389559541191659e+01, -2.258334977411666e+01,  2.169449827056040e+00
s598        , -1.923753651242740e+01, -2.064479331884147e+01,  2.800819537255969e+00
s599        , -2.358158831573873e+01, -2.331567201780712e+01,  1.930939320171589e+00
s600        , -1.942143232536245e+01, -1.766243102191509e+01,  3.772147049538452e+00
s601        , -2.073803555561576e+01, -1.987155045769936e+01,  3.052657506599067e+00
s602        , -1.821856306700227e+01, -1.882459307976543e+01,  3.393641734579151e+00
s603        , -1.722454836479658e+01, -1.788953685317771e+01,  3.698180803944312e+00
s604        , -1.805154515236764e+01, -1.876612280620807e+01,  3.412684955926027e+00
s605        , -2.021935755598555e+01, -1.915412183208059e+01,  3.286317301346572e+00
s606        , -1.827906736534894e+01, -1.932697693818252e+01,  3.230020009643165e+00
s607        , -2.237721630921111e+01, -2.219458774088055e+01,  2.296065985998996e+00
s608        , -2.098562136420296e+01, -2.087983108495647e+01,  2.724269934651280e+00
s609        , -1.946776205882490e+01, -1.921313000500746e+01,  3.267098891204900e+00
s610        , -2.069261977150295e+01, -2.039395052079121e+01,  2.882516690970404e+00
s611        , -2.170289912291919e+01, -2.142963936763224e+01,  2.545202518196162e+00
s612        , -1.930046031145336e+01, -1.977066066528776e+01,  3.085516368575310e+00
s613        , -2.385958137896088e+01, -2.317743485899869e+01,  1.975961870151105e+00
s614        , -1.933674081040147e+01, -1.966134540838467e+01,  3.121119325550600e+00
s615        , -1.973716697922491e+01, -1.966936508136989e+01,  3.118507393050622e+00
s616        , -1.815004309366292e+01, -1.778152327032843e+01,  3.733359817852125e+00
s617        , -1.832352306169715e+01, -1.835571802341706e+01,  3.546349956019430e+00
s618        , -1.700993990522181e+01, -1.659395012541739e+01,  4.120141286250094e+00
s619        , -2.331208521979489e+01, -2.289813971521407e+01,  2.066925686815659e+00
s620        , -2.294394567846179e+01, -2.278795307347181e+01,  2.102812445684819e+00
s621        , -2.117716243218820e+01, -2.052277949204233e+01,  2.840558299703111e+00
s622        , -2.002792552777272e+01, -2.091080771943933e+01,  2.714181134460195e+00
s623        , -1.988853831837967e+01, -1.941846765776450e+01,  3.200222337797567e+00
s624        , -2.364575476956619e+01, -2.250495599529314e+01,  2.194981947765029e+00
s625        , -2.144171537166414e+01, -2.264861326015575e+01,  2.148194119926640e+00
s626        , -2.037069722396305e+01, -2.016576015447982e+01,  2.956836159488534e+00
s627        , -1.998545144661707e+01, -1.943970349073598e+01,  3.193306025573296e+00
s628        , -2.158119065398551e+01, -2.314997290917175e+01,  1.984905970415288e+00
s629        , -1.843917864187274e+01, -1.709844598158260e+01,  3.955831703396662e+00
s630        , -1.962256463480217e+01, -1.958774546728564e+01,  3.145090138139510e+00
s631        , -2.101091990223662e+01, -2.082710236790553e+01,  2.741443184732841e+00
s632        , -2.022844039713042e+01, -2.045012086478195e+01,  2.864222535176922e+00
s633        , -2.473876586737651e+01, -2.245308518727772e+01,  2.211875784895962e+00
s634        , -2.051539403555230e+01, -2.039846381559572e+01,  2.881046753056026e+00
s635        , -2.382235458298951e+01, -2.270829955891637e+01,  2.128754850542014e+00
s636        , -1.910586081968059e+01, -1.844469523868418e+01,  3.517370909025609e+00
s637        , -1.917066616024459e+01, -1.926631542895048e+01,  3.249776895959216e+00
s638        , -2.192001400012589e+01, -2.290467055553145e+01,  2.064798653193644e+00
s639        , -2.010078758798683e+01, -1.921966988214926e+01,  3.264968914373672e+00
s640        , -1.983289623130970e+01, -1.970833776078751e+01,  3.105814355794646e+00
s641        , -2.307886864739055e+01, -2.268224092273486e+01,  2.137241904674149e+00
s642        , -2.260273435105626e+01, -2.207537322123262e+01,  2.334893040283082e+00
s643        , -2.012782689900612e+01, -1.976126241542880e+01,  3.088577290672105e+00
s644        , -1.902512926743999e+01, -1.925751859883260e+01,  3.252641941270171e+00
s645        , -2.049081123370357e+01, -1.975263188754462e+01,  3.091388172900622e+00
s646        , -2.159630341817387e+01, -2.174897356420906e+01,  2.441198356439103e+00
s647        , -2.046804100673445e+01, -2.034506212469783e+01,  2.898439184426617e+00
s648        , -2.112203592795417e+01, -2.150714723213427e+01,  2.519958931497566e+00
s649        , -2.130712394597167e+01, -2.269769969352193e+01,  2.132207127582506e+00
s650        , -1.872664219670308e+01, -1.828252456078399e+01,  3.570188382372927e+00
s651        , -2.286060777226206e+01, -2.292118747734018e+01,  2.059419246208930e+00
s652        , -2.513277458672901e+01, -2.287507038817714e+01,  2.074439150912194e+00
s653        , -2.212366926194319e+01, -2.191219293063499e+01,  2.388039335045149e+00
s654        , -2.219498706816524e+01, -2.172293689852800e+01,  2.449678254984688e+00
s655        , -2.136195741190379e+01, -2.122644649940746e+01,  2.611380535337046e+00
s656        , -2.204727614381470e+01, -2.174896236219510e+01,  2.441202004830298e+00
s657        , -2.036339525797458e+01, -2.013887319119695e+01,  2.965592992011963e+00
s658        , -1.602366185676991e+01, -1.638902755768220e+01,  4.186882650347236e+00
s659        , -1.871169938684588e+01, -1.918732448586443e+01,  3.275503507484481e+00
s660        , -2.183022460938435e+01, -2.033528196895709e+01,  2.901624489697938e+00
s661        , -2.183692812512830e+01, -2.251926680357059e+01,  2.190321051328265e+00
s662        , -1.575332316936146e+01, -1.591550982942238e+01,  4.341102946615831e+00
s663        , -2.161244100467384e+01, -2.210955124065038e+01,  2.323761578954588e+00
s664        , -1.792030659393350e+01, -1.785036825342260e+01,  3.710937650622170e+00
s665        , -2.036353189911458e+01, -2.058818557469322e+01,  2.819256150190657e+00
s666        , -1.896012969757172e+01, -1.961500082716268e+01,  3.136213322290204e+00
s667        , -1.834472710605888e+01, -1.985803734642740e+01,  3.057058600580342e+00
s668        , -2.315183675604283e+01, -2.288476151739920e+01,  2.071282840745528e+00
s669        , -2.168824836514504e+01, -2.041454603523371e+01,  2.875808924503456e+00
s670        , -1.765957516951316e+01, -1.735185691819201e+01,  3.873298130967963e+00
s671        , -1.925271531654228e+01, -1.999031048587274e+01,  3.013978475938326e+00
s672        , -2.010246672918431e+01, -2.066711474491481e+01,  2.793549657509714e+00
s673        , -2.045224673553428e+01, -2.028551100161526e+01,  2.917834428356917e+00
s674        , -1.961862741224291e+01, -1.957080815697877e+01,  3.150606461727052e+00
s675        , -1.819835804307071e+01, -1.819945432443300e+01,  3.597243581569443e+00
s676        , -2.030955144796039e+01, -2.009741674019162e+01,  2.979094970448511e+00
s677        , -1.708028116046972e+01, -1.742674063644619e+01,  3.848909204164115e+00
s678        , -1.996975063415185e+01, -1.971075208038289e+01,  3.105028034478539e+00
s679        , -2.075675552323975e+01, -2.002665685766962e+01,  3.002140802516039e+00
s680        , -1.844365265503332e+01, -1.862567856983097e+01,  3.458426330431458e+00
s681        , -1.908965101407623e+01, -1.861336935675530e+01,  3.462435326027757e+00
s682        , -2.132701003782740e+01, -2.004380783858900e+01,  2.996554888408020e+00
s683        , -2.134055790648813e+01, -2.193295951873263e+01,  2.381275851488419e+00
s684        , -2.228765611405496e+01, -2.332660580378184e+01,  1.927378288320563e+00
s685        , -2.220524684044785e+01, -2.069056626481547e+01,  2.785911716771320e+00
s686        , -2.092862014660340e+01, -2.012885208337395e+01,  2.968856773123355e+00
s687        , -2.266843571203506e+01, -2.296137819214983e+01,  2.046329506215519e+00
s688        , -1.791243182954496e+01, -1.918764971563280e+01,  3.275397583190121e+00
s689        , -2.022924986754604e+01, -2.019549361788337e+01,  2.947152248493186e+00
s690        , -1.926971843911773e+01, -1.821351585522102e+01,  3.592663872480014e+00
s691        , -1.839442212707931e+01, -1.786324875153463e+01,  3.706742592831568e+00
s692        , -1.811967055159425e+01, -1.842311547439975e+01,  3.524399236462430e+00
s693        , -1.897178714286070e+01, -1.928889462940266e+01,  3.242423061508202e+00
s694        , -2.117746495604092e+01, -2.295227271046565e+01,  2.049295076455442e+00
s695        , -2.262578130233349e+01, -2.233552875478725e+01,  2.250162815697501e+00
s696        , -2.110358706695218e+01, -2.224581777783963e+01,  2.279380842009318e+00
s697        , -2.080079623838923e+01, -2.001001173449717e+01,  3.007561963486118e+00
s698        , -2.284382050270110e+01, -2.240146590359998e+01,  2.228687702902092e+00
s699        , -1.710021253686445e+01, -1.780529043952771e+01,  3.725619073088777e+00
s700        , -1.768315556313765e+01, -1.754035719773086e+01,  3.811905352572892e+00
s701        , -1.903295584190279e+01, -1.840600700650283e+01,  3.529971304476573e+00
s702        , -1.837939645173277e+01, -1.900156886814920e+01,  3.336002375188711e+00
s703        , -2.091048572489854e+01, -2.167763051846769e+01,  2.464434119314066e+00
s704        , -2.101614044515869e+01, -2.020183899621587e+01,  2.945085618105406e+00
s705        , -1.998067347119072e+01, -1.972027918826006e+01,  3.101925144530151e+00
s706        , -2.205053681559340e+01, -2.224475797327017e+01,  2.279726010447443e+00
s707        , -2.095566328486310e+01, -1.989767704696770e+01,  3.044148320781971e+00
s708        , -2.098548818691052e+01, -1.978790125474591e+01,  3.079901269804134e+00
s709        , -2.115794840593145e+01, -2.042436515175951e+01,  2.872610930068761e+00
s710        , -2.144561556804213e+01, -2.164522890932282e+01,  2.474987020427750e+00
s711        , -2.158487030708884e+01, -2.282595815241710e+01,  2.090434546854731e+00
s712        , -1.701606937532507e+01, -1.778527976019912e+01,  3.732136364227872e+00
s713        , -2.069677260469373e+01, -2.072947204842419e+01,  2.773240466854765e+00
s714        , -1.667903695847065e+01, -1.630490410806697e+01,  4.214280871255408e+00
s715        , -1.903979308955687e+01, -1.936487641865898e+01,  3.217676503246930e+00
s716        , -1.775292931769286e+01, -1.825524214160134e+01,  3.579074011185041e+00
s717        , -1.980553907801730e+01, -1.990291489646760e+01,  3.042442402178557e+00
s718        , -2.205506805307129e+01, -2.220187886862684e+01,  2.293691333870770e+00
s719        , -2.211926724507942e+01, -2.242171700015780e+01,  2.222092110119562e+00
s720        , -2.227273745316376e+01, -2.254452709615533e+01,  2.182094010240349e+00
s721        , -1.785735939085095e+01, -1.753487424323976e+01,  3.813691099579981e+00
s722        , -2.185625504194673e+01, -2.268944867788968e+01,  2.134894406219355e+00
s723        , -2.033801839240394e+01, -2.038837191159161e+01,  2.884333591821594e+00
s724        , -2.101306363073858e+01, -2.224700045355883e+01,  2.278995655586680e+00
s725        , -1.977835943733275e+01, -1.976745345669575e+01,  3.086560926423380e+00
s726        , -1.782642809085736e+01, -1.781667574391636e+01,  3.721910985912444e+00
s727        , -2.098840179836340e+01, -1.967641971438569e+01,  3.116209765044671e+00
s728        , -2.135488943619893e+01, -2.197472763569735e+01,  2.367672366363262e+00
s729        , -1.830313789299144e+01, -1.971569697186440e+01,  3.103417529562285e+00
s730        , -1.974102380594271e+01, -1.965979654928989e+01,  3.121623774474513e+00
s731        , -1.858542568590836e+01, -1.919860327990981e+01,  3.271830109730984e+00
s732        , -1.728575125425960e+01, -1.867375138127728e+01,  3.442769465268329e+00
s733        , -2.189672381410002e+01, -2.130239970872352e+01,  2.586643285295066e+00
s734        , -1.907291800543370e+01, -1.900199098744076e+01,  3.335864894882652e+00
s735        , -2.104653345651221e+01, -2.052641347898527e+01,  2.839374744136912e+00
s736        , -1.839280423093862e+01, -1.883288350303829e+01,  3.390941621242254e+00
s737        , -2.165426899727042e+01, -2.143509381507898e+01,  2.543426055666851e+00
s738        , -1.806822955624155e+01, -1.771978091856105e+01,  3.753468724475066e+00
s739        , -1.955458939471557e+01, -2.026666935459971e+01,  2.923970976603178e+00
s740        , -1.834079412742093e+01, -1.880912790928529e+01,  3.398678595990987e+00
s741        , -2.108323768665554e+01, -2.054251264638853e+01,  2.834131395855671e+00
s742        , -1.784982580383593e+01, -1.820762009639202e+01,  3.594584065999857e+00
s743        , -2.007117762213282e+01, -1.703047914146740e+01,  3.977967867669808e+00
s744        , -2.048858578542649e+01, -2.044130581676556e+01,  2.867093513887067e+00
s745        , -2.120349313282904e+01, -2.174934247719787e+01,  2.441078204928321e+00
s746        , -1.892251493836264e+01, -1.897000422232142e+01,  3.346282685176391e+00
s747        , -2.116880416688591e+01, -2.059845041721875e+01,  2.815912986965797e+00
s748        , -2.167842994358758e+01, -2.050021559039353e+01,  2.847907151476923e+00
s749        , -2.059667445248301e+01, -2.127098475589495e+01,  2.596874841672671e+00
s750        , -2.032384862658092e+01, -1.957111014143540e+01,  3.150508108213361e+00
s751        , -2.236553637276776e+01, -1.939337112911272e+01,  3.208396042503860e+00
s752        , -1.716732359631470e+01, -1.792794112862776e+01,  3.685672890545475e+00
s753        , -2.206691124025960e+01, -2.167045722851765e+01,  2.466770392773946e+00
s754        , -1.859855862913608e+01, -1.850731115680002e+01,  3.496977490011619e+00
s755        , -2.251644582892857e+01, -2.281544181622607e+01,  2.093859619214747e+00
s756        , -2.026279534630465e+01, -1.935779565486121e+01,  3.219982641804218e+00
s757        , -1.901185247831666e+01, -1.934115396925551e+01,  3.225402683190953e+00
s758        , -1.866312886885699e+01, -1.915633425012044e+01,  3.285596737479132e+00
s759        , -2.105033567951521e+01, -2.056672200211042e+01,  2.826246635076759e+00
s760        , -1.976737462921502e+01, -1.993127069734214e+01,  3.033207182986500e+00
s761        , -2.282845273202710e+01, -2.219704274612864e+01,  2.295266413746245e+00
s762        , -1.737428124739802e+01, -1.661924081615833e+01,  4.111904344766954e+00
s763        , -2.048674857080450e+01, -1.994894228789851e+01,  3.027451711187890e+00
s764        , -1.996103637141938e+01, -2.054982514339225e+01,  2.831749783960121e+00
s765        , -1.985538741097363e+01, -2.014525504023170e+01,  2.963514483457496e+00
s766        , -1.902823974868692e+01, -1.935976172229186e+01,  3.219342312026591e+00
s767        , -2.019726225103009e+01, -1.967863175839500e+01,  3.115489322995484e+00
s768        , -2.180287541987858e+01, -2.213941767487223e+01,  2.314034360607119e+00
s769        , -2.332774774981945e+01, -2.120534595173788e+01,  2.618252786403528e+00
s770        , -2.255011500408412e+01, -2.046024680956245e+01,  2.860924609648797e+00
s771        , -1.837836194936116e+01, -1.878643283184693e+01,  3.406070170492844e+00
s772        , -2.036442085092615e+01, -2.010556940885326e+01,  2.976439722500352e+00
s773        , -2.207703951964118e+01, -2.293457562114352e+01,  2.055058852963623e+00
s774        , -2.410464814655394e+01, -2.287923389628616e+01,  2.073083135253710e+00
s775        , -2.145476048405246e+01, -2.046300751737832e+01,  2.860025472928322e+00
s776        , -1.783304251394927e+01, -1.864555670373385e+01,  3.451952208098096e+00
s777        , -1.926023008452307e+01, -1.996520039291061e+01,  3.022156598413662e+00
s778        , -1.976550707196644e+01, -1.980525804945284e+01,  3.074248324070058e+00
s779        , -2.301809423461469e+01, -2.135962853182373e+01,  2.568004392753380e+00
s780        , -1.989864127452180e+01, -1.940891652100441e+01,  3.203333053728425e+00
s781        , -1.803783397921168e+01, -1.873881097611366e+01,  3.421580163597082e+00
s782        , -2.003060740563550e+01, -2.009632229520015e+01,  2.979451420948168e+00
s783        , -2.170310297580588e+01, -2.265940090929946e+01,  2.144680683474959e+00
s784        , -1.828106793020000e+01, -1.872979012885657e+01,  3.424518169195510e+00
s785        , -1.904288077315707e+01, -1.962037597107984e+01,  3.134462688178918e+00
s786        , -2.022975758111321e+01, -2.019084974427256e+01,  2.948664714703742e+00
s787        , -1.858814151939532e+01, -1.925104503714032e+01,  3.254750319779599e+00
s788        , -1.926046054059691e+01, -1.979819402696888e+01,  3.076549010137985e+00
s789        , -2.212378523930028e+01, -2.300802165553222e+01,  2.031138166351095e+00
s790        , -2.174169856486492e+01, -2.313761837000835e+01,  1.988929728294519e+00
s791        , -1.907773631846257e+01, -1.912720711761925e+01,  3.295083172169333e+00
s792        , -2.217884458062024e+01, -2.227305280184523e+01,  2.270510649363181e+00
s793        , -2.046845693654859e+01, -1.960880961977635e+01,  3.138229740642458e+00
s794        , -1.973890233992908e+01, -2.043785858928626e+01,  2.868216243642333e+00
s795        , -2.098054198937622e+01, -2.055523510671387e+01,  2.829987809494396e+00
s796        , -1.872193723420701e+01, -1.920278696484440e+01,  3.270467522669084e+00
s797        , -1.738396768625594e+01, -1.889210997029738e+01,  3.371652114677830e+00
s798        , -1.812351947027918e+01, -1.815698128547351e+01,  3.611076653196629e+00
s799        , -2.115781411801412e+01, -2.278415622560050e+01,  2.104049043532491e+00
s800        , -2.197753832223543e+01, -2.133529256030103e+01,  2.575930391114641e+00
s801        , -2.000340332694237e+01, -2.128660160455870e+01,  2.591788580094763e+00
s802        , -2.346278750692302e+01, -2.297437673613568e+01,  2.042096001987652e+00
s803        , -2.201425716118592e+01, -2.262766064946425e+01,  2.155018189302707e+00
s804        , -1.618324989548500e+01, -1.726488565465559e+01,  3.901623858240586e+00
s805        , -2.141738653455062e+01, -2.110830298525748e+01,  2.649858773145334e+00
s806        , -2.157933013723432e+01, -2.152591363597442e+01,  2.513846889249939e+00
s807        , -1.912040169626662e+01, -1.969894091531478e+01,  3.108874820495981e+00
s808        , -2.304047586711122e+01, -2.147537469996438e+01,  2.530306948122945e+00
s809        , -2.047218776779852e+01, -2.010011350551808e+01,  2.978216659198916e+00
s810        , -2.119146876442327e+01, -2.054154153659172e+01,  2.834447677235724e+00
s811        , -2.180116494254657e+01, -2.242862738789106e+01,  2.219841461453309e+00
s812        , -2.372646511684069e+01, -2.295110183197638e+01,  2.049676420630607e+00
s813        , -2.269928091374550e+01, -2.233006838755352e+01,  2.251941206246080e+00
s814        , -1.832573741415099e+01, -1.872115893642351e+01,  3.427329267861384e+00
s815        , -2.057906464758977e+01, -2.059576113740901e+01,  2.816788860252594e+00
s816        , -1.808215553271357e+01, -1.756069223832834e+01,  3.805282420001597e+00
s817        , -2.152086258044021e+01, -2.026849120674847e+01,  2.923377616394318e+00
s818        , -2.057353864229959e+01, -2.038321881309864e+01,  2.886011907814550e+00
s819        , -2.244567325669163e+01, -2.318008382335087e+01,  1.975099127231849e+00
s820        , -2.103220827040201e+01, -1.968659766958374e+01,  3.112894900209896e+00
s821        , -2.251724700203312e+01, -2.200664319514406e+01,  2.357277767091260e+00
s822        , -1.967652212859418e+01, -1.904199942817576e+01,  3.322834519850928e+00
s823        , -1.898228811729100e+01, -1.981738755816147e+01,  3.070297856505704e+00
s824        , -2.375965705343503e+01, -2.321045247789861e+01,  1.965208340420459e+00
s825        , -2.074394606294202e+01, -2.041599204222755e+01,  2.875337973547058e+00
s826        , -2.229590893513048e+01, -2.211251142136222e+01,  2.322797475777148e+00
s827        , -2.030439908572953e+01, -2.172151359889348e+01,  2.450141810366492e+00
s828        , -2.126632247755481e+01, -2.002457224130357e+01,  3.002819742573384e+00
s829        , -1.836528680868646e+01, -1.880702724416274e+01,  3.399362762978253e+00
s830        , -2.038358031572328e+01, -2.005022229483297e+01,  2.994465759990415e+00
s831        , -2.014217587228185e+01, -2.209994992206822e+01,  2.326888638635651e+00
s832        , -1.638297894992474e+01, -1.841482239764080e+01,  3.527100214014936e+00
s833        , -2.087813803835245e+01, -2.068382727483191e+01,  2.788106542793217e+00
s834        , -2.163260872857058e+01, -1.992600555933488e+01,  3.034921989201588e+00
s835        , -1.845033213930005e+01, -1.862819176682603e+01,  3.457607805670864e+00
s836        , -2.085703068105029e+01, -1.866391981715093e+01,  3.445971513770127e+00
s837        , -1.604298594536770e+01, -1.740593904898071e+01,  3.855684086687673e+00
s838        , -1.819387371328009e+01, -1.729007232198676e+01,  3.893420796209298e+00
s839        , -2.199016371973259e+01, -2.217051311279443e+01,  2.303906867246760e+00
s840        , -1.816847175772266e+01, -1.949853954434291e+01,  3.174143673084653e+00
s841        , -2.076446728280485e+01, -1.968673767997739e+01,  3.112849300133910e+00
s842        , -1.719569444321167e+01, -1.785914227404283e+01,  3.708080034151312e+00
s843        , -1.999816334280537e+01, -1.974871667442217e+01,  3.092663321203763e+00
s844        , -1.581596700213373e+01, -1.645242593518570e+01,  4.166234391627403e+00
s845        , -2.003183538643507e+01, -1.980119814048993e+01,  3.075570598455401e+00
s846        , -2.166933569232110e+01, -2.202127328576928e+01,  2.352512883379410e+00
s847        , -2.001719781047365e+01, -1.999906590374756e+01,  3.011126918207697e+00
s848        , -1.670780899311153e+01, -1.771928402732758e+01,  3.753630557303417e+00
s849        , -2.103364362191806e+01, -2.131527671549643e+01,  2.582449364600969e+00
s850        , -1.674889176362534e+01, -1.632410260675354e+01,  4.208028099756786e+00
s851        , -1.887785873496733e+01, -1.938507439316233e+01,  3.211098211820800e+00
s852        , -1.916613881673827e+01, -1.928179513592727e+01,  3.244735300146354e+00
s853        , -2.151831650372089e+01, -2.270576747442373e+01,  2.129579526783949e+00
s854        , -2.092228526657664e+01, -2.058622531173827e+01,  2.819894589504826e+00
s855        , -1.984690981488844e+01, -1.938752275734468e+01,  3.210300802501061e+00
s856        , -1.857995804240183e+01, -1.872698154319315e+01,  3.425432899283232e+00
s857        , -2.294003947989728e+01, -2.197110803649479e+01,  2.368851235976960e+00
s858        , -2.107902559750898e+01, -2.115599513012882e+01,  2.634325887526094e+00
s859        , -1.829183386036745e+01, -1.846110367219795e+01,  3.512026835664096e+00
s860        , -2.148418071954308e+01, -2.141731364637253e+01,  2.549216890353634e+00
s861        , -2.060440939951398e+01, -2.068413283117267e+01,  2.788007025950266e+00
s862        , -1.983634035476443e+01, -2.049707302026601e+01,  2.848930657181539e+00
s863        , -2.017821382918477e+01, -2.065975150488308e+01,  2.795947795934990e+00
s864        , -2.145828954671971e+01, -2.019863867207523e+01,  2.946127933752041e+00
s865        , -2.179521899962700e+01, -2.163664339013885e+01,  2.477783243743478e+00
s866        , -2.240641608733365e+01, -2.281615617897183e+01,  2.093626957948402e+00
s867        , -1.970162478711471e+01, -1.938514497056412e+01,  3.211075225420999e+00
s868        , -1.579821539399930e+01, -1.603049321109476e+01,  4.303653934405353e+00
s869        , -1.927595790821999e+01, -1.964503925025299e+01,  3.126430088776532e+00
s870        , -1.834436146157947e+01, -1.925670624072828e+01,  3.252906518708451e+00
s871        , -1.954632707936713e+01, -1.874077821657342e+01,  3.420939451774846e+00
s872        , -2.222687656829416e+01, -2.177534633499049e+01,  2.432608991605215e+00
s873        , -2.174135075548704e+01, -2.085736040415873e+01,  2.731588425265604e+00
s874        , -2.306987923711809e+01, -2.272238134224592e+01,  2.124168545389185e+00
s875        , -2.178123430913379e+01, -2.209003677960114e+01,  2.330117256440193e+00
s876        , -2.287277527114560e+01, -2.303170093694280e+01,  2.023426045818695e+00
s877        , -2.189016288213647e+01, -2.253444846548325e+01,  2.185376526005795e+00
s878        , -1.876974537203656e+01, -1.867180613864754e+01,  3.443403012603032e+00
s879        , -1.761744622782913e+01, -1.774076534505022e+01,  3.746634292991203e+00
s880        , -1.792977215528789e+01, -1.917595561085763e+01,  3.279206243764773e+00
s881        , -2.116921283478955e+01, -2.282209904233565e+01,  2.091691422922036e+00
s882        , -1.809005639564229e+01, -1.819749119938886e+01,  3.597882953039298e+00
s883        , -1.958200153707774e+01, -1.981441585540154e+01,  3.071265712306462e+00
s884        , -1.866641101726497e+01, -1.928053716943030e+01,  3.245145008071276e+00
s885        , -1.949202935470739e+01, -1.949812543933428e+01,  3.174278543213703e+00
s886        , -1.753621319174707e+01, -1.820453715232367e+01,  3.595588152054560e+00
s887        , -2.072504645987743e+01, -1.979314914741209e+01,  3.078192080235374e+00
s888        , -2.163711888094086e+01, -2.130589293313182e+01,  2.585505574770140e+00
s889        , -1.784767272504274e+01, -1.760770258405682e+01,  3.789971589987736e+00
s890        , -2.036577167825686e+01, -2.148848534347890e+01,  2.526036934126823e+00
s891        , -1.925489904031788e+01, -1.892425843795588e+01,  3.361181659379154e+00
s892        , -1.797999052112338e+01, -1.920228006082991e+01,  3.270632616566585e+00
s893        , -2.224398236502422e+01, -1.986346969245967e+01,  3.055289336275056e+00
s894        , -2.015695897880840e+01, -1.991938947930503e+01,  3.037076784600884e+00
s895        , -1.853378696029952e+01, -1.883342276589503e+01,  3.390765988372417e+00
s896        , -2.478440805107692e+01, -2.181818992809504e+01,  2.418655233958007e+00
s897        , -2.202247365131235e+01, -1.957703971096048e+01,  3.148576902865960e+00
s898        , -2.008627742560493e+01, -1.926220876407612e+01,  3.251114398307709e+00
s899        , -1.802005794967191e+01, -1.847330544025936e+01,  3.508052833904231e+00
s900        , -1.770516073583232e+01, -1.795867701700035e+01,  3.675662499111306e+00
s901        , -2.425916197575684e+01, -2.284531378806447e+01,  2.084130597317350e+00
s902        , -1.641892815066793e+01, -1.749113005590381e+01,  3.827938172346975e+00
s903        , -2.332207101034287e+01, -2.260080350247546e+01,  2.163765310937966e+00
s904        , -2.132463334662818e+01, -2.248900098272926e+01,  2.200178346163068e+00
s905        , -2.166343218809494e+01, -2.117003046608996e+01,  2.629754709846831e+00
s906        , -1.790842270146736e+01, -1.711419401494825e+01,  3.950702716188045e+00
s907        , -1.911599503394165e+01, -1.917343317826314e+01,  3.280027776473738e+00
s908        , -2.062377494321661e+01, -1.948979864206827e+01,  3.176990503220041e+00
s909        , -2.034650826700463e+01, -2.119404964908141e+01,  2.621931886547938e+00
s910        , -1.701866755175476e+01, -1.642189716642744e+01,  4.176177326139942e+00
s911        , -1.800428066961873e+01, -1.827426656312922e+01,  3.572877934989222e+00
s912        , -2.018815932170212e+01, -2.029305483817741e+01,  2.915377471330426e+00
s913        , -1.735412329082851e+01, -1.808223753505845e+01,  3.635419993784101e+00
s914        , -2.004618788210774e+01, -2.058060353990843e+01,  2.821725548021075e+00
s915        , -1.937730144245923e+01, -2.007864877798892e+01,  2.985207520240245e+00
s916        , -2.191302790761547e+01, -2.156716459831529e+01,  2.500411836549899e+00
s917        , -1.792924589211810e+01, -1.910303704281996e+01,  3.302955139519063e+00
s918        , -2.621730238337609e+01, -2.306141367948028e+01,  2.013748883415670e+00
s919        , -1.919355775511356e+01, -2.026410983443545e+01,  2.924804588386815e+00
s920        , -1.675861595936722e+01, -1.704491936508873e+01,  3.973264821865692e+00
s921        , -2.192756432754418e+01, -2.341800827585935e+01,  1.897609357861975e+00
s922        , -2.290193110331377e+01, -2.310395846232225e+01,  1.999892445476833e+00
s923        , -1.925371616601646e+01, -1.855914487968943e+01,  3.480095731159450e+00
s924        , -1.798705044323696e+01, -1.964152208158814e+01,  3.127575597721921e+00
s925        , -2.338449219749342e+01, -2.282287610485788e+01,  2.091438340924792e+00
s926        , -1.762302148317026e+01, -1.738096636041282e+01,  3.863817457836662e+00
s927        , -1.720744831710588e+01, -1.756127318928673e+01,  3.805093209706872e+00
s928        , -1.827654667645005e+01, -1.902709961212566e+01,  3.327687250611482e+00
s929        , -2.066098735264480e+01, -2.088891262453891e+01,  2.721312162130014e+00
s930        , -1.982419875205301e+01, -2.072126128034519e+01,  2.775914637239874e+00
s931        , -2.184683786579889e+01, -2.158254975709055e+01,  2.495401034202160e+00
s932        , -2.007807490293144e+01, -1.988618568719350e+01,  3.047890949205661e+00
s933        , -2.186904116931162e+01, -2.028359656190739e+01,  2.918457943468001e+00
s934        , -1.595875499840616e+01, -1.630990557881420e+01,  4.212651939001379e+00
s935        , -1.706347068237267e+01, -1.683480760774916e+01,  4.041696256493295e+00
s936        , -1.818003510858343e+01, -1.892675638903793e+01,  3.360368100069867e+00
s937        , -2.175658784400171e+01, -2.279894385126701e+01,  2.099232852130788e+00
s938        , -2.010166135357230e+01, -1.899146481223988e+01,  3.339293171716173e+00
s939        , -1.813809060682595e+01, -1.854557307438602e+01,  3.484515941237926e+00
s940        , -2.094308051046411e+01, -2.137810093740825e+01,  2.561988102988462e+00
s941        , -1.827480816862776e+01, -1.847922517577464e+01,  3.506124831401869e+00
s942        , -1.770857434290158e+01, -1.778921432290758e+01,  3.730854913945499e+00
s943        , -1.938132201948424e+01, -1.975686917963527e+01,  3.090008126489270e+00
s944        , -1.770272330222015e+01, -1.852414494339635e+01,  3.491494883128557e+00
s945        , -1.924477319915050e+01, -1.998719967038586e+01,  3.014991639453421e+00
s946        , -2.185513295241253e+01, -2.087812065169441e+01,  2.724827006770612e+00
s947        , -2.017292248813791e+01, -1.887078365522245e+01,  3.378597896077102e+00
s948        , -1.792501053388721e+01, -1.864438014831563e+01,  3.452335401195937e+00
s949        , -2.005207290213696e+01, -1.973386616530237e+01,  3.097499993158186e+00
s950        , -2.257823345395823e+01, -2.233307264153591e+01,  2.250962748816550e+00
s951        , -1.571913272603913e+01, -1.725923245541797e+01,  3.903465052369676e+00
s952        , -2.233989362366768e+01, -2.223841986773765e+01,  2.281790272152276e+00
s953        , -2.342860552534396e+01, -2.311967491750529e+01,  1.994773742987005e+00
s954        , -2.204077204416149e+01, -2.245626871336188e+01,  2.210838940219243e+00
s955        , -1.756302978982562e+01, -1.871907511654611e+01,  3.428007948509823e+00
s956        , -2.291971088639473e+01, -2.226402022407785e+01,  2.273452475479117e+00
s957        , -1.872997367448807e+01, -1.926862441001811e+01,  3.249024882416583e+00
s958        , -2.138547156076431e+01, -2.077139844173622e+01,  2.759585432603321e+00
s959        , -1.926386090665138e+01, -1.921255400844948e+01,  3.267286487897737e+00
s960        , -1.680470785163838e+01, -1.886821449396841e+01,  3.379434647873524e+00
s961        , -2.001579976967623e+01, -2.015494506284132e+01,  2.960358533704154e+00
s962        , -1.871905926332032e+01, -1.859015457712715e+01,  3.469996162673134e+00
s963        , -1.918665598310528e+01, -1.935626374653192e+01,  3.220481570022318e+00
s964        , -1.746488927974545e+01, -1.781940199179081e+01,  3.721023072472660e+00
s965        , -1.971186761143078e+01, -1.889043532591440e+01,  3.372197530693904e+00
s966        , -1.765956881606673e+01, -1.792254389415373e+01,  3.687430719344566e+00
s967        , -2.223688117086612e+01, -2.249001895003869e+01,  2.199846803729315e+00
s968        , -1.998239594820018e+01, -2.024818232704347e+01,  2.929992028607562e+00
s969        , -2.101894011109180e+01, -2.022749076690882e+01,  2.936731076258327e+00
s970        , -1.986554229461376e+01, -2.005434074290442e+01,  2.993124419964817e+00
s971        , -1.914500631305469e+01, -1.962376975278177e+01,  3.133357365213576e+00
s972        , -1.930540895911451e+01, -1.969447352143158e+01,  3.110329808909503e+00
s973        , -2.013055280326089e+01, -1.934382969322279e+01,  3.224531224915284e+00
s974        , -1.991254970003848e+01, -1.998455437213352e+01,  3.015853188358239e+00
s975        , -2.002907222040815e+01, -1.935347078570677e+01,  3.221391211246321e+00
s976        , -2.147573630129902e+01, -2.180368700102047e+01,  2.423378701690506e+00
s977        , -1.918950409415471e+01, -1.957249211291967e+01,  3.150058013023636e+00
s978        , -1.698999961978807e+01, -1.897785338845431e+01,  3.343726285163821e+00
s979        , -2.115978794608996e+01, -2.194236901447520e+01,  2.378211266712492e+00
s980        , -1.730989298326385e+01, -1.697167572260187e+01,  3.997119591328340e+00
s981        , -2.142850865946883e+01, -2.075541369617003e+01,  2.764791514762176e+00
s982        , -2.110948756566415e+01, -2.111285695480306e+01,  2.648375587848138e+00
s983        , -1.831465175322002e+01, -1.853181411445723e+01,  3.488997105827823e+00
s984        , -2.150201864035685e+01, -1.958352296866202e+01,  3.146465366456984e+00
s985        , -1.659952594735737e+01, -1.592976571598227e+01,  4.336459937668906e+00
s986        , -2.105203087443673e+01, -2.034479852926680e+01,  2.898525034993643e+00
s987        , -2.066592788190784e+01, -1.976901370957142e+01,  3.086052766651572e+00
s988        , -2.133344594608628e+01, -2.022169907143983e+01,  2.938617377314905e+00
s989        , -2.008246059204520e+01, -2.079053623971874e+01,  2.753352430756399e+00
s990        , -2.181814335912880e+01, -2.283576871299322e+01,  2.087239339012838e+00
s991        , -1.674874949890157e+01, -1.599108186560470e+01,  4.316489841099192e+00
s992        , -1.990187356431624e+01, -1.826020142559639e+01,  3.577458818761710e+00
s993        , -2.167451347953028e+01, -2.161090080782386e+01,  2.486167362086683e+00
s994        , -2.085856003252748e+01, -2.132399962481987e+01,  2.579608394601539e+00
s995        , -1.532250426373563e+01, -1.576027706325938e+01,  4.391660806986193e+00
s996        , -2.197589637081217e+01, -2.229405809806220e+01,  2.263669420804122e+00
s997        , -1.843774602570321e+01, -1.709988624852736e+01,  3.955362621920572e+00
s998        , -2.004154224207673e+01, -1.984286000410423e+01,  3.062001719052908e+00
s999        , -1.918982967461324e+01, -1.910740757473676e+01,  3.301531698142250e+00
s1000       , -2.386287011937712e+01, -2.305208639637594e+01,  2.016786692304091e+00
s1001       , -2.142986106465667e+01, -2.098451997144182e+01,  2.690173743260236e+00
s1002       , -1.703565403983971e+01, -1.871716997655252e+01,  3.428628434790927e+00
s1003       , -2.272857267296788e+01, -2.258113055751073e+01,  2.170172605152878e+00
s1004       , -1.957549960274314e+01, -1.963586364407070e+01,  3.129418497909761e+00
s1005       , -2.033955634118916e+01, -2.048013712712667e+01,  2.854446519210869e+00
s1006       , -2.103463075725037e+01, -1.826740414410268e+01,  3.575112960696246e+00
s1007       , -1.845815321471510e+01, -1.914960795367918e+01,  3.287787429333003e+00
s1008       , -2.105860584214290e+01, -2.204364249828187e+01,  2.345227440036742e+00
s1009       , -2.225664818829298e+01, -2.238029650729567e+01,  2.235582377325110e+00
s1010       , -2.029000137617794e+01, -2.069881632344966e+01,  2.783224749819789e+00
s1011       , -2.150175758271834e+01, -2.084195353392882e+01,  2.736606298831100e+00
s1012       , -1.789395613621291e+01, -1.672643155163639e+01,  4.076993324553570e+00
s1013       , -1.907481979836395e+01, -1.919123086745976e+01,  3.274231235527139e+00
s1014       , -1.701362802016618e+01, -1.571217701125242e+01,  4.407326544145199e+00
s1015       , -1.771043360260808e+01, -1.870684511880240e+01,  3.431991144413237e+00
s1016       , -2.325177194237830e+01, -2.215617835817467e+01,  2.308575562783296e+00
s1017       , -2.061131053204120e+01, -2.022500679526205e+01,  2.937540082596261e+00
s1018       , -1.637685178145171e+01, -1.713406714811070e+01,  3.944230222549079e+00
s1019       , -2.229355013298489e+01, -2.291364946697743e+01,  2.061874305696757e+00
s1020       , -1.626620443538163e+01, -1.888771757409860e+01,  3.373082677046832e+00
s1021       , -2.225684084822025e+01, -2.310172598688778e+01,  2.000619541850142e+00
s1022       , -1.619907626993357e+01, -1.686311521198293e+01,  4.032476734496454e+00
s1023       , -2.164326276096592e+01, -2.000724899683126e+01,  3.008461761309770e+00
s1024       , -1.814482992541786e+01, -1.813682652194790e+01,  3.617640871211369e+00
s1025       , -1.966276460675046e+01, -2.047879973349216e+01,  2.854882095811767e+00
s1026       , -1.787958226759213e+01, -1.852759373231982e+01,  3.490371644825527e+00
s1027       , -2.228548280106830e+01, -2.300043121124348e+01,  2.033610303078312e+00
s1028       , -1.939576101741603e+01, -1.944301462563499e+01,  3.192227619898839e+00
s1029       , -2.072177297910414e+01, -2.043026326536260e+01,  2.870689969621015e+00
s1030       , -2.116639743005703e+01, -2.078257831320825e+01,  2.755944253006946e+00
s1031       , -1.871817432191781e+01, -1.903181915644959e+01,  3.326150139157251e+00
s1032       , -1.793076662035363e+01, -1.908529972240134e+01,  3.308732018919172e+00
s1033       , -2.190726556241366e+01, -2.141745487153514e+01,  2.549170894638759e+00
s1034       , -1.655942363042545e+01, -1.817723421970667e+01,  3.604480461900422e+00
s1035       , -1.920990065585595e+01, -1.963738258191010e+01,  3.128923794058935e+00
s1036       , -1.624542641970273e+01, -1.692681528796337e+01,  4.011730215403835e+00
s1037       , -1.865413258865576e+01, -1.924346564622781e+01,  3.257218856525538e+00
s1038       , -2.303917859954092e+01, -2.293865440866417e+01,  2.053730430008554e+00
s1039       , -2.268866240524940e+01, -2.269462545837234e+01,  2.133208377223804e+00
s1040       , -2.002650999928207e+01, -2.032897213262714e+01,  2.903679544387838e+00
s1041       , -2.439240447433291e+01, -2.282338567443792e+01,  2.091272378877516e+00
