# c0 + a0 * (face-area-count * face-area-max)
# Property Label: $E$; Unit of the Property: eV
# RMSE: 0.0342670149440551; Max AE: 0.127720493096089
# Coefficients
# Task   a0                      c0
# all , -1.654954652024025e-04,  4.012044174636019e-01, 
# Feature Rung, Units, and Expressions
# 0;  1; A^2;                                              34|31|mult; (face-area-count * face-area-max); $\left(face-area-count face-area-max\right)$; (face_sub_area_sub_count .* face_sub_area_sub_max); (newdata$face_sub_area_sub_count * newdata$face_sub_area_sub_max); face-area-count,face-area-max
# Number of Samples Per Task
# Task, n_samples               
# all , 1041                  

# Sample ID , Property Value        ,  Property Value (EST) ,  Feature 0 Value      
s1          ,  3.651132093274850e-01,  3.561968640354518e-01,  2.719564150782347e+02
s2          ,  4.250240521814745e-01,  3.446643869309490e-01,  3.416409655908329e+02
s3          ,  2.746380789449931e-01,  3.029946559521561e-01,  5.934287165592986e+02
s4          ,  3.247370215691567e-01,  3.147049592664709e-01,  5.226696579954097e+02
s5          ,  3.450588503436838e-01,  3.136227218282743e-01,  5.292090362005653e+02
s6          ,  3.418868902527870e-01,  3.600547139538022e-01,  2.486455049355774e+02
s7          ,  3.253614410179195e-01,  3.607471721364552e-01,  2.444613529299252e+02
s8          ,  3.920908336338758e-01,  3.322842868520997e-01,  4.164472454106956e+02
s9          ,  3.897447923973993e-01,  3.723136277508624e-01,  1.745714885746613e+02
s10         ,  3.161197563926354e-01,  3.412344571938247e-01,  3.623661844536549e+02
s11         ,  3.431871249187676e-01,  3.200077877601203e-01,  4.906275202415810e+02
s12         ,  2.917324756968375e-01,  3.195845533995552e-01,  4.931848976298222e+02
s13         ,  2.447364458196310e-01,  3.082794629617508e-01,  5.614954729315575e+02
s14         ,  3.105728952400728e-01,  3.073391780947384e-01,  5.671771081707008e+02
s15         ,  3.795908353494076e-01,  3.556786323635693e-01,  2.750878100759685e+02
s16         ,  3.670742293030571e-01,  3.695047086054763e-01,  1.915442747591695e+02
s17         ,  2.954366621683970e-01,  3.131284758369840e-01,  5.321954986434232e+02
s18         ,  3.635454507147386e-01,  3.255092442836557e-01,  4.573851802366324e+02
s19         ,  3.651486704953139e-01,  3.728857959270794e-01,  1.711141843185161e+02
s20         ,  3.399672486499590e-01,  3.064919627948274e-01,  5.722963741208272e+02
s21         ,  3.890225043355258e-01,  3.678455313677635e-01,  2.015697895712136e+02
s22         ,  2.558533901530953e-01,  2.648669614079315e-01,  8.238138482461038e+02
s23         ,  4.117639764254846e-01,  3.742537536634737e-01,  1.628483521718689e+02
s24         ,  3.311791000527954e-01,  3.374380366122874e-01,  3.853059101850771e+02
s25         ,  3.690868050126928e-01,  3.921318491599243e-01,  5.482064594689492e+01
s26         ,  2.979562579207253e-01,  2.459610385561694e-01,  9.380521618375974e+02
s27         ,  3.397813902812787e-01,  3.393764367593518e-01,  3.735932016544010e+02
s28         ,  2.613491376061739e-01,  3.016991049601185e-01,  6.012570337307275e+02
s29         ,  3.947313720925611e-01,  3.912117710072515e-01,  6.038018288978031e+01
s30         ,  2.592589137508671e-01,  3.117456508371664e-01,  5.405511656589900e+02
s31         ,  3.031212395007984e-01,  3.263403482086416e-01,  4.523632666514507e+02
s32         ,  3.857616783620361e-01,  3.516147110268775e-01,  2.996438988589548e+02
s33         ,  4.141193231435004e-01,  3.788328844760691e-01,  1.351791298944184e+02
s34         ,  4.179319881718991e-01,  3.643148799439794e-01,  2.229036153619451e+02
s35         ,  3.612111930609704e-01,  3.786836294929456e-01,  1.360809974044494e+02
s36         ,  3.787074193034875e-01,  3.354770552796065e-01,  3.971550646636163e+02
s37         ,  3.867254135891385e-01,  3.382842768809625e-01,  3.801925358237907e+02
s38         ,  3.446930711358910e-01,  3.783299206498281e-01,  1.382182695205456e+02
s39         ,  2.876898720952064e-01,  3.554002084465526e-01,  2.767701759140670e+02
s40         ,  3.049912944269815e-01,  3.481598086528518e-01,  3.205200139222909e+02
s41         ,  3.032122447573497e-01,  3.236988671072180e-01,  4.683243148783191e+02
s42         ,  3.284012713704346e-01,  3.169511331083875e-01,  5.090972387199362e+02
s43         ,  3.521735822893021e-01,  3.644352640070096e-01,  2.221761992790753e+02
s44         ,  3.330769886831567e-01,  3.152768781086658e-01,  5.192138603305290e+02
s45         ,  3.222694574216643e-01,  3.291601012296959e-01,  4.353250171888099e+02
s46         ,  3.537154217541030e-01,  3.216733100645793e-01,  4.805636656071225e+02
s47         ,  3.064622412169097e-01,  3.357749509644275e-01,  3.953550414155066e+02
s48         ,  2.709027668189650e-01,  2.701587499647161e-01,  7.918384188872830e+02
s49         ,  3.986674224858993e-01,  3.359425332137836e-01,  3.943424321023078e+02
s50         ,  3.630933243380700e-01,  3.233563811346778e-01,  4.703937732294669e+02
s51         ,  3.785261269820064e-01,  3.716218912260100e-01,  1.787512799907370e+02
s52         ,  3.404870415156796e-01,  3.467164657696341e-01,  3.292413579268077e+02
s53         ,  2.464211996641334e-01,  3.409789707532030e-01,  3.639099514705289e+02
s54         ,  4.479825317233843e-01,  3.851501565938112e-01,  9.700725545655393e+01
s55         ,  3.436317929445776e-01,  3.252042223784304e-01,  4.592282633981696e+02
s56         ,  3.917346641556894e-01,  3.906808252085827e-01,  6.358840251090116e+01
s57         ,  3.497750017469617e-01,  3.738102665316073e-01,  1.655281061537924e+02
s58         ,  4.567353100642558e-01,  3.733729144824035e-01,  1.681707891340718e+02
s59         ,  3.347920174849711e-01,  3.268982140597170e-01,  4.489923836463295e+02
s60         ,  2.709373029897972e-01,  2.923866467533667e-01,  6.575272052146565e+02
s61         ,  2.790893938381299e-01,  3.060423642404539e-01,  5.750130561388123e+02
s62         ,  3.360458157463063e-01,  3.368620725917373e-01,  3.887861506849951e+02
s63         ,  4.093736118424267e-01,  3.679967804929232e-01,  2.006558725344251e+02
s64         ,  3.302497794709098e-01,  3.823798083943812e-01,  1.137469781797220e+02
s65         ,  3.637362750415415e-01,  3.602480841413645e-01,  2.474770729950056e+02
s66         ,  3.848471859724885e-01,  3.493711296477641e-01,  3.132006532773886e+02
s67         ,  3.211750777924535e-01,  3.205834488700395e-01,  4.871491100675306e+02
s68         ,  4.095598752010021e-01,  3.709474857747847e-01,  1.828263490592486e+02
s69         ,  3.476279282639844e-01,  3.680675680045516e-01,  2.002281417108536e+02
s70         ,  3.542202710009075e-01,  3.574571215986799e-01,  2.643413570965139e+02
s71         ,  3.324591144603498e-01,  3.180437238159417e-01,  5.024953012818440e+02
s72         ,  3.490784623419291e-01,  3.719190595080142e-01,  1.769556520462444e+02
s73         ,  2.871691931895054e-01,  3.365729316535661e-01,  3.905332737123090e+02
s74         ,  4.049442418517104e-01,  3.911641137443855e-01,  6.066815007249275e+01
s75         ,  3.439829269029567e-01,  3.550929683337391e-01,  2.786266625098642e+02
s76         ,  3.071028154909760e-01,  3.122963559875635e-01,  5.372235509130294e+02
s77         ,  2.780468433194506e-01,  3.133312770027994e-01,  5.309700803785338e+02
s78         ,  2.669617651637353e-01,  3.085977409307806e-01,  5.595722905129905e+02
s79         ,  3.541307689639985e-01,  3.647307696547953e-01,  2.203906177380688e+02
s80         ,  3.629523222745701e-01,  3.465109160397410e-01,  3.304833842847005e+02
s81         ,  2.554152131748840e-01,  3.227562947529573e-01,  4.740197721714115e+02
s82         ,  3.259366268272620e-01,  3.146603051740660e-01,  5.229394786358141e+02
s83         ,  2.722850822770267e-01,  3.049385009841789e-01,  5.816831075201301e+02
s84         ,  3.998438077165619e-01,  3.311180962206075e-01,  4.234939075658547e+02
s85         ,  3.012322773461942e-01,  3.103532238079619e-01,  5.489648525687887e+02
s86         ,  3.200453803456573e-01,  3.411671740144430e-01,  3.627727404840538e+02
s87         ,  3.352140969143458e-01,  3.180683275813751e-01,  5.023466339730250e+02
s88         ,  3.302506455484479e-01,  3.259168332650088e-01,  4.549223394521155e+02
s89         ,  3.471406078486814e-01,  3.431670956955384e-01,  3.506882904439906e+02
s90         ,  3.483351733862548e-01,  3.308607443968355e-01,  4.250489460888576e+02
s91         ,  3.564650130752042e-01,  3.848878603839038e-01,  9.859217024311079e+01
s92         ,  2.923433543076974e-01,  2.891816721934387e-01,  6.768931410486583e+02
s93         ,  3.745472031333225e-01,  3.456007204568510e-01,  3.359832061787738e+02
s94         ,  3.437578785209007e-01,  3.430061113530930e-01,  3.516610321577803e+02
s95         ,  2.980732528469880e-01,  2.822571508564579e-01,  7.187342955994014e+02
s96         ,  3.581539694897533e-01,  3.351064798366034e-01,  3.993942525625105e+02
s97         ,  4.279362669937736e-01,  3.789209363938503e-01,  1.346470795589391e+02
s98         ,  2.896944279808133e-01,  3.209193145077968e-01,  4.851196548353498e+02
s99         ,  2.909528202324455e-01,  3.047534489143343e-01,  5.828012775534796e+02
s100        ,  3.111721139319150e-01,  3.323236793316260e-01,  4.162092178642725e+02
s101        ,  3.241780336567121e-01,  3.467953897146940e-01,  3.287644630163436e+02
s102        ,  3.096847321141750e-01,  2.718798556920373e-01,  7.814387035523866e+02
s103        ,  3.391049191815317e-01,  3.662716335899316e-01,  2.110800065182883e+02
s104        ,  2.515445686944838e-01,  2.683937714599954e-01,  8.025032337966346e+02
s105        ,  3.580226031747242e-01,  3.378162100690560e-01,  3.830208115794685e+02
s106        ,  3.582576851144277e-01,  3.811614509811381e-01,  1.211088561124683e+02
s107        ,  3.406125813060369e-01,  2.991247294921002e-01,  6.168125987419488e+02
s108        ,  3.541195107207772e-01,  3.671306389605885e-01,  2.058894995179522e+02
s109        ,  3.030334722988908e-01,  3.231589730124970e-01,  4.715866042350742e+02
s110        ,  3.844717335443058e-01,  3.244734258292946e-01,  4.636440735126159e+02
s111        ,  3.518414134147780e-01,  3.666257408423563e-01,  2.089403270292362e+02
s112        ,  3.724995886738390e-01,  3.768284596923949e-01,  1.472907897590723e+02
s113        ,  3.276637756053076e-01,  3.445496232260052e-01,  3.423344208755649e+02
s114        ,  3.975727278995340e-01,  3.657597891994565e-01,  2.141728066131378e+02
s115        ,  4.661802026900197e-01,  3.681930025566394e-01,  1.994702082415927e+02
s116        ,  3.149444114213277e-01,  3.496414218393179e-01,  3.115674230784627e+02
s117        ,  2.617905198031230e-01,  3.067526761612997e-01,  5.707210236050082e+02
s118        ,  2.697626524103243e-01,  3.080470496712623e-01,  5.628998213238486e+02
s119        ,  3.390451473349576e-01,  3.087440141825644e-01,  5.586884400001992e+02
s120        ,  3.261908135769222e-01,  3.605635438482942e-01,  2.455709198170686e+02
s121        ,  3.485047140780971e-01,  3.552020870819197e-01,  2.779673166598303e+02
s122        ,  2.626009490674024e-01,  3.219060643002756e-01,  4.791572570664921e+02
s123        ,  2.763746480585029e-01,  3.027887372271599e-01,  5.946729725559467e+02
s124        ,  3.084637495449347e-01,  3.106231771124683e-01,  5.473336700818467e+02
s125        ,  3.788458996149217e-01,  3.070598281512610e-01,  5.688650694881646e+02
s126        ,  3.251157603452653e-01,  3.227758856342691e-01,  4.739013950226008e+02
s127        ,  2.834263508079372e-01,  2.908873229926509e-01,  6.665868115240028e+02
s128        ,  3.547356336228297e-01,  3.782044617870227e-01,  1.389763498863849e+02
s129        ,  2.905669611170635e-01,  3.095387709395242e-01,  5.538861527835203e+02
s130        ,  3.001710267623137e-01,  3.631078969341549e-01,  2.301967638983618e+02
s131        ,  3.234187238329760e-01,  3.280803861272181e-01,  4.418491542771424e+02
s132        ,  2.761295727416017e-01,  2.987871687622247e-01,  6.188522965032301e+02
s133        ,  3.187185284669714e-01,  3.318544023393729e-01,  4.190448060882715e+02
s134        ,  2.870198930068550e-01,  3.227149919020920e-01,  4.742693430633678e+02
s135        ,  3.783093309701865e-01,  3.228241152759482e-01,  4.736099692628665e+02
s136        ,  3.883241345589045e-01,  3.644596515399225e-01,  2.220288385469663e+02
s137        ,  2.784112215023900e-01,  3.211428062225176e-01,  4.837692147223988e+02
s138        ,  3.453346818049723e-01,  3.289151479364651e-01,  4.368051380666310e+02
s139        ,  3.244324492872825e-01,  3.350080788349072e-01,  3.999888368405495e+02
s140        ,  3.327862834846864e-01,  3.322904619780458e-01,  4.164099324490472e+02
s141        ,  3.557762179436731e-01,  3.615518443356765e-01,  2.395991520337426e+02
s142        ,  2.749368728938547e-01,  2.850719610191446e-01,  7.017259131688368e+02
s143        ,  3.361413138168960e-01,  3.786796114056612e-01,  1.361052765427295e+02
s144        ,  3.409974995595333e-01,  3.646227022483886e-01,  2.210436108957639e+02
s145        ,  3.763216171571199e-01,  3.571092868278410e-01,  2.664431353561992e+02
s146        ,  3.752831948694745e-01,  3.729749053077496e-01,  1.705757443040953e+02
s147        ,  3.654575252194441e-01,  3.554053158748597e-01,  2.767393144744443e+02
s148        ,  3.473385960617674e-01,  3.397949588441014e-01,  3.710642980120098e+02
s149        ,  2.849292163595314e-01,  3.173265227080661e-01,  5.068289614640034e+02
s150        ,  3.503331909216502e-01,  3.677185854094802e-01,  2.023368556544326e+02
s151        ,  3.330423635366063e-01,  3.374125634724559e-01,  3.854598306553473e+02
s152        ,  3.630680102987860e-01,  3.130450532683475e-01,  5.326995763142792e+02
s153        ,  3.816822758848153e-01,  3.554302453174947e-01,  2.765886792736277e+02
s154        ,  3.320898103001320e-01,  3.196791505261665e-01,  4.926132981210644e+02
s155        ,  3.864039977120127e-01,  3.259970590525264e-01,  4.544375782085398e+02
s156        ,  2.690214273922155e-01,  2.757653268126355e-01,  7.579608933547103e+02
s157        ,  3.092688252015169e-01,  3.347242196255647e-01,  4.017040452240262e+02
s158        ,  3.521824739407696e-01,  3.565564566187459e-01,  2.697835906878242e+02
s159        ,  3.604301286467682e-01,  3.462254105232900e-01,  3.322085404157268e+02
s160        ,  2.959798492012398e-01,  2.950525139778249e-01,  6.414188047748150e+02
s161        ,  3.194137955766546e-01,  3.549409019285942e-01,  2.795455179296119e+02
s162        ,  3.677213080484411e-01,  2.970932423145850e-01,  6.290877820832609e+02
s163        ,  3.585762742017419e-01,  3.326584989208419e-01,  4.141860833402756e+02
s164        ,  4.006335057182285e-01,  3.840883185439118e-01,  1.034233711404532e+02
s165        ,  3.287266930084647e-01,  3.624755717242182e-01,  2.340175647231052e+02
s166        ,  2.950048096243486e-01,  3.346097634191901e-01,  4.023956424604498e+02
s167        ,  3.519819712307287e-01,  3.378415042926675e-01,  3.828679722035945e+02
s168        ,  4.374575067359432e-01,  3.838058046716749e-01,  1.051304503760772e+02
s169        ,  4.091080766385897e-01,  3.768862839230030e-01,  1.469413890637882e+02
s170        ,  3.398244019971832e-01,  3.172517480203174e-01,  5.072807846463322e+02
s171        ,  3.613080720154525e-01,  3.639024233021490e-01,  2.253958687981701e+02
s172        ,  3.578018153328690e-01,  3.499222361380748e-01,  3.098706134503954e+02
s173        ,  3.625516481683081e-01,  3.628402698115629e-01,  2.318138905203190e+02
s174        ,  3.825999337737049e-01,  3.499935317109568e-01,  3.094398126861889e+02
s175        ,  3.092599387015685e-01,  3.349370354862855e-01,  4.004181135493394e+02
s176        ,  3.793890053910741e-01,  3.754095330176122e-01,  1.558645997607382e+02
s177        ,  3.131265826402478e-01,  3.357929669987595e-01,  3.952461802191590e+02
s178        ,  3.054696856864712e-01,  3.178479355765637e-01,  5.036783442077551e+02
s179        ,  3.928374269136042e-01,  3.873223088559658e-01,  8.388210873728833e+01
s180        ,  2.641551140722125e-01,  2.752973426213620e-01,  7.607886698783824e+02
s181        ,  2.369318989685527e-01,  2.929118401505870e-01,  6.543537442586239e+02
s182        ,  4.189138162610332e-01,  3.557429953619369e-01,  2.746988991273280e+02
s183        ,  3.759767293543443e-01,  3.469376778689193e-01,  3.279046923026795e+02
s184        ,  4.039791445798378e-01,  3.619988211380549e-01,  2.368983118516159e+02
s185        ,  4.187778012666042e-01,  3.886107628945762e-01,  7.609667463470083e+01
s186        ,  3.450522704714396e-01,  3.590839720335276e-01,  2.545111757507107e+02
s187        ,  3.509325305204691e-01,  3.321218362640041e-01,  4.174288468575808e+02
s188        ,  3.868910592801009e-01,  3.728614542617410e-01,  1.712612678975655e+02
s189        ,  3.427300778100211e-01,  3.391015249175017e-01,  3.752543459130302e+02
s190        ,  3.213421258380463e-01,  3.135389012182024e-01,  5.297155190215259e+02
s191        ,  2.531455052956056e-01,  3.052464480335035e-01,  5.798223492875825e+02
s192        ,  2.695706078724207e-01,  3.027126146272744e-01,  5.951329404456559e+02
s193        ,  3.954601105184181e-01,  3.795906794983215e-01,  1.306001825418390e+02
s194        ,  3.572926210703052e-01,  3.415649403840138e-01,  3.603692524544308e+02
s195        ,  3.290528752571006e-01,  3.046473728512425e-01,  5.834422380955825e+02
s196        ,  3.068286090334552e-01,  3.230233841471861e-01,  4.724058947524612e+02
s197        ,  3.451887575536944e-01,  3.513131276356651e-01,  3.014662049314722e+02
s198        ,  3.094894638678110e-01,  3.577840703911011e-01,  2.623657815602213e+02
s199        ,  3.060674258319923e-01,  3.265426895942286e-01,  4.511406265909538e+02
s200        ,  2.862300564486437e-01,  2.967360897034304e-01,  6.312458630356173e+02
s201        ,  3.249313766746611e-01,  3.469265236059933e-01,  3.279720915085268e+02
s202        ,  3.753266605464363e-01,  3.454703461843344e-01,  3.367709877192358e+02
s203        ,  4.029232548104287e-01,  3.270764947537265e-01,  4.479151293917103e+02
s204        ,  3.599997628653644e-01,  3.493061916840975e-01,  3.135930384317924e+02
s205        ,  3.369349724991222e-01,  3.472137573441190e-01,  3.262364926643261e+02
s206        ,  3.550773861568109e-01,  3.139888918637098e-01,  5.269964678079045e+02
s207        ,  3.248842560910169e-01,  2.841088679041078e-01,  7.075453663717317e+02
s208        ,  3.892178112013847e-01,  3.554696307410476e-01,  2.763506943626534e+02
s209        ,  3.394721823707363e-01,  3.255361941944234e-01,  4.572223364346298e+02
s210        ,  3.535123221804505e-01,  3.421673092220087e-01,  3.567294618580049e+02
s211        ,  3.581883484115880e-01,  3.383073973250063e-01,  3.800528314275681e+02
s212        ,  3.095468400739283e-01,  3.067823900821248e-01,  5.705414783782628e+02
s213        ,  2.970030695897441e-01,  3.211410873784775e-01,  4.837796007715755e+02
s214        ,  2.952505712043380e-01,  2.818247692383151e-01,  7.213469449406626e+02
s215        ,  3.666112826899128e-01,  3.293022747269205e-01,  4.344659392856741e+02
s216        ,  3.146096144721102e-01,  3.370841473261412e-01,  3.874442726212529e+02
s217        ,  3.572631712917447e-01,  3.234109162617502e-01,  4.700642468161255e+02
s218        ,  3.906530675883989e-01,  3.560541333443226e-01,  2.728188598041649e+02
s219        ,  3.533175328188169e-01,  3.259371080638053e-01,  4.547998297581386e+02
s220        ,  3.292958184485441e-01,  3.725485159475342e-01,  1.731521856566957e+02
s221        ,  3.922937304178105e-01,  3.405830451150702e-01,  3.663023169510485e+02
s222        ,  2.956043726879932e-01,  2.980787952985844e-01,  6.231326159837304e+02
s223        ,  3.522928979206140e-01,  3.339749430037566e-01,  4.062315204686906e+02
s224        ,  3.671890264330231e-01,  3.444357649052319e-01,  3.430224054111781e+02
s225        ,  3.692182726300033e-01,  3.678056622495580e-01,  2.018106971885720e+02
s226        ,  3.810944919303408e-01,  3.665853102713584e-01,  2.091846272035550e+02
s227        ,  3.257040093262658e-01,  3.366834415486253e-01,  3.898655219106262e+02
s228        ,  3.395769394444231e-01,  3.212839968467412e-01,  4.829160757916671e+02
s229        ,  3.431399804548451e-01,  3.279710578792883e-01,  4.425097660213742e+02
s230        ,  2.512227189184055e-01,  3.127131657837066e-01,  5.347049937088589e+02
s231        ,  3.201687391567147e-01,  3.231373836594259e-01,  4.717170570728281e+02
s232        ,  3.668712051047079e-01,  3.751810307800714e-01,  1.572453157656228e+02
s233        ,  3.159372860524723e-01,  3.531889312110608e-01,  2.901317337838693e+02
s234        ,  3.288074742025223e-01,  3.846566099091360e-01,  9.998949236601557e+01
s235        ,  2.404535459782499e-01,  2.679897709395707e-01,  8.049443914436475e+02
s236        ,  3.942112592274354e-01,  3.088417564366951e-01,  5.580978361790543e+02
s237        ,  3.207425992509765e-01,  3.344682745259592e-01,  4.032505836702159e+02
s238        ,  3.228783696280719e-01,  3.465733350184963e-01,  3.301062199999938e+02
s239        ,  3.173309981533126e-01,  3.114395011918419e-01,  5.424010631468160e+02
s240        ,  2.944515915275119e-01,  3.064268782286369e-01,  5.726896451153581e+02
s241        ,  2.623340223598457e-01,  2.857984410053964e-01,  6.973361857200313e+02
s242        ,  3.472905412885691e-01,  3.430827111378519e-01,  3.511981808967791e+02
s243        ,  3.411668088660135e-01,  3.305520999907712e-01,  4.269139180727536e+02
s244        ,  3.345490802910559e-01,  3.592343555253457e-01,  2.536024892701825e+02
s245        ,  3.806037450466579e-01,  3.479832609293542e-01,  3.215867967690698e+02
s246        ,  2.822738655802098e-01,  3.025206052948128e-01,  5.962931494714849e+02
s247        ,  2.412572311651046e-01,  2.970714994221495e-01,  6.292191626767348e+02
s248        ,  3.291723893390957e-01,  3.392542710183147e-01,  3.743313834582811e+02
s249        ,  3.335036159019719e-01,  3.075248261233149e-01,  5.660553370795750e+02
s250        ,  2.841334766149551e-01,  3.031510844541976e-01,  5.924835033363850e+02
s251        ,  3.897160933411575e-01,  3.699459332353852e-01,  1.888781918585338e+02
s252        ,  2.974172959235764e-01,  3.046584385908090e-01,  5.833753737887394e+02
s253        ,  3.402798874706645e-01,  3.460875694288875e-01,  3.330414399410037e+02
s254        ,  3.453557066513905e-01,  3.337918385799334e-01,  4.073379219256689e+02
s255        ,  3.473897848646884e-01,  3.358214829230225e-01,  3.950738738406847e+02
s256        ,  2.775650936098157e-01,  2.858926744112637e-01,  6.967667839799166e+02
s257        ,  3.769007346358472e-01,  3.386653152137934e-01,  3.778901263144733e+02
s258        ,  3.031826235523933e-01,  3.254341205286788e-01,  4.578391126442969e+02
s259        ,  3.649101163154662e-01,  3.613886971171891e-01,  2.405849628430471e+02
s260        ,  2.836985211263404e-01,  2.747927238186184e-01,  7.638378096365409e+02
s261        ,  3.568114035371502e-01,  3.339907230138523e-01,  4.061361703630162e+02
s262        ,  2.969774967310232e-01,  3.281444837032377e-01,  4.414618471328579e+02
s263        ,  2.618717119564857e-01,  2.559018907885567e-01,  8.779849435592622e+02
s264        ,  3.079903383698472e-01,  3.501271270697883e-01,  3.086325678552315e+02
s265        ,  3.131364053370843e-01,  3.547067893235224e-01,  2.809601343650864e+02
s266        ,  3.412850318464396e-01,  3.760867089451201e-01,  1.517727901955655e+02
s267        ,  3.070004173759213e-01,  3.207887410905671e-01,  4.859086397001008e+02
s268        ,  2.824464522612543e-01,  3.124406070821781e-01,  5.363519192073622e+02
s269        ,  3.706172452100595e-01,  3.627558691461162e-01,  2.323238783036307e+02
s270        ,  3.137711424042234e-01,  3.517728371055104e-01,  2.986884280946077e+02
s271        ,  3.438724170458776e-01,  3.331673626061871e-01,  4.111112940418328e+02
s272        ,  3.563763221903465e-01,  3.678347000809632e-01,  2.016352372062112e+02
s273        ,  2.992755087965905e-01,  3.021427238792284e-01,  5.985764834294411e+02
s274        ,  3.418910691999477e-01,  3.658244707675101e-01,  2.137819707193893e+02
s275        ,  3.459340138648980e-01,  3.342945143411742e-01,  4.043005229212550e+02
s276        ,  3.066542538287166e-01,  3.152146311341339e-01,  5.195899852863138e+02
s277        ,  2.599265281449482e-01,  3.697384432072988e-01,  1.901319423938289e+02
s278        ,  4.231065788037446e-01,  3.364422662703304e-01,  3.913228142781240e+02
s279        ,  4.085890984502099e-01,  3.708380527829676e-01,  1.834875937144011e+02
s280        ,  2.589465412373284e-01,  2.816764180422876e-01,  7.222433513518357e+02
s281        ,  2.711461992950798e-01,  3.659448305936755e-01,  2.130547010868458e+02
s282        ,  2.707729542437380e-01,  3.123268462689301e-01,  5.370393145574936e+02
s283        ,  3.542954078937219e-01,  3.016459415220507e-01,  6.015782717658773e+02
s284        ,  4.444266515123610e-01,  3.545244810251443e-01,  2.820617252646018e+02
s285        ,  3.522417187169772e-01,  3.508685029405715e-01,  3.041528325955584e+02
s286        ,  4.242568175749523e-01,  3.910761655201547e-01,  6.119957384367147e+01
s287        ,  2.982263198938339e-01,  2.837022308656418e-01,  7.100024550778704e+02
s288        ,  3.665857814303198e-01,  3.054438761164920e-01,  5.786293976695607e+02
s289        ,  4.410941970239712e-01,  3.860304293445780e-01,  9.168824112773065e+01
s290        ,  3.692001655720752e-01,  3.485163027752661e-01,  3.183659118628882e+02
s291        ,  2.847619118274958e-01,  3.732621920058669e-01,  1.688398254511773e+02
s292        ,  2.619380900493295e-01,  3.180248600598240e-01,  5.026092848045624e+02
s293        ,  2.551793459709563e-01,  2.642548714167209e-01,  8.275123785379282e+02
s294        ,  3.996439882026235e-01,  3.875484002480000e-01,  8.251596017389646e+01
s295        ,  2.544891884610722e-01,  3.067830061448802e-01,  5.705377558426959e+02
s296        ,  2.982485995455294e-01,  3.647252358550409e-01,  2.204240555108054e+02
s297        ,  3.481137343622313e-01,  3.629641464476337e-01,  2.310653706988284e+02
s298        ,  3.526397833241731e-01,  3.573805880313937e-01,  2.648038082409761e+02
s299        ,  3.179989852712529e-01,  3.191540193431205e-01,  4.957863831503357e+02
s300        ,  2.757636809786050e-01,  2.746184512032899e-01,  7.648908452294821e+02
s301        ,  3.892773998715768e-01,  3.810023614477492e-01,  1.220701485152198e+02
s302        ,  2.647069109525357e-01,  3.138778302924596e-01,  5.276675530918084e+02
s303        ,  2.939670826111614e-01,  3.641499342475604e-01,  2.239002934051609e+02
s304        ,  4.210831624843967e-01,  3.457378818268986e-01,  3.351544138618372e+02
s305        ,  3.096791680687918e-01,  3.172524980018669e-01,  5.072762529115890e+02
s306        ,  3.818026842917582e-01,  3.478440497147741e-01,  3.224279751929611e+02
s307        ,  3.609095150813969e-01,  3.308169820686309e-01,  4.253133782782901e+02
s308        ,  2.411597646293700e-01,  3.688802577254590e-01,  1.953174952474386e+02
s309        ,  3.878963941441608e-01,  3.401947584436502e-01,  3.686485242682406e+02
s310        ,  3.258173656529080e-01,  3.019437985226966e-01,  5.997784822654118e+02
s311        ,  3.530293427363137e-01,  3.401245000164078e-01,  3.690730581197063e+02
s312        ,  3.018528617684650e-01,  3.227777528814414e-01,  4.738901122531901e+02
s313        ,  3.165147624134501e-01,  3.216725303129871e-01,  4.805683772262067e+02
s314        ,  3.254223568814984e-01,  3.285334061521766e-01,  4.391117981543960e+02
s315        ,  3.159450503141960e-01,  3.022899080849153e-01,  5.976871285126346e+02
s316        ,  3.632560519463020e-01,  3.726464632908775e-01,  1.725603425918514e+02
s317        ,  2.393880636932959e-01,  2.791714476649547e-01,  7.373795387650032e+02
s318        ,  3.299331681777578e-01,  3.318730567278590e-01,  4.189320876614353e+02
s319        ,  3.061104934871230e-01,  3.476434507020048e-01,  3.236400870325449e+02
s320        ,  4.632011214667016e-01,  3.692009091395189e-01,  1.933799713783237e+02
s321        ,  2.843417672327688e-01,  3.010513119552735e-01,  6.051712981128530e+02
s322        ,  3.371500722398251e-01,  3.531721376826313e-01,  2.902332080351968e+02
s323        ,  3.686039319423406e-01,  3.626780715685254e-01,  2.327939671818705e+02
s324        ,  3.213492322200285e-01,  3.011616398989411e-01,  6.045046457454741e+02
s325        ,  3.351760333142303e-01,  3.529275837628957e-01,  2.917109157139936e+02
s326        ,  2.931935066565518e-01,  3.620471142532289e-01,  2.366065025557241e+02
s327        ,  3.259018731198677e-01,  3.182155265009255e-01,  5.014571901482630e+02
s328        ,  3.298407520206893e-01,  3.679254078715918e-01,  2.010871388609322e+02
s329        ,  3.194938209283936e-01,  3.528734225045385e-01,  2.920381830399649e+02
s330        ,  3.459676070956239e-01,  3.542240751310749e-01,  2.838769163558022e+02
s331        ,  3.272723758742512e-01,  3.300012138936581e-01,  4.302426261823040e+02
s332        ,  3.326108287350491e-01,  3.189439575147601e-01,  4.970556736901311e+02
s333        ,  3.950926495884596e-01,  3.909868221555826e-01,  6.173942769684385e+01
s334        ,  2.949640786288477e-01,  2.954364951720138e-01,  6.390986131386319e+02
s335        ,  3.029422036334947e-01,  2.958831478424360e-01,  6.363997315114160e+02
s336        ,  3.680290352655777e-01,  3.407450066108176e-01,  3.653236708259157e+02
s337        ,  2.095842824931815e-01,  2.806664911870002e-01,  7.283457956336306e+02
s338        ,  3.574290889155288e-01,  3.438648099631935e-01,  3.464723787463394e+02
s339        ,  3.094934113876675e-01,  3.054307533203415e-01,  5.787086916619031e+02
s340        ,  3.096006184895485e-01,  3.216426071800048e-01,  4.807491866093866e+02
s341        ,  4.251368861065753e-01,  3.765666348279669e-01,  1.488728564586515e+02
s342        ,  3.304603020052027e-01,  3.127376596866056e-01,  5.345569902401893e+02
s343        ,  2.900651984072795e-01,  3.175639846534315e-01,  5.053941067682874e+02
s344        ,  3.829642871784757e-01,  3.635984315679202e-01,  2.272327271909788e+02
s345        ,  2.978036844690807e-01,  3.290497760474068e-01,  4.359916528706650e+02
s346        ,  3.520522767736792e-01,  3.626046273233478e-01,  2.332377512159997e+02
s347        ,  2.542874130214282e-01,  3.107713085188718e-01,  5.464385917410457e+02
s348        ,  3.478444540314312e-01,  3.410244826516317e-01,  3.636349475701316e+02
s349        ,  3.234544796335823e-01,  3.193873482555593e-01,  4.943765021475333e+02
s350        ,  3.541125597145412e-01,  3.431817832949376e-01,  3.505995411880444e+02
s351        ,  3.738587852283149e-01,  3.682711513219888e-01,  1.989979973247928e+02
s352        ,  3.787169596864594e-01,  3.268285054969676e-01,  4.494135949626890e+02
s353        ,  3.307364261694613e-01,  3.478803592208338e-01,  3.222085763954452e+02
s354        ,  3.099376231199831e-01,  3.559581234740442e-01,  2.733989957623373e+02
s355        ,  2.640936694175295e-01,  3.168695798331488e-01,  5.095900212571430e+02
s356        ,  3.404723749290282e-01,  3.575721404333571e-01,  2.636463602001550e+02
s357        ,  3.291365235802792e-01,  3.080419134864719e-01,  5.629308565234185e+02
s358        ,  3.293936994127192e-01,  3.497330281360205e-01,  3.110138955446988e+02
s359        ,  3.541003310386388e-01,  3.603686369868931e-01,  2.467486370503642e+02
s360        ,  2.930045091334991e-01,  3.058138389643763e-01,  5.763939113531724e+02
s361        ,  3.254402877492827e-01,  3.667528405471779e-01,  2.081723319384576e+02
s362        ,  3.740728450255384e-01,  3.519592882300730e-01,  2.975618043267929e+02
s363        ,  2.839989278051633e-01,  3.406506483039803e-01,  3.658938272753498e+02
s364        ,  2.872844795965752e-01,  2.663333550682377e-01,  8.149532208052684e+02
s365        ,  3.424949250288197e-01,  3.447182960463130e-01,  3.413152218292250e+02
s366        ,  3.910819753821045e-01,  3.616884954893789e-01,  2.387734426794993e+02
s367        ,  3.763017987949026e-01,  3.649226805533178e-01,  2.192310034955409e+02
s368        ,  3.411954836427898e-01,  3.419101357897765e-01,  3.582834224569716e+02
s369        ,  3.788441935901406e-01,  3.678247769363592e-01,  2.016951974268239e+02
s370        ,  2.943092935652329e-01,  3.009281802149334e-01,  6.059153169304650e+02
s371        ,  3.611288930230376e-01,  3.631007793549536e-01,  2.302397715976517e+02
s372        ,  3.689311052207762e-01,  3.664745393458835e-01,  2.098539562715112e+02
s373        ,  2.432926146526648e-01,  2.927158985071445e-01,  6.555377141227094e+02
s374        ,  2.892573275378368e-01,  2.952761790838992e-01,  6.400673169512618e+02
s375        ,  3.674807278757085e-01,  3.500271924086546e-01,  3.092364192115901e+02
s376        ,  4.282440806387797e-01,  3.856718657280117e-01,  9.385484802616000e+01
s377        ,  3.691206426424970e-01,  3.765748368527008e-01,  1.488232960388303e+02
s378        ,  3.798602051076750e-01,  3.534546464271298e-01,  2.885261597837359e+02
s379        ,  2.957579509529457e-01,  2.889170210963977e-01,  6.784922851503857e+02
s380        ,  2.910202807204411e-01,  3.233350964968723e-01,  4.705223848369177e+02
s381        ,  3.407216064168898e-01,  3.500315700373905e-01,  3.092099675578810e+02
s382        ,  2.968841887389642e-01,  3.008618076764710e-01,  6.063163704480420e+02
s383        ,  3.646408838761149e-01,  3.361082040491113e-01,  3.933413724350530e+02
s384        ,  2.932506021659876e-01,  3.119161390894216e-01,  5.395209969347488e+02
s385        ,  3.747511312527886e-01,  3.629906854670126e-01,  2.309050096922806e+02
s386        ,  3.757314223013586e-01,  3.660677789270802e-01,  2.123117904986051e+02
s387        ,  2.822798018360685e-01,  2.575901349319319e-01,  8.677837930847732e+02
s388        ,  4.290603261943512e-01,  3.846910284815133e-01,  9.978151946273876e+01
s389        ,  3.607283139092911e-01,  3.700109078627898e-01,  1.884855851648990e+02
s390        ,  3.355447048186090e-01,  3.459593125325796e-01,  3.338164273169478e+02
s391        ,  3.170728848178653e-01,  3.192449063012373e-01,  4.952372021923828e+02
s392        ,  3.301070274496518e-01,  3.435356751508712e-01,  3.484611632240266e+02
s393        ,  3.507773516014346e-01,  3.287675414088176e-01,  4.376970448476836e+02
s394        ,  3.243042000156651e-01,  3.005403749092063e-01,  6.082586156139232e+02
s395        ,  3.022367426115909e-01,  3.673340000850663e-01,  2.046606977243256e+02
s396        ,  2.606776363619531e-01,  3.349561327794074e-01,  4.003027188882316e+02
s397        ,  3.106623095651243e-01,  3.044085846269129e-01,  5.848851067810635e+02
s398        ,  3.408812441883181e-01,  3.762952081165268e-01,  1.505129419504689e+02
s399        ,  2.471327792540375e-01,  3.007435705988533e-01,  6.070308134539158e+02
s400        ,  2.602627988296087e-01,  2.921771696932500e-01,  6.587929623147714e+02
s401        ,  2.526229840954008e-01,  2.977553035406740e-01,  6.250873025216049e+02
s402        ,  3.012505607845273e-01,  2.995563552799873e-01,  6.142045164760142e+02
s403        ,  3.441124722642947e-01,  3.667294168910408e-01,  2.083138684821235e+02
s404        ,  3.663456624686381e-01,  3.673121872264223e-01,  2.047925010859305e+02
s405        ,  3.699249649078094e-01,  3.462311675941386e-01,  3.321737535359682e+02
s406        ,  2.989025550014489e-01,  3.343061670653420e-01,  4.042301117824749e+02
s407        ,  3.062746086891894e-01,  2.698187930278135e-01,  7.938925956376060e+02
s408        ,  2.568960282350025e-01,  3.016389833732259e-01,  6.016203161132333e+02
s409        ,  3.504460771064962e-01,  3.314770612058444e-01,  4.213248754126299e+02
s410        ,  2.441820219030917e-01,  3.135421079991005e-01,  5.296961421709624e+02
s411        ,  2.985656670308606e-01,  3.012767903990204e-01,  6.038088532659735e+02
s412        ,  4.206602671899846e-01,  3.672004557824872e-01,  2.054676340498361e+02
s413        ,  3.297200192703431e-01,  3.296495019481487e-01,  4.323678321212052e+02
s414        ,  3.299537174094920e-01,  3.473421922662254e-01,  3.254604295743239e+02
s415        ,  3.514142357715472e-01,  3.157712832699698e-01,  5.162264361089689e+02
s416        ,  2.880693148677096e-01,  3.062560782949884e-01,  5.737216971624619e+02
s417        ,  2.648160251035137e-01,  2.691900905542391e-01,  7.976915062168498e+02
s418        ,  3.361158265966862e-01,  3.504569144530273e-01,  3.066398402428120e+02
s419        ,  2.843313817309785e-01,  3.016502658824468e-01,  6.015521419840683e+02
s420        ,  4.086653318866107e-01,  3.804328020212770e-01,  1.255116895011050e+02
s421        ,  2.945648749258037e-01,  3.519107078376153e-01,  2.978553494846516e+02
s422        ,  3.198415121648245e-01,  3.155088043096781e-01,  5.178124551577122e+02
s423        ,  3.457431819287231e-01,  3.292060512599730e-01,  4.350473658935257e+02
s424        ,  3.329184378144718e-01,  3.734566630776732e-01,  1.676647414597908e+02
s425        ,  3.017490009466554e-01,  3.281311386316383e-01,  4.415424842160735e+02
s426        ,  3.516200438115945e-01,  3.632248880089862e-01,  2.294898498165276e+02
s427        ,  3.134603833942083e-01,  3.341344541057224e-01,  4.052676807539850e+02
s428        ,  4.002386469560284e-01,  3.524098709618562e-01,  2.948391754545632e+02
s429        ,  3.271139391322421e-01,  3.288158718479711e-01,  4.374050100230780e+02
s430        ,  3.336468674117929e-01,  3.534509265881023e-01,  2.885486367683646e+02
s431        ,  3.524054973028489e-01,  3.399189242277832e-01,  3.703152419364837e+02
s432        ,  2.841555127790880e-01,  3.589427752703487e-01,  2.553643517758436e+02
s433        ,  3.404658463759219e-01,  3.040030374678654e-01,  5.873356099326242e+02
s434        ,  3.538819482511877e-01,  3.578610706765463e-01,  2.619005102891866e+02
s435        ,  3.399757763932839e-01,  3.254869953746869e-01,  4.575196184155973e+02
s436        ,  2.790232036656270e-01,  3.252024530786556e-01,  4.592389543241876e+02
s437        ,  3.534179964046834e-01,  3.210765938241232e-01,  4.841693005997571e+02
s438        ,  3.557570008105000e-01,  3.287688778308560e-01,  4.376889695687825e+02
s439        ,  2.721980488553641e-01,  2.673750461245484e-01,  8.086588425572801e+02
s440        ,  4.224009004310128e-01,  3.419109063507895e-01,  3.582787663716094e+02
s441        ,  3.059499862195538e-01,  3.293913395397371e-01,  4.339277685707986e+02
s442        ,  4.080702663829111e-01,  3.642644121387892e-01,  2.232085651388371e+02
s443        ,  3.177907970187364e-01,  3.039339015352815e-01,  5.877533611531751e+02
s444        ,  3.372064727277352e-01,  3.268800107695216e-01,  4.491023763290486e+02
s445        ,  3.808845894775907e-01,  3.472964240016497e-01,  3.257369825573297e+02
s446        ,  3.398124643479998e-01,  3.350816889080381e-01,  3.995440507973741e+02
s447        ,  3.331015042174243e-01,  3.439231397798515e-01,  3.461199230667431e+02
s448        ,  3.427401650526040e-01,  3.219281442340156e-01,  4.790238399138654e+02
s449        ,  3.811785384687535e-01,  3.349607736386959e-01,  4.002746766740063e+02
s450        ,  3.936724858760076e-01,  3.578976559007522e-01,  2.616794454753497e+02
s451        ,  2.836792607536900e-01,  3.065655474507094e-01,  5.718517416604031e+02
s452        ,  3.820067487524758e-01,  3.224726252190778e-01,  4.757338344481790e+02
s453        ,  3.197971848634002e-01,  3.234366036196770e-01,  4.699090319412322e+02
s454        ,  2.840492207731964e-01,  2.738014676002692e-01,  7.698274373108510e+02
s455        ,  3.289295380996844e-01,  3.162202432020205e-01,  5.135136129418711e+02
s456        ,  2.744141413404179e-01,  3.095671219767867e-01,  5.537148427284210e+02
s457        ,  2.611105769806453e-01,  2.837478389192475e-01,  7.097268701635053e+02
s458        ,  3.263658474620744e-01,  3.202412057135406e-01,  4.892171012120637e+02
s459        ,  2.969415277363106e-01,  3.038973147644738e-01,  5.879744353122943e+02
s460        ,  3.921319705097926e-01,  3.548681191417729e-01,  2.799853051269970e+02
s461        ,  2.326428979555135e-01,  2.817409360168377e-01,  7.218535039655570e+02
s462        ,  3.826962200360596e-01,  3.762510221706343e-01,  1.507799338335305e+02
s463        ,  3.693280157843884e-01,  3.218415278846148e-01,  4.795472158824747e+02
s464        ,  2.560977909662989e-01,  3.091301125180740e-01,  5.563554556188000e+02
s465        ,  3.502461683327402e-01,  3.419342538080929e-01,  3.581376902564730e+02
s466        ,  2.778157526053289e-01,  3.176469454868320e-01,  5.048928191148823e+02
s467        ,  2.872380924003551e-01,  2.924199457137485e-01,  6.573259975239138e+02
s468        ,  2.914774800332743e-01,  3.218136965603382e-01,  4.797153855917932e+02
s469        ,  3.971790599696770e-01,  3.613895217144551e-01,  2.405799802456991e+02
s470        ,  3.627719177198918e-01,  3.402241022190324e-01,  3.684712156311353e+02
s471        ,  3.324323933331337e-01,  3.374367099259861e-01,  3.853139266361608e+02
s472        ,  2.877997515332106e-01,  3.104914888367238e-01,  5.481293914364073e+02
s473        ,  3.757374999337151e-01,  3.363028068254281e-01,  3.921654926242149e+02
s474        ,  2.568357370086547e-01,  3.127914774404280e-01,  5.342317985271927e+02
s475        ,  4.085603576077300e-01,  3.776992122580437e-01,  1.420293007836260e+02
s476        ,  3.620562286483349e-01,  3.716703783508086e-01,  1.784582983991305e+02
s477        ,  3.607757962020898e-01,  2.919706978307514e-01,  6.600405606235590e+02
s478        ,  2.801658826101431e-01,  2.670891940809959e-01,  8.103860925650247e+02
s479        ,  3.100069640052550e-01,  3.176356968850304e-01,  5.049607883597666e+02
s480        ,  3.474642750814730e-01,  3.878792277116174e-01,  8.051694791568852e+01
s481        ,  2.558881068491226e-01,  3.441528752081722e-01,  3.447317555538767e+02
s482        ,  3.573635956988882e-01,  3.570691472884012e-01,  2.666856769834921e+02
s483        ,  3.634319087840275e-01,  3.610812669765660e-01,  2.424425976745940e+02
s484        ,  4.385711512863196e-01,  3.903965923965745e-01,  6.530586837415343e+01
s485        ,  3.308128664574001e-01,  3.260229402311007e-01,  4.542811921798194e+02
s486        ,  4.128201781867112e-01,  3.667947287609881e-01,  2.079192240133613e+02
s487        ,  2.921123229720385e-01,  3.299391265922744e-01,  4.306177863192162e+02
s488        ,  3.541551995743547e-01,  3.414394326484486e-01,  3.611276281320465e+02
s489        ,  3.860436533530173e-01,  3.274743007848063e-01,  4.455114017089410e+02
s490        ,  4.034893081854423e-01,  3.809183690458567e-01,  1.225776693816662e+02
s491        ,  3.095260644743733e-01,  2.964100758240869e-01,  6.332157893955010e+02
s492        ,  3.871277061112895e-01,  3.356200946142890e-01,  3.962907549708543e+02
s493        ,  2.960652162202438e-01,  3.606064928005570e-01,  2.453114024205632e+02
s494        ,  3.660452085605971e-01,  3.209270205412417e-01,  4.850730914238658e+02
s495        ,  3.363338429676201e-01,  3.207732967773405e-01,  4.860019613703212e+02
s496        ,  3.422159497617455e-01,  3.777188223112306e-01,  1.419108077894955e+02
s497        ,  3.159902657033893e-01,  3.138711597096647e-01,  5.277078598324599e+02
s498        ,  3.472376449689170e-01,  3.586919578712820e-01,  2.568799062882282e+02
s499        ,  2.973835508359319e-01,  2.856127403687281e-01,  6.984582746935339e+02
s500        ,  3.418229122033170e-01,  3.224477037748943e-01,  4.758844213186587e+02
s501        ,  3.581213543775074e-01,  3.322157117110774e-01,  4.168616080697477e+02
s502        ,  2.614321344450545e-01,  3.214984267740862e-01,  4.816203911813200e+02
s503        ,  3.881007690304034e-01,  3.739626629575686e-01,  1.646072565959213e+02
s504        ,  3.473738986326554e-01,  3.257636145077910e-01,  4.558481579150589e+02
s505        ,  3.823408435418969e-01,  3.769950465698798e-01,  1.462841949422227e+02
s506        ,  3.506593382360281e-01,  3.218058467870863e-01,  4.797628175455462e+02
s507        ,  3.661650958853160e-01,  3.472795566181124e-01,  3.258389030753132e+02
s508        ,  3.590313513939754e-01,  3.466045664286530e-01,  3.299175054021735e+02
s509        ,  3.473410711565950e-01,  3.303367029182290e-01,  4.282154466208547e+02
s510        ,  2.823312585344063e-01,  3.186785403559414e-01,  4.986594466907632e+02
s511        ,  3.944434654069573e-01,  3.610894774700372e-01,  2.423929860827527e+02
s512        ,  3.702712531526244e-01,  3.236188136899386e-01,  4.688080345813424e+02
s513        ,  3.067345842508110e-01,  3.160710445756515e-01,  5.144151399183746e+02
s514        ,  4.152315745840311e-01,  3.801361933531069e-01,  1.273039360004720e+02
s515        ,  3.940850334472998e-01,  3.126214872284209e-01,  5.352589578623392e+02
s516        ,  4.097596484681705e-01,  3.678563917235202e-01,  2.015041662881619e+02
s517        ,  3.924178649597482e-01,  3.797382778691671e-01,  1.297083250479488e+02
s518        ,  4.006045868102542e-01,  3.290486887331937e-01,  4.359982229250880e+02
s519        ,  3.177429089345927e-01,  3.513320539899790e-01,  3.013518431615540e+02
s520        ,  2.992249414239895e-01,  3.472125529890606e-01,  3.262437699335673e+02
s521        ,  3.196768127285200e-01,  3.217909426531543e-01,  4.798528752031008e+02
s522        ,  3.054834021600709e-01,  3.285821783878574e-01,  4.388170937912216e+02
s523        ,  3.919804173628093e-01,  3.560030412662832e-01,  2.731275817258013e+02
s524        ,  3.373041318694542e-01,  3.786684712677974e-01,  1.361725903984305e+02
s525        ,  3.686696993352180e-01,  3.235381329080624e-01,  4.692955451108761e+02
s526        ,  3.656157006335905e-01,  3.680585196511834e-01,  2.002828160389815e+02
s527        ,  3.181191492460722e-01,  3.371662745228252e-01,  3.869480221857285e+02
s528        ,  2.924289616161080e-01,  2.805773140481395e-01,  7.288846450743187e+02
s529        ,  3.764315778427560e-01,  3.884928836420825e-01,  7.680895549598928e+01
s530        ,  4.069348635396722e-01,  3.682854158800742e-01,  1.989118042797574e+02
s531        ,  2.746836017334675e-01,  3.165204804004489e-01,  5.116994411876105e+02
s532        ,  3.277893342024278e-01,  3.302121865608289e-01,  4.289678319339373e+02
s533        ,  3.719047035373527e-01,  3.617221260733852e-01,  2.385702311657267e+02
s534        ,  4.012806479402614e-01,  3.687527615209947e-01,  1.960878861720986e+02
s535        ,  2.854504042694033e-01,  3.218914171378582e-01,  4.792457619835274e+02
s536        ,  3.360450970551518e-01,  3.322637452121186e-01,  4.165713674822944e+02
s537        ,  3.297420264022976e-01,  3.489708090605030e-01,  3.156195750694233e+02
s538        ,  2.724861013757831e-01,  3.207830721706448e-01,  4.859428939312687e+02
s539        ,  3.471305126426427e-01,  3.267787003478526e-01,  4.497145406656670e+02
s540        ,  3.290991657411811e-01,  3.594263121233986e-01,  2.524425988899952e+02
s541        ,  2.326620745596658e-01,  3.121759217836976e-01,  5.379512699699753e+02
s542        ,  3.456910270356876e-01,  3.294359496048507e-01,  4.336582139636136e+02
s543        ,  2.845400261615328e-01,  3.187428340726945e-01,  4.982709543736202e+02
s544        ,  3.495152260396833e-01,  3.618276537711262e-01,  2.379325841002198e+02
s545        ,  3.154656949900153e-01,  3.285220570028193e-01,  4.391803749540289e+02
s546        ,  3.597382183698820e-01,  3.486327669862144e-01,  3.176621813358564e+02
s547        ,  2.730286710892002e-01,  2.881587160536961e-01,  6.830743142819646e+02
s548        ,  3.194966907439210e-01,  3.173204177551698e-01,  5.068658504076903e+02
s549        ,  3.819439317227558e-01,  3.885435555008340e-01,  7.650277273327994e+01
s550        ,  4.309276596653012e-01,  3.844818030282789e-01,  1.010457562379188e+02
s551        ,  2.731326038711657e-01,  2.895610315381236e-01,  6.746008767608065e+02
s552        ,  3.494519360539466e-01,  3.579172327302243e-01,  2.615611532342407e+02
s553        ,  3.310384344676721e-01,  3.314359673488733e-01,  4.215731834669976e+02
s554        ,  2.857682476071176e-01,  2.961905718950624e-01,  6.345421334663556e+02
s555        ,  2.942434306995658e-01,  3.531096955101281e-01,  2.906105124672357e+02
s556        ,  2.969278407515290e-01,  3.251641917039138e-01,  4.594701472133403e+02
s557        ,  3.451470710358436e-01,  3.658089883911195e-01,  2.138755223848187e+02
s558        ,  3.104132740256662e-01,  3.053477543681742e-01,  5.792102096464947e+02
s559        ,  3.434977869144114e-01,  3.463803155758293e-01,  3.312725325779903e+02
s560        ,  3.938831456017408e-01,  3.254511817344385e-01,  4.577360209629696e+02
s561        ,  3.091091411023093e-01,  3.609901457683518e-01,  2.429931940797752e+02
s562        ,  2.967807829232105e-01,  3.125267145819258e-01,  5.358316179432618e+02
s563        ,  2.549558047926404e-01,  3.420385337909825e-01,  3.575075824600933e+02
s564        ,  2.954235220552698e-01,  3.040454012771228e-01,  5.870796282402828e+02
s565        ,  3.605274781312461e-01,  3.247670093096239e-01,  4.618701065947294e+02
s566        ,  2.951155514842215e-01,  3.079959061141925e-01,  5.632088543055515e+02
s567        ,  3.587015054599469e-01,  3.560463292845327e-01,  2.728660155360779e+02
s568        ,  3.617082896247803e-01,  3.355276355476584e-01,  3.968494353341961e+02
s569        ,  3.597286858283731e-01,  3.392087515496987e-01,  3.746064331012451e+02
s570        ,  3.556392104407323e-01,  3.298111113181266e-01,  4.313913137025268e+02
s571        ,  3.602639004489001e-01,  3.240150122163475e-01,  4.664140201838823e+02
s572        ,  4.312153604367349e-01,  3.810459506783930e-01,  1.218067622611583e+02
s573        ,  3.159649497023310e-01,  3.132102966763843e-01,  5.317010993600333e+02
s574        ,  3.656105773123843e-01,  3.530731870337799e-01,  2.908311135350872e+02
s575        ,  3.488062297918545e-01,  3.396490734261670e-01,  3.719458050536434e+02
s576        ,  2.907677097183701e-01,  3.012183395045342e-01,  6.041620405537018e+02
s577        ,  3.031774726480594e-01,  3.341842217914436e-01,  4.049669614221271e+02
s578        ,  3.648245315625233e-01,  3.321470893734437e-01,  4.172762559125135e+02
s579        ,  3.607701561674609e-01,  3.297602823060364e-01,  4.316984460582569e+02
s580        ,  3.751229452249493e-01,  3.769639393491415e-01,  1.464721591302459e+02
s581        ,  3.471471301437816e-01,  3.478078624532133e-01,  3.226466353327813e+02
s582        ,  3.953183225328266e-01,  3.707539912023824e-01,  1.839955325904449e+02
s583        ,  3.276280334765511e-01,  3.238877794271814e-01,  4.671828194317076e+02
s584        ,  3.483274696967313e-01,  3.629059537670681e-01,  2.314169977388468e+02
s585        ,  3.636795644109545e-01,  3.882365871326887e-01,  7.835761732234413e+01
s586        ,  2.481423102922533e-01,  2.729944625256323e-01,  7.747037345172429e+02
s587        ,  2.631345411637266e-01,  2.613740716682592e-01,  8.449195005091458e+02
s588        ,  3.772462787558727e-01,  3.639006118858218e-01,  2.254068142118404e+02
s589        ,  3.699506978557163e-01,  3.213588952794164e-01,  4.824635048853676e+02
s590        ,  4.080798919774394e-01,  3.594779404303589e-01,  2.521306368256747e+02
s591        ,  3.627233198284863e-01,  3.346509470950282e-01,  4.021467916790237e+02
s592        ,  2.470016891971875e-01,  2.577086365519636e-01,  8.670677515915112e+02
s593        ,  2.685008647552398e-01,  3.162991596688336e-01,  5.130367632184261e+02
s594        ,  2.571819135876586e-01,  3.123503509153149e-01,  5.368972886333630e+02
s595        ,  3.046096741945610e-01,  3.836592768799258e-01,  1.060158389368447e+02
s596        ,  2.932962564895931e-01,  2.735666060911615e-01,  7.712465789702342e+02
s597        ,  4.190454465320334e-01,  3.748660101295506e-01,  1.591488159620518e+02
s598        ,  2.914532118252061e-01,  3.365042214020450e-01,  3.909484527713670e+02
s599        ,  4.062752781026900e-01,  3.820629793515992e-01,  1.156614055170185e+02
s600        ,  3.471511685824152e-01,  2.697901981306646e-01,  7.940653792067138e+02
s601        ,  3.515795377320121e-01,  3.340085244436301e-01,  4.060286059064554e+02
s602        ,  2.668016715085176e-01,  3.005768037387057e-01,  6.080384958091006e+02
s603        ,  2.686426181986058e-01,  3.005184188809199e-01,  6.083912840726002e+02
s604        ,  2.681701385508832e-01,  3.136319561534701e-01,  5.291532381448028e+02
s605        ,  3.261329152258360e-01,  3.160901699221805e-01,  5.142995757456307e+02
s606        ,  2.873274140704322e-01,  3.403744457545071e-01,  3.675627705852794e+02
s607        ,  3.712803163791649e-01,  3.661321248356271e-01,  2.119229828145506e+02
s608        ,  3.639112831354855e-01,  3.346874933707636e-01,  4.019259622098253e+02
s609        ,  3.343046893439320e-01,  3.207060862266758e-01,  4.864080785444835e+02
s610        ,  3.343797244850589e-01,  3.347145523521543e-01,  4.017624593527673e+02
s611        ,  3.423638113371397e-01,  3.483687709889244e-01,  3.192573670224679e+02
s612        ,  3.029297110362906e-01,  3.253348408703873e-01,  4.584390061711078e+02
s613        ,  4.196989461871391e-01,  3.891743880487432e-01,  7.269099126157816e+01
s614        ,  3.188431641765255e-01,  3.314264470936841e-01,  4.216307092437768e+02
s615        ,  3.288426580697588e-01,  3.175073837708622e-01,  5.057361154299754e+02
s616        ,  2.928050790423800e-01,  2.731296336284172e-01,  7.738869683138928e+02
s617        ,  2.786977690996270e-01,  3.098659227893602e-01,  5.519093502805881e+02
s618        ,  2.814924003544382e-01,  2.941722647284263e-01,  6.467376770975219e+02
s619        ,  3.762654840393755e-01,  3.780552507900892e-01,  1.398779516115506e+02
s620        ,  4.077195830571920e-01,  3.786584567901178e-01,  1.362331024956491e+02
s621        ,  3.862795794656866e-01,  3.475365984398455e-01,  3.242857377277388e+02
s622        ,  2.871208436766453e-01,  3.369466434691012e-01,  3.882751344027027e+02
s623        ,  3.384633901935590e-01,  3.172071488917418e-01,  5.075502731699062e+02
s624        ,  4.097704013612976e-01,  3.634870246733650e-01,  2.279058990777067e+02
s625        ,  3.105738368792781e-01,  3.675338471750734e-01,  2.034531293491879e+02
s626        ,  3.514279969117633e-01,  3.258188226430344e-01,  4.555145648756611e+02
s627        ,  3.507814050135403e-01,  3.266196805948370e-01,  4.506754114231895e+02
s628        ,  3.323749384435841e-01,  3.806595661946935e-01,  1.241414756820185e+02
s629        ,  3.054129561964547e-01,  2.703260223009458e-01,  7.908276822122625e+02
s630        ,  3.456187416237006e-01,  3.243704952646574e-01,  4.642660275009699e+02
s631        ,  3.427911311385674e-01,  3.330231282939939e-01,  4.119828243403627e+02
s632        ,  3.245171668015616e-01,  3.543263157815443e-01,  2.832591311473412e+02
s633        ,  4.575225281517705e-01,  3.881163589314913e-01,  7.908409161606792e+01
s634        ,  3.617034399777208e-01,  3.368202068448393e-01,  3.890391228546357e+02
s635        ,  4.224249026405583e-01,  3.932244053377648e-01,  4.821891715327313e+01
s636        ,  3.240434718187445e-01,  2.930879373220120e-01,  6.532896838554603e+02
s637        ,  3.164888547405136e-01,  3.174141060537069e-01,  5.062997424577079e+02
s638        ,  3.404861588298857e-01,  3.772883064315915e-01,  1.445121834774188e+02
s639        ,  3.384903784504644e-01,  3.187934891429547e-01,  4.979648730547260e+02
s640        ,  3.301025015382980e-01,  3.073944063402765e-01,  5.668433936156185e+02
s641        ,  3.985098556532290e-01,  3.694875564126242e-01,  1.916479162265123e+02
s642        ,  3.864695791517571e-01,  3.673515924138767e-01,  2.045543967523394e+02
s643        ,  3.365329052485860e-01,  3.388265359563025e-01,  3.769159561623674e+02
s644        ,  2.792559572339619e-01,  3.076925911009419e-01,  5.650416236378088e+02
s645        ,  3.560560712068223e-01,  3.191767693967505e-01,  4.956489168239791e+02
s646        ,  3.717550173837612e-01,  3.798096175072914e-01,  1.292772580212057e+02
s647        ,  3.499961289371213e-01,  3.477344874771265e-01,  3.230900008110864e+02
s648        ,  3.356155045608213e-01,  3.766119679792945e-01,  1.485989326307553e+02
s649        ,  3.609151245573065e-01,  3.773172484829905e-01,  1.443373022420710e+02
s650        ,  2.967930004646972e-01,  3.108356711774045e-01,  5.460496828458447e+02
s651        ,  4.101788875021543e-01,  3.810860999297903e-01,  1.215641619497352e+02
s652        ,  4.728892349883318e-01,  3.784391236795457e-01,  1.375584144025575e+02
s653        ,  3.545214117288215e-01,  3.562297158803210e-01,  2.717579090658247e+02
s654        ,  3.750141928233718e-01,  3.574899916909545e-01,  2.641427408248573e+02
s655        ,  3.521708766514586e-01,  3.539117138766804e-01,  2.857643472531532e+02
s656        ,  3.717335421883214e-01,  3.455084887229634e-01,  3.365405128927361e+02
s657        ,  3.441208254455855e-01,  3.276066521122249e-01,  4.447116738900741e+02
s658        ,  2.368548105888935e-01,  2.620216837107069e-01,  8.410063295853646e+02
s659        ,  3.171090932690834e-01,  3.192865969801434e-01,  4.949852878643666e+02
s660        ,  3.790200851348591e-01,  3.591772643299010e-01,  2.539474606286117e+02
s661        ,  3.687095274880343e-01,  3.761227159057709e-01,  1.515552195170774e+02
s662        ,  2.315298985659086e-01,  2.538791926770779e-01,  8.902070193062021e+02
s663        ,  3.640119387395722e-01,  3.605116510655188e-01,  2.458844799663571e+02
s664        ,  2.857188063426898e-01,  2.839656590219349e-01,  7.084107005486998e+02
s665        ,  3.256509504333960e-01,  3.342032437575987e-01,  4.048520219213263e+02
s666        ,  2.892912646809653e-01,  3.120224723245797e-01,  5.388784824403004e+02
s667        ,  2.837552795280425e-01,  3.102422873615340e-01,  5.496351817907537e+02
s668        ,  3.715335614278034e-01,  3.801954577150567e-01,  1.269458333667995e+02
s669        ,  3.717358113150651e-01,  3.582938067379237e-01,  2.592857192382767e+02
s670        ,  2.947655724762283e-01,  2.897508011228089e-01,  6.734542013249981e+02
s671        ,  3.071959891293752e-01,  3.366125945723574e-01,  3.902936120470013e+02
s672        ,  2.993479615742132e-01,  3.302854337153160e-01,  4.285252388127446e+02
s673        ,  3.593225247107919e-01,  3.353242564034268e-01,  3.980783460114939e+02
s674        ,  3.266518921019476e-01,  3.143987081882001e-01,  5.245201683879229e+02
s675        ,  2.996384996836147e-01,  2.816951330827647e-01,  7.221302664376705e+02
s676        ,  3.451796209978898e-01,  3.447027127972451e-01,  3.414093830139370e+02
s677        ,  2.641222815503110e-01,  3.010153408226681e-01,  6.053886523017508e+02
s678        ,  3.304311167670392e-01,  3.371366045910997e-01,  3.871273016100265e+02
s679        ,  3.628879844265776e-01,  3.327175396136879e-01,  4.138293322185833e+02
s680        ,  3.098867977998412e-01,  2.902716312661808e-01,  6.703071051629679e+02
s681        ,  3.124078424434578e-01,  2.959912245737381e-01,  6.357466820083986e+02
s682        ,  3.998283578521670e-01,  3.285702797914708e-01,  4.388889906034515e+02
s683        ,  2.934835296170684e-01,  3.584601514399702e-01,  2.582805877572233e+02
s684        ,  3.622134383455983e-01,  3.809520879772932e-01,  1.223739240319354e+02
s685        ,  4.144136208759349e-01,  2.987469075342380e-01,  6.190955734288993e+02
s686        ,  3.781881014682912e-01,  3.310217565604498e-01,  4.240760362667221e+02
s687        ,  3.587899423142989e-01,  3.775489411165815e-01,  1.429373083914383e+02
s688        ,  2.684144109503693e-01,  3.035312421591954e-01,  5.901864149869681e+02
s689        ,  3.492326363550046e-01,  3.452504183633582e-01,  3.380998931409474e+02
s690        ,  3.053784197635313e-01,  3.186774333104715e-01,  4.986661359705483e+02
s691        ,  3.056418685854862e-01,  2.591227144591030e-01,  8.585232400823287e+02
s692        ,  2.913142578793697e-01,  2.937335129250824e-01,  6.493888180384974e+02
s693        ,  3.147770284800075e-01,  3.144244579131380e-01,  5.243645766627573e+02
s694        ,  2.984705041084280e-01,  3.759066010852158e-01,  1.528610850300130e+02
s695        ,  4.012577384470942e-01,  3.720826211334294e-01,  1.759673371989751e+02
s696        ,  3.034072848090301e-01,  3.537187744524150e-01,  2.869301763230283e+02
s697        ,  3.672668652018035e-01,  3.349892538406795e-01,  4.001025861460348e+02
s698        ,  4.108239364695501e-01,  3.637639543081782e-01,  2.262325623825018e+02
s699        ,  2.757255541231750e-01,  2.858957526501337e-01,  6.967481838396276e+02
s700        ,  2.819198034544880e-01,  3.039636241790411e-01,  5.875737632184326e+02
s701        ,  3.140786847731655e-01,  2.666982094380720e-01,  8.127486022715339e+02
s702        ,  2.942837007980383e-01,  3.223685968902445e-01,  4.763624216345774e+02
s703        ,  2.899424986900252e-01,  3.457223216000037e-01,  3.352484359359521e+02
s704        ,  3.777084012576264e-01,  3.377650345255587e-01,  3.833300378379322e+02
s705        ,  3.226798684887092e-01,  3.328121420094773e-01,  4.132577008710192e+02
s706        ,  3.595823462134068e-01,  3.510892847112208e-01,  3.028187672157046e+02
s707        ,  3.763974771864712e-01,  3.357522859983847e-01,  3.954919936033813e+02
s708        ,  3.829175719132407e-01,  3.347637113216400e-01,  4.014654181654117e+02
s709        ,  3.954604723130689e-01,  3.359271554936185e-01,  3.944353513865088e+02
s710        ,  3.425489866820026e-01,  3.701288672941004e-01,  1.877728198261852e+02
s711        ,  3.300759218022618e-01,  3.741872724386636e-01,  1.632500624225324e+02
s712        ,  2.679964023023045e-01,  2.900192696659166e-01,  6.718319904518520e+02
s713        ,  3.595425435144403e-01,  3.410294129136610e-01,  3.636051566509470e+02
s714        ,  2.553853569183208e-01,  2.471540703172176e-01,  9.308433131867346e+02
s715        ,  3.219609547804439e-01,  3.220522050265976e-01,  4.782742073337197e+02
s716        ,  2.739206771298864e-01,  2.921008628902998e-01,  6.592540432444322e+02
s717        ,  3.496918866396705e-01,  3.300734952384564e-01,  4.298058689291075e+02
s718        ,  3.858037501617538e-01,  3.703905704177160e-01,  1.861914887407956e+02
s719        ,  3.656444373151383e-01,  3.701082199215989e-01,  1.878975807824829e+02
s720        ,  3.665945804148918e-01,  3.764214174530545e-01,  1.497503268759513e+02
s721        ,  2.976921642219451e-01,  3.052630239922621e-01,  5.797221896926451e+02
s722        ,  3.352058024081789e-01,  3.703304652801033e-01,  1.865546717291585e+02
s723        ,  3.380057040186947e-01,  3.533190333547078e-01,  2.893455965716634e+02
s724        ,  3.242387501915022e-01,  3.672928081759951e-01,  2.049095982547473e+02
s725        ,  3.221826279978117e-01,  2.945443962440932e-01,  6.444890866892487e+02
s726        ,  2.738917222766719e-01,  2.861072219538486e-01,  6.954703886839937e+02
s727        ,  3.810548900214357e-01,  3.332898526641865e-01,  4.103711525651483e+02
s728        ,  3.412893897345711e-01,  3.531782992422438e-01,  2.901959770475989e+02
s729        ,  2.868947364315128e-01,  3.154065074755240e-01,  5.184305798539330e+02
s730        ,  3.314426660264801e-01,  3.288025970230702e-01,  4.374852226433126e+02
s731        ,  2.684622004709819e-01,  3.108437650206799e-01,  5.460007761083367e+02
s732        ,  2.921055314645209e-01,  3.025366485666558e-01,  5.961962086168010e+02
s733        ,  3.698853057667421e-01,  3.527082888688948e-01,  2.930359966987363e+02
s734        ,  3.153497109258767e-01,  3.141901100677151e-01,  5.257806145290295e+02
s735        ,  3.434171840499868e-01,  3.578314325443049e-01,  2.620795975663224e+02
s736        ,  2.883239765709396e-01,  2.885305709723607e-01,  6.808273952004670e+02
s737        ,  3.404312799986701e-01,  3.581795873397043e-01,  2.599758855705067e+02
s738        ,  3.018129210281842e-01,  2.749569088453214e-01,  7.628457279109043e+02
s739        ,  3.135817291557892e-01,  3.292188488836758e-01,  4.349700367432250e+02
s740        ,  2.943637803121305e-01,  3.194685490041915e-01,  4.938858497388228e+02
s741        ,  3.699984862318467e-01,  3.410713769005835e-01,  3.633515908697261e+02
s742        ,  2.836716313827631e-01,  3.062844344509738e-01,  5.735503561776757e+02
s743        ,  3.859455126663645e-01,  2.835279296603831e-01,  7.110556634243683e+02
s744        ,  3.549022051232796e-01,  3.508867280780133e-01,  3.040427079016913e+02
s745        ,  3.365021664800502e-01,  3.760660308396260e-01,  1.518977368547913e+02
s746        ,  2.996679021289546e-01,  3.170360904389754e-01,  5.085838873088628e+02
s747        ,  3.496033235622116e-01,  3.542810829094228e-01,  2.835324490419803e+02
s748        ,  3.833413178741681e-01,  3.469136743476163e-01,  3.280497326593661e+02
s749        ,  3.194276290097619e-01,  3.559345318591014e-01,  2.735415471906433e+02
s750        ,  3.607086425829715e-01,  3.319405723697545e-01,  4.185241269852141e+02
s751        ,  3.933327188318541e-01,  3.288418165414218e-01,  4.372482402081527e+02
s752        ,  2.711413176352050e-01,  2.919995636082383e-01,  6.598661402703998e+02
s753        ,  3.829161641718021e-01,  3.636660969089673e-01,  2.268238619633770e+02
s754        ,  3.197877473206903e-01,  3.060456816147360e-01,  5.749930110319691e+02
s755        ,  3.496617569418546e-01,  3.691413121080659e-01,  1.937400841547078e+02
s756        ,  3.699460983440985e-01,  3.174644503432844e-01,  5.059955390191669e+02
s757        ,  3.280911972855501e-01,  3.225234748749399e-01,  4.754265773532489e+02
s758        ,  3.125936661497958e-01,  3.203292606642285e-01,  4.886850325503621e+02
s759        ,  3.749231601912195e-01,  3.508354085388151e-01,  3.043528042486539e+02
s760        ,  3.202174624481622e-01,  3.356629067546961e-01,  3.960320642547386e+02
s761        ,  4.037004208658205e-01,  3.588648299522666e-01,  2.558353333703349e+02
s762        ,  2.705693545058654e-01,  2.485028097119613e-01,  9.226936071322867e+02
s763        ,  3.632076138151025e-01,  3.241772037406606e-01,  4.654339841199654e+02
s764        ,  2.904214123983059e-01,  3.141482700232587e-01,  5.260334313926530e+02
s765        ,  3.401053585508043e-01,  3.384117188048573e-01,  3.794224728873902e+02
s766        ,  3.084050561945721e-01,  3.169377432053122e-01,  5.091781466956253e+02
s767        ,  3.291785188280746e-01,  3.292544062690525e-01,  4.347551826060843e+02
s768        ,  3.362959726167617e-01,  3.644840203438202e-01,  2.218815909842136e+02
s769        ,  4.447436541042360e-01,  3.803276158627501e-01,  1.261472728290123e+02
s770        ,  4.366827959781677e-01,  3.401071964658237e-01,  3.691776141603377e+02
s771        ,  2.732263690999292e-01,  3.057096540592321e-01,  5.770234446459231e+02
s772        ,  3.586463705210161e-01,  3.329217966705016e-01,  4.125951167881849e+02
s773        ,  3.494536072487898e-01,  3.776041355726193e-01,  1.426037980081155e+02
s774        ,  4.247318519587049e-01,  3.715901042820856e-01,  1.789433513800375e+02
s775        ,  3.400241339719085e-01,  3.347258402614667e-01,  4.016942525937567e+02
s776        ,  2.703825454286858e-01,  3.157863333503659e-01,  5.161354965755033e+02
s777        ,  3.180965813552759e-01,  3.411616812815801e-01,  3.628059301116735e+02
s778        ,  3.344616171325667e-01,  3.290548295562695e-01,  4.359611172372174e+02
s779        ,  4.009566962610436e-01,  3.459198780008803e-01,  3.340547089620134e+02
s780        ,  3.563640868327244e-01,  3.302748682729633e-01,  4.285890800928662e+02
s781        ,  2.649329396139021e-01,  3.054219790476352e-01,  5.787617098681459e+02
s782        ,  3.338551315946975e-01,  3.419207315256215e-01,  3.582193981295853e+02
s783        ,  3.045407149746746e-01,  3.617083664855155e-01,  2.386533729476050e+02
s784        ,  2.985260989809689e-01,  3.396390106639933e-01,  3.720066089080660e+02
s785        ,  3.071820525176505e-01,  3.337834265705425e-01,  4.073887511697246e+02
s786        ,  3.296681543954699e-01,  3.326522356223306e-01,  4.142239290812672e+02
s787        ,  3.465928111087382e-01,  3.165921395567061e-01,  5.112664434848063e+02
s788        ,  3.238375537313586e-01,  3.259839709694023e-01,  4.545166624487522e+02
s789        ,  3.578303916562611e-01,  3.935312713747814e-01,  4.636469089612882e+01
s790        ,  3.446858102804674e-01,  3.840005001091664e-01,  1.039540106636452e+02
s791        ,  3.249752459595651e-01,  3.156343254619514e-01,  5.170539984101529e+02
s792        ,  3.476053048360684e-01,  3.619982971365541e-01,  2.369014781105833e+02
s793        ,  3.097825366365258e-01,  3.176473532050612e-01,  5.048903554931229e+02
s794        ,  2.867393516849774e-01,  3.365981729015454e-01,  3.903807544396604e+02
s795        ,  3.702845088002308e-01,  3.355673306810302e-01,  3.966095790135212e+02
s796        ,  3.082874914963972e-01,  3.139144982579682e-01,  5.274459883168234e+02
s797        ,  2.782785712367717e-01,  3.350723978097956e-01,  3.996001919020931e+02
s798        ,  3.082196621533786e-01,  3.022857770295109e-01,  5.977120902564465e+02
s799        ,  2.516166876808906e-01,  3.732961706024930e-01,  1.686345110844986e+02
s800        ,  3.752754365991258e-01,  3.818791301511595e-01,  1.167723072581316e+02
s801        ,  3.246209635059766e-01,  3.671764956343809e-01,  2.056124123256459e+02
s802        ,  4.079792643019313e-01,  3.716161729502298e-01,  1.787858324527829e+02
s803        ,  3.649553570094187e-01,  3.643565757954321e-01,  2.226516697790149e+02
s804        ,  2.441452079849671e-01,  2.647330999592004e-01,  8.246227009150721e+02
s805        ,  3.164419790049513e-01,  3.380080499624774e-01,  3.818616263825402e+02
s806        ,  3.693024905987883e-01,  3.490967914731937e-01,  3.148583311734858e+02
s807        ,  3.191228175525491e-01,  3.566894006278589e-01,  2.689802816125547e+02
s808        ,  3.793158450067193e-01,  3.594196450476546e-01,  2.524828844394265e+02
s809        ,  3.605465652216310e-01,  3.336125549399551e-01,  4.084212364428313e+02
s810        ,  3.824385024147211e-01,  3.480578774555764e-01,  3.211359292716980e+02
s811        ,  3.580309026561524e-01,  3.662052703762221e-01,  2.114810036914033e+02
s812        ,  4.082198971938309e-01,  3.716143724144878e-01,  1.787967121209344e+02
s813        ,  3.777542847031886e-01,  3.547158905290624e-01,  2.809051406797375e+02
s814        ,  2.971435305207454e-01,  3.395410621710165e-01,  3.725984589195266e+02
s815        ,  3.213071390383087e-01,  3.507152757294689e-01,  3.050787021407761e+02
s816        ,  2.887445984618123e-01,  2.932568042420365e-01,  6.522693119690282e+02
s817        ,  3.674177460167670e-01,  3.534499316104633e-01,  2.885546488825802e+02
s818        ,  3.639907411341862e-01,  3.496848951823184e-01,  3.113047370710406e+02
s819        ,  3.711799756445687e-01,  3.917633301817264e-01,  5.704740773609082e+01
s820        ,  3.982124713714961e-01,  3.231276021636847e-01,  4.717761613856216e+02
s821        ,  4.040900310131655e-01,  3.611555710227300e-01,  2.419936183259870e+02
s822        ,  3.477446523405509e-01,  3.329533696795863e-01,  4.124043380919466e+02
s823        ,  2.954095158407338e-01,  3.245233887083289e-01,  4.633421747326510e+02
s824        ,  4.283252901174056e-01,  3.885738072850004e-01,  7.631997748792764e+01
s825        ,  3.397919403129021e-01,  3.487997398275109e-01,  3.166532543474806e+02
s826        ,  3.778871682303130e-01,  3.789534929930415e-01,  1.344503575572132e+02
s827        ,  2.337787130599568e-01,  3.591825899798626e-01,  2.539152805930127e+02
s828        ,  3.728406611540748e-01,  3.346362621536531e-01,  4.022355248739618e+02
s829        ,  2.607144883285425e-01,  3.069633617912825e-01,  5.694479637678390e+02
s830        ,  3.482088414946918e-01,  3.377985210086125e-01,  3.831276970486377e+02
s831        ,  2.919464512532615e-01,  3.531808321734978e-01,  2.901806719076606e+02
s832        ,  2.475208749435529e-01,  3.078267487837705e-01,  5.642309809856700e+02
s833        ,  3.566347081859653e-01,  3.557769939607481e-01,  2.744934638982139e+02
s834        ,  3.856874669956564e-01,  3.137161435890218e-01,  5.286445387949516e+02
s835        ,  2.944982044493083e-01,  2.722724254947162e-01,  7.790666155788662e+02
s836        ,  3.860699495992029e-01,  2.960542910235867e-01,  6.353656054044476e+02
s837        ,  2.443036554913805e-01,  2.998393255353746e-01,  6.124946795627109e+02
s838        ,  2.837466788193044e-01,  2.662049443949813e-01,  8.157291373725255e+02
s839        ,  3.354549725730311e-01,  3.643394750851189e-01,  2.227550001650912e+02
s840        ,  2.763733904068356e-01,  3.324612923408902e-01,  4.153776965346948e+02
s841        ,  3.643875992509446e-01,  3.373304509083261e-01,  3.859559926742241e+02
s842        ,  2.695598883230792e-01,  2.961087384085243e-01,  6.350366091695906e+02
s843        ,  3.362322734626774e-01,  3.276083384825706e-01,  4.447014840619503e+02
s844        ,  2.356440744998030e-01,  2.409758131900853e-01,  9.681751948765212e+02
s845        ,  3.414509738024666e-01,  3.394747338961668e-01,  3.729992449759217e+02
s846        ,  3.284946295569345e-01,  3.595455786916424e-01,  2.517219352265049e+02
s847        ,  3.382786868662267e-01,  3.307816307547548e-01,  4.255269872362931e+02
s848        ,  2.603543239280899e-01,  3.040323611300815e-01,  5.871584228285531e+02
s849        ,  3.563475623622980e-01,  3.624736539473322e-01,  2.340291528163725e+02
s850        ,  2.533481965641474e-01,  2.366801312399680e-01,  9.941316882756829e+02
s851        ,  3.334865218614329e-01,  3.231586597322941e-01,  4.715884972186825e+02
s852        ,  3.251989652472498e-01,  3.221243652920604e-01,  4.778381816977634e+02
s853        ,  3.303981460032966e-01,  3.660843307950957e-01,  2.122117764710592e+02
s854        ,  3.550119141417548e-01,  3.545604755016067e-01,  2.818442300213435e+02
s855        ,  3.394520045520492e-01,  3.323174076430954e-01,  4.162471143016339e+02
s856        ,  2.968888541973028e-01,  3.017341714193402e-01,  6.010451459960469e+02
s857        ,  4.242626628749120e-01,  3.595786404903279e-01,  2.515221605762143e+02
s858        ,  3.574550615491790e-01,  3.430889451366996e-01,  3.511605121978808e+02
s859        ,  3.027110711545371e-01,  2.979525685950806e-01,  6.238953359975354e+02
s860        ,  3.368229604072003e-01,  3.470140709167792e-01,  3.274430902414600e+02
s861        ,  3.394582604410895e-01,  3.487817227517281e-01,  3.167621218367544e+02
s862        ,  3.118273414218689e-01,  3.407602625213733e-01,  3.652314875716073e+02
s863        ,  3.561627842648784e-01,  3.268953688392380e-01,  4.490095757819302e+02
s864        ,  3.589362653848208e-01,  3.364379085086857e-01,  3.913491458856965e+02
s865        ,  3.632125925214965e-01,  3.520778333801626e-01,  2.968454998048252e+02
s866        ,  3.538675215168127e-01,  3.769744851997889e-01,  1.464084362322526e+02
s867        ,  3.310372811448682e-01,  3.190031191916851e-01,  4.966981915267820e+02
s868        ,  2.250930966754193e-01,  2.433775528680250e-01,  9.536627750044582e+02
s869        ,  3.227632236826757e-01,  3.293424743958141e-01,  4.342230343284629e+02
s870        ,  2.955305789890147e-01,  3.329772500943550e-01,  4.122600416017709e+02
s871        ,  3.263687380400568e-01,  3.302294681847113e-01,  4.288634083845594e+02
s872        ,  3.581942854285155e-01,  3.632177708257358e-01,  2.295328551232995e+02
s873        ,  3.780199537649536e-01,  3.606386185446683e-01,  2.451172838441299e+02
s874        ,  4.051572712863296e-01,  3.788389373322332e-01,  1.351425557432376e+02
s875        ,  3.637115898742233e-01,  3.717097025324705e-01,  1.782206835399326e+02
s876        ,  3.707605657787341e-01,  3.851393395216890e-01,  9.707261719990416e+01
s877        ,  3.448717819571157e-01,  3.713208604710400e-01,  1.805702467799586e+02
s878        ,  3.077154378074489e-01,  3.024996708362097e-01,  5.964196451345380e+02
s879        ,  2.822144565235117e-01,  2.812657958898981e-01,  7.247245199559866e+02
s880        ,  2.990707743641133e-01,  3.153601098454389e-01,  5.187109357538866e+02
s881        ,  2.519924028225227e-01,  3.678256019985900e-01,  2.016902120199443e+02
s882        ,  3.029935117041472e-01,  2.960409685685586e-01,  6.354461058278993e+02
s883        ,  3.513753591077723e-01,  3.272574214884301e-01,  4.468218865377001e+02
s884        ,  3.148487123515269e-01,  3.206670830420141e-01,  4.866437537916212e+02
s885        ,  3.349797306381302e-01,  3.398916461941593e-01,  3.704800684082576e+02
s886        ,  2.645821893421532e-01,  2.787582861559179e-01,  7.398760513342839e+02
s887        ,  3.560393157185437e-01,  3.263413600299276e-01,  4.523571527601437e+02
s888        ,  3.665363028937624e-01,  3.502196990632315e-01,  3.080732051359567e+02
s889        ,  2.882985069243872e-01,  2.749378086695583e-01,  7.629611399902610e+02
s890        ,  3.314401632007343e-01,  3.766814258999424e-01,  1.481792358096801e+02
s891        ,  3.187054663095563e-01,  2.918922576093764e-01,  6.605145326522133e+02
s892        ,  2.885378548431122e-01,  3.251641596805881e-01,  4.594703407130573e+02
s893        ,  4.341641481228710e-01,  3.357990753119082e-01,  3.952092709712762e+02
s894        ,  3.434520439383409e-01,  3.320731630449785e-01,  4.177229529164150e+02
s895        ,  2.977872538643522e-01,  3.019471051047455e-01,  5.997585023702234e+02
s896        ,  4.395276693832269e-01,  3.630223169466674e-01,  2.307138776898657e+02
s897        ,  4.141074145418121e-01,  3.200936876192580e-01,  4.901084736379011e+02
s898        ,  3.245936699741395e-01,  3.252590821147031e-01,  4.588967755461873e+02
s899        ,  2.759455078310450e-01,  3.083736705424325e-01,  5.609262272391363e+02
s900        ,  2.812910468510978e-01,  3.010665399439685e-01,  6.050792835753163e+02
s901        ,  4.368412206448667e-01,  3.723670923382559e-01,  1.742484308562630e+02
s902        ,  2.476616888757790e-01,  2.655725723537624e-01,  8.195502211734954e+02
s903        ,  4.064063930352827e-01,  3.682419400250689e-01,  1.991745054658717e+02
s904        ,  2.692313868191551e-01,  3.653200467910676e-01,  2.168299332470976e+02
s905        ,  3.857159716978104e-01,  3.487748482681261e-01,  3.168036606402110e+02
s906        ,  2.875408284403677e-01,  2.754752402035457e-01,  7.597137305622734e+02
s907        ,  3.309853692311254e-01,  3.110319895074087e-01,  5.448634368676592e+02
s908        ,  3.448811689194689e-01,  3.227137489230646e-01,  4.742768537164593e+02
s909        ,  3.108819018906574e-01,  3.344905536070727e-01,  4.031159631772234e+02
s910        ,  2.601667533352491e-01,  2.505288802072715e-01,  9.104511538854116e+02
s911        ,  2.987315837360676e-01,  3.070134137083444e-01,  5.691455269790083e+02
s912        ,  3.440343127256966e-01,  3.528367007286106e-01,  2.922600729623443e+02
s913        ,  2.676759227439509e-01,  3.004428523487277e-01,  6.088478919446031e+02
s914        ,  3.362930685924894e-01,  3.502082300144777e-01,  3.081425064230936e+02
s915        ,  3.076052608078511e-01,  3.361397349252737e-01,  3.931508483253813e+02
s916        ,  3.754348103699239e-01,  3.447998400776803e-01,  3.408224951477570e+02
s917        ,  2.590598828517826e-01,  2.988407250838575e-01,  6.185286844842100e+02
s918        ,  4.961505633465160e-01,  3.835350811341336e-01,  1.067662869665855e+02
s919        ,  2.931955880287684e-01,  3.473751886898549e-01,  3.252610499503013e+02
s920        ,  2.474840765757152e-01,  2.594469124343437e-01,  8.565642862533266e+02
s921        ,  3.442280024555943e-01,  3.891729425642001e-01,  7.269972554648038e+01
s922        ,  3.930300610882673e-01,  3.827881345674545e-01,  1.112796829425151e+02
s923        ,  3.214733830150857e-01,  3.089757765537695e-01,  5.572880247627083e+02
s924        ,  2.534416607722896e-01,  2.992858832709364e-01,  6.158388332152675e+02
s925        ,  4.195798862194213e-01,  3.768794643389758e-01,  1.469825961386703e+02
s926        ,  2.890808494142250e-01,  2.982911189993600e-01,  6.218496581666330e+02
s927        ,  2.735614386165569e-01,  2.663235896389722e-01,  8.150122280369990e+02
s928        ,  2.920421471112219e-01,  3.279853671813830e-01,  4.424233026123786e+02
s929        ,  3.493227439756055e-01,  3.520258604886656e-01,  2.971595440079908e+02
s930        ,  3.134104047515290e-01,  3.504612996873431e-01,  3.066133426326784e+02
s931        ,  3.884821591695420e-01,  3.600870945244644e-01,  2.484498465794853e+02
s932        ,  3.555147722726067e-01,  3.330510320780958e-01,  4.118142167953291e+02
s933        ,  4.127638757436791e-01,  3.435555921155449e-01,  3.483408157290103e+02
s934        ,  2.485124345085235e-01,  2.564546731410138e-01,  8.746447773995368e+02
s935        ,  2.511088031672664e-01,  2.417673267997340e-01,  9.633925042530610e+02
s936        ,  2.604780194318803e-01,  3.060759063421440e-01,  5.748103792760410e+02
s937        ,  3.411489425468267e-01,  3.843409083060195e-01,  1.018971071923820e+02
s938        ,  3.511005950375960e-01,  3.113123291350781e-01,  5.431694954214299e+02
s939        ,  2.747398030122069e-01,  3.056939415095443e-01,  5.771183871246706e+02
s940        ,  3.417465604863621e-01,  3.744844500804541e-01,  1.614543779218907e+02
s941        ,  2.992769914824235e-01,  3.146494062054939e-01,  5.230053352353216e+02
s942        ,  2.877311772316790e-01,  3.041258319166311e-01,  5.865936291864114e+02
s943        ,  3.224976287094988e-01,  3.396502565064171e-01,  3.719386563366164e+02
s944        ,  2.872161365477828e-01,  3.098782700598152e-01,  5.518347423725114e+02
s945        ,  3.039291705890396e-01,  3.155515139258922e-01,  5.175543839400999e+02
s946        ,  3.820695206088657e-01,  3.640807484330915e-01,  2.243183460350882e+02
s947        ,  3.338965049246589e-01,  3.191887747592339e-01,  4.955763748817050e+02
s948        ,  2.895186753893665e-01,  3.153827763398888e-01,  5.185739743306705e+02
s949        ,  3.285081864326909e-01,  3.130165161610727e-01,  5.328720106902904e+02
s950        ,  3.631800436830665e-01,  3.740317932563694e-01,  1.641895394172891e+02
s951        ,  2.321785877905577e-01,  2.918290054959954e-01,  6.608967311209362e+02
s952        ,  3.942514198985953e-01,  3.846852807753147e-01,  9.981624975695905e+01
s953        ,  4.109179543283764e-01,  3.803571722604227e-01,  1.259686794298732e+02
s954        ,  3.824721552405599e-01,  3.679939710856651e-01,  2.006728482700119e+02
s955        ,  2.687072927169935e-01,  3.306881433445563e-01,  4.260918813261954e+02
s956        ,  3.979821694304178e-01,  3.593312138086917e-01,  2.530172268085946e+02
s957        ,  2.899775316226321e-01,  3.030552465469828e-01,  5.930626002143426e+02
s958        ,  3.788440459260153e-01,  3.447694728261015e-01,  3.410059881005195e+02
s959        ,  3.097885661746670e-01,  3.130582391773076e-01,  5.326199009652057e+02
s960        ,  2.673850340403868e-01,  3.151460522251631e-01,  5.200043707130499e+02
s961        ,  3.243475522827328e-01,  3.034172820585454e-01,  5.908750145235816e+02
s962        ,  2.853383177579654e-01,  3.006018316502740e-01,  6.078872656135317e+02
s963        ,  3.492156404114884e-01,  3.242824274060817e-01,  4.647981741580889e+02
s964        ,  2.774300864992933e-01,  3.024764345775032e-01,  5.965600493364182e+02
s965        ,  3.171942496841062e-01,  2.673469856576007e-01,  8.088283968523988e+02
s966        ,  2.734218027896025e-01,  2.789643226338412e-01,  7.386310838200906e+02
s967        ,  3.303895856524011e-01,  3.677119971972816e-01,  2.023766646739151e+02
s968        ,  3.379779199025550e-01,  3.534122811944165e-01,  2.887821500772556e+02
s969        ,  3.659302513196352e-01,  3.520452937083087e-01,  2.970421195237650e+02
s970        ,  3.452495236560603e-01,  3.156321535615212e-01,  5.170671220351868e+02
s971        ,  2.851883014226236e-01,  3.259875547116046e-01,  4.544950078239686e+02
s972        ,  3.257825344175761e-01,  3.455323235202061e-01,  3.363964920447108e+02
s973        ,  3.559590726598347e-01,  3.251834306436382e-01,  4.593538966580701e+02
s974        ,  3.244218696610479e-01,  3.307722528366108e-01,  4.255836529469362e+02
s975        ,  3.575434229776818e-01,  3.078278293912571e-01,  5.642244514563848e+02
s976        ,  3.508196626692490e-01,  3.729869690630743e-01,  1.705028495253169e+02
s977        ,  3.094780913347707e-01,  3.137944328305484e-01,  5.281714790562402e+02
s978        ,  2.679411357443860e-01,  3.292835603125432e-01,  4.345790204166546e+02
s979        ,  3.294468669232396e-01,  3.831313827238833e-01,  1.092056191244582e+02
s980        ,  2.682884487390532e-01,  2.688303429344039e-01,  7.998652674096129e+02
s981        ,  3.690259273299634e-01,  3.395707818212546e-01,  3.724188790730236e+02
s982        ,  3.599308410073728e-01,  3.476508382973302e-01,  3.235954477711828e+02
s983        ,  3.033741189947783e-01,  3.011550236034891e-01,  6.045446244569388e+02
s984        ,  3.990606361986817e-01,  3.234932472771124e-01,  4.695667648140571e+02
s985        ,  2.458061579719099e-01,  2.303372468129809e-01,  1.032458324109660e+03
s986        ,  3.674574317411205e-01,  3.446586772488972e-01,  3.416754661256048e+02
s987        ,  3.618389636623023e-01,  3.239752895158696e-01,  4.666540430777383e+02
s988        ,  3.706023012861709e-01,  3.486920314161168e-01,  3.173040782915828e+02
s989        ,  3.267317558382980e-01,  3.241020221308379e-01,  4.658882661133161e+02
s990        ,  3.568657105740528e-01,  3.752979216693323e-01,  1.565390070512548e+02
s991        ,  2.691831861033237e-01,  2.568068005161673e-01,  8.725170612429470e+02
s992        ,  3.535454705333178e-01,  3.031093035003382e-01,  5.927359631473432e+02
s993        ,  3.585598735365578e-01,  3.541798638759832e-01,  2.841440611687290e+02
s994        ,  3.020201873530365e-01,  3.498567065612674e-01,  3.102665734045086e+02
s995        ,  2.226508985115376e-01,  2.532583760539849e-01,  8.939582799364174e+02
s996        ,  3.542347072493316e-01,  3.519076925369859e-01,  2.978735693230363e+02
s997        ,  3.018965630826722e-01,  2.601780720923007e-01,  8.521462820677572e+02
s998        ,  3.248834775025297e-01,  3.220814229801912e-01,  4.780976589699454e+02
s999        ,  3.245798973395961e-01,  2.976959297556286e-01,  6.254460663401348e+02
s1000       ,  4.229046884097925e-01,  3.797425506506057e-01,  1.296825069300122e+02
s1001       ,  3.687810356407749e-01,  3.457985992241237e-01,  3.347875313182530e+02
s1002       ,  2.771840194067590e-01,  3.165598648870398e-01,  5.114614619381928e+02
s1003       ,  3.773312531679570e-01,  3.802778463374017e-01,  1.264480032767469e+02
s1004       ,  3.054117424504427e-01,  3.103299235867752e-01,  5.491056432615017e+02
s1005       ,  3.385236329700146e-01,  3.478367869111689e-01,  3.224718604051405e+02
s1006       ,  4.167296916398009e-01,  3.060049728970739e-01,  5.752389918968364e+02
s1007       ,  3.320487440508861e-01,  3.218250184772369e-01,  4.796469733432466e+02
s1008       ,  3.136740188462037e-01,  3.623796707057488e-01,  2.345970429483975e+02
s1009       ,  3.593194801918262e-01,  3.519084820129146e-01,  2.978687989450215e+02
s1010       ,  3.386964235398171e-01,  3.578787396777970e-01,  2.617937460269210e+02
s1011       ,  3.250388323362358e-01,  3.574058230085413e-01,  2.646513268595879e+02
s1012       ,  2.909569628391213e-01,  2.764664828467098e-01,  7.537241849154988e+02
s1013       ,  3.150008570990088e-01,  2.946647005019265e-01,  6.437621528262197e+02
s1014       ,  2.705688582831416e-01,  2.570186057347834e-01,  8.712372363344091e+02
s1015       ,  2.627454581345986e-01,  2.928020507745099e-01,  6.550171423519965e+02
s1016       ,  4.030578873542974e-01,  3.571012593366920e-01,  2.664916411635284e+02
s1017       ,  3.593872438775090e-01,  3.367286949929879e-01,  3.895920797090095e+02
s1018       ,  2.427981414978236e-01,  2.609033216300911e-01,  8.477639895565791e+02
s1019       ,  3.667702659774850e-01,  3.730002657884736e-01,  1.704225045721606e+02
s1020       ,  2.443455242532603e-01,  3.158319541998251e-01,  5.158598343426842e+02
s1021       ,  3.517001221268577e-01,  3.827284040467187e-01,  1.116406023227699e+02
s1022       ,  2.465884136726172e-01,  2.756473042201523e-01,  7.586740403423872e+02
s1023       ,  3.973866202773900e-01,  3.273288544460139e-01,  4.463902556317026e+02
s1024       ,  2.954254385322262e-01,  2.997728871329486e-01,  6.128961310607607e+02
s1025       ,  3.194737803651596e-01,  3.542749570641551e-01,  2.835694642270200e+02
s1026       ,  2.845215502906833e-01,  3.101824465313368e-01,  5.499967677116973e+02
s1027       ,  3.801444592417467e-01,  3.810762850476382e-01,  1.216234679986350e+02
s1028       ,  3.280565754548467e-01,  3.234148388552280e-01,  4.700405446955087e+02
s1029       ,  3.320425958711730e-01,  3.520099511567572e-01,  2.972556755357579e+02
s1030       ,  3.688103106871887e-01,  3.530148850961708e-01,  2.911834007565993e+02
s1031       ,  3.177581036079268e-01,  3.119472629936560e-01,  5.393329319373402e+02
s1032       ,  2.886686636822086e-01,  3.270499626201567e-01,  4.480754487910201e+02
s1033       ,  3.502857082190677e-01,  3.527589996012193e-01,  2.927295790439538e+02
s1034       ,  2.612720878184224e-01,  3.040513181361296e-01,  5.870438758467076e+02
s1035       ,  3.090655311957510e-01,  3.148752019289645e-01,  5.216409732378827e+02
s1036       ,  2.315433826576645e-01,  2.748991728187235e-01,  7.631945956368405e+02
s1037       ,  3.217591519820785e-01,  3.207236914598691e-01,  4.863016995982587e+02
s1038       ,  3.897883572896937e-01,  3.831279084464834e-01,  1.092266123123717e+02
s1039       ,  3.933052255643392e-01,  3.808975598629789e-01,  1.227034080709556e+02
s1040       ,  3.351679701489885e-01,  3.290395267338182e-01,  4.360535839548552e+02
s1041       ,  4.495450075554298e-01,  3.734701491936914e-01,  1.675832521210852e+02
