# c0 + a0 * (face-area-count * Na-Na)
# Property Label: $E$; Unit of the Property: eV
# RMSE: 0.0348177618203297; Max AE: 0.122839740786435
# Coefficients
# Task   a0                      c0
# all , -8.126808625476428e-04,  4.101695353972877e-01, 
# Feature Rung, Units, and Expressions
# 0;  1; A;                                                34|22|mult; (face-area-count * Na-Na); $\left(face-area-count Na-Na\right)$; (face_sub_area_sub_count .* Na_sub_Na); (newdata$face_sub_area_sub_count * newdata$Na_sub_Na); face-area-count,Na-Na
# Number of Samples Per Task
# Task, n_samples               
# all , 1041                  

# Sample ID , Property Value        ,  Property Value (EST) ,  Feature 0 Value      
s1          ,  3.651132093274850e-01,  3.558454091980338e-01,  6.684558318373008e+01
s2          ,  4.250240521814745e-01,  3.435437096550688e-01,  8.198276692938992e+01
s3          ,  2.746380789449931e-01,  3.145496999773500e-01,  1.176597602165537e+02
s4          ,  3.247370215691567e-01,  2.863639735992058e-01,  1.523421646843861e+02
s5          ,  3.450588503436838e-01,  3.267039820408134e-01,  1.027039729898663e+02
s6          ,  3.418868902527870e-01,  3.539289880535518e-01,  6.920373043783702e+01
s7          ,  3.253614410179195e-01,  3.546434966597886e-01,  6.832453094002071e+01
s8          ,  3.920908336338758e-01,  2.975785846027518e-01,  1.385426383015576e+02
s9          ,  3.897447923973993e-01,  3.733591381173528e-01,  4.529502167005563e+01
s10         ,  3.161197563926354e-01,  3.387058695227880e-01,  8.793570658286575e+01
s11         ,  3.431871249187676e-01,  2.991945371860618e-01,  1.365542162065126e+02
s12         ,  2.917324756968375e-01,  2.991276786763685e-01,  1.366364852899554e+02
s13         ,  2.447364458196310e-01,  3.032747885420257e-01,  1.315334859986265e+02
s14         ,  3.105728952400728e-01,  2.997403091715224e-01,  1.358826463312854e+02
s15         ,  3.795908353494076e-01,  3.557847009188663e-01,  6.692028443727891e+01
s16         ,  3.670742293030571e-01,  3.685943352094008e-01,  5.115808936063097e+01
s17         ,  2.954366621683970e-01,  3.120573850211305e-01,  1.207265421122248e+02
s18         ,  3.635454507147386e-01,  3.283906624966390e-01,  1.006285205785249e+02
s19         ,  3.651486704953139e-01,  3.805915309364735e-01,  3.639559613609121e+01
s20         ,  3.399672486499590e-01,  2.898247794628887e-01,  1.480836592572572e+02
s21         ,  3.890225043355258e-01,  3.683727511788028e-01,  5.143074747380877e+01
s22         ,  2.558533901530953e-01,  2.712371720512837e-01,  1.709556232325567e+02
s23         ,  4.117639764254846e-01,  3.728888697044817e-01,  4.587368475238401e+01
s24         ,  3.311791000527954e-01,  3.327114677459907e-01,  9.531178993003063e+01
s25         ,  3.690868050126928e-01,  3.974551966578508e-01,  1.564493434677324e+01
s26         ,  2.979562579207253e-01,  2.848262077774757e-01,  1.542343783350305e+02
s27         ,  3.397813902812787e-01,  3.338953269010382e-01,  9.385505677731892e+01
s28         ,  2.613491376061739e-01,  2.997998306270913e-01,  1.358094054586232e+02
s29         ,  3.947313720925611e-01,  3.957585508241970e-01,  1.773264910891864e+01
s30         ,  2.592589137508671e-01,  3.098787214368899e-01,  1.234073774617996e+02
s31         ,  3.031212395007984e-01,  3.405703101542223e-01,  8.564152110692186e+01
s32         ,  3.857616783620361e-01,  3.515852412906570e-01,  7.208769986655892e+01
s33         ,  4.141193231435004e-01,  3.802884536634284e-01,  3.676853130291043e+01
s34         ,  4.179319881718991e-01,  3.592185581902022e-01,  6.269493912697941e+01
s35         ,  3.612111930609704e-01,  3.797255830228032e-01,  3.746114099333765e+01
s36         ,  3.787074193034875e-01,  3.228689736159452e-01,  1.074229329181781e+02
s37         ,  3.867254135891385e-01,  3.362024548851050e-01,  9.101614658465816e+01
s38         ,  3.446930711358910e-01,  3.808323735473210e-01,  3.609924042999952e+01
s39         ,  2.876898720952064e-01,  3.580752084709788e-01,  6.410182560839482e+01
s40         ,  3.049912944269815e-01,  3.493395364979263e-01,  7.485102910959134e+01
s41         ,  3.032122447573497e-01,  3.266870145876730e-01,  1.027248513615892e+02
s42         ,  3.284012713704346e-01,  2.952585776820544e-01,  1.413973959655002e+02
s43         ,  3.521735822893021e-01,  3.674179958352704e-01,  5.260556945809839e+01
s44         ,  3.330769886831567e-01,  3.336728862923095e-01,  9.412876890587995e+01
s45         ,  3.222694574216643e-01,  3.285736550769198e-01,  1.004033490644483e+02
s46         ,  3.537154217541030e-01,  3.087776187994688e-01,  1.247622791066707e+02
s47         ,  3.064622412169097e-01,  3.314010702541515e-01,  9.692422791427369e+01
s48         ,  2.709027668189650e-01,  2.730606767769503e-01,  1.687118091971798e+02
s49         ,  3.986674224858993e-01,  3.337990005528806e-01,  9.397358589815437e+01
s50         ,  3.630933243380700e-01,  3.112888189988187e-01,  1.216722590076646e+02
s51         ,  3.785261269820064e-01,  3.726810012621365e-01,  4.612946589837217e+01
s52         ,  3.404870415156796e-01,  3.305182241848663e-01,  9.801056587296209e+01
s53         ,  2.464211996641334e-01,  3.354678902359921e-01,  9.192002494942017e+01
s54         ,  4.479825317233843e-01,  3.874998238203060e-01,  2.789497405650148e+01
s55         ,  3.436317929445776e-01,  3.124200381242971e-01,  1.202802991651106e+02
s56         ,  3.917346641556894e-01,  3.934510442118800e-01,  2.057202520187019e+01
s57         ,  3.497750017469617e-01,  3.690060058802854e-01,  5.065153052572234e+01
s58         ,  4.567353100642558e-01,  3.755835181664460e-01,  4.255793242432129e+01
s59         ,  3.347920174849711e-01,  3.285866126106217e-01,  1.003874048798379e+02
s60         ,  2.709373029897972e-01,  2.906954309408165e-01,  1.470123266861931e+02
s61         ,  2.790893938381299e-01,  2.947753375198524e-01,  1.419920207247041e+02
s62         ,  3.360458157463063e-01,  3.293867854866753e-01,  9.940279589871179e+01
s63         ,  4.093736118424267e-01,  3.677127397691305e-01,  5.224288842616649e+01
s64         ,  3.302497794709098e-01,  3.851743313783133e-01,  3.075648162873919e+01
s65         ,  3.637362750415415e-01,  3.621308873275441e-01,  5.911133174607933e+01
s66         ,  3.848471859724885e-01,  3.516436364736717e-01,  7.201584486700648e+01
s67         ,  3.211750777924535e-01,  3.492819512562982e-01,  7.492188748005623e+01
s68         ,  4.095598752010021e-01,  3.748778011395590e-01,  4.342631392487082e+01
s69         ,  3.476279282639844e-01,  3.689541314547098e-01,  5.071536176374735e+01
s70         ,  3.542202710009075e-01,  3.512744139700819e-01,  7.247017143061264e+01
s71         ,  3.324591144603498e-01,  2.979645241075307e-01,  1.380677415461830e+02
s72         ,  3.490784623419291e-01,  3.678836934609777e-01,  5.203253070799496e+01
s73         ,  2.871691931895054e-01,  3.283574495075309e-01,  1.006693890062664e+02
s74         ,  4.049442418517104e-01,  3.949181043286606e-01,  1.876681459043586e+01
s75         ,  3.439829269029567e-01,  3.506796199342672e-01,  7.320206270949690e+01
s76         ,  3.071028154909760e-01,  3.129835231899638e-01,  1.195869334275439e+02
s77         ,  2.780468433194506e-01,  3.117311372331596e-01,  1.211279884892789e+02
s78         ,  2.669617651637353e-01,  2.989673354138667e-01,  1.368337869244484e+02
s79         ,  3.541307689639985e-01,  3.589019368467564e-01,  6.308454020907356e+01
s80         ,  3.629523222745701e-01,  3.385756480796254e-01,  8.809594345955844e+01
s81         ,  2.554152131748840e-01,  3.226945127451603e-01,  1.076376062036274e+02
s82         ,  3.259366268272620e-01,  3.247526778785708e-01,  1.051050436341602e+02
s83         ,  2.722850822770267e-01,  3.078016301918883e-01,  1.259632285230516e+02
s84         ,  3.998438077165619e-01,  3.289484926580518e-01,  9.994211317419131e+01
s85         ,  3.012322773461942e-01,  3.142264444040151e-01,  1.180575246874944e+02
s86         ,  3.200453803456573e-01,  3.345266430585857e-01,  9.307822519847699e+01
s87         ,  3.352140969143458e-01,  3.246498942817194e-01,  1.052315183693092e+02
s88         ,  3.302506455484479e-01,  3.297546462957068e-01,  9.895014489389024e+01
s89         ,  3.471406078486814e-01,  3.462303972521970e-01,  7.867681040827064e+01
s90         ,  3.483351733862548e-01,  3.318146011501401e-01,  9.641538008107597e+01
s91         ,  3.564650130752042e-01,  3.859884972365182e-01,  2.975465434852896e+01
s92         ,  2.923433543076974e-01,  2.924973112275339e-01,  1.447951214217935e+02
s93         ,  3.745472031333225e-01,  3.411713102810852e-01,  8.490199326203222e+01
s94         ,  3.437578785209007e-01,  3.477998624712553e-01,  7.674559079748973e+01
s95         ,  2.980732528469880e-01,  2.829087655609259e-01,  1.565937820135407e+02
s96         ,  3.581539694897533e-01,  3.345324818589099e-01,  9.307104058198941e+01
s97         ,  4.279362669937736e-01,  3.784521024642872e-01,  3.902815286380780e+01
s98         ,  2.896944279808133e-01,  3.203418844400242e-01,  1.105325043285333e+02
s99         ,  2.909528202324455e-01,  2.685470757248669e-01,  1.742657741791210e+02
s100        ,  3.111721139319150e-01,  3.266172910418003e-01,  1.028106458586494e+02
s101        ,  3.241780336567121e-01,  3.508501966551494e-01,  7.299216885233446e+01
s102        ,  3.096847321141750e-01,  2.787417636606079e-01,  1.617212583604736e+02
s103        ,  3.391049191815317e-01,  3.643819950399572e-01,  5.634135423565027e+01
s104        ,  2.515445686944838e-01,  2.882306410113754e-01,  1.500452391651634e+02
s105        ,  3.580226031747242e-01,  3.412842936089414e-01,  8.476296780559170e+01
s106        ,  3.582576851144277e-01,  3.821467033908629e-01,  3.448196370538014e+01
s107        ,  3.406125813060369e-01,  3.073209687716871e-01,  1.265546801522857e+02
s108        ,  3.541195107207772e-01,  3.707276258634820e-01,  4.853308518938269e+01
s109        ,  3.030334722988908e-01,  3.134255820121469e-01,  1.190429821146051e+02
s110        ,  3.844717335443058e-01,  3.352445518763076e-01,  9.219484175633295e+01
s111        ,  3.518414134147780e-01,  3.694605174949198e-01,  5.009225610992090e+01
s112        ,  3.724995886738390e-01,  3.757436937025527e-01,  4.236083717637298e+01
s113        ,  3.276637756053076e-01,  3.486956304730938e-01,  7.564335246123761e+01
s114        ,  3.975727278995340e-01,  3.685347819136670e-01,  5.123136941246712e+01
s115        ,  4.661802026900197e-01,  3.621365344305608e-01,  5.910438301223201e+01
s116        ,  3.149444114213277e-01,  3.503176015987057e-01,  7.364752457804211e+01
s117        ,  2.617905198031230e-01,  3.027449774922804e-01,  1.321854160171141e+02
s118        ,  2.697626524103243e-01,  3.033874117481884e-01,  1.313949036702453e+02
s119        ,  3.390451473349576e-01,  3.235143327577706e-01,  1.066288215128691e+02
s120        ,  3.261908135769222e-01,  3.599922952516118e-01,  6.174285929211767e+01
s121        ,  3.485047140780971e-01,  3.612085692988503e-01,  6.024623976618763e+01
s122        ,  2.626009490674024e-01,  3.173472139660798e-01,  1.142174323389660e+02
s123        ,  2.763746480585029e-01,  2.848575016982108e-01,  1.541958713119451e+02
s124        ,  3.084637495449347e-01,  3.395913234936290e-01,  8.684615961351139e+01
s125        ,  3.788458996149217e-01,  3.128065622056845e-01,  1.198046830909537e+02
s126        ,  3.251157603452653e-01,  3.101760821636892e-01,  1.230414764783962e+02
s127        ,  2.834263508079372e-01,  2.835378078653874e-01,  1.558197484002851e+02
s128        ,  3.547356336228297e-01,  3.790355687753840e-01,  3.831020029720283e+01
s129        ,  2.905669611170635e-01,  3.093672709439400e-01,  1.240367149010332e+02
s130        ,  3.001710267623137e-01,  3.712125054365474e-01,  4.793644314277984e+01
s131        ,  3.234187238329760e-01,  3.264203182414069e-01,  1.030530199681810e+02
s132        ,  2.761295727416017e-01,  3.046335782886672e-01,  1.298615015712070e+02
s133        ,  3.187185284669714e-01,  3.300367167567280e-01,  9.860305851100563e+01
s134        ,  2.870198930068550e-01,  3.170486287152612e-01,  1.145848400934474e+02
s135        ,  3.783093309701865e-01,  3.378855594761080e-01,  8.894509425825457e+01
s136        ,  3.883241345589045e-01,  3.712377256319101e-01,  4.790540981035503e+01
s137        ,  2.784112215023900e-01,  3.210733455176042e-01,  1.096324448940254e+02
s138        ,  3.453346818049723e-01,  3.369355802475181e-01,  9.011403925544796e+01
s139        ,  3.244324492872825e-01,  3.340696200465473e-01,  9.364058987703690e+01
s140        ,  3.327862834846864e-01,  3.262455742838726e-01,  1.032680415905514e+02
s141        ,  3.557762179436731e-01,  3.533299046403733e-01,  6.994089977550350e+01
s142        ,  2.749368728938547e-01,  2.833049009466837e-01,  1.561063392743135e+02
s143        ,  3.361413138168960e-01,  3.820526047561514e-01,  3.459775163524045e+01
s144        ,  3.409974995595333e-01,  3.660823990910709e-01,  5.424901500449965e+01
s145        ,  3.763216171571199e-01,  3.593303780281587e-01,  6.255734533941808e+01
s146        ,  3.752831948694745e-01,  3.714857250289489e-01,  4.760024771233122e+01
s147        ,  3.654575252194441e-01,  3.553083048794328e-01,  6.750648753543003e+01
s148        ,  3.473385960617674e-01,  3.355311081130025e-01,  9.184223564746443e+01
s149        ,  2.849292163595314e-01,  3.145605991026271e-01,  1.176463488938816e+02
s150        ,  3.503331909216502e-01,  3.663452658109336e-01,  5.392555873528388e+01
s151        ,  3.330423635366063e-01,  3.429769021418714e-01,  8.268022092310223e+01
s152        ,  3.630680102987860e-01,  3.192562036257920e-01,  1.118684294921071e+02
s153        ,  3.816822758848153e-01,  3.547524840731339e-01,  6.819042243769461e+01
s154        ,  3.320898103001320e-01,  3.304184677776623e-01,  9.813331566540991e+01
s155        ,  3.864039977120127e-01,  3.007634520474234e-01,  1.346236738083032e+02
s156        ,  2.690214273922155e-01,  2.972464540253539e-01,  1.389513234234844e+02
s157        ,  3.092688252015169e-01,  3.377537920950994e-01,  8.910723340423567e+01
s158        ,  3.521824739407696e-01,  3.648981352383800e-01,  5.570624613576861e+01
s159        ,  3.604301286467682e-01,  3.545313555332901e-01,  6.846252007163005e+01
s160        ,  2.959798492012398e-01,  3.011264013391026e-01,  1.341770664026096e+02
s161        ,  3.194137955766546e-01,  3.424586682401561e-01,  8.331790531509179e+01
s162        ,  3.677213080484411e-01,  3.264654973742839e-01,  1.029974272565042e+02
s163        ,  3.585762742017419e-01,  3.239856702283681e-01,  1.060488429600090e+02
s164        ,  4.006335057182285e-01,  3.881319804399405e-01,  2.711710829299286e+01
s165        ,  3.287266930084647e-01,  3.584766462853859e-01,  6.360785825551701e+01
s166        ,  2.950048096243486e-01,  3.298770475897716e-01,  9.879953067408309e+01
s167        ,  3.519819712307287e-01,  3.346456554290466e-01,  9.293178103331262e+01
s168        ,  4.374575067359432e-01,  3.850784810160739e-01,  3.087442505112863e+01
s169        ,  4.091080766385897e-01,  3.769852484225414e-01,  4.083310990087568e+01
s170        ,  3.398244019971832e-01,  3.168723056287282e-01,  1.148018048266641e+02
s171        ,  3.613080720154525e-01,  3.617058002858611e-01,  5.963439936249939e+01
s172        ,  3.578018153328690e-01,  3.452611330105484e-01,  7.986948552382599e+01
s173        ,  3.625516481683081e-01,  3.616469105719520e-01,  5.970686288000437e+01
s174        ,  3.825999337737049e-01,  3.494362836660832e-01,  7.473198217171516e+01
s175        ,  3.092599387015685e-01,  3.255462248948298e-01,  1.041285877425187e+02
s176        ,  3.793890053910741e-01,  3.739571859921404e-01,  4.455912655753527e+01
s177        ,  3.131265826402478e-01,  3.414688627706477e-01,  8.453585631544574e+01
s178        ,  3.054696856864712e-01,  3.063115575763674e-01,  1.277967559065435e+02
s179        ,  3.928374269136042e-01,  3.907606312981107e-01,  2.388256570769099e+01
s180        ,  2.641551140722125e-01,  2.809081791357717e-01,  1.590554942518265e+02
s181        ,  2.369318989685527e-01,  2.883952046645197e-01,  1.498427443597260e+02
s182        ,  4.189138162610332e-01,  3.683516065048066e-01,  5.145676589625553e+01
s183        ,  3.759767293543443e-01,  3.490505229769425e-01,  7.520665889528334e+01
s184        ,  4.039791445798378e-01,  3.641722142953835e-01,  5.659948846058585e+01
s185        ,  4.187778012666042e-01,  3.922938217507151e-01,  2.199598202735418e+01
s186        ,  3.450522704714396e-01,  3.580096503819278e-01,  6.418249453032016e+01
s187        ,  3.509325305204691e-01,  3.130755590025459e-01,  1.194736837906649e+02
s188        ,  3.868910592801009e-01,  3.767951562030908e-01,  4.106701748774157e+01
s189        ,  3.427300778100211e-01,  3.261702826233445e-01,  1.033606876266498e+02
s190        ,  3.213421258380463e-01,  3.102777966501882e-01,  1.229163172785350e+02
s191        ,  2.531455052956056e-01,  2.720444150602123e-01,  1.699623144859991e+02
s192        ,  2.695706078724207e-01,  2.960779317996275e-01,  1.403891845564060e+02
s193        ,  3.954601105184181e-01,  3.863988877823998e-01,  2.924967070144877e+01
s194        ,  3.572926210703052e-01,  3.374317462872750e-01,  8.950350926437447e+01
s195        ,  3.290528752571006e-01,  2.964664863794144e-01,  1.399110699634662e+02
s196        ,  3.068286090334552e-01,  3.325660997760874e-01,  9.549066453702895e+01
s197        ,  3.451887575536944e-01,  3.426429457172703e-01,  8.309115274147204e+01
s198        ,  3.094894638678110e-01,  3.626309908145622e-01,  5.849595674456844e+01
s199        ,  3.060674258319923e-01,  3.263859814037490e-01,  1.030952712863065e+02
s200        ,  2.862300564486437e-01,  3.099287002954187e-01,  1.233458787101591e+02
s201        ,  3.249313766746611e-01,  3.398776941865557e-01,  8.649378181538177e+01
s202        ,  3.753266605464363e-01,  3.507008587038597e-01,  7.317592850285897e+01
s203        ,  4.029232548104287e-01,  3.305745827049622e-01,  9.794121697760455e+01
s204        ,  3.599997628653644e-01,  3.465617203607798e-01,  7.826911887294375e+01
s205        ,  3.369349724991222e-01,  3.524522949781529e-01,  7.102079435979240e+01
s206        ,  3.550773861568109e-01,  3.355877279736817e-01,  9.177256517374155e+01
s207        ,  3.248842560910169e-01,  3.170435580798067e-01,  1.145910794866559e+02
s208        ,  3.892178112013847e-01,  3.505063327127470e-01,  7.341529182501576e+01
s209        ,  3.394721823707363e-01,  3.123144580247098e-01,  1.204102149837953e+02
s210        ,  3.535123221804505e-01,  3.443842661575295e-01,  8.094846608486691e+01
s211        ,  3.581883484115880e-01,  3.356954530064351e-01,  9.164001002482895e+01
s212        ,  3.095468400739283e-01,  3.147813748851430e-01,  1.173746853261881e+02
s213        ,  2.970030695897441e-01,  3.111621507089644e-01,  1.218281237458316e+02
s214        ,  2.952505712043380e-01,  2.930821845625376e-01,  1.440754375188526e+02
s215        ,  3.666112826899128e-01,  3.271722224529274e-01,  1.021278053529833e+02
s216        ,  3.146096144721102e-01,  3.401314970503619e-01,  8.618147857864675e+01
s217        ,  3.572631712917447e-01,  3.294957520118917e-01,  9.926871309913064e+01
s218        ,  3.906530675883989e-01,  3.638174156002417e-01,  5.703606659536506e+01
s219        ,  3.533175328188169e-01,  3.256702158659980e-01,  1.039760174324716e+02
s220        ,  3.292958184485441e-01,  3.707851884513992e-01,  4.846225469420305e+01
s221        ,  3.922937304178105e-01,  3.354788100171239e-01,  9.190658820981540e+01
s222        ,  2.956043726879932e-01,  3.051160095330559e-01,  1.292678721815886e+02
s223        ,  3.522928979206140e-01,  3.329378770485252e-01,  9.503319434230545e+01
s224        ,  3.671890264330231e-01,  3.408835379198593e-01,  8.525609580644776e+01
s225        ,  3.692182726300033e-01,  3.656919999766545e-01,  5.472939928867312e+01
s226        ,  3.810944919303408e-01,  3.634808178719214e-01,  5.745024852560652e+01
s227        ,  3.257040093262658e-01,  3.544401334428583e-01,  6.857476842720946e+01
s228        ,  3.395769394444231e-01,  3.170945213296592e-01,  1.145283694460961e+02
s229        ,  3.431399804548451e-01,  3.202090467378090e-01,  1.106959604997525e+02
s230        ,  2.512227189184055e-01,  3.128774500469777e-01,  1.197174559338246e+02
s231        ,  3.201687391567147e-01,  3.215759836267416e-01,  1.090139510518526e+02
s232        ,  3.668712051047079e-01,  3.761074463150837e-01,  4.191324128812887e+01
s233        ,  3.159372860524723e-01,  3.564623251970115e-01,  6.608647093265061e+01
s234        ,  3.288074742025223e-01,  3.869800613624698e-01,  2.853453932964793e+01
s235        ,  2.404535459782499e-01,  2.630712616365091e-01,  1.810037378013871e+02
s236        ,  3.942112592274354e-01,  3.123557325231691e-01,  1.203594269065052e+02
s237        ,  3.207425992509765e-01,  3.331151962664551e-01,  9.481500387406423e+01
s238        ,  3.228783696280719e-01,  3.531311182988093e-01,  7.018550543896271e+01
s239        ,  3.173309981533126e-01,  2.984322703299359e-01,  1.374921820074253e+02
s240        ,  2.944515915275119e-01,  3.179846578959563e-01,  1.134330605649363e+02
s241        ,  2.623340223598457e-01,  2.826790978206046e-01,  1.568763870937211e+02
s242        ,  3.472905412885691e-01,  3.263266007769671e-01,  1.031683388698051e+02
s243        ,  3.411668088660135e-01,  3.146512932609750e-01,  1.175347501562620e+02
s244        ,  3.345490802910559e-01,  3.614459459012943e-01,  5.995414896722401e+01
s245        ,  3.806037450466579e-01,  3.495266701112633e-01,  7.462076207370919e+01
s246        ,  2.822738655802098e-01,  3.129532243682756e-01,  1.196242159859067e+02
s247        ,  2.412572311651046e-01,  3.073712875066976e-01,  1.264927631842243e+02
s248        ,  3.291723893390957e-01,  3.387317636496263e-01,  8.790384398091255e+01
s249        ,  3.335036159019719e-01,  3.145650571853990e-01,  1.176408632438838e+02
s250        ,  2.841334766149551e-01,  3.121862939790618e-01,  1.205679202424701e+02
s251        ,  3.897160933411575e-01,  3.597449932155166e-01,  6.204716329076233e+01
s252        ,  2.974172959235764e-01,  3.078865850136853e-01,  1.258586920122118e+02
s253        ,  3.402798874706645e-01,  3.400639870973368e-01,  8.626454926006221e+01
s254        ,  3.453557066513905e-01,  3.164514180944838e-01,  1.153197049688244e+02
s255        ,  3.473897848646884e-01,  3.323825882363992e-01,  9.571647462822875e+01
s256        ,  2.775650936098157e-01,  2.896396920933093e-01,  1.483114083997671e+02
s257        ,  3.769007346358472e-01,  3.387954512422648e-01,  8.782547669607355e+01
s258        ,  3.031826235523933e-01,  3.280535576823938e-01,  1.010433264756249e+02
s259        ,  3.649101163154662e-01,  3.605061725131541e-01,  6.111053572548249e+01
s260        ,  2.836985211263404e-01,  2.788553924605378e-01,  1.615814386536656e+02
s261        ,  3.568114035371502e-01,  3.253581987205518e-01,  1.043599530704637e+02
s262        ,  2.969774967310232e-01,  3.237530831604110e-01,  1.063350402591899e+02
s263        ,  2.618717119564857e-01,  2.731870503074841e-01,  1.685563071589779e+02
s264        ,  3.079903383698472e-01,  3.495860134334612e-01,  7.454774039332675e+01
s265        ,  3.131364053370843e-01,  3.539374670424879e-01,  6.919329708161210e+01
s266        ,  3.412850318464396e-01,  3.755476801750101e-01,  4.260203090514877e+01
s267        ,  3.070004173759213e-01,  3.210983648273572e-01,  1.096016587504037e+02
s268        ,  2.824464522612543e-01,  3.118455686526429e-01,  1.209871811628647e+02
s269        ,  3.706172452100595e-01,  3.610706244204628e-01,  6.041598029379774e+01
s270        ,  3.137711424042234e-01,  3.490991284420972e-01,  7.514685009776551e+01
s271        ,  3.438724170458776e-01,  3.289412743453636e-01,  9.995099527419011e+01
s272        ,  3.563763221903465e-01,  3.636582819284512e-01,  5.723187983414565e+01
s273        ,  2.992755087965905e-01,  3.161636076537064e-01,  1.156738543699499e+02
s274        ,  3.418910691999477e-01,  3.687922252607094e-01,  5.091458657813855e+01
s275        ,  3.459340138648980e-01,  3.343136968809557e-01,  9.334025447398177e+01
s276        ,  3.066542538287166e-01,  3.174612043562801e-01,  1.140771676970216e+02
s277        ,  2.599265281449482e-01,  3.629102284985269e-01,  5.815235608060136e+01
s278        ,  4.231065788037446e-01,  3.219700029245484e-01,  1.085291121489510e+02
s279        ,  4.085890984502099e-01,  3.670015212882232e-01,  5.311803944015462e+01
s280        ,  2.589465412373284e-01,  2.832202569596007e-01,  1.562104933044915e+02
s281        ,  2.711461992950798e-01,  3.653817342820283e-01,  5.511117977462376e+01
s282        ,  2.707729542437380e-01,  3.299269590334487e-01,  9.873811487610223e+01
s283        ,  3.542954078937219e-01,  3.025214800450127e-01,  1.324604285805539e+02
s284        ,  4.444266515123610e-01,  3.464635632042500e-01,  7.838990079491759e+01
s285        ,  3.522417187169772e-01,  3.512807060496257e-01,  7.246242905616559e+01
s286        ,  4.242568175749523e-01,  3.956043515514260e-01,  1.792239059278682e+01
s287        ,  2.982263198938339e-01,  2.880599169716071e-01,  1.502553142975260e+02
s288        ,  3.665857814303198e-01,  3.320257649502452e-01,  9.615554401277841e+01
s289        ,  4.410941970239712e-01,  3.876795204942622e-01,  2.767385813974066e+01
s290        ,  3.692001655720752e-01,  3.489055842024750e-01,  7.538500537930558e+01
s291        ,  2.847619118274958e-01,  3.692970454665070e-01,  5.029340767623231e+01
s292        ,  2.619380900493295e-01,  3.123319287796376e-01,  1.203887173015772e+02
s293        ,  2.551793459709563e-01,  2.861153096626647e-01,  1.526481444951590e+02
s294        ,  3.996439882026235e-01,  3.889921277377516e-01,  2.605870106642828e+01
s295        ,  2.544891884610722e-01,  2.831911077902503e-01,  1.562463612210304e+02
s296        ,  2.982485995455294e-01,  3.618001736656902e-01,  5.951827336005702e+01
s297        ,  3.481137343622313e-01,  3.653949761700166e-01,  5.509488569339384e+01
s298        ,  3.526397833241731e-01,  3.558447373650119e-01,  6.684640987112100e+01
s299        ,  3.179989852712529e-01,  3.134970887378178e-01,  1.189549934231442e+02
s300        ,  2.757636809786050e-01,  2.801840480371261e-01,  1.599465341815421e+02
s301        ,  3.892773998715768e-01,  3.821379929585983e-01,  3.449268185153815e+01
s302        ,  2.647069109525357e-01,  3.140997883958743e-01,  1.182133743130705e+02
s303        ,  2.939670826111614e-01,  3.635505206320493e-01,  5.736447960530810e+01
s304        ,  4.210831624843967e-01,  3.546958270947296e-01,  6.826013858460459e+01
s305        ,  3.096791680687918e-01,  3.137295085048457e-01,  1.186690019869741e+02
s306        ,  3.818026842917582e-01,  3.418513929051807e-01,  8.406515477421112e+01
s307        ,  3.609095150813969e-01,  3.069991687422234e-01,  1.269506535833013e+02
s308        ,  2.411597646293700e-01,  3.639995054158053e-01,  5.681200592905030e+01
s309        ,  3.878963941441608e-01,  3.390528772197903e-01,  8.750871523485432e+01
s310        ,  3.258173656529080e-01,  2.948921873205880e-01,  1.418482375914711e+02
s311        ,  3.530293427363137e-01,  3.393110966738945e-01,  8.719097740441644e+01
s312        ,  3.018528617684650e-01,  3.206725795113645e-01,  1.101255855900957e+02
s313        ,  3.165147624134501e-01,  3.204442480036288e-01,  1.104065464423298e+02
s314        ,  3.254223568814984e-01,  3.298310794157241e-01,  9.885609429722956e+01
s315        ,  3.159450503141960e-01,  3.224431601447883e-01,  1.079468944026679e+02
s316        ,  3.632560519463020e-01,  3.716775123763779e-01,  4.736425427841707e+01
s317        ,  2.393880636932959e-01,  2.779759731454607e-01,  1.626635600073298e+02
s318        ,  3.299331681777578e-01,  3.305324079199545e-01,  9.799311285328139e+01
s319        ,  3.061104934871230e-01,  3.519300223201937e-01,  7.166344842244868e+01
s320        ,  4.632011214667016e-01,  3.628072991437397e-01,  5.827901017020871e+01
s321        ,  2.843417672327688e-01,  3.001468627304245e-01,  1.353823840787357e+02
s322        ,  3.371500722398251e-01,  3.517423561642508e-01,  7.189437074951634e+01
s323        ,  3.686039319423406e-01,  3.640622796246709e-01,  5.673476255867153e+01
s324        ,  3.213492322200285e-01,  3.085679256460217e-01,  1.250203055511347e+02
s325        ,  3.351760333142303e-01,  3.513507336806703e-01,  7.237626038372383e+01
s326        ,  2.931935066565518e-01,  3.615639723373633e-01,  5.980891798971702e+01
s327        ,  3.259018731198677e-01,  3.056371166073935e-01,  1.286266523641266e+02
s328        ,  3.298407520206893e-01,  3.604588171218697e-01,  6.116880631295017e+01
s329        ,  3.194938209283936e-01,  3.490647383175066e-01,  7.518916698521237e+01
s330        ,  3.459676070956239e-01,  3.497757041302291e-01,  7.431432687824373e+01
s331        ,  3.272723758742512e-01,  3.307418751591683e-01,  9.773536439522481e+01
s332        ,  3.326108287350491e-01,  3.365656180932527e-01,  9.056927595575078e+01
s333        ,  3.950926495884596e-01,  3.967884113611371e-01,  1.646541053545016e+01
s334        ,  2.949640786288477e-01,  2.988965752099791e-01,  1.369208570243468e+02
s335        ,  3.029422036334947e-01,  3.161155326035104e-01,  1.157330104943420e+02
s336        ,  3.680290352655777e-01,  3.443789204195397e-01,  8.095504399045828e+01
s337        ,  2.095842824931815e-01,  3.154501535276227e-01,  1.165517563348702e+02
s338        ,  3.574290889155288e-01,  3.451776190106029e-01,  7.997224911011700e+01
s339        ,  3.094934113876675e-01,  2.910882225644245e-01,  1.465289984306505e+02
s340        ,  3.096006184895485e-01,  3.177641406077050e-01,  1.137044060566463e+02
s341        ,  4.251368861065753e-01,  3.769869587430091e-01,  4.083100535954030e+01
s342        ,  3.304603020052027e-01,  3.111249779974582e-01,  1.218738645934623e+02
s343        ,  2.900651984072795e-01,  3.201633004721422e-01,  1.107522510656746e+02
s344        ,  3.829642871784757e-01,  3.588961139670886e-01,  6.309170523526780e+01
s345        ,  2.978036844690807e-01,  3.192042640163599e-01,  1.119323409385626e+02
s346        ,  3.520522767736792e-01,  3.700959213038820e-01,  4.931039469513340e+01
s347        ,  2.542874130214282e-01,  2.786451180636980e-01,  1.618401803154054e+02
s348        ,  3.478444540314312e-01,  3.354667163098927e-01,  9.192146945999443e+01
s349        ,  3.234544796335823e-01,  2.997142746959110e-01,  1.359146816317474e+02
s350        ,  3.541125597145412e-01,  3.411048227828616e-01,  8.498380581759699e+01
s351        ,  3.738587852283149e-01,  3.767009766461745e-01,  4.118290499199636e+01
s352        ,  3.787169596864594e-01,  3.143387001394785e-01,  1.179193945300898e+02
s353        ,  3.307364261694613e-01,  3.443362381163280e-01,  8.100756436491119e+01
s354        ,  3.099376231199831e-01,  3.722679196290761e-01,  4.663776091563830e+01
s355        ,  2.640936694175295e-01,  3.100301438627044e-01,  1.232210528751226e+02
s356        ,  3.404723749290282e-01,  3.531619014368077e-01,  7.014762693164562e+01
s357        ,  3.291365235802792e-01,  3.038975096996213e-01,  1.307672305270218e+02
s358        ,  3.293936994127192e-01,  3.417330928978547e-01,  8.421072237987023e+01
s359        ,  3.541003310386388e-01,  3.613000808994627e-01,  6.013363516968523e+01
s360        ,  2.930045091334991e-01,  3.298296136075720e-01,  9.885789796730435e+01
s361        ,  3.254402877492827e-01,  3.690770563019366e-01,  5.056410331422332e+01
s362        ,  3.740728450255384e-01,  3.441689151003899e-01,  8.121345455335934e+01
s363        ,  2.839989278051633e-01,  3.387208480286264e-01,  8.791727560149442e+01
s364        ,  2.872844795965752e-01,  2.772092253834792e-01,  1.636070395419381e+02
s365        ,  3.424949250288197e-01,  3.415211835956365e-01,  8.447147578503086e+01
s366        ,  3.910819753821045e-01,  3.580458415814969e-01,  6.413796142853694e+01
s367        ,  3.763017987949026e-01,  3.674353942601506e-01,  5.258416077766548e+01
s368        ,  3.411954836427898e-01,  3.364918710137111e-01,  9.066002139217014e+01
s369        ,  3.788441935901406e-01,  3.655179664756644e-01,  5.494354669758898e+01
s370        ,  2.943092935652329e-01,  2.928433475598473e-01,  1.443693253334882e+02
s371        ,  3.611288930230376e-01,  3.579102481153736e-01,  6.430480855435481e+01
s372        ,  3.689311052207762e-01,  3.691782158609960e-01,  5.043962694998078e+01
s373        ,  2.432926146526648e-01,  2.852282501988502e-01,  1.537396670161073e+02
s374        ,  2.892573275378368e-01,  3.215886210419592e-01,  1.089984007715396e+02
s375        ,  3.674807278757085e-01,  3.432529251827093e-01,  8.234057586246595e+01
s376        ,  4.282440806387797e-01,  3.891514289642359e-01,  2.586268165238073e+01
s377        ,  3.691206426424970e-01,  3.774791713945772e-01,  4.022533999414076e+01
s378        ,  3.798602051076750e-01,  3.565532087347188e-01,  6.597463916461514e+01
s379        ,  2.957579509529457e-01,  3.039323796903929e-01,  1.307243231664837e+02
s380        ,  2.910202807204411e-01,  3.100576831409039e-01,  1.231871659221148e+02
s381        ,  3.407216064168898e-01,  3.561119401011687e-01,  6.651761815413731e+01
s382        ,  2.968841887389642e-01,  2.984809770967916e-01,  1.374322485586382e+02
s383        ,  3.646408838761149e-01,  3.353933013899049e-01,  9.201180617563662e+01
s384        ,  2.932506021659876e-01,  3.131414973094315e-01,  1.193925470124725e+02
s385        ,  3.747511312527886e-01,  3.558087778797396e-01,  6.689065784954585e+01
s386        ,  3.757314223013586e-01,  3.660922382593699e-01,  5.423690795393105e+01
s387        ,  2.822798018360685e-01,  2.875395038310550e-01,  1.508956802327109e+02
s388        ,  4.290603261943512e-01,  3.864756563725754e-01,  2.915520731032753e+01
s389        ,  3.607283139092911e-01,  3.581516883943655e-01,  6.400771742040708e+01
s390        ,  3.355447048186090e-01,  3.470976147077302e-01,  7.760970338570017e+01
s391        ,  3.170728848178653e-01,  3.171717206900457e-01,  1.144333759942454e+02
s392        ,  3.301070274496518e-01,  3.371373003871019e-01,  8.986582356724854e+01
s393        ,  3.507773516014346e-01,  3.150473248335691e-01,  1.170474351586472e+02
s394        ,  3.243042000156651e-01,  3.094210119814485e-01,  1.239705868057560e+02
s395        ,  3.022367426115909e-01,  3.680286148440243e-01,  5.185420562403474e+01
s396        ,  2.606776363619531e-01,  3.332830562081316e-01,  9.460845300100661e+01
s397        ,  3.106623095651243e-01,  3.105210288080938e-01,  1.226170212459656e+02
s398        ,  3.408812441883181e-01,  3.759511687183786e-01,  4.210554013987643e+01
s399        ,  2.471327792540375e-01,  3.021219972385016e-01,  1.329519903053604e+02
s400        ,  2.602627988296087e-01,  2.963017819588459e-01,  1.401137379825607e+02
s401        ,  2.526229840954008e-01,  2.973902027963667e-01,  1.387744412331470e+02
s402        ,  3.012505607845273e-01,  3.079578844205517e-01,  1.257709584255701e+02
s403        ,  3.441124722642947e-01,  3.684024372685521e-01,  5.139421887923080e+01
s404        ,  3.663456624686381e-01,  3.629699321344174e-01,  5.807889103590561e+01
s405        ,  3.699249649078094e-01,  3.524502560677916e-01,  7.102330322945485e+01
s406        ,  2.989025550014489e-01,  3.263256428227340e-01,  1.031695176280080e+02
s407        ,  3.062746086891894e-01,  2.644436517854317e-01,  1.793150181425774e+02
s408        ,  2.568960282350025e-01,  2.957490378734771e-01,  1.407938869941125e+02
s409        ,  3.504460771064962e-01,  3.113250729889037e-01,  1.216276486424453e+02
s410        ,  2.441820219030917e-01,  3.086128979715563e-01,  1.249649673149252e+02
s411        ,  2.985656670308606e-01,  3.048163366748198e-01,  1.296366182319098e+02
s412        ,  4.206602671899846e-01,  3.673794256545647e-01,  5.265302988504239e+01
s413        ,  3.297200192703431e-01,  3.170454026625098e-01,  1.145888097362679e+02
s414        ,  3.299537174094920e-01,  3.464661838206654e-01,  7.838667613867648e+01
s415        ,  3.514142357715472e-01,  3.065743420486663e-01,  1.274734008425703e+02
s416        ,  2.880693148677096e-01,  3.047050947204684e-01,  1.297735009363981e+02
s417        ,  2.648160251035137e-01,  2.820302824774958e-01,  1.576747513385427e+02
s418        ,  3.361158265966862e-01,  3.436031977548660e-01,  8.190956710084862e+01
s419        ,  2.843313817309785e-01,  3.021465072215288e-01,  1.329218308858923e+02
s420        ,  4.086653318866107e-01,  3.803705869692761e-01,  3.666746665424857e+01
s421        ,  2.945648749258037e-01,  3.529790852591618e-01,  7.037258138310497e+01
s422        ,  3.198415121648245e-01,  3.123706337651949e-01,  1.203410909978940e+02
s423        ,  3.457431819287231e-01,  3.187407311301774e-01,  1.125027159868064e+02
s424        ,  3.329184378144718e-01,  3.716859789084502e-01,  4.735383625030472e+01
s425        ,  3.017490009466554e-01,  3.146794415442767e-01,  1.175001138253246e+02
s426        ,  3.516200438115945e-01,  3.678931199514019e-01,  5.202093145562088e+01
s427        ,  3.134603833942083e-01,  3.283591720630987e-01,  1.006672694096977e+02
s428        ,  4.002386469560284e-01,  3.503014800261485e-01,  7.366736209766421e+01
s429        ,  3.271139391322421e-01,  3.365655740479708e-01,  9.056933015326419e+01
s430        ,  3.336468674117929e-01,  3.533728133328507e-01,  6.988810083011812e+01
s431        ,  3.524054973028489e-01,  3.324435594575202e-01,  9.564144982583602e+01
s432        ,  2.841555127790880e-01,  3.529091465214185e-01,  7.045864067275534e+01
s433        ,  3.404658463759219e-01,  3.155108957182279e-01,  1.164770133534559e+02
s434        ,  3.538819482511877e-01,  3.576048438008226e-01,  6.468060713486226e+01
s435        ,  3.399757763932839e-01,  3.187273015196053e-01,  1.125192410597976e+02
s436        ,  2.790232036656270e-01,  3.224799293581789e-01,  1.079016500575810e+02
s437        ,  3.534179964046834e-01,  3.233652951218453e-01,  1.068122116267425e+02
s438        ,  3.557570008105000e-01,  3.397367130620120e-01,  8.666725842968479e+01
s439        ,  2.721980488553641e-01,  2.959918584419320e-01,  1.404950974204369e+02
s440        ,  4.224009004310128e-01,  3.450197686348221e-01,  8.016648325916037e+01
s441        ,  3.059499862195538e-01,  3.253740995798544e-01,  1.043403871374691e+02
s442        ,  4.080702663829111e-01,  3.637551161582568e-01,  5.711272576731799e+01
s443        ,  3.177907970187364e-01,  2.949431694420592e-01,  1.417855043294729e+02
s444        ,  3.372064727277352e-01,  3.295637142981287e-01,  9.918508582381385e+01
s445        ,  3.808845894775907e-01,  3.424944595703656e-01,  8.327386425068514e+01
s446        ,  3.398124643479998e-01,  3.215338092650082e-01,  1.090658464066924e+02
s447        ,  3.331015042174243e-01,  3.495870750211351e-01,  7.454643411465968e+01
s448        ,  3.427401650526040e-01,  3.263955314087191e-01,  1.030835200498615e+02
s449        ,  3.811785384687535e-01,  3.432890001975858e-01,  8.229618572540355e+01
s450        ,  3.936724858760076e-01,  3.612995867447267e-01,  6.013424322477634e+01
s451        ,  2.836792607536900e-01,  2.883245469611092e-01,  1.499296883332669e+02
s452        ,  3.820067487524758e-01,  3.136755125210421e-01,  1.187354437924748e+02
s453        ,  3.197971848634002e-01,  3.046943224853926e-01,  1.297867561212711e+02
s454        ,  2.840492207731964e-01,  2.762766830406476e-01,  1.647545285327680e+02
s455        ,  3.289295380996844e-01,  3.177796937806892e-01,  1.136852679500402e+02
s456        ,  2.744141413404179e-01,  2.909030041210263e-01,  1.467569088588813e+02
s457        ,  2.611105769806453e-01,  2.986004268251687e-01,  1.372852662266037e+02
s458        ,  3.263658474620744e-01,  3.367098352407007e-01,  9.039181743040064e+01
s459        ,  2.969415277363106e-01,  3.102088384907559e-01,  1.230011699711604e+02
s460        ,  3.921319705097926e-01,  3.535790844326112e-01,  6.963428520670871e+01
s461        ,  2.326428979555135e-01,  2.777971386038238e-01,  1.628836150743044e+02
s462        ,  3.826962200360596e-01,  3.816005956414368e-01,  3.515394673659625e+01
s463        ,  3.693280157843884e-01,  3.082347329292499e-01,  1.254302976305929e+02
s464        ,  2.560977909662989e-01,  2.819263554025424e-01,  1.578026331181475e+02
s465        ,  3.502461683327402e-01,  3.330669988974103e-01,  9.487431051122776e+01
s466        ,  2.778157526053289e-01,  3.051461641357045e-01,  1.292307670840795e+02
s467        ,  2.872380924003551e-01,  2.960746952721126e-01,  1.403931670883740e+02
s468        ,  2.914774800332743e-01,  3.041914308339309e-01,  1.304055619460879e+02
s469        ,  3.971790599696770e-01,  3.612269448006786e-01,  6.022362879714039e+01
s470        ,  3.627719177198918e-01,  3.386485334071478e-01,  8.800625840496778e+01
s471        ,  3.324323933331337e-01,  3.311847633944065e-01,  9.719039249340123e+01
s472        ,  2.877997515332106e-01,  3.017515062040335e-01,  1.334078777902787e+02
s473        ,  3.757374999337151e-01,  3.378199075488333e-01,  8.902587864767523e+01
s474        ,  2.568357370086547e-01,  2.754628194244689e-01,  1.657559839055786e+02
s475        ,  4.085603576077300e-01,  3.813681390316159e-01,  3.543998350765068e+01
s476        ,  3.620562286483349e-01,  3.762240981275110e-01,  4.176970177858320e+01
s477        ,  3.607757962020898e-01,  3.272102840115192e-01,  1.020809707831715e+02
s478        ,  2.801658826101431e-01,  2.949149488698651e-01,  1.418202296115542e+02
s479        ,  3.100069640052550e-01,  3.122566826903739e-01,  1.204813072624480e+02
s480        ,  3.474642750814730e-01,  3.907737539941153e-01,  2.386641829163953e+01
s481        ,  2.558881068491226e-01,  3.235433467767617e-01,  1.065931198982155e+02
s482        ,  3.573635956988882e-01,  3.632513743195187e-01,  5.773257774360164e+01
s483        ,  3.634319087840275e-01,  3.609929182785153e-01,  6.051159733798885e+01
s484        ,  4.385711512863196e-01,  3.951804294002463e-01,  1.844402481689136e+01
s485        ,  3.308128664574001e-01,  3.131084945195515e-01,  1.194331567910474e+02
s486        ,  4.128201781867112e-01,  3.691255573392964e-01,  5.050442301461864e+01
s487        ,  2.921123229720385e-01,  3.395264199843144e-01,  8.692602307813291e+01
s488        ,  3.541551995743547e-01,  3.323982498442086e-01,  9.569720309307748e+01
s489        ,  3.860436533530173e-01,  3.227979746469001e-01,  1.075102968174860e+02
s490        ,  4.034893081854423e-01,  3.828514113474297e-01,  3.361482386113966e+01
s491        ,  3.095260644743733e-01,  3.000036320840022e-01,  1.355586287191882e+02
s492        ,  3.871277061112895e-01,  3.444138488188357e-01,  8.091206475850429e+01
s493        ,  2.960652162202438e-01,  3.656020921800537e-01,  5.484003041184121e+01
s494        ,  3.660452085605971e-01,  2.998385062204124e-01,  1.357618153219491e+02
s495        ,  3.363338429676201e-01,  3.208686881600509e-01,  1.098842748151973e+02
s496        ,  3.422159497617455e-01,  3.768118677484921e-01,  4.104645400929459e+01
s497        ,  3.159902657033893e-01,  3.187739362134781e-01,  1.124618572871237e+02
s498        ,  3.472376449689170e-01,  3.615324840732599e-01,  5.984766415140786e+01
s499        ,  2.973835508359319e-01,  3.035376903287518e-01,  1.312099865797994e+02
s500        ,  3.418229122033170e-01,  3.290561853351463e-01,  9.980959783876565e+01
s501        ,  3.581213543775074e-01,  3.377787708149931e-01,  8.907649720624595e+01
s502        ,  2.614321344450545e-01,  3.173186975122209e-01,  1.142525217020520e+02
s503        ,  3.881007690304034e-01,  3.817252028709902e-01,  3.500061812348881e+01
s504        ,  3.473738986326554e-01,  3.110979062536002e-01,  1.219071762476498e+02
s505        ,  3.823408435418969e-01,  3.789058569192548e-01,  3.846981012943458e+01
s506        ,  3.506593382360281e-01,  3.177437865493600e-01,  1.137294516302324e+02
s507        ,  3.661650958853160e-01,  3.492768283973462e-01,  7.492819113403415e+01
s508        ,  3.590313513939754e-01,  3.456487149864593e-01,  7.939256771540619e+01
s509        ,  3.473410711565950e-01,  3.235214011252259e-01,  1.066201239197781e+02
s510        ,  2.823312585344063e-01,  3.247029362103295e-01,  1.051662505242613e+02
s511        ,  3.944434654069573e-01,  3.642354421226734e-01,  5.652168691485764e+01
s512        ,  3.702712531526244e-01,  3.211447647603510e-01,  1.095445638498934e+02
s513        ,  3.067345842508110e-01,  3.172598008775470e-01,  1.143249937355255e+02
s514        ,  4.152315745840311e-01,  3.875327324351574e-01,  2.785448015985886e+01
s515        ,  3.940850334472998e-01,  2.937659858404055e-01,  1.432340232449588e+02
s516        ,  4.097596484681705e-01,  3.748013780137338e-01,  4.352035222372481e+01
s517        ,  3.924178649597482e-01,  3.815747751953986e-01,  3.518571867466958e+01
s518        ,  4.006045868102542e-01,  3.151340324399635e-01,  1.169407418545590e+02
s519        ,  3.177429089345927e-01,  3.578426101306657e-01,  6.438803677815706e+01
s520        ,  2.992249414239895e-01,  3.452273829868040e-01,  7.991101477017563e+01
s521        ,  3.196768127285200e-01,  3.083725241633235e-01,  1.252607461615924e+02
s522        ,  3.054834021600709e-01,  3.266574722517253e-01,  1.027612030677869e+02
s523        ,  3.919804173628093e-01,  3.604396795072117e-01,  6.119235505826952e+01
s524        ,  3.373041318694542e-01,  3.806634284984323e-01,  3.630712652240619e+01
s525        ,  3.686696993352180e-01,  3.136909575337388e-01,  1.187164387765966e+02
s526        ,  3.656157006335905e-01,  3.754127154436403e-01,  4.276810437579348e+01
s527        ,  3.181191492460722e-01,  3.587177577622283e-01,  6.331117171107631e+01
s528        ,  2.924289616161080e-01,  2.597311823565948e-01,  1.851136897318948e+02
s529        ,  3.764315778427560e-01,  3.919976790672572e-01,  2.236038421412336e+01
s530        ,  4.069348635396722e-01,  3.681892425355451e-01,  5.165655400096446e+01
s531        ,  2.746836017334675e-01,  3.098919553145144e-01,  1.233910932372849e+02
s532        ,  3.277893342024278e-01,  3.117468813174653e-01,  1.211086154671847e+02
s533        ,  3.719047035373527e-01,  3.619600141779510e-01,  5.932159035738393e+01
s534        ,  4.012806479402614e-01,  3.682307352099473e-01,  5.160549745919703e+01
s535        ,  2.854504042694033e-01,  3.182101122547302e-01,  1.131556400310417e+02
s536        ,  3.360450970551518e-01,  3.257087677263583e-01,  1.039285795486270e+02
s537        ,  3.297420264022976e-01,  3.494332018237685e-01,  7.473577436426783e+01
s538        ,  2.724861013757831e-01,  3.182092434570135e-01,  1.131567090825683e+02
s539        ,  3.471305126426427e-01,  3.209342645550616e-01,  1.098035833678743e+02
s540        ,  3.290991657411811e-01,  3.624559104499777e-01,  5.871139231424058e+01
s541        ,  2.326620745596658e-01,  3.054074696280550e-01,  1.289092318980148e+02
s542        ,  3.456910270356876e-01,  3.204774782158515e-01,  1.103656568216261e+02
s543        ,  2.845400261615328e-01,  3.196314353580106e-01,  1.114067086007816e+02
s544        ,  3.495152260396833e-01,  3.588601788685678e-01,  6.313592320590909e+01
s545        ,  3.154656949900153e-01,  3.380205611727841e-01,  8.877897530197349e+01
s546        ,  3.597382183698820e-01,  3.569272682912683e-01,  6.551436062996763e+01
s547        ,  2.730286710892002e-01,  2.910034718723525e-01,  1.466332837608185e+02
s548        ,  3.194966907439210e-01,  3.336931364923543e-01,  9.410385112944637e+01
s549        ,  3.819439317227558e-01,  3.917447627727941e-01,  2.267159653142874e+01
s550        ,  4.309276596653012e-01,  3.886738328988523e-01,  2.645036137685017e+01
s551        ,  2.731326038711657e-01,  2.968311832630290e-01,  1.394623121540706e+02
s552        ,  3.494519360539466e-01,  3.613476510303220e-01,  6.007510034617501e+01
s553        ,  3.310384344676721e-01,  3.309991406509099e-01,  9.741880041101190e+01
s554        ,  2.857682476071176e-01,  3.047420312234196e-01,  1.297280507422894e+02
s555        ,  2.942434306995658e-01,  3.481975049019277e-01,  7.625629364654435e+01
s556        ,  2.969278407515290e-01,  3.371415707129300e-01,  8.986056895129180e+01
s557        ,  3.451470710358436e-01,  3.643427420947721e-01,  5.638965480109243e+01
s558        ,  3.104132740256662e-01,  3.134452644825942e-01,  1.190187629267855e+02
s559        ,  3.434977869144114e-01,  3.432878673277198e-01,  8.229757971647462e+01
s560        ,  3.938831456017408e-01,  3.081239312808151e-01,  1.255666385407105e+02
s561        ,  3.091091411023093e-01,  3.663524530016573e-01,  5.391671493071697e+01
s562        ,  2.967807829232105e-01,  2.976475484381124e-01,  1.384577786247291e+02
s563        ,  2.549558047926404e-01,  3.323501700769156e-01,  9.575636502183535e+01
s564        ,  2.954235220552698e-01,  2.991435906967712e-01,  1.366169056232793e+02
s565        ,  3.605274781312461e-01,  3.189765358794445e-01,  1.122125593458245e+02
s566        ,  2.951155514842215e-01,  3.011409368431651e-01,  1.341591805328514e+02
s567        ,  3.587015054599469e-01,  3.550388122057213e-01,  6.783809700986342e+01
s568        ,  3.617082896247803e-01,  3.291392343674875e-01,  9.970740639293683e+01
s569        ,  3.597286858283731e-01,  3.456491736938265e-01,  7.939200327813647e+01
s570        ,  3.556392104407323e-01,  3.222885696210901e-01,  1.081371173189717e+02
s571        ,  3.602639004489001e-01,  3.156828525586772e-01,  1.162654212656217e+02
s572        ,  4.312153604367349e-01,  3.816420691957998e-01,  3.510291372194767e+01
s573        ,  3.159649497023310e-01,  2.941310678726812e-01,  1.427847915119373e+02
s574        ,  3.656105773123843e-01,  3.570102286423597e-01,  6.541227830600184e+01
s575        ,  3.488062297918545e-01,  3.295506345728340e-01,  9.920118036460775e+01
s576        ,  2.907677097183701e-01,  3.156075056869269e-01,  1.163581352388708e+02
s577        ,  3.031774726480594e-01,  3.268458503236267e-01,  1.025294047314621e+02
s578        ,  3.648245315625233e-01,  3.237496033823652e-01,  1.063393221097983e+02
s579        ,  3.607701561674609e-01,  3.235944987258183e-01,  1.065301776641677e+02
s580        ,  3.751229452249493e-01,  3.690959385556242e-01,  5.054086878938367e+01
s581        ,  3.471471301437816e-01,  3.427831026543589e-01,  8.291869028597728e+01
s582        ,  3.953183225328266e-01,  3.711322704030873e-01,  4.803517197614816e+01
s583        ,  3.276280334765511e-01,  3.055275897923138e-01,  1.287614245977638e+02
s584        ,  3.483274696967313e-01,  3.608807149188337e-01,  6.064966304723901e+01
s585        ,  3.636795644109545e-01,  3.910109152291779e-01,  2.357459250123130e+01
s586        ,  2.481423102922533e-01,  2.844038107439953e-01,  1.547541359089398e+02
s587        ,  2.631345411637266e-01,  2.753208275182643e-01,  1.659307042819875e+02
s588        ,  3.772462787558727e-01,  3.663675231956059e-01,  5.389817112755492e+01
s589        ,  3.699506978557163e-01,  3.345971423148731e-01,  9.299147619338001e+01
s590        ,  4.080798919774394e-01,  3.623852030108364e-01,  5.879839748736551e+01
s591        ,  3.627233198284863e-01,  3.175290044890610e-01,  1.139937399507741e+02
s592        ,  2.470016891971875e-01,  2.679976323284115e-01,  1.749418617084040e+02
s593        ,  2.685008647552398e-01,  3.162742220920107e-01,  1.155377438210223e+02
s594        ,  2.571819135876586e-01,  3.033844166696880e-01,  1.313985891003303e+02
s595        ,  3.046096741945610e-01,  3.860813625722256e-01,  2.964038398732435e+01
s596        ,  2.932962564895931e-01,  3.185221718496141e-01,  1.127716521592151e+02
s597        ,  4.190454465320334e-01,  3.747392460703474e-01,  4.359680528943577e+01
s598        ,  2.914532118252061e-01,  3.391473383877250e-01,  8.739248120955855e+01
s599        ,  4.062752781026900e-01,  3.841196115696293e-01,  3.205430941980782e+01
s600        ,  3.471511685824152e-01,  3.126095285784316e-01,  1.200471320476515e+02
s601        ,  3.515795377320121e-01,  3.297519912423785e-01,  9.895341192459148e+01
s602        ,  2.668016715085176e-01,  3.123457415699573e-01,  1.203717207276990e+02
s603        ,  2.686426181986058e-01,  3.027139310063537e-01,  1.322236185728251e+02
s604        ,  2.681701385508832e-01,  3.006317813359532e-01,  1.347856940028694e+02
s605        ,  3.261329152258360e-01,  3.160456245771416e-01,  1.158190319937898e+02
s606        ,  2.873274140704322e-01,  3.363218333010471e-01,  9.086925200224130e+01
s607        ,  3.712803163791649e-01,  3.626985744360524e-01,  5.841279541445135e+01
s608        ,  3.639112831354855e-01,  3.325467915920329e-01,  9.551442316719287e+01
s609        ,  3.343046893439320e-01,  3.224491388115394e-01,  1.079395376811963e+02
s610        ,  3.343797244850589e-01,  3.336250624653332e-01,  9.418761590127528e+01
s611        ,  3.423638113371397e-01,  3.445561486553372e-01,  8.073696547530548e+01
s612        ,  3.029297110362906e-01,  3.296778545880658e-01,  9.904463673094452e+01
s613        ,  4.196989461871391e-01,  3.947770331863841e-01,  1.894040197113817e+01
s614        ,  3.188431641765255e-01,  3.290812696731414e-01,  9.977873167819625e+01
s615        ,  3.288426580697588e-01,  3.193909211398431e-01,  1.117026602212167e+02
s616        ,  2.928050790423800e-01,  2.851238231682941e-01,  1.538681639887428e+02
s617        ,  2.786977690996270e-01,  2.894063670043533e-01,  1.485985138303349e+02
s618        ,  2.814924003544382e-01,  2.719488790612339e-01,  1.700798710858665e+02
s619        ,  3.762654840393755e-01,  3.819343456713538e-01,  3.474326888591973e+01
s620        ,  4.077195830571920e-01,  3.822811683657098e-01,  3.431650518279926e+01
s621        ,  3.862795794656866e-01,  3.404669472430175e-01,  8.576870868567295e+01
s622        ,  2.871208436766453e-01,  3.353639679566214e-01,  9.204790082808297e+01
s623        ,  3.384633901935590e-01,  3.167208603723448e-01,  1.149881575062494e+02
s624        ,  4.097704013612976e-01,  3.629342904028450e-01,  5.812274801988910e+01
s625        ,  3.105738368792781e-01,  3.641220845814147e-01,  5.666117283913965e+01
s626        ,  3.514279969117633e-01,  3.199185548842057e-01,  1.110534093668178e+02
s627        ,  3.507814050135403e-01,  3.229214996149881e-01,  1.073582999220494e+02
s628        ,  3.323749384435841e-01,  3.826013939576881e-01,  3.392246908974494e+01
s629        ,  3.054129561964547e-01,  2.791416939396322e-01,  1.612291460228327e+02
s630        ,  3.456187416237006e-01,  3.111763367403742e-01,  1.218106679005378e+02
s631        ,  3.427911311385674e-01,  3.377017598682773e-01,  8.917125881595625e+01
s632        ,  3.245171668015616e-01,  3.526358359760922e-01,  7.079494802035248e+01
s633        ,  4.575225281517705e-01,  3.915860110406674e-01,  2.286693979523960e+01
s634        ,  3.617034399777208e-01,  3.232404389116968e-01,  1.069658466093076e+02
s635        ,  4.224249026405583e-01,  3.990137723204168e-01,  1.372711428431954e+01
s636        ,  3.240434718187445e-01,  3.089357088260777e-01,  1.245677500684044e+02
s637        ,  3.164888547405136e-01,  3.135952042171241e-01,  1.188342627847989e+02
s638        ,  3.404861588298857e-01,  3.771999405317750e-01,  4.056893226469928e+01
s639        ,  3.384903784504644e-01,  3.092257241675190e-01,  1.242108875473254e+02
s640        ,  3.301025015382980e-01,  3.303988599050246e-01,  9.815744306097356e+01
s641        ,  3.985098556532290e-01,  3.667770654763594e-01,  5.339423126674712e+01
s642        ,  3.864695791517571e-01,  3.702315984668240e-01,  4.914344458077154e+01
s643        ,  3.365329052485860e-01,  3.333468930080555e-01,  9.452990211730074e+01
s644        ,  2.792559572339619e-01,  3.024527295612157e-01,  1.325450257292816e+02
s645        ,  3.560560712068223e-01,  3.198158121555746e-01,  1.111798338138130e+02
s646        ,  3.717550173837612e-01,  3.834712643982300e-01,  3.285209758153074e+01
s647        ,  3.499961289371213e-01,  3.441242544172163e-01,  8.126840931510134e+01
s648        ,  3.356155045608213e-01,  3.732031711435683e-01,  4.548693830175228e+01
s649        ,  3.609151245573065e-01,  3.803976174199455e-01,  3.663420581113640e+01
s650        ,  2.967930004646972e-01,  2.870038076519596e-01,  1.515548518753358e+02
s651        ,  4.101788875021543e-01,  3.806159152437391e-01,  3.636559136006003e+01
s652        ,  4.728892349883318e-01,  3.839867100453430e-01,  3.221784412378697e+01
s653        ,  3.545214117288215e-01,  3.535832263609593e-01,  6.962918858325040e+01
s654        ,  3.750141928233718e-01,  3.542311941008767e-01,  6.883186731019121e+01
s655        ,  3.521708766514586e-01,  3.468518169642500e-01,  7.791215635931844e+01
s656        ,  3.717335421883214e-01,  3.503980042208119e-01,  7.354858952762875e+01
s657        ,  3.441208254455855e-01,  3.267643983939593e-01,  1.026296309499215e+02
s658        ,  2.368548105888935e-01,  2.674368339186722e-01,  1.756319215284190e+02
s659        ,  3.171090932690834e-01,  3.094095767151027e-01,  1.239846578475053e+02
s660        ,  3.790200851348591e-01,  3.601635216911889e-01,  6.153216595914027e+01
s661        ,  3.687095274880343e-01,  3.872057843549872e-01,  2.825678824318851e+01
s662        ,  2.315298985659086e-01,  2.541472419687730e-01,  1.919847022598838e+02
s663        ,  3.640119387395722e-01,  3.633099409776547e-01,  5.766051174471446e+01
s664        ,  2.857188063426898e-01,  2.938170517594401e-01,  1.431711868704508e+02
s665        ,  3.256509504333960e-01,  3.298303671926944e-01,  9.885697068433610e+01
s666        ,  2.892912646809653e-01,  3.071523594748964e-01,  1.267621531033064e+02
s667        ,  2.837552795280425e-01,  3.320120865818484e-01,  9.617237518110923e+01
s668        ,  3.715335614278034e-01,  3.818309992783850e-01,  3.487043613905873e+01
s669        ,  3.717358113150651e-01,  3.577700277385598e-01,  6.447734907213471e+01
s670        ,  2.947655724762283e-01,  2.861604296255552e-01,  1.525926245918737e+02
s671        ,  3.071959891293752e-01,  3.369094115462758e-01,  9.014623971992094e+01
s672        ,  2.993479615742132e-01,  3.336568714672468e-01,  9.414847507320927e+01
s673        ,  3.593225247107919e-01,  3.308267413940572e-01,  9.763093689016098e+01
s674        ,  3.266518921019476e-01,  3.236953538767538e-01,  1.064060758726977e+02
s675        ,  2.996384996836147e-01,  2.938250284678877e-01,  1.431613715680175e+02
s676        ,  3.451796209978898e-01,  3.404328332563933e-01,  8.581068578664386e+01
s677        ,  2.641222815503110e-01,  2.828747426639059e-01,  1.566356470291797e+02
s678        ,  3.304311167670392e-01,  3.206274908477638e-01,  1.101810669797514e+02
s679        ,  3.628879844265776e-01,  3.235691260201409e-01,  1.065613986598214e+02
s680        ,  3.098867977998412e-01,  3.003423142838278e-01,  1.351418818565097e+02
s681        ,  3.124078424434578e-01,  3.122239725586470e-01,  1.205215569265343e+02
s682        ,  3.998283578521670e-01,  3.237775166508243e-01,  1.063049749635254e+02
s683        ,  2.934835296170684e-01,  3.569998421097130e-01,  6.542505888583996e+01
s684        ,  3.622134383455983e-01,  3.810679521540475e-01,  3.580936205635596e+01
s685        ,  4.144136208759349e-01,  3.382766770473308e-01,  8.846382591634155e+01
s686        ,  3.781881014682912e-01,  3.273060158353867e-01,  1.019631732216940e+02
s687        ,  3.587899423142989e-01,  3.801092510978920e-01,  3.698903922157206e+01
s688        ,  2.684144109503693e-01,  3.227351588989458e-01,  1.075875913015192e+02
s689        ,  3.492326363550046e-01,  3.405273827464513e-01,  8.569434308138852e+01
s690        ,  3.053784197635313e-01,  3.042365912622867e-01,  1.303499922502368e+02
s691        ,  3.056418685854862e-01,  3.014966198220816e-01,  1.337215142910238e+02
s692        ,  2.913142578793697e-01,  3.042389920106365e-01,  1.303470381406221e+02
s693        ,  3.147770284800075e-01,  3.174357609022285e-01,  1.141084757482189e+02
s694        ,  2.984705041084280e-01,  3.783605540829931e-01,  3.914080271876693e+01
s695        ,  4.012577384470942e-01,  3.707034357157636e-01,  4.856285105299922e+01
s696        ,  3.034072848090301e-01,  3.597413628733129e-01,  6.205163040986277e+01
s697        ,  3.672668652018035e-01,  3.308125872540052e-01,  9.764835349328818e+01
s698        ,  4.108239364695501e-01,  3.670551756686944e-01,  5.305201797595647e+01
s699        ,  2.757255541231750e-01,  2.946391413302663e-01,  1.421596094989238e+02
s700        ,  2.819198034544880e-01,  2.999169658255729e-01,  1.356652711447987e+02
s701        ,  3.140786847731655e-01,  2.953035456399118e-01,  1.413420631036972e+02
s702        ,  2.942837007980383e-01,  3.186740866569360e-01,  1.125847216993964e+02
s703        ,  2.899424986900252e-01,  3.605271846085942e-01,  6.108468044032877e+01
s704        ,  3.777084012576264e-01,  3.290609820734384e-01,  9.980369547473428e+01
s705        ,  3.226798684887092e-01,  3.300171676569478e-01,  9.862711358684300e+01
s706        ,  3.595823462134068e-01,  3.601209257947164e-01,  6.158458001050474e+01
s707        ,  3.763974771864712e-01,  3.292129752547760e-01,  9.961666857605584e+01
s708        ,  3.829175719132407e-01,  3.348163008581166e-01,  9.272180263104644e+01
s709        ,  3.954604723130689e-01,  3.341011552127292e-01,  9.360178600255782e+01
s710        ,  3.425489866820026e-01,  3.746942332571526e-01,  4.365219334552187e+01
s711        ,  3.300759218022618e-01,  3.757157370228330e-01,  4.239523773999897e+01
s712        ,  2.679964023023045e-01,  2.948242279076603e-01,  1.419318613311943e+02
s713        ,  3.595425435144403e-01,  3.366921842841041e-01,  9.041353684992926e+01
s714        ,  2.553853569183208e-01,  2.667698769063899e-01,  1.764526090122999e+02
s715        ,  3.219609547804439e-01,  3.108007519025461e-01,  1.222728232866641e+02
s716        ,  2.739206771298864e-01,  2.967589542970937e-01,  1.395511895587986e+02
s717        ,  3.496918866396705e-01,  3.212602098890575e-01,  1.094025091590218e+02
s718        ,  3.858037501617538e-01,  3.681853966914332e-01,  5.166128629415483e+01
s719        ,  3.656444373151383e-01,  3.674179154724750e-01,  5.260566834414224e+01
s720        ,  3.665945804148918e-01,  3.782921289094186e-01,  3.922499957478741e+01
s721        ,  2.976921642219451e-01,  2.926580871871654e-01,  1.445972873555064e+02
s722        ,  3.352058024081789e-01,  3.707984258931941e-01,  4.844596608399341e+01
s723        ,  3.380057040186947e-01,  3.541178589956911e-01,  6.897132562698998e+01
s724        ,  3.242387501915022e-01,  3.673914660339202e-01,  5.263821425456501e+01
s725        ,  3.221826279978117e-01,  3.091012734548526e-01,  1.243640235671357e+02
s726        ,  2.738917222766719e-01,  2.906835051528758e-01,  1.470270013124705e+02
s727        ,  3.810548900214357e-01,  3.354108408281199e-01,  9.199022397895482e+01
s728        ,  3.412893897345711e-01,  3.612738016942637e-01,  6.016597160875999e+01
s729        ,  2.868947364315128e-01,  3.216425393113024e-01,  1.089320545933189e+02
s730        ,  3.314426660264801e-01,  3.115249759907548e-01,  1.213816689337260e+02
s731        ,  2.684622004709819e-01,  3.046446784165549e-01,  1.298478429157626e+02
s732        ,  2.921055314645209e-01,  3.077318327547043e-01,  1.260491139430247e+02
s733        ,  3.698853057667421e-01,  3.555920637783015e-01,  6.715732353767176e+01
s734        ,  3.153497109258767e-01,  2.997472089604014e-01,  1.358741561733441e+02
s735        ,  3.434171840499868e-01,  3.578713778824323e-01,  6.435263819417113e+01
s736        ,  2.883239765709396e-01,  3.074850835014915e-01,  1.263527377449182e+02
s737        ,  3.404312799986701e-01,  3.606850762017567e-01,  6.089039557349001e+01
s738        ,  3.018129210281842e-01,  2.941843790195741e-01,  1.427191923950518e+02
s739        ,  3.135817291557892e-01,  3.242609117226664e-01,  1.057101595887340e+02
s740        ,  2.943637803121305e-01,  2.895285548229798e-01,  1.484481622910561e+02
s741        ,  3.699984862318467e-01,  3.410519469763313e-01,  8.504886925020273e+01
s742        ,  2.836716313827631e-01,  3.097439122795810e-01,  1.235732594992900e+02
s743        ,  3.859455126663645e-01,  2.736112246981979e-01,  1.680343625553065e+02
s744        ,  3.549022051232796e-01,  3.386596620155182e-01,  8.799256470442272e+01
s745        ,  3.365021664800502e-01,  3.787411004663883e-01,  3.867254217402830e+01
s746        ,  2.996679021289546e-01,  3.148861900254633e-01,  1.172457107863033e+02
s747        ,  3.496033235622116e-01,  3.526228708267511e-01,  7.081090157597130e+01
s748        ,  3.833413178741681e-01,  3.440137099168563e-01,  8.140443380571560e+01
s749        ,  3.194276290097619e-01,  3.652524783812653e-01,  5.527022855591010e+01
s750        ,  3.607086425829715e-01,  3.319912843349673e-01,  9.619797224859258e+01
s751        ,  3.933327188318541e-01,  3.287333239970119e-01,  1.002068772051362e+02
s752        ,  2.711413176352050e-01,  2.929798994420684e-01,  1.442012988811450e+02
s753        ,  3.829161641718021e-01,  3.600392182970541e-01,  6.168512070418635e+01
s754        ,  3.197877473206903e-01,  3.051244519355377e-01,  1.292574838448246e+02
s755        ,  3.496617569418546e-01,  3.725202761278750e-01,  4.632723742427932e+01
s756        ,  3.699460983440985e-01,  3.016852727752460e-01,  1.334893777145907e+02
s757        ,  3.280911972855501e-01,  3.025586344028689e-01,  1.324147103170037e+02
s758        ,  3.125936661497958e-01,  3.165578010499943e-01,  1.151888012396816e+02
s759        ,  3.749231601912195e-01,  3.578210446085155e-01,  6.441457305228877e+01
s760        ,  3.202174624481622e-01,  3.441594746505595e-01,  8.122507098271738e+01
s761        ,  4.037004208658205e-01,  3.570829277596048e-01,  6.532282238228640e+01
s762        ,  2.705693545058654e-01,  2.711488445529485e-01,  1.710643098061009e+02
s763        ,  3.632076138151025e-01,  3.158322595440024e-01,  1.160815766690394e+02
s764        ,  2.904214123983059e-01,  3.319897601536699e-01,  9.619984774654961e+01
s765        ,  3.401053585508043e-01,  3.291165168613365e-01,  9.973536017799303e+01
s766        ,  3.084050561945721e-01,  3.176911861009736e-01,  1.137941762359301e+02
s767        ,  3.291785188280746e-01,  3.307487292793977e-01,  9.772693043234308e+01
s768        ,  3.362959726167617e-01,  3.634374669438115e-01,  5.750359163986909e+01
s769        ,  4.447436541042360e-01,  3.808245719880359e-01,  3.610884021220758e+01
s770        ,  4.366827959781677e-01,  3.292490535018678e-01,  9.957227446176759e+01
s771        ,  2.732263690999292e-01,  3.086524231705833e-01,  1.249163317424041e+02
s772        ,  3.586463705210161e-01,  3.305790057526391e-01,  9.793577443812724e+01
s773        ,  3.494536072487898e-01,  3.784772941083517e-01,  3.899715466362179e+01
s774        ,  4.247318519587049e-01,  3.727711740094657e-01,  4.601850875457220e+01
s775        ,  3.400241339719085e-01,  3.243569710490848e-01,  1.055919590368996e+02
s776        ,  2.703825454286858e-01,  3.128958555329389e-01,  1.196948080694422e+02
s777        ,  3.180965813552759e-01,  3.428856477158311e-01,  8.279250906749650e+01
s778        ,  3.344616171325667e-01,  3.252132663408532e-01,  1.045382916857526e+02
s779        ,  4.009566962610436e-01,  3.448267768303407e-01,  8.040395877184366e+01
s780        ,  3.563640868327244e-01,  3.094229502430924e-01,  1.239682017838695e+02
s781        ,  2.649329396139021e-01,  3.043755948017361e-01,  1.301789490451420e+02
s782        ,  3.338551315946975e-01,  3.334520896916716e-01,  9.440045809017511e+01
s783        ,  3.045407149746746e-01,  3.658703891923932e-01,  5.450989219313316e+01
s784        ,  2.985260989809689e-01,  3.250327566783355e-01,  1.047604079811356e+02
s785        ,  3.071820525176505e-01,  3.255081217859833e-01,  1.041754734397246e+02
s786        ,  3.296681543954699e-01,  3.300556844719683e-01,  9.857971882612513e+01
s787        ,  3.465928111087382e-01,  2.953418975583643e-01,  1.412948712474348e+02
s788        ,  3.238375537313586e-01,  3.325552103193681e-01,  9.550406396258606e+01
s789        ,  3.578303916562611e-01,  3.987801102986712e-01,  1.401463430910903e+01
s790        ,  3.446858102804674e-01,  3.871835626352386e-01,  2.828413196539572e+01
s791        ,  3.249752459595651e-01,  3.116391023942418e-01,  1.212412369280687e+02
s792        ,  3.476053048360684e-01,  3.593483370148294e-01,  6.253524689032407e+01
s793        ,  3.097825366365258e-01,  3.150072940697367e-01,  1.170966928262966e+02
s794        ,  2.867393516849774e-01,  3.299582738338952e-01,  9.869958216062979e+01
s795        ,  3.702845088002308e-01,  3.396334931614409e-01,  8.679427003452014e+01
s796        ,  3.082874914963972e-01,  3.185216322181588e-01,  1.127723161731967e+02
s797        ,  2.782785712367717e-01,  3.384682745331051e-01,  8.822806610630535e+01
s798        ,  3.082196621533786e-01,  2.933636899614337e-01,  1.437290464422697e+02
s799        ,  2.516166876808906e-01,  3.711547532700097e-01,  4.800750691356517e+01
s800        ,  3.752754365991258e-01,  3.837637728672321e-01,  3.249216727865004e+01
s801        ,  3.246209635059766e-01,  3.641510717988873e-01,  5.662550420362906e+01
s802        ,  4.079792643019313e-01,  3.680545705526433e-01,  5.182226724598849e+01
s803        ,  3.649553570094187e-01,  3.742541359892890e-01,  4.419373097504578e+01
s804        ,  2.441452079849671e-01,  2.709200383786353e-01,  1.713458547333382e+02
s805        ,  3.164419790049513e-01,  3.446403439032275e-01,  8.063336361660497e+01
s806        ,  3.693024905987883e-01,  3.462731495947036e-01,  7.862420385079295e+01
s807        ,  3.191228175525491e-01,  3.473992481727692e-01,  7.723854481787883e+01
s808        ,  3.793158450067193e-01,  3.524899001269238e-01,  7.097452140013020e+01
s809        ,  3.605465652216310e-01,  3.174116245055702e-01,  1.141381754714074e+02
s810        ,  3.824385024147211e-01,  3.476369488463010e-01,  7.694605525095753e+01
s811        ,  3.580309026561524e-01,  3.662039595362238e-01,  5.409943544534561e+01
s812        ,  4.082198971938309e-01,  3.689091559770843e-01,  5.077070387858992e+01
s813        ,  3.777542847031886e-01,  3.669014688808975e-01,  5.324115345936759e+01
s814        ,  2.971435305207454e-01,  3.317125755104015e-01,  9.654092215354309e+01
s815        ,  3.213071390383087e-01,  3.493000777984570e-01,  7.489958285471782e+01
s816        ,  2.887445984618123e-01,  2.869177713178215e-01,  1.516607191820524e+02
s817        ,  3.674177460167670e-01,  3.535018541290144e-01,  6.972931673403504e+01
s818        ,  3.639907411341862e-01,  3.473661946000529e-01,  7.727921708449611e+01
s819        ,  3.711799756445687e-01,  3.959728321464939e-01,  1.746897694414650e+01
s820        ,  3.982124713714961e-01,  3.079741845086007e-01,  1.257509012434705e+02
s821        ,  4.040900310131655e-01,  3.647818748943575e-01,  5.584930394527331e+01
s822        ,  3.477446523405509e-01,  3.275828546828355e-01,  1.016225243148391e+02
s823        ,  2.954095158407338e-01,  3.118879932516037e-01,  1.209349778922872e+02
s824        ,  4.283252901174056e-01,  3.955933697818578e-01,  1.793590360887262e+01
s825        ,  3.397919403129021e-01,  3.425099051280763e-01,  8.325485856416967e+01
s826        ,  3.778871682303130e-01,  3.814974974750462e-01,  3.528080854809178e+01
s827        ,  2.337787130599568e-01,  3.468495433977971e-01,  7.791495397220402e+01
s828        ,  3.728406611540748e-01,  3.282008846420354e-01,  1.008620413409169e+02
s829        ,  2.607144883285425e-01,  3.047209753262614e-01,  1.297539599252523e+02
s830        ,  3.482088414946918e-01,  3.236274045052443e-01,  1.064896872565028e+02
s831        ,  2.919464512532615e-01,  3.580444144677078e-01,  6.413971748537895e+01
s832        ,  2.475208749435529e-01,  3.181255994406652e-01,  1.132596326534348e+02
s833        ,  3.566347081859653e-01,  3.544287323816125e-01,  6.858879737974317e+01
s834        ,  3.856874669956564e-01,  3.332614424232265e-01,  9.463504866223242e+01
s835        ,  2.944982044493083e-01,  3.012195175731166e-01,  1.340624873122123e+02
s836        ,  3.860699495992029e-01,  2.969846303525084e-01,  1.392734962282245e+02
s837        ,  2.443036554913805e-01,  2.947339129454210e-01,  1.420429934697760e+02
s838        ,  2.837466788193044e-01,  2.776264099752690e-01,  1.630936958531474e+02
s839        ,  3.354549725730311e-01,  3.627439783619009e-01,  5.835692609607449e+01
s840        ,  2.763733904068356e-01,  3.240488231299188e-01,  1.059711336100525e+02
s841        ,  3.643875992509446e-01,  3.208316825445429e-01,  1.099298100519839e+02
s842        ,  2.695598883230792e-01,  2.994879500347485e-01,  1.361931730686603e+02
s843        ,  3.362322734626774e-01,  3.264601885192312e-01,  1.030039597778139e+02
s844        ,  2.356440744998030e-01,  2.769076727200551e-01,  1.639780986837502e+02
s845        ,  3.414509738024666e-01,  3.315479518322687e-01,  9.674349081944811e+01
s846        ,  3.284946295569345e-01,  3.511115940739855e-01,  7.267052055115920e+01
s847        ,  3.382786868662267e-01,  3.205741542584333e-01,  1.102466974034374e+02
s848        ,  2.603543239280899e-01,  2.944762544702198e-01,  1.423600410182976e+02
s849        ,  3.563475623622980e-01,  3.677677426445679e-01,  5.217520764522015e+01
s850        ,  2.533481965641474e-01,  2.664122746522614e-01,  1.768926369132984e+02
s851        ,  3.334865218614329e-01,  3.044094467491871e-01,  1.301372943821481e+02
s852        ,  3.251989652472498e-01,  3.261740591865028e-01,  1.033560405833487e+02
s853        ,  3.303981460032966e-01,  3.642466309334847e-01,  5.650791913549068e+01
s854        ,  3.550119141417548e-01,  3.518768722021286e-01,  7.172884939411476e+01
s855        ,  3.394520045520492e-01,  3.388029186869472e-01,  8.781628804032124e+01
s856        ,  2.968888541973028e-01,  3.084231411901043e-01,  1.251984621469029e+02
s857        ,  4.242626628749120e-01,  3.691690393592693e-01,  5.045091859243195e+01
s858        ,  3.574550615491790e-01,  3.483409982047380e-01,  7.607972580863508e+01
s859        ,  3.027110711545371e-01,  3.154273775514772e-01,  1.165797820669812e+02
s860        ,  3.368229604072003e-01,  3.490182053068793e-01,  7.524642563712830e+01
s861        ,  3.394582604410895e-01,  3.462716743049451e-01,  7.862601918794009e+01
s862        ,  3.118273414218689e-01,  3.374579381315014e-01,  8.947128032256776e+01
s863        ,  3.561627842648784e-01,  3.359589028644732e-01,  9.131583620681603e+01
s864        ,  3.589362653848208e-01,  3.270402507427413e-01,  1.022901959250615e+02
s865        ,  3.632125925214965e-01,  3.554410371775147e-01,  6.734316106350373e+01
s866        ,  3.538675215168127e-01,  3.751821472810191e-01,  4.305181742140208e+01
s867        ,  3.310372811448682e-01,  3.237134446609715e-01,  1.063838152473387e+02
s868        ,  2.250930966754193e-01,  2.561309820524379e-01,  1.895437193660007e+02
s869        ,  3.227632236826757e-01,  3.213632553074244e-01,  1.092757122537226e+02
s870        ,  2.955305789890147e-01,  3.108465958309797e-01,  1.222164125471642e+02
s871        ,  3.263687380400568e-01,  3.299851003522508e-01,  9.866657225527585e+01
s872        ,  3.581942854285155e-01,  3.567235788154337e-01,  6.576499957721205e+01
s873        ,  3.780199537649536e-01,  3.594774351211782e-01,  6.237639227432624e+01
s874        ,  4.051572712863296e-01,  3.790153522517192e-01,  3.833507663500832e+01
s875        ,  3.637115898742233e-01,  3.722648103036043e-01,  4.664158692608725e+01
s876        ,  3.707605657787341e-01,  3.875694699898962e-01,  2.780927477059495e+01
s877        ,  3.448717819571157e-01,  3.747158532477867e-01,  4.362559004817543e+01
s878        ,  3.077154378074489e-01,  2.869397063831898e-01,  1.516337281867194e+02
s879        ,  2.822144565235117e-01,  2.840015624945612e-01,  1.552491004983275e+02
s880        ,  2.990707743641133e-01,  3.145009586131057e-01,  1.177197362372656e+02
s881        ,  2.519924028225227e-01,  3.691139719931184e-01,  5.051867872889951e+01
s882        ,  3.029935117041472e-01,  3.100716374435067e-01,  1.231699952180341e+02
s883        ,  3.513753591077723e-01,  3.110686945966242e-01,  1.219431210549194e+02
s884        ,  3.148487123515269e-01,  3.187198367679151e-01,  1.125284264018355e+02
s885        ,  3.349797306381302e-01,  3.108416005571323e-01,  1.222225592082678e+02
s886        ,  2.645821893421532e-01,  2.973626399078353e-01,  1.388083572385577e+02
s887        ,  3.560393157185437e-01,  3.188994884368681e-01,  1.123073658635207e+02
s888        ,  3.665363028937624e-01,  3.536802103631665e-01,  6.950985022218313e+01
s889        ,  2.882985069243872e-01,  2.900757645611861e-01,  1.477748232678006e+02
s890        ,  3.314401632007343e-01,  3.781177252274369e-01,  3.943960248968189e+01
s891        ,  3.187054663095563e-01,  2.954044877706846e-01,  1.412178542839442e+02
s892        ,  2.885378548431122e-01,  3.322488946634812e-01,  9.588098394434449e+01
s893        ,  4.341641481228710e-01,  3.392503882032194e-01,  8.726567889361459e+01
s894        ,  3.434520439383409e-01,  3.290574151253742e-01,  9.980808458764267e+01
s895        ,  2.977872538643522e-01,  3.141424291443968e-01,  1.181609050714682e+02
s896        ,  4.395276693832269e-01,  3.581455841989143e-01,  6.401522860435702e+01
s897        ,  4.141074145418121e-01,  3.238475823491899e-01,  1.062187594494233e+02
s898        ,  3.245936699741395e-01,  3.082540095320196e-01,  1.254065778610523e+02
s899        ,  2.759455078310450e-01,  3.063976498068333e-01,  1.276908198196569e+02
s900        ,  2.812910468510978e-01,  2.966691446390638e-01,  1.396616999229141e+02
s901        ,  4.368412206448667e-01,  3.759029904830993e-01,  4.216482323303089e+01
s902        ,  2.476616888757790e-01,  2.919753803787954e-01,  1.454373548898025e+02
s903        ,  4.064063930352827e-01,  3.692749413622023e-01,  5.032060667318588e+01
s904        ,  2.692313868191551e-01,  3.648691777198201e-01,  5.574187822690600e+01
s905        ,  3.857159716978104e-01,  3.483232822093637e-01,  7.610152525807551e+01
s906        ,  2.875408284403677e-01,  2.744680784189622e-01,  1.669800080598922e+02
s907        ,  3.309853692311254e-01,  3.095625295725328e-01,  1.237964500718840e+02
s908        ,  3.448811689194689e-01,  3.157298549034404e-01,  1.162075851002470e+02
s909        ,  3.108819018906574e-01,  3.435360490493395e-01,  8.199219326890677e+01
s910        ,  2.601667533352491e-01,  2.798772155446168e-01,  1.603240901283469e+02
s911        ,  2.987315837360676e-01,  3.016342005724178e-01,  1.335522218212775e+02
s912        ,  3.440343127256966e-01,  3.514616741243276e-01,  7.223974868673427e+01
s913        ,  2.676759227439509e-01,  3.047569005528968e-01,  1.297097541019200e+02
s914        ,  3.362930685924894e-01,  3.430565501910650e-01,  8.258221437112807e+01
s915        ,  3.076052608078511e-01,  3.348727481921339e-01,  9.265234445057408e+01
s916        ,  3.754348103699239e-01,  3.512112625553729e-01,  7.254787895101748e+01
s917        ,  2.590598828517826e-01,  3.041610984262224e-01,  1.304428858318916e+02
s918        ,  4.961505633465160e-01,  3.874676507761756e-01,  2.793456283681257e+01
s919        ,  2.931955880287684e-01,  3.417850981096832e-01,  8.414673020997294e+01
s920        ,  2.474840765757152e-01,  2.774593544820312e-01,  1.632992568561642e+02
s921        ,  3.442280024555943e-01,  3.914309098525481e-01,  2.305779108172505e+01
s922        ,  3.930300610882673e-01,  3.842783087962732e-01,  3.185903322473850e+01
s923        ,  3.214733830150857e-01,  3.080886400577846e-01,  1.256100642255726e+02
s924        ,  2.534416607722896e-01,  3.223816811240391e-01,  1.080225440501279e+02
s925        ,  4.195798862194213e-01,  3.807822566491864e-01,  3.616090903872929e+01
s926        ,  2.890808494142250e-01,  2.837949760697717e-01,  1.555033041277104e+02
s927        ,  2.735614386165569e-01,  2.774861214464516e-01,  1.632663202316490e+02
s928        ,  2.920421471112219e-01,  3.126956319085411e-01,  1.199411823027053e+02
s929        ,  3.493227439756055e-01,  3.569039589026368e-01,  6.554304272364759e+01
s930        ,  3.134104047515290e-01,  3.510140597924750e-01,  7.279053602833520e+01
s931        ,  3.884821591695420e-01,  3.538306730195434e-01,  6.932470662730969e+01
s932        ,  3.555147722726067e-01,  3.181976566216708e-01,  1.131709666292592e+02
s933        ,  4.127638757436791e-01,  3.499296974728934e-01,  7.412483879040876e+01
s934        ,  2.485124345085235e-01,  2.747195297732009e-01,  1.666705983446808e+02
s935        ,  2.511088031672664e-01,  2.846846220782882e-01,  1.544085988756048e+02
s936        ,  2.604780194318803e-01,  2.994927709726998e-01,  1.361872409270614e+02
s937        ,  3.411489425468267e-01,  3.893536936747371e-01,  2.561379587221461e+01
s938        ,  3.511005950375960e-01,  3.065378167395413e-01,  1.275183450645992e+02
s939        ,  2.747398030122069e-01,  3.111546044586817e-01,  1.218374093715063e+02
s940        ,  3.417465604863621e-01,  3.750760763339949e-01,  4.318233722556194e+01
s941        ,  2.992769914824235e-01,  2.974472916939574e-01,  1.387041936116984e+02
s942        ,  2.877311772316790e-01,  3.034156417121462e-01,  1.313601668316425e+02
s943        ,  3.224976287094988e-01,  3.332394187952848e-01,  9.466214863339778e+01
s944        ,  2.872161365477828e-01,  3.071883938138701e-01,  1.267178130177520e+02
s945        ,  3.039291705890396e-01,  3.216371989248066e-01,  1.089386259139221e+02
s946        ,  3.820695206088657e-01,  3.712114587516221e-01,  4.793773108368443e+01
s947        ,  3.338965049246589e-01,  3.219764412549446e-01,  1.085211898135141e+02
s948        ,  2.895186753893665e-01,  3.142829914979007e-01,  1.179879437529707e+02
s949        ,  3.285081864326909e-01,  3.268936001373723e-01,  1.024706488090009e+02
s950        ,  3.631800436830665e-01,  3.726278523017761e-01,  4.619486544548814e+01
s951        ,  2.321785877905577e-01,  2.855212853727304e-01,  1.533790886053379e+02
s952        ,  3.942514198985953e-01,  3.865526349897170e-01,  2.906048548200704e+01
s953        ,  4.109179543283764e-01,  3.822130788870693e-01,  3.440028896777367e+01
s954        ,  3.824721552405599e-01,  3.719009303923146e-01,  4.708933945485840e+01
s955        ,  2.687072927169935e-01,  3.313764528355239e-01,  9.695451953274542e+01
s956        ,  3.979821694304178e-01,  3.583654514707992e-01,  6.374468295474536e+01
s957        ,  2.899775316226321e-01,  3.170601944523762e-01,  1.145706085080269e+02
s958        ,  3.788440459260153e-01,  3.364238443963772e-01,  9.074372782660092e+01
s959        ,  3.097885661746670e-01,  3.087990441560862e-01,  1.247359153055715e+02
s960        ,  2.673850340403868e-01,  3.100262328379582e-01,  1.232258653727788e+02
s961        ,  3.243475522827328e-01,  3.251269951056929e-01,  1.046444480370784e+02
s962        ,  2.853383177579654e-01,  3.142668010060983e-01,  1.180078660774017e+02
s963        ,  3.492156404114884e-01,  2.938685039742495e-01,  1.431078751607987e+02
s964        ,  2.774300864992933e-01,  3.008365142187667e-01,  1.345337711482181e+02
s965        ,  3.171942496841062e-01,  3.176940270208936e-01,  1.137906804972572e+02
s966        ,  2.734218027896025e-01,  2.949396156308053e-01,  1.417898772775976e+02
s967        ,  3.303895856524011e-01,  3.682262024514106e-01,  5.161107499737422e+01
s968        ,  3.379779199025550e-01,  3.547754655921577e-01,  6.816214378603331e+01
s969        ,  3.659302513196352e-01,  3.500271709965662e-01,  7.400489807546772e+01
s970        ,  3.452495236560603e-01,  3.249012639447246e-01,  1.049222091747785e+02
s971        ,  2.851883014226236e-01,  3.163151507784157e-01,  1.154873812638474e+02
s972        ,  3.257825344175761e-01,  3.502119238265927e-01,  7.377756058231286e+01
s973        ,  3.559590726598347e-01,  3.098037206111062e-01,  1.234996656271054e+02
s974        ,  3.244218696610479e-01,  3.276137315802166e-01,  1.015845304370402e+02
s975        ,  3.575434229776818e-01,  3.228093610014213e-01,  1.074962859615081e+02
s976        ,  3.508196626692490e-01,  3.747884365908365e-01,  4.353627658406559e+01
s977        ,  3.094780913347707e-01,  3.167903325516752e-01,  1.149026723145437e+02
s978        ,  2.679411357443860e-01,  3.187288030485807e-01,  1.125173934354168e+02
s979        ,  3.294468669232396e-01,  3.884358523738650e-01,  2.674319529967840e+01
s980        ,  2.682884487390532e-01,  2.780888239040961e-01,  1.625246976766954e+02
s981        ,  3.690259273299634e-01,  3.409941105598843e-01,  8.512003669010731e+01
s982        ,  3.599308410073728e-01,  3.420864593301478e-01,  8.377590663782695e+01
s983        ,  3.033741189947783e-01,  2.892449967572491e-01,  1.487970791645774e+02
s984        ,  3.990606361986817e-01,  3.265527185150849e-01,  1.028901020507307e+02
s985        ,  2.458061579719099e-01,  2.677007654896943e-01,  1.753071549648326e+02
s986        ,  3.674574317411205e-01,  3.364129755970587e-01,  9.075710183332284e+01
s987        ,  3.618389636623023e-01,  3.280587351100476e-01,  1.010369556751147e+02
s988        ,  3.706023012861709e-01,  3.416994530975178e-01,  8.425211599683254e+01
s989        ,  3.267317558382980e-01,  3.449953617443842e-01,  8.019651582367953e+01
s990        ,  3.568657105740528e-01,  3.774705204865504e-01,  4.023598489600258e+01
s991        ,  2.691831861033237e-01,  2.568772281908760e-01,  1.886254669832651e+02
s992        ,  3.535454705333178e-01,  2.817096272298188e-01,  1.580693161209245e+02
s993        ,  3.585598735365578e-01,  3.495563684055225e-01,  7.458421846153892e+01
s994        ,  3.020201873530365e-01,  3.484018190849419e-01,  7.600488600003762e+01
s995        ,  2.226508985115376e-01,  2.639699559525105e-01,  1.798978986492454e+02
s996        ,  3.542347072493316e-01,  3.671378507992890e-01,  5.295028661447784e+01
s997        ,  3.018965630826722e-01,  2.724171644546146e-01,  1.695036480997453e+02
s998        ,  3.248834775025297e-01,  3.188509378504828e-01,  1.123671071329693e+02
s999        ,  3.245798973395961e-01,  3.174089262644186e-01,  1.141414956445232e+02
s1000       ,  4.229046884097925e-01,  3.819517180655390e-01,  3.472189223613532e+01
s1001       ,  3.687810356407749e-01,  3.409736750811715e-01,  8.514518245107523e+01
s1002       ,  2.771840194067590e-01,  3.072750852717667e-01,  1.266111395843150e+02
s1003       ,  3.773312531679570e-01,  3.787730941523687e-01,  3.863317409308187e+01
s1004       ,  3.054117424504427e-01,  3.099256518214497e-01,  1.233496298431185e+02
s1005       ,  3.385236329700146e-01,  3.482379794608851e-01,  7.620648989106957e+01
s1006       ,  4.167296916398009e-01,  3.021943122201369e-01,  1.328630070587160e+02
s1007       ,  3.320487440508861e-01,  3.038731935444001e-01,  1.307971514422811e+02
s1008       ,  3.136740188462037e-01,  3.674299338798931e-01,  5.259087975003103e+01
s1009       ,  3.593194801918262e-01,  3.585916832299901e-01,  6.346630583327406e+01
s1010       ,  3.386964235398171e-01,  3.565398884441764e-01,  6.599102971982110e+01
s1011       ,  3.250388323362358e-01,  3.552399469002496e-01,  6.759060170906628e+01
s1012       ,  2.909569628391213e-01,  2.651460551353579e-01,  1.784507141060282e+02
s1013       ,  3.150008570990088e-01,  3.173561905813371e-01,  1.142063866558805e+02
s1014       ,  2.705688582831416e-01,  2.576047521214355e-01,  1.877302521897496e+02
s1015       ,  2.627454581345986e-01,  3.071827091910931e-01,  1.267248079194890e+02
s1016       ,  4.030578873542974e-01,  3.556225160600715e-01,  6.711985214739622e+01
s1017       ,  3.593872438775090e-01,  3.282878128454439e-01,  1.007550765932347e+02
s1018       ,  2.427981414978236e-01,  2.782056972694226e-01,  1.623808855473435e+02
s1019       ,  3.667702659774850e-01,  3.736712041157210e-01,  4.491102591877151e+01
s1020       ,  2.443455242532603e-01,  3.124637754648740e-01,  1.202264805721148e+02
s1021       ,  3.517001221268577e-01,  3.829375909013104e-01,  3.350878032319957e+01
s1022       ,  2.465884136726172e-01,  2.752340867469888e-01,  1.660374383953067e+02
s1023       ,  3.973866202773900e-01,  3.202712136661451e-01,  1.106194643852247e+02
s1024       ,  2.954254385322262e-01,  2.961754640113560e-01,  1.402691716260871e+02
s1025       ,  3.194737803651596e-01,  3.522327101416283e-01,  7.129099247401426e+01
s1026       ,  2.845215502906833e-01,  3.072460656416329e-01,  1.266468481034535e+02
s1027       ,  3.801444592417467e-01,  3.831309049256236e-01,  3.327090832052050e+01
s1028       ,  3.280565754548467e-01,  3.054140310831351e-01,  1.289011580582302e+02
s1029       ,  3.320425958711730e-01,  3.524193764480231e-01,  7.106130045713864e+01
s1030       ,  3.688103106871887e-01,  3.476989956111812e-01,  7.686970699699995e+01
s1031       ,  3.177581036079268e-01,  3.135305206346971e-01,  1.189138556304140e+02
s1032       ,  2.886686636822086e-01,  3.195579031317749e-01,  1.114971896612131e+02
s1033       ,  3.502857082190677e-01,  3.524462414637849e-01,  7.102824318090653e+01
s1034       ,  2.612720878184224e-01,  2.992288683783946e-01,  1.365119718349334e+02
s1035       ,  3.090655311957510e-01,  3.068604047347019e-01,  1.271214020454793e+02
s1036       ,  2.315433826576645e-01,  2.891661960817464e-01,  1.488940430271885e+02
s1037       ,  3.217591519820785e-01,  3.168263437325843e-01,  1.148583607248795e+02
s1038       ,  3.897883572896937e-01,  3.846984553205995e-01,  3.134204489181633e+01
s1039       ,  3.933052255643392e-01,  3.798150793100666e-01,  3.735101623048443e+01
s1040       ,  3.351679701489885e-01,  3.334493064926799e-01,  9.440388280351581e+01
s1041       ,  4.495450075554298e-01,  3.777311774594598e-01,  3.991524771007665e+01
