# c0 + a0 * (face-area-count - S)
# Property Label: $E$; Unit of the Property: eV
# RMSE: 0.0348677555764339; Max AE: 0.125895348736075
# Coefficients
# Task   a0                      c0
# all , -3.111859459851690e-03,  4.286313178413454e-01, 
# Feature Rung, Units, and Expressions
# 0;  1; Unitless;                                         34|10|sub; (face-area-count - S); $\left(face-area-count - S\right)$; (face_sub_area_sub_count - S); (newdata$face_sub_area_sub_count - newdata$S); face-area-count,S
# Number of Samples Per Task
# Task, n_samples               
# all , 1041                  

# Sample ID , Property Value        ,  Property Value (EST) ,  Feature 0 Value      
s1          ,  3.651132093274850e-01,  3.515068222865616e-01,  2.478405485524708e+01
s2          ,  4.250240521814745e-01,  3.383616736043071e-01,  2.900826512304658e+01
s3          ,  2.746380789449931e-01,  3.067408370416799e-01,  3.916966121775783e+01
s4          ,  3.247370215691567e-01,  3.042629002078241e-01,  3.996594937467022e+01
s5          ,  3.450588503436838e-01,  3.195049441820216e-01,  3.506789913466233e+01
s6          ,  3.418868902527870e-01,  3.539192860490754e-01,  2.400880655318246e+01
s7          ,  3.253614410179195e-01,  3.516816233667394e-01,  2.472788230554392e+01
s8          ,  3.920908336338758e-01,  3.105814939426892e-01,  3.793546123200643e+01
s9          ,  3.897447923973993e-01,  3.742582315346290e-01,  1.747286052221260e+01
s10         ,  3.161197563926354e-01,  3.332007846103714e-01,  3.066672337301577e+01
s11         ,  3.431871249187676e-01,  3.106881659380721e-01,  3.790118205045623e+01
s12         ,  2.917324756968375e-01,  3.103417802282517e-01,  3.801249353938735e+01
s13         ,  2.447364458196310e-01,  3.119469111310700e-01,  3.749668267982662e+01
s14         ,  3.105728952400728e-01,  2.962519349642734e-01,  4.254028325668060e+01
s15         ,  3.795908353494076e-01,  3.481941408711129e-01,  2.584858924640066e+01
s16         ,  3.670742293030571e-01,  3.675464824883710e-01,  1.962968962482829e+01
s17         ,  2.954366621683970e-01,  3.128720349367713e-01,  3.719939296683123e+01
s18         ,  3.635454507147386e-01,  3.247520383783497e-01,  3.338173873313246e+01
s19         ,  3.651486704953139e-01,  3.852342226697267e-01,  1.394571179435172e+01
s20         ,  3.399672486499590e-01,  2.969403538161859e-01,  4.231905898200038e+01
s21         ,  3.890225043355258e-01,  3.684601977444755e-01,  1.933606606377323e+01
s22         ,  2.558533901530953e-01,  2.800795344965512e-01,  4.773730474057916e+01
s23         ,  4.117639764254846e-01,  3.749664190944805e-01,  1.724528354806313e+01
s24         ,  3.311791000527954e-01,  3.265936754793743e-01,  3.278992630561606e+01
s25         ,  3.690868050126928e-01,  4.079469337187717e-01,  6.646953176850578e+00
s26         ,  2.979562579207253e-01,  2.783791039720121e-01,  4.828374025493243e+01
s27         ,  3.397813902812787e-01,  3.308168603936171e-01,  3.143280045570894e+01
s28         ,  2.613491376061739e-01,  3.013828078355669e-01,  4.089147072594441e+01
s29         ,  3.947313720925611e-01,  4.059924413573639e-01,  7.275031785998616e+00
s30         ,  2.592589137508671e-01,  3.121290873572996e-01,  3.743814011754834e+01
s31         ,  3.031212395007984e-01,  3.329509657279706e-01,  3.074700298898939e+01
s32         ,  3.857616783620361e-01,  3.451219870081987e-01,  2.683582980226450e+01
s33         ,  4.141193231435004e-01,  3.844276456411919e-01,  1.420490634954971e+01
s34         ,  4.179319881718991e-01,  3.599987994095547e-01,  2.205514719326744e+01
s35         ,  3.612111930609704e-01,  3.821933760190002e-01,  1.492289173771315e+01
s36         ,  3.787074193034875e-01,  3.290859460980183e-01,  3.198903196870963e+01
s37         ,  3.867254135891385e-01,  3.355094744521435e-01,  2.992482295252502e+01
s38         ,  3.446930711358910e-01,  3.844835650708229e-01,  1.418693656963114e+01
s39         ,  2.876898720952064e-01,  3.590593548303523e-01,  2.235703890506316e+01
s40         ,  3.049912944269815e-01,  3.450483531154964e-01,  2.685949214744825e+01
s41         ,  3.032122447573497e-01,  3.200561586250992e-01,  3.489076567147440e+01
s42         ,  3.284012713704346e-01,  3.091712716032315e-01,  3.838863797653875e+01
s43         ,  3.521735822893021e-01,  3.666920055771765e-01,  1.990427686831363e+01
s44         ,  3.330769886831567e-01,  3.271190782498218e-01,  3.262108745629588e+01
s45         ,  3.222694574216643e-01,  3.249957508007506e-01,  3.330342143585561e+01
s46         ,  3.537154217541030e-01,  3.155524359314348e-01,  3.633804269402960e+01
s47         ,  3.064622412169097e-01,  3.332977237503016e-01,  3.063557185695891e+01
s48         ,  2.709027668189650e-01,  2.774239314082261e-01,  4.859068617460179e+01
s49         ,  3.986674224858993e-01,  3.302092815984602e-01,  3.162804667521069e+01
s50         ,  3.630933243380700e-01,  3.132960363674524e-01,  3.706313956716729e+01
s51         ,  3.785261269820064e-01,  3.743761681677062e-01,  1.743496143499522e+01
s52         ,  3.404870415156796e-01,  3.327750842930901e-01,  3.080352271205200e+01
s53         ,  2.464211996641334e-01,  3.352393072157267e-01,  3.001164153797285e+01
s54         ,  4.479825317233843e-01,  3.937790311199613e-01,  1.119982671808873e+01
s55         ,  3.436317929445776e-01,  3.147600762321461e-01,  3.659266849237027e+01
s56         ,  3.917346641556894e-01,  4.025696679019732e-01,  8.374944394376437e+00
s57         ,  3.497750017469617e-01,  3.772633084993791e-01,  1.650717521298809e+01
s58         ,  4.567353100642558e-01,  3.767408209109171e-01,  1.667507726486512e+01
s59         ,  3.347920174849711e-01,  3.265319636266436e-01,  3.280975748807368e+01
s60         ,  2.709373029897972e-01,  2.972093295101925e-01,  4.223262330022335e+01
s61         ,  2.790893938381299e-01,  3.079728726204559e-01,  3.877374501566986e+01
s62         ,  3.360458157463063e-01,  3.262234995894988e-01,  3.290888279920178e+01
s63         ,  4.093736118424267e-01,  3.647529842153728e-01,  2.052738385203843e+01
s64         ,  3.302497794709098e-01,  3.903397949633391e-01,  1.230502963647054e+01
s65         ,  3.637362750415415e-01,  3.605129712837796e-01,  2.188991740674957e+01
s66         ,  3.848471859724885e-01,  3.455641829963839e-01,  2.669372955837809e+01
s67         ,  3.211750777924535e-01,  3.451525898534565e-01,  2.682599553897188e+01
s68         ,  4.095598752010021e-01,  3.756388140163252e-01,  1.702920858371474e+01
s69         ,  3.476279282639844e-01,  3.682629292207799e-01,  1.939945855506042e+01
s70         ,  3.542202710009075e-01,  3.489217933004458e-01,  2.561475721165716e+01
s71         ,  3.324591144603498e-01,  3.116195296035413e-01,  3.760188715057871e+01
s72         ,  3.490784623419291e-01,  3.674843789687518e-01,  1.964964666993922e+01
s73         ,  2.871691931895054e-01,  3.321047017797071e-01,  3.101895098637866e+01
s74         ,  4.049442418517104e-01,  4.043383966522610e-01,  7.806561158209345e+00
s75         ,  3.439829269029567e-01,  3.511624787140495e-01,  2.489471010075374e+01
s76         ,  3.071028154909760e-01,  3.106194225212576e-01,  3.792327283498601e+01
s77         ,  2.780468433194506e-01,  3.054258780109644e-01,  3.959222497671954e+01
s78         ,  2.669617651637353e-01,  3.017347583631376e-01,  4.077837097574312e+01
s79         ,  3.541307689639985e-01,  3.618376783305777e-01,  2.146422111040680e+01
s80         ,  3.629523222745701e-01,  3.421353786083960e-01,  2.779558021462570e+01
s81         ,  2.554152131748840e-01,  3.164785508434598e-01,  3.604043448775504e+01
s82         ,  3.259366268272620e-01,  3.175396132409166e-01,  3.569946073519768e+01
s83         ,  2.722850822770267e-01,  3.009915958793112e-01,  4.101718718624829e+01
s84         ,  3.998438077165619e-01,  3.232653742924098e-01,  3.385948013023614e+01
s85         ,  3.012322773461942e-01,  3.169539620593864e-01,  3.588766048813835e+01
s86         ,  3.200453803456573e-01,  3.337262874545310e-01,  3.049785236488076e+01
s87         ,  3.352140969143458e-01,  3.228622047322071e-01,  3.398903918179494e+01
s88         ,  3.302506455484479e-01,  3.228867264433625e-01,  3.398115909868972e+01
s89         ,  3.471406078486814e-01,  3.428127013936431e-01,  2.757792167509791e+01
s90         ,  3.483351733862548e-01,  3.275481260510800e-01,  3.248321239902108e+01
s91         ,  3.564650130752042e-01,  3.918822283973464e-01,  1.180936668834991e+01
s92         ,  2.923433543076974e-01,  2.960537851976052e-01,  4.260395893651923e+01
s93         ,  3.745472031333225e-01,  3.403123655351935e-01,  2.838140778708600e+01
s94         ,  3.437578785209007e-01,  3.413038752192821e-01,  2.806278488753644e+01
s95         ,  2.980732528469880e-01,  2.935018835485062e-01,  4.342401578099528e+01
s96         ,  3.581539694897533e-01,  3.287750586188365e-01,  3.208893605602228e+01
s97         ,  4.279362669937736e-01,  3.819324979505729e-01,  1.500672523719892e+01
s98         ,  2.896944279808133e-01,  3.161165643571258e-01,  3.615675930608448e+01
s99         ,  2.909528202324455e-01,  2.904414329984533e-01,  4.440749546236842e+01
s100        ,  3.111721139319150e-01,  3.279796861088686e-01,  3.234453002491117e+01
s101        ,  3.241780336567121e-01,  3.510457892270680e-01,  2.493220841598519e+01
s102        ,  3.096847321141750e-01,  2.817399275533033e-01,  4.720373531748215e+01
s103        ,  3.391049191815317e-01,  3.640579976275708e-01,  2.075071867700997e+01
s104        ,  2.515445686944838e-01,  2.812285164297707e-01,  4.736807793324956e+01
s105        ,  3.580226031747242e-01,  3.356691170143641e-01,  2.987352161186993e+01
s106        ,  3.582576851144277e-01,  3.865686250104051e-01,  1.351689990297474e+01
s107        ,  3.406125813060369e-01,  3.009473599532559e-01,  4.103140245741524e+01
s108        ,  3.541195107207772e-01,  3.706448740497661e-01,  1.863401755114702e+01
s109        ,  3.030334722988908e-01,  3.169371949989909e-01,  3.589304860434728e+01
s110        ,  3.844717335443058e-01,  3.303634382333727e-01,  3.157850824428176e+01
s111        ,  3.518414134147780e-01,  3.695574512528459e-01,  1.898346225163876e+01
s112        ,  3.724995886738390e-01,  3.807629198753361e-01,  1.538257064099249e+01
s113        ,  3.276637756053076e-01,  3.440548135970805e-01,  2.717876733684363e+01
s114        ,  3.975727278995340e-01,  3.683725162752268e-01,  1.936424261556804e+01
s115        ,  4.661802026900197e-01,  3.636652055643820e-01,  2.087694290668888e+01
s116        ,  3.149444114213277e-01,  3.469153434433455e-01,  2.625953242820757e+01
s117        ,  2.617905198031230e-01,  3.016653347446807e-01,  4.080068034393683e+01
s118        ,  2.697626524103243e-01,  2.996154462646091e-01,  4.145941461729291e+01
s119        ,  3.390451473349576e-01,  3.182247650811335e-01,  3.547928631888598e+01
s120        ,  3.261908135769222e-01,  3.596038438865583e-01,  2.218206665351043e+01
s121        ,  3.485047140780971e-01,  3.574828287939376e-01,  2.286365755438028e+01
s122        ,  2.626009490674024e-01,  3.145038159519951e-01,  3.667501805971327e+01
s123        ,  2.763746480585029e-01,  2.953519640151084e-01,  4.282949006719893e+01
s124        ,  3.084637495449347e-01,  3.221891666802524e-01,  3.420532081682315e+01
s125        ,  3.788458996149217e-01,  3.067566722241968e-01,  3.916457256169183e+01
s126        ,  3.251157603452653e-01,  3.128131104447668e-01,  3.721832842737007e+01
s127        ,  2.834263508079372e-01,  2.846950738555597e-01,  4.625409529023064e+01
s128        ,  3.547356336228297e-01,  3.814816924044366e-01,  1.515159217349616e+01
s129        ,  2.905669611170635e-01,  3.069140128550099e-01,  3.911401094962577e+01
s130        ,  3.001710267623137e-01,  3.692141892978845e-01,  1.909376991796819e+01
s131        ,  3.234187238329760e-01,  3.254111767930019e-01,  3.316992376425090e+01
s132        ,  2.761295727416017e-01,  3.110229164263835e-01,  3.779360955477313e+01
s133        ,  3.187185284669714e-01,  3.281419552019631e-01,  3.229238464521518e+01
s134        ,  2.870198930068550e-01,  3.172548278452504e-01,  3.579097688473475e+01
s135        ,  3.783093309701865e-01,  3.349258040768061e-01,  3.011238617087333e+01
s136        ,  3.883241345589045e-01,  3.688614409690571e-01,  1.920712604261921e+01
s137        ,  2.784112215023900e-01,  3.179259385813976e-01,  3.557531459509549e+01
s138        ,  3.453346818049723e-01,  3.277600935263585e-01,  3.241509638092538e+01
s139        ,  3.244324492872825e-01,  3.307439969939289e-01,  3.145621520198146e+01
s140        ,  3.327862834846864e-01,  3.285858720531811e-01,  3.214973139980187e+01
s141        ,  3.557762179436731e-01,  3.573717238209442e-01,  2.289936127893044e+01
s142        ,  2.749368728938547e-01,  2.914736958765860e-01,  4.407577647201854e+01
s143        ,  3.361413138168960e-01,  3.853233230133758e-01,  1.391707928546159e+01
s144        ,  3.409974995595333e-01,  3.691379334811805e-01,  1.911827482176859e+01
s145        ,  3.763216171571199e-01,  3.523768841630640e-01,  2.450445936331447e+01
s146        ,  3.752831948694745e-01,  3.714175413072152e-01,  1.838571994406747e+01
s147        ,  3.654575252194441e-01,  3.501534225468025e-01,  2.521897158500954e+01
s148        ,  3.473385960617674e-01,  3.328468821744365e-01,  3.078045037145539e+01
s149        ,  2.849292163595314e-01,  3.146057899945587e-01,  3.664224857128384e+01
s150        ,  3.503331909216502e-01,  3.666776924770688e-01,  1.990887640125924e+01
s151        ,  3.330423635366063e-01,  3.329547167026297e-01,  3.074579760850630e+01
s152        ,  3.630680102987860e-01,  3.130902917680438e-01,  3.712925585617813e+01
s153        ,  3.816822758848153e-01,  3.539578850678449e-01,  2.399640270934967e+01
s154        ,  3.320898103001320e-01,  3.221623955753311e-01,  3.421392374547936e+01
s155        ,  3.864039977120127e-01,  3.161741714680245e-01,  3.613824718764151e+01
s156        ,  2.690214273922155e-01,  2.963387319127914e-01,  4.251239094674896e+01
s157        ,  3.092688252015169e-01,  3.294049867322592e-01,  3.188650785463663e+01
s158        ,  3.521824739407696e-01,  3.578620934130560e-01,  2.274178038607898e+01
s159        ,  3.604301286467682e-01,  3.507225878016441e-01,  2.503606960560308e+01
s160        ,  2.959798492012398e-01,  2.982125593171875e-01,  4.191023412425370e+01
s161        ,  3.194137955766546e-01,  3.512229004656174e-01,  2.487529349394760e+01
s162        ,  3.677213080484411e-01,  3.165685269168085e-01,  3.601152056201081e+01
s163        ,  3.585762742017419e-01,  3.211969054739488e-01,  3.452418521899344e+01
s164        ,  4.006335057182285e-01,  3.918578623193018e-01,  1.181719675855680e+01
s165        ,  3.287266930084647e-01,  3.578130812683781e-01,  2.275753050118225e+01
s166        ,  2.950048096243486e-01,  3.341668278431469e-01,  3.035628415002414e+01
s167        ,  3.519819712307287e-01,  3.291479913797266e-01,  3.196909363842548e+01
s168        ,  4.374575067359432e-01,  3.900472469152201e-01,  1.239904032425815e+01
s169        ,  4.091080766385897e-01,  3.806280755319084e-01,  1.542590304246094e+01
s170        ,  3.398244019971832e-01,  3.155846515847371e-01,  3.632769015281816e+01
s171        ,  3.613080720154525e-01,  3.610421172001722e-01,  2.171987569271350e+01
s172        ,  3.578018153328690e-01,  3.412815137224990e-01,  2.806997078300235e+01
s173        ,  3.625516481683081e-01,  3.599414736172651e-01,  2.207356890961716e+01
s174        ,  3.825999337737049e-01,  3.472792739418282e-01,  2.614258289909868e+01
s175        ,  3.092599387015685e-01,  3.312030973842944e-01,  3.130868270692868e+01
s176        ,  3.793890053910741e-01,  3.775381132560928e-01,  1.641886635448752e+01
s177        ,  3.131265826402478e-01,  3.392837432553838e-01,  2.871195686652890e+01
s178        ,  3.054696856864712e-01,  3.082522121375355e-01,  3.868397890615122e+01
s179        ,  3.928374269136042e-01,  3.987210049942482e-01,  9.611717120580625e+00
s180        ,  2.641551140722125e-01,  2.888210910396011e-01,  4.492819441415509e+01
s181        ,  2.369318989685527e-01,  2.900017180089469e-01,  4.454879843417014e+01
s182        ,  4.189138162610332e-01,  3.641974849873284e-01,  2.070589423633158e+01
s183        ,  3.759767293543443e-01,  3.467583734931878e-01,  2.630997492157299e+01
s184        ,  4.039791445798378e-01,  3.598939871569976e-01,  2.208882874409241e+01
s185        ,  4.187778012666042e-01,  3.999043637804862e-01,  9.231443267758738e+00
s186        ,  3.450522704714396e-01,  3.566671410618220e-01,  2.312577984577531e+01
s187        ,  3.509325305204691e-01,  3.179331066918010e-01,  3.557301111368965e+01
s188        ,  3.868910592801009e-01,  3.795874368299752e-01,  1.576031361445471e+01
s189        ,  3.427300778100211e-01,  3.326215341632829e-01,  3.085286624179305e+01
s190        ,  3.213421258380463e-01,  3.081666198895360e-01,  3.871148408403723e+01
s191        ,  2.531455052956056e-01,  2.910494434036665e-01,  4.421211054442544e+01
s192        ,  2.695706078724207e-01,  2.970820743645216e-01,  4.227351690332873e+01
s193        ,  3.954601105184181e-01,  3.918873828994133e-01,  1.180771028254707e+01
s194        ,  3.572926210703052e-01,  3.380249566611258e-01,  2.911646954150619e+01
s195        ,  3.290528752571006e-01,  3.025114240455213e-01,  4.052878846971930e+01
s196        ,  3.068286090334552e-01,  3.239170283822582e-01,  3.365007025866066e+01
s197        ,  3.451887575536944e-01,  3.433107813376964e-01,  2.741786305083180e+01
s198        ,  3.094894638678110e-01,  3.628572216634286e-01,  2.113658956213004e+01
s199        ,  3.060674258319923e-01,  3.287780770680855e-01,  3.208796607351248e+01
s200        ,  2.862300564486437e-01,  3.027124788952811e-01,  4.046417923772996e+01
s201        ,  3.249313766746611e-01,  3.393581288443853e-01,  2.868805296278223e+01
s202        ,  3.753266605464363e-01,  3.416877363601545e-01,  2.793943062111636e+01
s203        ,  4.029232548104287e-01,  3.295021249175456e-01,  3.185529237510111e+01
s204        ,  3.599997628653644e-01,  3.470782937678770e-01,  2.620716813392183e+01
s205        ,  3.369349724991222e-01,  3.528556128091579e-01,  2.435061930328915e+01
s206        ,  3.550773861568109e-01,  3.260819937204742e-01,  3.295435589040345e+01
s207        ,  3.248842560910169e-01,  3.083569055026807e-01,  3.865033555994746e+01
s208        ,  3.892178112013847e-01,  3.484326983846014e-01,  2.577192848566696e+01
s209        ,  3.394721823707363e-01,  3.134380352934186e-01,  3.701750803148959e+01
s210        ,  3.535123221804505e-01,  3.387722707422819e-01,  2.887631920991258e+01
s211        ,  3.581883484115880e-01,  3.339294872276167e-01,  3.043255385904932e+01
s212        ,  3.095468400739283e-01,  3.091898119985509e-01,  3.838267999689390e+01
s213        ,  2.970030695897441e-01,  3.094111885838422e-01,  3.831154034931424e+01
s214        ,  2.952505712043380e-01,  2.911841798440178e-01,  4.416881281774796e+01
s215        ,  3.666112826899128e-01,  3.213598486730177e-01,  3.447182321448419e+01
s216        ,  3.146096144721102e-01,  3.359061936784373e-01,  2.979733672398154e+01
s217        ,  3.572631712917447e-01,  3.271299374800566e-01,  3.261759782883202e+01
s218        ,  3.906530675883989e-01,  3.617813929949066e-01,  2.148230847469728e+01
s219        ,  3.533175328188169e-01,  3.230757732778794e-01,  3.392040865768943e+01
s220        ,  3.292958184485441e-01,  3.746440322731283e-01,  1.734888296362527e+01
s221        ,  3.922937304178105e-01,  3.312188417473335e-01,  3.130362323581753e+01
s222        ,  2.956043726879932e-01,  2.973411153369779e-01,  4.219027375697253e+01
s223        ,  3.522928979206140e-01,  3.316305992695062e-01,  3.117130443174392e+01
s224        ,  3.671890264330231e-01,  3.384735616223762e-01,  2.897230976596421e+01
s225        ,  3.692182726300033e-01,  3.663240439736228e-01,  2.002252179817021e+01
s226        ,  3.810944919303408e-01,  3.619386421184585e-01,  2.143177626860612e+01
s227        ,  3.257040093262658e-01,  3.471806117125333e-01,  2.617428813211701e+01
s228        ,  3.395769394444231e-01,  3.148356763783209e-01,  3.656837428912937e+01
s229        ,  3.431399804548451e-01,  3.218989128099060e-01,  3.429859426766217e+01
s230        ,  2.512227189184055e-01,  3.091089205536050e-01,  3.840867456573275e+01
s231        ,  3.201687391567147e-01,  3.128312327195588e-01,  3.721250481128914e+01
s232        ,  3.668712051047079e-01,  3.784358265705058e-01,  1.613038503777158e+01
s233        ,  3.159372860524723e-01,  3.535859445815026e-01,  2.411592625825701e+01
s234        ,  3.288074742025223e-01,  3.935800710313687e-01,  1.126376279590959e+01
s235        ,  2.404535459782499e-01,  2.711174540472868e-01,  5.061728070507582e+01
s236        ,  3.942112592274354e-01,  3.119529631144216e-01,  3.749473786727012e+01
s237        ,  3.207425992509765e-01,  3.296400346881498e-01,  3.181097489470605e+01
s238        ,  3.228783696280719e-01,  3.512115869439001e-01,  2.487892910855786e+01
s239        ,  3.173309981533126e-01,  3.067518623554329e-01,  3.916611821914389e+01
s240        ,  2.944515915275119e-01,  3.085756624227872e-01,  3.858003774511077e+01
s241        ,  2.623340223598457e-01,  2.866743153860498e-01,  4.561806350408294e+01
s242        ,  3.472905412885691e-01,  3.308168926064018e-01,  3.143279010408954e+01
s243        ,  3.411668088660135e-01,  3.311321766780033e-01,  3.133147316620428e+01
s244        ,  3.345490802910559e-01,  3.602581846548141e-01,  2.197179341440760e+01
s245        ,  3.806037450466579e-01,  3.428033402831441e-01,  2.758092987987698e+01
s246        ,  2.822738655802098e-01,  3.042155087552725e-01,  3.998117867829500e+01
s247        ,  2.412572311651046e-01,  3.092491418623597e-01,  3.836361426960953e+01
s248        ,  3.291723893390957e-01,  3.375301316414223e-01,  2.927548219168772e+01
s249        ,  3.335036159019719e-01,  3.096799140442945e-01,  3.822518508040852e+01
s250        ,  2.841334766149551e-01,  3.099450112912022e-01,  3.813999574254544e+01
s251        ,  3.897160933411575e-01,  3.660533430404526e-01,  2.010951188774936e+01
s252        ,  2.974172959235764e-01,  3.062325375368828e-01,  3.933300391088231e+01
s253        ,  3.402798874706645e-01,  3.366295053757329e-01,  2.956489958900562e+01
s254        ,  3.453557066513905e-01,  3.218014921453327e-01,  3.432990052227623e+01
s255        ,  3.473897848646884e-01,  3.275362995899861e-01,  3.248701284735316e+01
s256        ,  2.775650936098157e-01,  2.905183960154892e-01,  4.438276329884084e+01
s257        ,  3.769007346358472e-01,  3.319076372811854e-01,  3.108227791391641e+01
s258        ,  3.031826235523933e-01,  3.152934211382551e-01,  3.642127742764193e+01
s259        ,  3.649101163154662e-01,  3.631444153848374e-01,  2.104429949404885e+01
s260        ,  2.836985211263404e-01,  2.802989102739135e-01,  4.766680805517530e+01
s261        ,  3.568114035371502e-01,  3.235584186463084e-01,  3.376530995395427e+01
s262        ,  2.969774967310232e-01,  3.216556109040823e-01,  3.437677964491413e+01
s263        ,  2.618717119564857e-01,  2.763986932791030e-01,  4.892014775291225e+01
s264        ,  3.079903383698472e-01,  3.405677494474852e-01,  2.829933984167051e+01
s265        ,  3.131364053370843e-01,  3.527540515034640e-01,  2.438325615819994e+01
s266        ,  3.412850318464396e-01,  3.767952253989351e-01,  1.665759431336298e+01
s267        ,  3.070004173759213e-01,  3.151417249706672e-01,  3.647002518426300e+01
s268        ,  2.824464522612543e-01,  3.062428463093454e-01,  3.932969117372448e+01
s269        ,  3.706172452100595e-01,  3.611423232771306e-01,  2.168767434228259e+01
s270        ,  3.137711424042234e-01,  3.499469895234252e-01,  2.528530909993932e+01
s271        ,  3.438724170458776e-01,  3.237166136438607e-01,  3.371447379004865e+01
s272        ,  3.563763221903465e-01,  3.665246876548391e-01,  1.995804469571590e+01
s273        ,  2.992755087965905e-01,  3.177559438117908e-01,  3.562994263077642e+01
s274        ,  3.418910691999477e-01,  3.669103503027091e-01,  1.983411151272812e+01
s275        ,  3.459340138648980e-01,  3.305662337006532e-01,  3.151333966263565e+01
s276        ,  3.066542538287166e-01,  3.118611713180188e-01,  3.752423527792990e+01
s277        ,  2.599265281449482e-01,  3.655093357689711e-01,  2.028432931716739e+01
s278        ,  4.231065788037446e-01,  3.278442150580599e-01,  3.238806381959455e+01
s279        ,  4.085890984502099e-01,  3.676953108827013e-01,  1.958186343079528e+01
s280        ,  2.589465412373284e-01,  2.899829813465582e-01,  4.455481948448764e+01
s281        ,  2.711461992950798e-01,  3.659820060979635e-01,  2.013243610505719e+01
s282        ,  2.707729542437380e-01,  3.236934933093182e-01,  3.372190353899481e+01
s283        ,  3.542954078937219e-01,  3.042386593524740e-01,  3.997373920440481e+01
s284        ,  4.444266515123610e-01,  3.447685544871124e-01,  2.694940579296918e+01
s285        ,  3.522417187169772e-01,  3.452050211641496e-01,  2.680914667051573e+01
s286        ,  4.242568175749523e-01,  4.054452245316133e-01,  7.450880609768022e+00
s287        ,  2.982263198938339e-01,  2.943805064085877e-01,  4.314166920608815e+01
s288        ,  3.665857814303198e-01,  3.230502903475254e-01,  3.392859762980814e+01
s289        ,  4.410941970239712e-01,  3.946640627892952e-01,  1.091542066416749e+01
s290        ,  3.692001655720752e-01,  3.470539516189570e-01,  2.621499051447405e+01
s291        ,  2.847619118274958e-01,  3.736888418586118e-01,  1.765583461964963e+01
s292        ,  2.619380900493295e-01,  3.169401809309435e-01,  3.589208907131207e+01
s293        ,  2.551793459709563e-01,  2.857135199865580e-01,  4.592681632916636e+01
s294        ,  3.996439882026235e-01,  3.967522819552049e-01,  1.024436877610787e+01
s295        ,  2.544891884610722e-01,  3.021600647268144e-01,  4.064169823419935e+01
s296        ,  2.982485995455294e-01,  3.632140761483499e-01,  2.102191391898955e+01
s297        ,  3.481137343622313e-01,  3.655718177833412e-01,  2.026425064228628e+01
s298        ,  3.526397833241731e-01,  3.507294296634271e-01,  2.503387096460683e+01
s299        ,  3.179989852712529e-01,  3.119975932256491e-01,  3.748039592419607e+01
s300        ,  2.757636809786050e-01,  2.827830078824385e-01,  4.686854012547791e+01
s301        ,  3.892773998715768e-01,  3.857909045030248e-01,  1.376682137835440e+01
s302        ,  2.647069109525357e-01,  3.099465610783987e-01,  3.813949771645638e+01
s303        ,  2.939670826111614e-01,  3.644744998212925e-01,  2.061687516669232e+01
s304        ,  4.210831624843967e-01,  3.474297053124245e-01,  2.609424158660140e+01
s305        ,  3.096791680687918e-01,  3.103494301180191e-01,  3.801003523756939e+01
s306        ,  3.818026842917582e-01,  3.396298173098203e-01,  2.860074552845228e+01
s307        ,  3.609095150813969e-01,  3.164261706603391e-01,  3.605726692630072e+01
s308        ,  2.411597646293700e-01,  3.670551133654453e-01,  1.978759171817962e+01
s309        ,  3.878963941441608e-01,  3.338368521922684e-01,  3.046232224561802e+01
s310        ,  3.258173656529080e-01,  3.021915574392749e-01,  4.063157801094801e+01
s311        ,  3.530293427363137e-01,  3.337949554178368e-01,  3.047578582743209e+01
s312        ,  3.018528617684650e-01,  3.155110153269022e-01,  3.635135325804030e+01
s313        ,  3.165147624134501e-01,  3.159452381696735e-01,  3.621181519458546e+01
s314        ,  3.254223568814984e-01,  3.270163368956514e-01,  3.265410352128723e+01
s315        ,  3.159450503141960e-01,  3.189097717070575e-01,  3.525915856737219e+01
s316        ,  3.632560519463020e-01,  3.719223383249955e-01,  1.822350277960582e+01
s317        ,  2.393880636932959e-01,  2.793405574009525e-01,  4.797477597124775e+01
s318        ,  3.299331681777578e-01,  3.264471205748026e-01,  3.283702191082014e+01
s319        ,  3.061104934871230e-01,  3.491007955655151e-01,  2.555723460583942e+01
s320        ,  4.632011214667016e-01,  3.667484316305897e-01,  1.988614428419754e+01
s321        ,  2.843417672327688e-01,  3.031453796208293e-01,  4.032506603832834e+01
s322        ,  3.371500722398251e-01,  3.525774707455543e-01,  2.444000060960845e+01
s323        ,  3.686039319423406e-01,  3.631412080421357e-01,  2.104533017771021e+01
s324        ,  3.213492322200285e-01,  3.058181881927998e-01,  3.946615560022718e+01
s325        ,  3.351760333142303e-01,  3.501010003220577e-01,  2.523581753368467e+01
s326        ,  2.931935066565518e-01,  3.632534286067494e-01,  2.100926795637227e+01
s327        ,  3.259018731198677e-01,  3.096196592180177e-01,  3.824454804555981e+01
s328        ,  3.298407520206893e-01,  3.702214793906210e-01,  1.877007596400520e+01
s329        ,  3.194938209283936e-01,  3.492317759099004e-01,  2.551514390538357e+01
s330        ,  3.459676070956239e-01,  3.520703007210249e-01,  2.460298034281067e+01
s331        ,  3.272723758742512e-01,  3.286579840176464e-01,  3.212655812819508e+01
s332        ,  3.326108287350491e-01,  3.287816440059679e-01,  3.208681983348190e+01
s333        ,  3.950926495884596e-01,  4.069908479968859e-01,  6.954192541038116e+00
s334        ,  2.949640786288477e-01,  2.956294493734649e-01,  4.274031979394705e+01
s335        ,  3.029422036334947e-01,  3.077208065183295e-01,  3.885474677856386e+01
s336        ,  3.680290352655777e-01,  3.348905509514096e-01,  3.012371480761007e+01
s337        ,  2.095842824931815e-01,  3.047743162106786e-01,  3.980160519092653e+01
s338        ,  3.574290889155288e-01,  3.379999769427239e-01,  2.912449680582329e+01
s339        ,  3.094934113876675e-01,  3.065904554397076e-01,  3.921798653704438e+01
s340        ,  3.096006184895485e-01,  3.128764274872720e-01,  3.719798141513444e+01
s341        ,  4.251368861065753e-01,  3.792156140072562e-01,  1.587979935200685e+01
s342        ,  3.304603020052027e-01,  3.069773690359953e-01,  3.909365136018970e+01
s343        ,  2.900651984072795e-01,  3.179248318893196e-01,  3.557567023200400e+01
s344        ,  3.829642871784757e-01,  3.590212920529202e-01,  2.236927042705935e+01
s345        ,  2.978036844690807e-01,  3.151152372360285e-01,  3.647853705151808e+01
s346        ,  3.520522767736792e-01,  3.686494683234617e-01,  1.927524372220280e+01
s347        ,  2.542874130214282e-01,  2.974466996199097e-01,  4.215634411320360e+01
s348        ,  3.478444540314312e-01,  3.318103858364534e-01,  3.111352978951900e+01
s349        ,  3.234544796335823e-01,  3.054857123509141e-01,  3.957299713538490e+01
s350        ,  3.541125597145412e-01,  3.358649310765351e-01,  2.981059651364575e+01
s351        ,  3.738587852283149e-01,  3.780559077760824e-01,  1.625247242614017e+01
s352        ,  3.787169596864594e-01,  3.125883706781907e-01,  3.729054883753823e+01
s353        ,  3.307364261694613e-01,  3.417629793498970e-01,  2.791525119054977e+01
s354        ,  3.099376231199831e-01,  3.692079706094629e-01,  1.909576830141124e+01
s355        ,  2.640936694175295e-01,  3.157673098959959e-01,  3.626899267190191e+01
s356        ,  3.404723749290282e-01,  3.522031703209394e-01,  2.456028252768478e+01
s357        ,  3.291365235802792e-01,  3.091503146935400e-01,  3.839537250615421e+01
s358        ,  3.293936994127192e-01,  3.424832410876656e-01,  2.768379416395161e+01
s359        ,  3.541003310386388e-01,  3.567824066225016e-01,  2.308873911107416e+01
s360        ,  2.930045091334991e-01,  3.138780960130749e-01,  3.687609395886395e+01
s361        ,  3.254402877492827e-01,  3.631796280642430e-01,  2.103298385468277e+01
s362        ,  3.740728450255384e-01,  3.443855281463288e-01,  2.707249179531770e+01
s363        ,  2.839989278051633e-01,  3.378295559490601e-01,  2.917926180914769e+01
s364        ,  2.872844795965752e-01,  2.844981958095283e-01,  4.631736230102320e+01
s365        ,  3.424949250288197e-01,  3.380638099189763e-01,  2.910398399762102e+01
s366        ,  3.910819753821045e-01,  3.547413464636977e-01,  2.374463639214906e+01
s367        ,  3.763017987949026e-01,  3.652565640723212e-01,  2.036555782376004e+01
s368        ,  3.411954836427898e-01,  3.361417528428355e-01,  2.972163948654606e+01
s369        ,  3.788441935901406e-01,  3.652924316180884e-01,  2.035403174225474e+01
s370        ,  2.943092935652329e-01,  3.034572160762076e-01,  4.022485699630651e+01
s371        ,  3.611288930230376e-01,  3.586760592718906e-01,  2.248021142085541e+01
s372        ,  3.689311052207762e-01,  3.679880399683057e-01,  1.948779456638121e+01
s373        ,  2.432926146526648e-01,  2.842939906955980e-01,  4.638298387441522e+01
s374        ,  2.892573275378368e-01,  3.118057424601980e-01,  3.754204741197254e+01
s375        ,  3.674807278757085e-01,  3.471441306831418e-01,  2.618601135736614e+01
s376        ,  4.282440806387797e-01,  3.967487330055819e-01,  1.024550923558837e+01
s377        ,  3.691206426424970e-01,  3.790606201318848e-01,  1.592960683122340e+01
s378        ,  3.798602051076750e-01,  3.517036991274418e-01,  2.472078823173137e+01
s379        ,  2.957579509529457e-01,  2.996570375872387e-01,  4.144604919280435e+01
s380        ,  2.910202807204411e-01,  3.151933154536665e-01,  3.645344651685694e+01
s381        ,  3.407216064168898e-01,  3.524965132909978e-01,  2.446601639071970e+01
s382        ,  2.968841887389642e-01,  2.959498477285420e-01,  4.263735937455446e+01
s383        ,  3.646408838761149e-01,  3.325666450325433e-01,  3.087050493385089e+01
s384        ,  2.932506021659876e-01,  3.169197154256365e-01,  3.589866568750283e+01
s385        ,  3.747511312527886e-01,  3.623588750309585e-01,  2.129673388705845e+01
s386        ,  3.757314223013586e-01,  3.650053700303869e-01,  2.044627934900086e+01
s387        ,  2.822798018360685e-01,  2.881062069556380e-01,  4.515792332485504e+01
s388        ,  4.290603261943512e-01,  3.926850565836302e-01,  1.155137682838298e+01
s389        ,  3.607283139092911e-01,  3.676850634439971e-01,  1.958515645827174e+01
s390        ,  3.355447048186090e-01,  3.422101660460790e-01,  2.777154717629350e+01
s391        ,  3.170728848178653e-01,  3.149825769839734e-01,  3.652116759244278e+01
s392        ,  3.301070274496518e-01,  3.305560202220578e-01,  3.151662177698794e+01
s393        ,  3.507773516014346e-01,  3.162987743881706e-01,  3.609820588058579e+01
s394        ,  3.243042000156651e-01,  3.053950498853225e-01,  3.960213163415045e+01
s395        ,  3.022367426115909e-01,  3.692262819719612e-01,  1.908988392175509e+01
s396        ,  2.606776363619531e-01,  3.365364073346701e-01,  2.959481676305026e+01
s397        ,  3.106623095651243e-01,  3.053156756993797e-01,  3.962763862987659e+01
s398        ,  3.408812441883181e-01,  3.793693932874406e-01,  1.583038218450027e+01
s399        ,  2.471327792540375e-01,  2.969430095279945e-01,  4.231820556562897e+01
s400        ,  2.602627988296087e-01,  2.971324015872852e-01,  4.225734418620803e+01
s401        ,  2.526229840954008e-01,  3.008314879078073e-01,  4.106863808676919e+01
s402        ,  3.012505607845273e-01,  3.123838915164319e-01,  3.735625847654890e+01
s403        ,  3.441124722642947e-01,  3.668206569690914e-01,  1.986293457969980e+01
s404        ,  3.663456624686381e-01,  3.667693522659021e-01,  1.987942141139999e+01
s405        ,  3.699249649078094e-01,  3.482118071319596e-01,  2.584291217098173e+01
s406        ,  2.989025550014489e-01,  3.266292231193786e-01,  3.277850302623506e+01
s407        ,  3.062746086891894e-01,  2.743786692877336e-01,  4.956928503479506e+01
s408        ,  2.568960282350025e-01,  2.952877073881031e-01,  4.285013901611013e+01
s409        ,  3.504460771064962e-01,  3.160666833332232e-01,  3.617278863663305e+01
s410        ,  2.441820219030917e-01,  3.156889314105159e-01,  3.629417969801641e+01
s411        ,  2.985656670308606e-01,  3.042986072888564e-01,  3.995447485871188e+01
s412        ,  4.206602671899846e-01,  3.700830210044488e-01,  1.881456974271165e+01
s413        ,  3.297200192703431e-01,  3.171558901407597e-01,  3.582277064205806e+01
s414        ,  3.299537174094920e-01,  3.442215408590140e-01,  2.712518931891429e+01
s415        ,  3.514142357715472e-01,  3.150002238707981e-01,  3.651549674289048e+01
s416        ,  2.880693148677096e-01,  3.036501082401384e-01,  4.016287085380252e+01
s417        ,  2.648160251035137e-01,  2.773724194570145e-01,  4.860723960571788e+01
s418        ,  3.361158265966862e-01,  3.391122648738950e-01,  2.876706166277730e+01
s419        ,  2.843313817309785e-01,  3.000029058669742e-01,  4.133490398068993e+01
s420        ,  4.086653318866107e-01,  3.848518701873199e-01,  1.406858125145282e+01
s421        ,  2.945648749258037e-01,  3.557875701696965e-01,  2.340843107198700e+01
s422        ,  3.198415121648245e-01,  3.077654991276958e-01,  3.884038475163337e+01
s423        ,  3.457431819287231e-01,  3.278079217201653e-01,  3.239972672994215e+01
s424        ,  3.329184378144718e-01,  3.714571840740034e-01,  1.837298069047982e+01
s425        ,  3.017490009466554e-01,  3.111888314100730e-01,  3.774029256349183e+01
s426        ,  3.516200438115945e-01,  3.657084696652897e-01,  2.022033738601247e+01
s427        ,  3.134603833942083e-01,  3.227718486366838e-01,  3.401807522814891e+01
s428        ,  4.002386469560284e-01,  3.503093109203039e-01,  2.516887665767990e+01
s429        ,  3.271139391322421e-01,  3.356205808629814e-01,  2.988911876592168e+01
s430        ,  3.336468674117929e-01,  3.522073836606965e-01,  2.455892856558865e+01
s431        ,  3.524054973028489e-01,  3.294895186821005e-01,  3.185934340491391e+01
s432        ,  2.841555127790880e-01,  3.548334241867834e-01,  2.371504709858562e+01
s433        ,  3.404658463759219e-01,  3.119177248338004e-01,  3.750606173361940e+01
s434        ,  3.538819482511877e-01,  3.547211260446290e-01,  2.375113424956504e+01
s435        ,  3.399757763932839e-01,  3.145687384899721e-01,  3.665415511946335e+01
s436        ,  2.790232036656270e-01,  3.154604629931811e-01,  3.636759831485386e+01
s437        ,  3.534179964046834e-01,  3.174911976271884e-01,  3.571501915432066e+01
s438        ,  3.557570008105000e-01,  3.340519700507991e-01,  3.039319384785260e+01
s439        ,  2.721980488553641e-01,  2.875535080481337e-01,  4.533553382257674e+01
s440        ,  4.224009004310128e-01,  3.414657716533148e-01,  2.801075926230451e+01
s441        ,  3.059499862195538e-01,  3.217782066536177e-01,  3.433738334469010e+01
s442        ,  4.080702663829111e-01,  3.621702325948375e-01,  2.135735437411926e+01
s443        ,  3.177907970187364e-01,  2.997065493229735e-01,  4.143013853347878e+01
s444        ,  3.372064727277352e-01,  3.236481475992171e-01,  3.373647544067810e+01
s445        ,  3.808845894775907e-01,  3.397038403214002e-01,  2.857695813942172e+01
s446        ,  3.398124643479998e-01,  3.247372242972501e-01,  3.338649925695773e+01
s447        ,  3.331015042174243e-01,  3.436229598352311e-01,  2.731754409312747e+01
s448        ,  3.427401650526040e-01,  3.179035632497899e-01,  3.558250493639991e+01
s449        ,  3.811785384687535e-01,  3.382732714982392e-01,  2.903667325240089e+01
s450        ,  3.936724858760076e-01,  3.583227034518296e-01,  2.259376276358788e+01
s451        ,  2.836792607536900e-01,  2.953552468750539e-01,  4.282843511597515e+01
s452        ,  3.820067487524758e-01,  3.160024226411859e-01,  3.619343889184745e+01
s453        ,  3.197971848634002e-01,  3.127079884495313e-01,  3.725210951439914e+01
s454        ,  2.840492207731964e-01,  2.893145034525373e-01,  4.476963570695699e+01
s455        ,  3.289295380996844e-01,  3.114690290676280e-01,  3.765025068943869e+01
s456        ,  2.744141413404179e-01,  2.971111349169900e-01,  4.226417825778792e+01
s457        ,  2.611105769806453e-01,  2.947377664019339e-01,  4.302686325229893e+01
s458        ,  3.263658474620744e-01,  3.267920440989708e-01,  3.272618029711028e+01
s459        ,  2.969415277363106e-01,  3.068179478476999e-01,  3.914488156205200e+01
s460        ,  3.921319705097926e-01,  3.527895057724443e-01,  2.437186288371637e+01
s461        ,  2.326428979555135e-01,  2.865356633073474e-01,  4.566261952613061e+01
s462        ,  3.826962200360596e-01,  3.833630250563936e-01,  1.454702353014016e+01
s463        ,  3.693280157843884e-01,  3.118859943311992e-01,  3.751625837103524e+01
s464        ,  2.560977909662989e-01,  2.937851419588771e-01,  4.333299033012727e+01
s465        ,  3.502461683327402e-01,  3.318943416149793e-01,  3.108655049318216e+01
s466        ,  2.778157526053289e-01,  3.098412683588704e-01,  3.817333366595434e+01
s467        ,  2.872380924003551e-01,  2.992947246536947e-01,  4.156247891536043e+01
s468        ,  2.914774800332743e-01,  3.122062994944657e-01,  3.741332789894969e+01
s469        ,  3.971790599696770e-01,  3.563118957055591e-01,  2.323993839337239e+01
s470        ,  3.627719177198918e-01,  3.334880684749823e-01,  3.057440433730179e+01
s471        ,  3.324323933331337e-01,  3.260206803885466e-01,  3.297405900769348e+01
s472        ,  2.877997515332106e-01,  2.957048568121594e-01,  4.271608751750031e+01
s473        ,  3.757374999337151e-01,  3.348881819721261e-01,  3.012447608211942e+01
s474        ,  2.568357370086547e-01,  2.938774874875991e-01,  4.330331497688159e+01
s475        ,  4.085603576077300e-01,  3.852976177075608e-01,  1.392533971821783e+01
s476        ,  3.620562286483349e-01,  3.784594579384467e-01,  1.612279106759209e+01
s477        ,  3.607757962020898e-01,  3.155589905953289e-01,  3.633593634444068e+01
s478        ,  2.801658826101431e-01,  2.803687236847190e-01,  4.764437342671401e+01
s479        ,  3.100069640052550e-01,  3.149024110295633e-01,  3.654692902397411e+01
s480        ,  3.474642750814730e-01,  3.984273487060608e-01,  9.706083942725412e+00
s481        ,  2.558881068491226e-01,  3.408041831854564e-01,  2.822336155890370e+01
s482        ,  3.573635956988882e-01,  3.631094153623234e-01,  2.105554679585201e+01
s483        ,  3.634319087840275e-01,  3.592713360551274e-01,  2.228891846854926e+01
s484        ,  4.385711512863196e-01,  4.040386116851255e-01,  7.902897439138204e+00
s485        ,  3.308128664574001e-01,  3.216769732600616e-01,  3.436991482461784e+01
s486        ,  4.128201781867112e-01,  3.662442340603373e-01,  2.004816881543276e+01
s487        ,  2.921123229720385e-01,  3.340467515062725e-01,  3.039487083378142e+01
s488        ,  3.541551995743547e-01,  3.310439839920970e-01,  3.135981399812298e+01
s489        ,  3.860436533530173e-01,  3.194186435948875e-01,  3.509563193823121e+01
s490        ,  4.034893081854423e-01,  3.857206970245047e-01,  1.378938264097759e+01
s491        ,  3.095260644743733e-01,  2.984481142149483e-01,  4.183453825790757e+01
s492        ,  3.871277061112895e-01,  3.393859112114458e-01,  2.867912506374982e+01
s493        ,  2.960652162202438e-01,  3.681472972729855e-01,  1.943661702872746e+01
s494        ,  3.660452085605971e-01,  3.088915999227678e-01,  3.847851082718383e+01
s495        ,  3.363338429676201e-01,  3.179055852896375e-01,  3.558185515132005e+01
s496        ,  3.422159497617455e-01,  3.788241627053803e-01,  1.600559272633057e+01
s497        ,  3.159902657033893e-01,  3.085254095090922e-01,  3.859618658291766e+01
s498        ,  3.472376449689170e-01,  3.646634050499781e-01,  2.055617023090626e+01
s499        ,  2.973835508359319e-01,  3.011738597572031e-01,  4.095861645699672e+01
s500        ,  3.418229122033170e-01,  3.267231237690073e-01,  3.274832793290578e+01
s501        ,  3.581213543775074e-01,  3.318285324453759e-01,  3.110769835363423e+01
s502        ,  2.614321344450545e-01,  3.183604915312569e-01,  3.543567045130759e+01
s503        ,  3.881007690304034e-01,  3.821146664244016e-01,  1.494818516616454e+01
s504        ,  3.473738986326554e-01,  3.165233227550139e-01,  3.602604697696552e+01
s505        ,  3.823408435418969e-01,  3.810400954591053e-01,  1.529349991419866e+01
s506        ,  3.506593382360281e-01,  3.183155602318558e-01,  3.545010918158472e+01
s507        ,  3.661650958853160e-01,  3.440008142701434e-01,  2.719612008931647e+01
s508        ,  3.590313513939754e-01,  3.404613316006555e-01,  2.833353735225949e+01
s509        ,  3.473410711565950e-01,  3.231446420615741e-01,  3.389827758635309e+01
s510        ,  2.823312585344063e-01,  3.186747652847279e-01,  3.533467818044006e+01
s511        ,  3.944434654069573e-01,  3.643670695031865e-01,  2.065139803621521e+01
s512        ,  3.702712531526244e-01,  3.173653265159647e-01,  3.575546799619403e+01
s513        ,  3.067345842508110e-01,  3.141715287985453e-01,  3.678179895960186e+01
s514        ,  4.152315745840311e-01,  3.925861502930020e-01,  1.158316049082158e+01
s515        ,  3.940850334472998e-01,  3.023219760811511e-01,  4.058966781430875e+01
s516        ,  4.097596484681705e-01,  3.710985937851046e-01,  1.848821413643881e+01
s517        ,  3.924178649597482e-01,  3.855772573831359e-01,  1.383547715238448e+01
s518        ,  4.006045868102542e-01,  3.163480087716189e-01,  3.608238434877065e+01
s519        ,  3.177429089345927e-01,  3.568876648454348e-01,  2.305491424710095e+01
s520        ,  2.992249414239895e-01,  3.470396504544347e-01,  2.621958621190409e+01
s521        ,  3.196768127285200e-01,  3.160676354100055e-01,  3.617248268554669e+01
s522        ,  3.054834021600709e-01,  3.199010315153664e-01,  3.494061596572267e+01
s523        ,  3.919804173628093e-01,  3.581797605426082e-01,  2.263969764948670e+01
s524        ,  3.373041318694542e-01,  3.824255414786795e-01,  1.484828507161058e+01
s525        ,  3.686696993352180e-01,  3.167012829441113e-01,  3.596885924358831e+01
s526        ,  3.656157006335905e-01,  3.736717883375023e-01,  1.766131479037378e+01
s527        ,  3.181191492460722e-01,  3.522249107581635e-01,  2.455329621049898e+01
s528        ,  2.924289616161080e-01,  2.830990943890133e-01,  4.676696532409215e+01
s529        ,  3.764315778427560e-01,  4.007027398754761e-01,  8.974884092998341e+00
s530        ,  4.069348635396722e-01,  3.653188658276086e-01,  2.034553707536467e+01
s531        ,  2.746836017334675e-01,  3.096536817759014e-01,  3.823361485326026e+01
s532        ,  3.277893342024278e-01,  3.149084734365012e-01,  3.654498086178486e+01
s533        ,  3.719047035373527e-01,  3.626578534697983e-01,  2.120065678502441e+01
s534        ,  4.012806479402614e-01,  3.685603514491739e-01,  1.930388154323476e+01
s535        ,  2.854504042694033e-01,  3.177438269432730e-01,  3.563383640190399e+01
s536        ,  3.360450970551518e-01,  3.225806363742173e-01,  3.407952153217822e+01
s537        ,  3.297420264022976e-01,  3.431621767238649e-01,  2.746561733271655e+01
s538        ,  2.724861013757831e-01,  3.162541448596825e-01,  3.611254763639576e+01
s539        ,  3.471305126426427e-01,  3.195952501825982e-01,  3.503887918638328e+01
s540        ,  3.290991657411811e-01,  3.616537832577849e-01,  2.152331602621692e+01
s541        ,  2.326620745596658e-01,  3.047673195037756e-01,  3.980385359159927e+01
s542        ,  3.456910270356876e-01,  3.202666572150876e-01,  3.482312168153714e+01
s543        ,  2.845400261615328e-01,  3.216622582361526e-01,  3.437464351628880e+01
s544        ,  3.495152260396833e-01,  3.572478111132660e-01,  2.293918078533071e+01
s545        ,  3.154656949900153e-01,  3.305946527616735e-01,  3.150420716118854e+01
s546        ,  3.597382183698820e-01,  3.547392381435498e-01,  2.374531390351327e+01
s547        ,  2.730286710892002e-01,  2.904086308347584e-01,  4.441803647944133e+01
s548        ,  3.194966907439210e-01,  3.235199407820023e-01,  3.377767486464595e+01
s549        ,  3.819439317227558e-01,  4.003579274009042e-01,  9.085690020779008e+00
s550        ,  4.309276596653012e-01,  3.943030674239283e-01,  1.103142698451208e+01
s551        ,  2.731326038711657e-01,  2.984708147122965e-01,  4.182724342417838e+01
s552        ,  3.494519360539466e-01,  3.597700986828212e-01,  2.212864046302598e+01
s553        ,  3.310384344676721e-01,  3.235919717977406e-01,  3.375452760601567e+01
s554        ,  2.857682476071176e-01,  2.987575954409408e-01,  4.173508607184798e+01
s555        ,  2.942434306995658e-01,  3.498602524310793e-01,  2.531318217501390e+01
s556        ,  2.969278407515290e-01,  3.257001944894073e-01,  3.307704755948193e+01
s557        ,  3.451470710358436e-01,  3.640815382603231e-01,  2.074315386469887e+01
s558        ,  3.104132740256662e-01,  3.071696567613300e-01,  3.903185945479820e+01
s559        ,  3.434977869144114e-01,  3.411092099559414e-01,  2.812534081779365e+01
s560        ,  3.938831456017408e-01,  3.175684068624213e-01,  3.569020786826193e+01
s561        ,  3.091091411023093e-01,  3.698580129662076e-01,  1.888687636232100e+01
s562        ,  2.967807829232105e-01,  3.015687601515031e-01,  4.083171471243052e+01
s563        ,  2.549558047926404e-01,  3.339364671920461e-01,  3.043031083859183e+01
s564        ,  2.954235220552698e-01,  3.011254341662922e-01,  4.097417808230006e+01
s565        ,  3.605274781312461e-01,  3.168159116568816e-01,  3.593202316077375e+01
s566        ,  2.951155514842215e-01,  3.006593203715252e-01,  4.112396434378797e+01
s567        ,  3.587015054599469e-01,  3.552659117239039e-01,  2.357606667781139e+01
s568        ,  3.617082896247803e-01,  3.263815023240672e-01,  3.285810841925086e+01
s569        ,  3.597286858283731e-01,  3.357327347982225e-01,  2.985307795601746e+01
s570        ,  3.556392104407323e-01,  3.245144242395326e-01,  3.345809633921417e+01
s571        ,  3.602639004489001e-01,  3.161480161580661e-01,  3.614665222980226e+01
s572        ,  4.312153604367349e-01,  3.860974607247554e-01,  1.366830914613900e+01
s573        ,  3.159649497023310e-01,  3.071874576654267e-01,  3.902613911159944e+01
s574        ,  3.656105773123843e-01,  3.513559530970650e-01,  2.483253686140549e+01
s575        ,  3.488062297918545e-01,  3.357172638645602e-01,  2.985804956025022e+01
s576        ,  2.907677097183701e-01,  3.081370070807536e-01,  3.872100019784779e+01
s577        ,  3.031774726480594e-01,  3.267173805028494e-01,  3.275017353879898e+01
s578        ,  3.648245315625233e-01,  3.212722609022117e-01,  3.449996965616513e+01
s579        ,  3.607701561674609e-01,  3.199333017504092e-01,  3.493024588459939e+01
s580        ,  3.751229452249493e-01,  3.801680823092015e-01,  1.557372245032353e+01
s581        ,  3.471471301437816e-01,  3.387512602883885e-01,  2.888307094602550e+01
s582        ,  3.953183225328266e-01,  3.708863116525764e-01,  1.855643127004236e+01
s583        ,  3.276280334765511e-01,  3.153007375548587e-01,  3.641892628784979e+01
s584        ,  3.483274696967313e-01,  3.611564210671151e-01,  2.168314399951924e+01
s585        ,  3.636795644109545e-01,  3.987843520977979e-01,  9.591360448190059e+00
s586        ,  2.481423102922533e-01,  2.905761312134299e-01,  4.436421001946379e+01
s587        ,  2.631345411637266e-01,  2.772891248975200e-01,  4.863400641847698e+01
s588        ,  3.772462787558727e-01,  3.648434029484827e-01,  2.049832767701624e+01
s589        ,  3.699506978557163e-01,  3.292938915502314e-01,  3.192220843284757e+01
s590        ,  4.080798919774394e-01,  3.607996654281614e-01,  2.179778787838215e+01
s591        ,  3.627233198284863e-01,  3.234752216667885e-01,  3.379204540926426e+01
s592        ,  2.470016891971875e-01,  2.728666081407662e-01,  5.005518780980002e+01
s593        ,  2.685008647552398e-01,  3.183963809851543e-01,  3.542413732959679e+01
s594        ,  2.571819135876586e-01,  3.028243859175626e-01,  4.042821777361977e+01
s595        ,  3.046096741945610e-01,  3.923361762345532e-01,  1.166348997281582e+01
s596        ,  2.932962564895931e-01,  3.030327481680505e-01,  4.036126029910133e+01
s597        ,  4.190454465320334e-01,  3.778761810694876e-01,  1.631022783216464e+01
s598        ,  2.914532118252061e-01,  3.331407626484382e-01,  3.068601150691372e+01
s599        ,  4.062752781026900e-01,  3.889898755116949e-01,  1.273882797121558e+01
s600        ,  3.471511685824152e-01,  2.900928079432947e-01,  4.451952656777548e+01
s601        ,  3.515795377320121e-01,  3.277036349173477e-01,  3.243323942682422e+01
s602        ,  2.668016715085176e-01,  3.037907157362870e-01,  4.011768645586851e+01
s603        ,  2.686426181986058e-01,  3.011252143765669e-01,  4.097424871200817e+01
s604        ,  2.681701385508832e-01,  3.031100071298465e-01,  4.033643303334825e+01
s605        ,  3.261329152258360e-01,  3.147199375322171e-01,  3.660556711470424e+01
s606        ,  2.873274140704322e-01,  3.403054832165791e-01,  2.838361942893655e+01
s607        ,  3.712803163791649e-01,  3.652850552771385e-01,  2.035640213881189e+01
s608        ,  3.639112831354855e-01,  3.312396400151086e-01,  3.129693968598392e+01
s609        ,  3.343046893439320e-01,  3.143356803202770e-01,  3.672904865906627e+01
s610        ,  3.343797244850589e-01,  3.274383729874717e-01,  3.251848168576885e+01
s611        ,  3.423638113371397e-01,  3.447628944509619e-01,  2.695122465279351e+01
s612        ,  3.029297110362906e-01,  3.271024608128635e-01,  3.262642749082273e+01
s613        ,  4.196989461871391e-01,  4.037230092038627e-01,  8.004316698373609e+00
s614        ,  3.188431641765255e-01,  3.229937417302813e-01,  3.394676959996733e+01
s615        ,  3.288426580697588e-01,  3.185393312493630e-01,  3.537820008016346e+01
s616        ,  2.928050790423800e-01,  2.943242713250782e-01,  4.315974042178251e+01
s617        ,  2.786977690996270e-01,  3.019502599847094e-01,  4.070911925523579e+01
s618        ,  2.814924003544382e-01,  2.841498572364256e-01,  4.642930134505680e+01
s619        ,  3.762654840393755e-01,  3.870338188136949e-01,  1.336740928191953e+01
s620        ,  4.077195830571920e-01,  3.863269502446705e-01,  1.359456239668716e+01
s621        ,  3.862795794656866e-01,  3.379222068090454e-01,  2.914948833731173e+01
s622        ,  2.871208436766453e-01,  3.325737841669554e-01,  3.086821076391674e+01
s623        ,  3.384633901935590e-01,  3.156767638524176e-01,  3.629808975830523e+01
s624        ,  4.097704013612976e-01,  3.607017533601031e-01,  2.182925204613187e+01
s625        ,  3.105738368792781e-01,  3.657198133367962e-01,  2.021669208272908e+01
s626        ,  3.514279969117633e-01,  3.204443237361139e-01,  3.476602831876852e+01
s627        ,  3.507814050135403e-01,  3.192204432411900e-01,  3.515932387427610e+01
s628        ,  3.323749384435841e-01,  3.873028617404884e-01,  1.328095199480078e+01
s629        ,  3.054129561964547e-01,  2.842853127102803e-01,  4.638577255604743e+01
s630        ,  3.456187416237006e-01,  3.215117066320959e-01,  3.442302346596167e+01
s631        ,  3.427911311385674e-01,  3.320973368650904e-01,  3.102131771106908e+01
s632        ,  3.245171668015616e-01,  3.507071032935402e-01,  2.504104557199992e+01
s633        ,  4.575225281517705e-01,  3.997674620834778e-01,  9.275436802420142e+00
s634        ,  3.617034399777208e-01,  3.235271388865313e-01,  3.377536174458965e+01
s635        ,  4.224249026405583e-01,  4.100066021178996e-01,  5.985076114052237e+00
s636        ,  3.240434718187445e-01,  3.034133412656179e-01,  4.023895622255878e+01
s637        ,  3.164888547405136e-01,  3.112631720545187e-01,  3.771640310273538e+01
s638        ,  3.404861588298857e-01,  3.783427611036528e-01,  1.616029174405242e+01
s639        ,  3.384903784504644e-01,  3.104491259055842e-01,  3.797799786928480e+01
s640        ,  3.301025015382980e-01,  3.182876539875992e-01,  3.545907688871180e+01
s641        ,  3.985098556532290e-01,  3.643703339318052e-01,  2.065034900792175e+01
s642        ,  3.864695791517571e-01,  3.705015780431667e-01,  1.868006590533790e+01
s643        ,  3.365329052485860e-01,  3.306389725618014e-01,  3.148996493698154e+01
s644        ,  2.792559572339619e-01,  3.072593028487772e-01,  3.900305157044362e+01
s645        ,  3.560560712068223e-01,  3.181903586223458e-01,  3.549034287822985e+01
s646        ,  3.717550173837612e-01,  3.888172754542166e-01,  1.279429321947153e+01
s647        ,  3.499961289371213e-01,  3.388535560443501e-01,  2.885019807458596e+01
s648        ,  3.356155045608213e-01,  3.792113598882284e-01,  1.588116641857354e+01
s649        ,  3.609151245573065e-01,  3.847131508662897e-01,  1.411315888190814e+01
s650        ,  2.967930004646972e-01,  3.046658846243430e-01,  3.983644981926997e+01
s651        ,  4.101788875021543e-01,  3.842736400270980e-01,  1.425439624974628e+01
s652        ,  4.728892349883318e-01,  3.889240304808854e-01,  1.275998735571191e+01
s653        ,  3.545214117288215e-01,  3.524828524916322e-01,  2.447040630599122e+01
s654        ,  3.750141928233718e-01,  3.575946250369989e-01,  2.282773168931354e+01
s655        ,  3.521708766514586e-01,  3.446330971276483e-01,  2.699293518792152e+01
s656        ,  3.717335421883214e-01,  3.423022653098285e-01,  2.774195096061034e+01
s657        ,  3.441208254455855e-01,  3.251801895571144e-01,  3.324415180663765e+01
s658        ,  2.368548105888935e-01,  2.703915070191335e-01,  5.085056470697862e+01
s659        ,  3.171090932690834e-01,  3.109997116057057e-01,  3.780106645344647e+01
s660        ,  3.790200851348591e-01,  3.564749954599618e-01,  2.318752607960729e+01
s661        ,  3.687095274880343e-01,  3.921663070371615e-01,  1.171807765570553e+01
s662        ,  2.315298985659086e-01,  2.662559087918916e-01,  5.217954446348697e+01
s663        ,  3.640119387395722e-01,  3.609380321663671e-01,  2.175332355086647e+01
s664        ,  2.857188063426898e-01,  2.889566780230954e-01,  4.488462336435555e+01
s665        ,  3.256509504333960e-01,  3.326789092511718e-01,  3.083442868423971e+01
s666        ,  2.892912646809653e-01,  3.105428136425252e-01,  3.794789119571881e+01
s667        ,  2.837552795280425e-01,  3.183438139994479e-01,  3.544102979739122e+01
s668        ,  3.715335614278034e-01,  3.862120407668537e-01,  1.363148870370691e+01
s669        ,  3.717358113150651e-01,  3.588310129255569e-01,  2.243041686693498e+01
s670        ,  2.947655724762283e-01,  2.891891130119784e-01,  4.480993008470018e+01
s671        ,  3.071959891293752e-01,  3.357151798236687e-01,  2.985871926944446e+01
s672        ,  2.993479615742132e-01,  3.318758023885798e-01,  3.109250809719311e+01
s673        ,  3.593225247107919e-01,  3.278412724386876e-01,  3.238900943407690e+01
s674        ,  3.266518921019476e-01,  3.128113188595789e-01,  3.721890415555158e+01
s675        ,  2.996384996836147e-01,  2.956365465805081e-01,  4.273803909742628e+01
s676        ,  3.451796209978898e-01,  3.360847069615608e-01,  2.973997125313474e+01
s677        ,  2.641222815503110e-01,  2.942917344148362e-01,  4.317019619932056e+01
s678        ,  3.304311167670392e-01,  3.292516637106655e-01,  3.193577840286409e+01
s679        ,  3.628879844265776e-01,  3.267897694654240e-01,  3.272691125349701e+01
s680        ,  3.098867977998412e-01,  2.975570548371846e-01,  4.212088132360827e+01
s681        ,  3.124078424434578e-01,  3.080782585241872e-01,  3.873987912130960e+01
s682        ,  3.998283578521670e-01,  3.239085321163456e-01,  3.365280054453066e+01
s683        ,  2.934835296170684e-01,  3.563354041137098e-01,  2.323238393647802e+01
s684        ,  3.622134383455983e-01,  3.857075516403256e-01,  1.379360692692259e+01
s685        ,  4.144136208759349e-01,  3.331497664206859e-01,  3.068311813323668e+01
s686        ,  3.781881014682912e-01,  3.222841598060777e-01,  3.417479465487692e+01
s687        ,  3.587899423142989e-01,  3.832005511010292e-01,  1.459923474258745e+01
s688        ,  2.684144109503693e-01,  3.157084110048214e-01,  3.628791990558145e+01
s689        ,  3.492326363550046e-01,  3.393871037210529e-01,  2.867874184926908e+01
s690        ,  3.053784197635313e-01,  3.130939409875710e-01,  3.712808317483620e+01
s691        ,  3.056418685854862e-01,  2.865012965290512e-01,  4.567366333409804e+01
s692        ,  2.913142578793697e-01,  3.011093073744825e-01,  4.097936044738363e+01
s693        ,  3.147770284800075e-01,  3.154536918689055e-01,  3.636977422426202e+01
s694        ,  2.984705041084280e-01,  3.797302101087751e-01,  1.571443323950785e+01
s695        ,  4.012577384470942e-01,  3.705515377173551e-01,  1.866401130041987e+01
s696        ,  3.034072848090301e-01,  3.569188319974365e-01,  2.304489864311761e+01
s697        ,  3.672668652018035e-01,  3.232642147020640e-01,  3.385985276607035e+01
s698        ,  4.108239364695501e-01,  3.655254852941536e-01,  2.027913964668555e+01
s699        ,  2.757255541231750e-01,  2.941304409269641e-01,  4.322202806703603e+01
s700        ,  2.819198034544880e-01,  3.001592470187312e-01,  4.128466355249128e+01
s701        ,  3.140786847731655e-01,  2.991865742177814e-01,  4.159723319565765e+01
s702        ,  2.942837007980383e-01,  3.149100158692140e-01,  3.654448519906853e+01
s703        ,  2.899424986900252e-01,  3.574648836506321e-01,  2.286942424903249e+01
s704        ,  3.777084012576264e-01,  3.273916922610850e-01,  3.253348259663549e+01
s705        ,  3.226798684887092e-01,  3.238743944858427e-01,  3.366377071556291e+01
s706        ,  3.595823462134068e-01,  3.591089770657431e-01,  2.234109273653242e+01
s707        ,  3.763974771864712e-01,  3.243170803375250e-01,  3.352151305341792e+01
s708        ,  3.829175719132407e-01,  3.284378358861017e-01,  3.219730301059898e+01
s709        ,  3.954604723130689e-01,  3.280586467585888e-01,  3.231915591957674e+01
s710        ,  3.425489866820026e-01,  3.767292365334966e-01,  1.667879991930049e+01
s711        ,  3.300759218022618e-01,  3.776903985353815e-01,  1.636992928607122e+01
s712        ,  2.679964023023045e-01,  2.915697547633682e-01,  4.404490782643169e+01
s713        ,  3.595425435144403e-01,  3.326695610766527e-01,  3.083743273202519e+01
s714        ,  2.553853569183208e-01,  2.732480442059548e-01,  4.993261284453899e+01
s715        ,  3.219609547804439e-01,  3.123256009848089e-01,  3.737499021311186e+01
s716        ,  2.739206771298864e-01,  2.927991066546784e-01,  4.364985403072822e+01
s717        ,  3.496918866396705e-01,  3.240057557403533e-01,  3.362155760915326e+01
s718        ,  3.858037501617538e-01,  3.697953045253029e-01,  1.890702779965733e+01
s719        ,  3.656444373151383e-01,  3.673781127532631e-01,  1.968379545360370e+01
s720        ,  3.665945804148918e-01,  3.832109513782048e-01,  1.459589260027358e+01
s721        ,  2.976921642219451e-01,  2.989679527513372e-01,  4.166748748228751e+01
s722        ,  3.352058024081789e-01,  3.686418474262425e-01,  1.927769270722849e+01
s723        ,  3.380057040186947e-01,  3.501372277668233e-01,  2.522417579817797e+01
s724        ,  3.242387501915022e-01,  3.661610436081151e-01,  2.007490217318738e+01
s725        ,  3.221826279978117e-01,  3.129554692754358e-01,  3.717258123585784e+01
s726        ,  2.738917222766719e-01,  2.938829540960844e-01,  4.330155827528375e+01
s727        ,  3.810548900214357e-01,  3.260297146658323e-01,  3.297115583118368e+01
s728        ,  3.412893897345711e-01,  3.543128280681998e-01,  2.388234132420866e+01
s729        ,  2.868947364315128e-01,  3.156748507325356e-01,  3.629870454181543e+01
s730        ,  3.314426660264801e-01,  3.162838143376737e-01,  3.610301331186281e+01
s731        ,  2.684622004709819e-01,  3.091049344471467e-01,  3.840995550611894e+01
s732        ,  2.921055314645209e-01,  3.063614999798187e-01,  3.929156166562680e+01
s733        ,  3.698853057667421e-01,  3.537481494139877e-01,  2.406380152878967e+01
s734        ,  3.153497109258767e-01,  3.074894479072999e-01,  3.892909416282542e+01
s735        ,  3.434171840499868e-01,  3.563625154467350e-01,  2.322367167508738e+01
s736        ,  2.883239765709396e-01,  3.077885850590877e-01,  3.883296605818343e+01
s737        ,  3.404312799986701e-01,  3.620917585253522e-01,  2.138257211627559e+01
s738        ,  3.018129210281842e-01,  2.895050908934489e-01,  4.470839019013001e+01
s739        ,  3.135817291557892e-01,  3.261641626788169e-01,  3.292795079100779e+01
s740        ,  2.943637803121305e-01,  3.087829034529943e-01,  3.851344057615733e+01
s741        ,  3.699984862318467e-01,  3.344462211030269e-01,  3.026650077018817e+01
s742        ,  2.836716313827631e-01,  3.057028443941884e-01,  3.950322147678730e+01
s743        ,  3.859455126663645e-01,  2.868030058229383e-01,  4.557670866831710e+01
s744        ,  3.549022051232796e-01,  3.385331978210483e-01,  2.895314559758143e+01
s745        ,  3.365021664800502e-01,  3.826437322162576e-01,  1.477816920025032e+01
s746        ,  2.996679021289546e-01,  3.094779726146053e-01,  3.829007921598714e+01
s747        ,  3.496033235622116e-01,  3.531119693009311e-01,  2.426823881821885e+01
s748        ,  3.833413178741681e-01,  3.398442421626999e-01,  2.853183982893531e+01
s749        ,  3.194276290097619e-01,  3.638049006372090e-01,  2.083205171715114e+01
s750        ,  3.607086425829715e-01,  3.359514521117928e-01,  2.978279286879160e+01
s751        ,  3.933327188318541e-01,  3.265394192317327e-01,  3.280736161988446e+01
s752        ,  2.711413176352050e-01,  2.964972020871013e-01,  4.246146635444186e+01
s753        ,  3.829161641718021e-01,  3.609071838521081e-01,  2.176323669593517e+01
s754        ,  3.197877473206903e-01,  3.022066954522724e-01,  4.062671339119486e+01
s755        ,  3.496617569418546e-01,  3.713371192426753e-01,  1.841156367691514e+01
s756        ,  3.699460983440985e-01,  3.115022229380800e-01,  3.763958379690057e+01
s757        ,  3.280911972855501e-01,  3.109101874505515e-01,  3.782983515470343e+01
s758        ,  3.125936661497958e-01,  3.148095537750629e-01,  3.657676882095030e+01
s759        ,  3.749231601912195e-01,  3.529275968254906e-01,  2.432748714797771e+01
s760        ,  3.202174624481622e-01,  3.368714219629049e-01,  2.948715938566640e+01
s761        ,  4.037004208658205e-01,  3.507849826281442e-01,  2.501601894865503e+01
s762        ,  2.705693545058654e-01,  2.769876147770755e-01,  4.873089707961853e+01
s763        ,  3.632076138151025e-01,  3.166733116105268e-01,  3.597784786725377e+01
s764        ,  2.904214123983059e-01,  3.287746701836782e-01,  3.208906088015502e+01
s765        ,  3.401053585508043e-01,  3.278491649276078e-01,  3.238647317271227e+01
s766        ,  3.084050561945721e-01,  3.188301551871060e-01,  3.528474343744062e+01
s767        ,  3.291785188280746e-01,  3.274528609434821e-01,  3.251382596265626e+01
s768        ,  3.362959726167617e-01,  3.642515605115795e-01,  2.068851699775487e+01
s769        ,  4.447436541042360e-01,  3.867625603011554e-01,  1.345457855033900e+01
s770        ,  4.366827959781677e-01,  3.274296515595761e-01,  3.252128432772879e+01
s771        ,  2.732263690999292e-01,  3.084661894966220e-01,  3.861521700933450e+01
s772        ,  3.586463705210161e-01,  3.263711521987683e-01,  3.286143444519529e+01
s773        ,  3.494536072487898e-01,  3.821602174659308e-01,  1.493354728096539e+01
s774        ,  4.247318519587049e-01,  3.723777219197214e-01,  1.807716468156472e+01
s775        ,  3.400241339719085e-01,  3.269063711760420e-01,  3.268944114531176e+01
s776        ,  2.703825454286858e-01,  3.125881409003513e-01,  3.729062267693950e+01
s777        ,  3.180965813552759e-01,  3.392385051269048e-01,  2.872649419672092e+01
s778        ,  3.344616171325667e-01,  3.209615209369984e-01,  3.459982633967618e+01
s779        ,  4.009566962610436e-01,  3.390284337068646e-01,  2.879400091505137e+01
s780        ,  3.563640868327244e-01,  3.176875519177722e-01,  3.565192045300812e+01
s781        ,  2.649329396139021e-01,  3.055102994731836e-01,  3.956509603233488e+01
s782        ,  3.338551315946975e-01,  3.356710046934753e-01,  2.987291500378380e+01
s783        ,  3.045407149746746e-01,  3.648884179889089e-01,  2.048386203645408e+01
s784        ,  2.985260989809689e-01,  3.334248728815224e-01,  3.059471232173206e+01
s785        ,  3.071820525176505e-01,  3.215336259535677e-01,  3.441597966409512e+01
s786        ,  3.296681543954699e-01,  3.312543141493912e-01,  3.129222413424648e+01
s787        ,  3.465928111087382e-01,  3.156768284959511e-01,  3.629806898502341e+01
s788        ,  3.238375537313586e-01,  3.272820240956594e-01,  3.256872460124415e+01
s789        ,  3.578303916562611e-01,  4.105774003248961e-01,  5.801649383391429e+00
s790        ,  3.446858102804674e-01,  3.924941352532702e-01,  1.161272964100940e+01
s791        ,  3.249752459595651e-01,  3.096451463756674e-01,  3.823635771499426e+01
s792        ,  3.476053048360684e-01,  3.581981718837673e-01,  2.263378114156059e+01
s793        ,  3.097825366365258e-01,  3.125438620685698e-01,  3.730485173591621e+01
s794        ,  2.867393516849774e-01,  3.286901820350768e-01,  3.211621125429353e+01
s795        ,  3.702845088002308e-01,  3.332647133659689e-01,  3.064617978599899e+01
s796        ,  3.082874914963972e-01,  3.091293416016389e-01,  3.840211223594331e+01
s797        ,  2.782785712367717e-01,  3.404180445587800e-01,  2.834744769828701e+01
s798        ,  3.082196621533786e-01,  3.013604820102939e-01,  4.089864515832514e+01
s799        ,  2.516166876808906e-01,  3.752753314450976e-01,  1.714601417082980e+01
s800        ,  3.752754365991258e-01,  3.884897994269388e-01,  1.289952805783837e+01
s801        ,  3.246209635059766e-01,  3.668709606638634e-01,  1.984676942332914e+01
s802        ,  4.079792643019313e-01,  3.673047112359152e-01,  1.970738312467140e+01
s803        ,  3.649553570094187e-01,  3.724503182266047e-01,  1.805383576590517e+01
s804        ,  2.441452079849671e-01,  2.807117447239854e-01,  4.753414317894995e+01
s805        ,  3.164419790049513e-01,  3.412974542515434e-01,  2.806484827369561e+01
s806        ,  3.693024905987883e-01,  3.431929970501908e-01,  2.745571318160576e+01
s807        ,  3.191228175525491e-01,  3.462897280242787e-01,  2.646057473977025e+01
s808        ,  3.793158450067193e-01,  3.542468955313690e-01,  2.390352882887634e+01
s809        ,  3.605465652216310e-01,  3.201334431950967e-01,  3.486593017649314e+01
s810        ,  3.824385024147211e-01,  3.464094826887363e-01,  2.642209142585373e+01
s811        ,  3.580309026561524e-01,  3.674415707947660e-01,  1.966340313116058e+01
s812        ,  4.082198971938309e-01,  3.690134299505602e-01,  1.915828418987358e+01
s813        ,  3.777542847031886e-01,  3.640727557643698e-01,  2.074597613095690e+01
s814        ,  2.971435305207454e-01,  3.385221299133396e-01,  2.895670228381728e+01
s815        ,  3.213071390383087e-01,  3.461946556661600e-01,  2.649112636311484e+01
s816        ,  2.887445984618123e-01,  2.925527424975375e-01,  4.372902346634041e+01
s817        ,  3.674177460167670e-01,  3.523601950439256e-01,  2.450982243300115e+01
s818        ,  3.639907411341862e-01,  3.450773927518611e-01,  2.685016022332401e+01
s819        ,  3.711799756445687e-01,  4.063156975791919e-01,  7.171152987486473e+00
s820        ,  3.982124713714961e-01,  3.134204039135800e-01,  3.702317389785217e+01
s821        ,  4.040900310131655e-01,  3.630433888506803e-01,  2.107676449944529e+01
s822        ,  3.477446523405509e-01,  3.226484440080385e-01,  3.405773146270494e+01
s823        ,  2.954095158407338e-01,  3.189849755722504e-01,  3.523499170952945e+01
s824        ,  4.283252901174056e-01,  4.047050027087962e-01,  7.688751835113279e+00
s825        ,  3.397919403129021e-01,  3.408085465869681e-01,  2.822195937427165e+01
s826        ,  3.778871682303130e-01,  3.851497852492136e-01,  1.397284586695446e+01
s827        ,  2.337787130599568e-01,  3.508071068614051e-01,  2.500890929812408e+01
s828        ,  3.728406611540748e-01,  3.301887435958779e-01,  3.163464658849321e+01
s829        ,  2.607144883285425e-01,  3.054916689562837e-01,  3.957108297266438e+01
s830        ,  3.482088414946918e-01,  3.303320022660635e-01,  3.158861023240646e+01
s831        ,  2.919464512532615e-01,  3.536189543941339e-01,  2.410531851293394e+01
s832        ,  2.475208749435529e-01,  3.189186903363563e-01,  3.525629255449022e+01
s833        ,  3.566347081859653e-01,  3.539468292477997e-01,  2.399995551119945e+01
s834        ,  3.856874669956564e-01,  3.269228315145906e-01,  3.268415159455893e+01
s835        ,  2.944982044493083e-01,  2.948184105635133e-01,  4.300094814828483e+01
s836        ,  3.860699495992029e-01,  2.977645421572476e-01,  4.205420500909604e+01
s837        ,  2.443036554913805e-01,  2.919090398656725e-01,  4.393587812676767e+01
s838        ,  2.837466788193044e-01,  2.869998314109792e-01,  4.551345851496661e+01
s839        ,  3.354549725730311e-01,  3.629040034644844e-01,  2.112155617078979e+01
s840        ,  2.763733904068356e-01,  3.274740393653083e-01,  3.250702024983426e+01
s841        ,  3.643875992509446e-01,  3.209770297482265e-01,  3.459484256343946e+01
s842        ,  2.695598883230792e-01,  3.020198159840903e-01,  4.068676734626357e+01
s843        ,  3.362322734626774e-01,  3.196981233607449e-01,  3.500582075958927e+01
s844        ,  2.356440744998030e-01,  2.764963123345285e-01,  4.888877774514520e+01
s845        ,  3.414509738024666e-01,  3.287067985487425e-01,  3.211087151646794e+01
s846        ,  3.284946295569345e-01,  3.557269354614710e-01,  2.342791611268621e+01
s847        ,  3.382786868662267e-01,  3.230468293851060e-01,  3.392970981448870e+01
s848        ,  2.603543239280899e-01,  2.983576820557035e-01,  4.186359874743531e+01
s849        ,  3.563475623622980e-01,  3.688930386190695e-01,  1.919697209755195e+01
s850        ,  2.533481965641474e-01,  2.699542111252410e-01,  5.099109029932443e+01
s851        ,  3.334865218614329e-01,  3.201363523855079e-01,  3.486499530445001e+01
s852        ,  3.251989652472498e-01,  3.236298188785979e-01,  3.374236539838848e+01
s853        ,  3.303981460032966e-01,  3.619849075642685e-01,  2.141690880868162e+01
s854        ,  3.550119141417548e-01,  3.472033210959051e-01,  2.616699044285282e+01
s855        ,  3.394520045520492e-01,  3.318288969402127e-01,  3.110758122275428e+01
s856        ,  2.968888541973028e-01,  3.062186694190256e-01,  3.933746044821508e+01
s857        ,  4.242626628749120e-01,  3.662498511435247e-01,  2.004636375859783e+01
s858        ,  3.574550615491790e-01,  3.427407331262452e-01,  2.760104876946910e+01
s859        ,  3.027110711545371e-01,  3.038061221986008e-01,  4.011273556958569e+01
s860        ,  3.368229604072003e-01,  3.459905564703865e-01,  2.655671389957232e+01
s861        ,  3.394582604410895e-01,  3.421621347749620e-01,  2.778698208642896e+01
s862        ,  3.118273414218689e-01,  3.347574757672426e-01,  3.016647868749731e+01
s863        ,  3.561627842648784e-01,  3.273000369280825e-01,  3.256293615460783e+01
s864        ,  3.589362653848208e-01,  3.298931180815890e-01,  3.172964622395327e+01
s865        ,  3.632125925214965e-01,  3.501164547702832e-01,  2.523085122706800e+01
s866        ,  3.538675215168127e-01,  3.773472665477351e-01,  1.648019518723849e+01
s867        ,  3.310372811448682e-01,  3.189950296110532e-01,  3.523176083135755e+01
s868        ,  2.250930966754193e-01,  2.671158480278936e-01,  5.190320189496913e+01
s869        ,  3.227632236826757e-01,  3.209648930298207e-01,  3.459874271335381e+01
s870        ,  2.955305789890147e-01,  3.224920412363435e-01,  3.410799169254916e+01
s871        ,  3.263687380400568e-01,  3.304449777372705e-01,  3.155230542087350e+01
s872        ,  3.581942854285155e-01,  3.633781044568036e-01,  2.096920321319774e+01
s873        ,  3.780199537649536e-01,  3.578281189700421e-01,  2.275269811660383e+01
s874        ,  4.051572712863296e-01,  3.828970634628804e-01,  1.469676088156139e+01
s875        ,  3.637115898742233e-01,  3.727230468369270e-01,  1.796619407969117e+01
s876        ,  3.707605657787341e-01,  3.932311300567758e-01,  1.137589542242914e+01
s877        ,  3.448717819571157e-01,  3.729286135655541e-01,  1.790013494968251e+01
s878        ,  3.077154378074489e-01,  3.028013974828637e-01,  4.043560513638324e+01
s879        ,  2.822144565235117e-01,  2.889554435847460e-01,  4.488502005269105e+01
s880        ,  2.990707743641133e-01,  3.106482554872365e-01,  3.791400732465340e+01
s881        ,  2.519924028225227e-01,  3.715678107895026e-01,  1.833743065458441e+01
s882        ,  3.029935117041472e-01,  2.998854211187928e-01,  4.137265785412065e+01
s883        ,  3.513753591077723e-01,  3.178643639873461e-01,  3.559510166930176e+01
s884        ,  3.148487123515269e-01,  3.131743226933696e-01,  3.710225241132143e+01
s885        ,  3.349797306381302e-01,  3.286990332118138e-01,  3.211336691737819e+01
s886        ,  2.645821893421532e-01,  2.897107200198179e-01,  4.464231100852751e+01
s887        ,  3.560393157185437e-01,  3.203069538941177e-01,  3.481017229241787e+01
s888        ,  3.665363028937624e-01,  3.527505640375396e-01,  2.438437685981561e+01
s889        ,  2.882985069243872e-01,  2.863080619565120e-01,  4.573575951004437e+01
s890        ,  3.314401632007343e-01,  3.814117532577697e-01,  1.517406720733662e+01
s891        ,  3.187054663095563e-01,  3.050938130195052e-01,  3.969893448456953e+01
s892        ,  2.885378548431122e-01,  3.248625405694237e-01,  3.334622871331965e+01
s893        ,  4.341641481228710e-01,  3.314347693616148e-01,  3.123423462201053e+01
s894        ,  3.434520439383409e-01,  3.239447762936269e-01,  3.364115343200872e+01
s895        ,  2.977872538643522e-01,  3.036421486196529e-01,  4.016542868798113e+01
s896        ,  4.395276693832269e-01,  3.591003399980945e-01,  2.234386826921956e+01
s897        ,  4.141074145418121e-01,  3.207799182600474e-01,  3.465818459116345e+01
s898        ,  3.245936699741395e-01,  3.161541837929489e-01,  3.614467025247892e+01
s899        ,  2.759455078310450e-01,  3.008371072426005e-01,  4.106683230637786e+01
s900        ,  2.812910468510978e-01,  2.994845433611079e-01,  4.150148043202204e+01
s901        ,  4.368412206448667e-01,  3.758465797022499e-01,  1.696244281597835e+01
s902        ,  2.476616888757790e-01,  2.869056023967382e-01,  4.554373912868219e+01
s903        ,  4.064063930352827e-01,  3.709056028503203e-01,  1.855023201908234e+01
s904        ,  2.692313868191551e-01,  3.654045960051652e-01,  2.031798757363985e+01
s905        ,  3.857159716978104e-01,  3.431974423016453e-01,  2.745428469439036e+01
s906        ,  2.875408284403677e-01,  2.828037942508576e-01,  4.686186039951752e+01
s907        ,  3.309853692311254e-01,  3.119393497718833e-01,  3.749911253222973e+01
s908        ,  3.448811689194689e-01,  3.147321016099979e-01,  3.660165817281989e+01
s909        ,  3.108819018906574e-01,  3.407713480312756e-01,  2.823391317751129e+01
s910        ,  2.601667533352491e-01,  2.741874214516435e-01,  4.963074277045362e+01
s911        ,  2.987315837360676e-01,  2.999985452080588e-01,  4.133630528398517e+01
s912        ,  3.440343127256966e-01,  3.492377205396301e-01,  2.551323359105016e+01
s913        ,  2.676759227439509e-01,  3.027722426591148e-01,  4.044497407612007e+01
s914        ,  3.362930685924894e-01,  3.456219041656269e-01,  2.667518078714092e+01
s915        ,  3.076052608078511e-01,  3.348555168268879e-01,  3.013497306813683e+01
s916        ,  3.754348103699239e-01,  3.494285775071580e-01,  2.545190146150181e+01
s917        ,  2.590598828517826e-01,  3.019741309655487e-01,  4.070144828514627e+01
s918        ,  4.961505633465160e-01,  3.930843009378299e-01,  1.142307914677152e+01
s919        ,  2.931955880287684e-01,  3.419787322959477e-01,  2.784591870660109e+01
s920        ,  2.474840765757152e-01,  2.766939202398619e-01,  4.882527619313657e+01
s921        ,  3.442280024555943e-01,  3.998388723738110e-01,  9.252489014689212e+00
s922        ,  3.930300610882673e-01,  3.896059799184194e-01,  1.254084203558023e+01
s923        ,  3.214733830150857e-01,  3.090352458934847e-01,  3.843235001157817e+01
s924        ,  2.534416607722896e-01,  3.115944601546011e-01,  3.760994324991857e+01
s925        ,  4.195798862194213e-01,  3.824847220771264e-01,  1.482926731094033e+01
s926        ,  2.890808494142250e-01,  2.928709215318502e-01,  4.362677622850149e+01
s927        ,  2.735614386165569e-01,  2.825671330845727e-01,  4.693791176666252e+01
s928        ,  2.920421471112219e-01,  3.188353416997524e-01,  3.528307674499732e+01
s929        ,  3.493227439756055e-01,  3.487340953782997e-01,  2.567507417794942e+01
s930        ,  3.134104047515290e-01,  3.515296356554695e-01,  2.477672375009847e+01
s931        ,  3.884821591695420e-01,  3.512477834839254e-01,  2.486729730432880e+01
s932        ,  3.555147722726067e-01,  3.173561603214521e-01,  3.575841356447270e+01
s933        ,  4.127638757436791e-01,  3.424102088226577e-01,  2.770726317530965e+01
s934        ,  2.485124345085235e-01,  2.761910007386168e-01,  4.898689001526883e+01
s935        ,  2.511088031672664e-01,  2.773329332913225e-01,  4.861992853534387e+01
s936        ,  2.604780194318803e-01,  3.045465122016977e-01,  3.987481029929339e+01
s937        ,  3.411489425468267e-01,  3.959646555795607e-01,  1.049747351486806e+01
s938        ,  3.511005950375960e-01,  3.061742639959039e-01,  3.935173018748021e+01
s939        ,  2.747398030122069e-01,  3.034536077129272e-01,  4.022601654844147e+01
s940        ,  3.417465604863621e-01,  3.788146016068332e-01,  1.600866519752356e+01
s941        ,  2.992769914824235e-01,  3.105064046925719e-01,  3.795959125814870e+01
s942        ,  2.877311772316790e-01,  2.947879832332932e-01,  4.301072600959656e+01
s943        ,  3.224976287094988e-01,  3.323145071719760e-01,  3.095152975641124e+01
s944        ,  2.872161365477828e-01,  3.064473337552830e-01,  3.926397887258240e+01
s945        ,  3.039291705890396e-01,  3.198385519902589e-01,  3.496069384067606e+01
s946        ,  3.820695206088657e-01,  3.708925588744135e-01,  1.855442371734993e+01
s947        ,  3.338965049246589e-01,  3.195645803708199e-01,  3.504873496945250e+01
s948        ,  2.895186753893665e-01,  3.102382345948848e-01,  3.804576806052264e+01
s949        ,  3.285081864326909e-01,  3.189910267947367e-01,  3.523304714147795e+01
s950        ,  3.631800436830665e-01,  3.749228005798209e-01,  1.725930041329189e+01
s951        ,  2.321785877905577e-01,  2.923136454082997e-01,  4.380585762042821e+01
s952        ,  3.942514198985953e-01,  3.932740039223374e-01,  1.136211785113624e+01
s953        ,  4.109179543283764e-01,  3.848096331960257e-01,  1.408215416238889e+01
s954        ,  3.824721552405599e-01,  3.728353464276468e-01,  1.793010646321342e+01
s955        ,  2.687072927169935e-01,  3.265981876776274e-01,  3.278847630496170e+01
s956        ,  3.979821694304178e-01,  3.549645578618015e-01,  2.367290712513569e+01
s957        ,  2.899775316226321e-01,  3.128094219165451e-01,  3.721951374061100e+01
s958        ,  3.788440459260153e-01,  3.322631624643379e-01,  3.096802944359203e+01
s959        ,  3.097885661746670e-01,  3.099275447551433e-01,  3.814560863614948e+01
s960        ,  2.673850340403868e-01,  3.062678108251305e-01,  3.932166879478765e+01
s961        ,  3.243475522827328e-01,  3.208451145757020e-01,  3.463723367210822e+01
s962        ,  2.853383177579654e-01,  3.069612017607788e-01,  3.909884673466758e+01
s963        ,  3.492156404114884e-01,  3.119293960219542e-01,  3.750231118244434e+01
s964        ,  2.774300864992933e-01,  2.982097545336919e-01,  4.191113544500156e+01
s965        ,  3.171942496841062e-01,  3.061672969257513e-01,  3.935396906434546e+01
s966        ,  2.734218027896025e-01,  2.863455610617274e-01,  4.572370912483282e+01
s967        ,  3.303895856524011e-01,  3.683655025552493e-01,  1.936649648341393e+01
s968        ,  3.379779199025550e-01,  3.520128801671676e-01,  2.462143251091084e+01
s969        ,  3.659302513196352e-01,  3.474956502534766e-01,  2.607305009582141e+01
s970        ,  3.452495236560603e-01,  3.200814398436640e-01,  3.488264151969604e+01
s971        ,  2.851883014226236e-01,  3.139325790753024e-01,  3.685858575743955e+01
s972        ,  3.257825344175761e-01,  3.455339872942135e-01,  2.670343298572111e+01
s973        ,  3.559590726598347e-01,  3.200406376915332e-01,  3.489575334323987e+01
s974        ,  3.244218696610479e-01,  3.278669083069976e-01,  3.238077131515131e+01
s975        ,  3.575434229776818e-01,  3.145120018733446e-01,  3.667238750346383e+01
s976        ,  3.508196626692490e-01,  3.769241408358397e-01,  1.661616717355546e+01
s977        ,  3.094780913347707e-01,  3.117988022258856e-01,  3.754427766510639e+01
s978        ,  2.679411357443860e-01,  3.157608723529289e-01,  3.627106138456391e+01
s979        ,  3.294468669232396e-01,  3.938054754086882e-01,  1.119132881223273e+01
s980        ,  2.682884487390532e-01,  2.795927279359725e-01,  4.789374064871042e+01
s981        ,  3.690259273299634e-01,  3.319250434075817e-01,  3.107668443303437e+01
s982        ,  3.599308410073728e-01,  3.416455000999653e-01,  2.795300329711094e+01
s983        ,  3.033741189947783e-01,  2.994757168340850e-01,  4.150431684772035e+01
s984        ,  3.990606361986817e-01,  3.205930735727590e-01,  3.471822736934770e+01
s985        ,  2.458061579719099e-01,  2.716986649858599e-01,  5.043050782986351e+01
s986        ,  3.674574317411205e-01,  3.316073402227225e-01,  3.117877875604545e+01
s987        ,  3.618389636623023e-01,  3.243377000837400e-01,  3.351488687171497e+01
s988        ,  3.706023012861709e-01,  3.391143410552282e-01,  2.876639447926211e+01
s989        ,  3.267317558382980e-01,  3.318462131215084e-01,  3.110201664584487e+01
s990        ,  3.568657105740528e-01,  3.791472668981592e-01,  1.590176278254694e+01
s991        ,  2.691831861033237e-01,  2.728647305576286e-01,  5.005579117353219e+01
s992        ,  3.535454705333178e-01,  2.988064286022897e-01,  4.171939347326537e+01
s993        ,  3.585598735365578e-01,  3.438534891402650e-01,  2.724346320740362e+01
s994        ,  3.020201873530365e-01,  3.470625260544654e-01,  2.621223510870495e+01
s995        ,  2.226508985115376e-01,  2.670747473188716e-01,  5.191640966015012e+01
s996        ,  3.542347072493316e-01,  3.644833893220671e-01,  2.061401851429870e+01
s997        ,  3.018965630826722e-01,  2.774576295247714e-01,  4.857985724193951e+01
s998        ,  3.248834775025297e-01,  3.182940469329966e-01,  3.545702250756769e+01
s999        ,  3.245798973395961e-01,  3.087929207585623e-01,  3.851022150225723e+01
s1000       ,  4.229046884097925e-01,  3.844192097060647e-01,  1.420761724804495e+01
s1001       ,  3.687810356407749e-01,  3.375525983289780e-01,  2.926826249303308e+01
s1002       ,  2.771840194067590e-01,  3.103986932588539e-01,  3.799420446453146e+01
s1003       ,  3.773312531679570e-01,  3.821215116515374e-01,  1.494598544370789e+01
s1004       ,  3.054117424504427e-01,  3.118744623606227e-01,  3.751996418446459e+01
s1005       ,  3.385236329700146e-01,  3.423659765216199e-01,  2.772147728157264e+01
s1006       ,  4.167296916398009e-01,  2.997936309904507e-01,  4.140215472874700e+01
s1007       ,  3.320487440508861e-01,  3.120605608920737e-01,  3.746016118440883e+01
s1008       ,  3.136740188462037e-01,  3.625544173995530e-01,  2.123389609791109e+01
s1009       ,  3.593194801918262e-01,  3.562982762166234e-01,  2.324431503348464e+01
s1010       ,  3.386964235398171e-01,  3.561244404439043e-01,  2.330017738040674e+01
s1011       ,  3.250388323362358e-01,  3.559804993157099e-01,  2.334643304524364e+01
s1012       ,  2.909569628391213e-01,  2.832248520237938e-01,  4.672655294801831e+01
s1013       ,  3.150008570990088e-01,  3.072132468886996e-01,  3.901785171186125e+01
s1014       ,  2.705688582831416e-01,  2.714388148661548e-01,  5.051401099671844e+01
s1015       ,  2.627454581345986e-01,  2.949440305923419e-01,  4.296057999205886e+01
s1016       ,  4.030578873542974e-01,  3.511042617665710e-01,  2.491341819095820e+01
s1017       ,  3.593872438775090e-01,  3.325691048579573e-01,  3.086971446582179e+01
s1018       ,  2.427981414978236e-01,  2.761228889985084e-01,  4.900877780968474e+01
s1019       ,  3.667702659774850e-01,  3.737988162764116e-01,  1.762049420045052e+01
s1020       ,  2.443455242532603e-01,  3.080105771780949e-01,  3.876162860806036e+01
s1021       ,  3.517001221268577e-01,  3.865255606380832e-01,  1.353073869385765e+01
s1022       ,  2.465884136726172e-01,  2.822287918803920e-01,  4.704663814346261e+01
s1023       ,  3.973866202773900e-01,  3.199824579544912e-01,  3.491444947582320e+01
s1024       ,  2.954254385322262e-01,  2.955200838294540e-01,  4.277546455077871e+01
s1025       ,  3.194737803651596e-01,  3.518378187489780e-01,  2.467768872056562e+01
s1026       ,  2.845215502906833e-01,  3.036320564158735e-01,  4.016867183051684e+01
s1027       ,  3.801444592417467e-01,  3.877320746972007e-01,  1.314302386461051e+01
s1028       ,  3.280565754548467e-01,  3.127049007253148e-01,  3.725310175850795e+01
s1029       ,  3.320425958711730e-01,  3.484999089412496e-01,  2.575033028770357e+01
s1030       ,  3.688103106871887e-01,  3.477849447410257e-01,  2.598008494386594e+01
s1031       ,  3.177581036079268e-01,  3.075927585237511e-01,  3.889589516467527e+01
s1032       ,  2.886686636822086e-01,  3.197140215501384e-01,  3.500071185618324e+01
s1033       ,  3.502857082190677e-01,  3.498556376890631e-01,  2.531466512823709e+01
s1034       ,  2.612720878184224e-01,  2.992071901151365e-01,  4.159060825079074e+01
s1035       ,  3.090655311957510e-01,  3.128658753035317e-01,  3.720137237281632e+01
s1036       ,  2.315433826576645e-01,  2.798920221281502e-01,  4.779756207893914e+01
s1037       ,  3.217591519820785e-01,  3.123990427661348e-01,  3.735138960316355e+01
s1038       ,  3.897883572896937e-01,  3.898384988481833e-01,  1.246612178141585e+01
s1039       ,  3.933052255643392e-01,  3.853834349601294e-01,  1.389776223482703e+01
s1040       ,  3.351679701489885e-01,  3.284473036168897e-01,  3.219426054325425e+01
s1041       ,  4.495450075554298e-01,  3.790917857519708e-01,  1.591959171952312e+01
